07-24-20_Matthew_4K.black_alligator_above_orange_wagon.0000000002 [ 2.719158 0.002907 7.217427 12.555793 5.728327 6.082598 1606.453247 -646.094208 -2534.044189 12.330006 4.619853 3.304696 1258.285217 -386.864777 -3495.090332 7.55041 3.609011 4.379814 1233.968506 -69.342651 -1905.848389 16.192217 7.911737 11.468194 0.018042 6.297211 18.656737 15.82922 25.414329 41.409956 -3241.087341 425.82489 867.706299 15.988729 22.476865 24.395734 -3425.788116 1140.945129 140.461426 14.755497 21.792997 10.808835 -2871.711578 731.726685 639.949951 16.238875 22.036088 20.253243
3.221436 0.133885 5.917851 11.942447 5.850302 4.539637 1499.578094 -618.394012 -2548.949585 10.157535 4.955155 2.424627 1194.603729 -307.658539 -3511.943359 7.093732 4.437247 5.868285 957.786407 -244.497528 -1891.932373 6.664611 5.644572 11.038702 0.121797 7.034504 18.160328 15.690007 25.720771 32.269557 -3385.91507 587.346191 698.369141 17.678159 24.611666 20.871939 -3558.569183 1450.258484 146.373291 15.871388 25.132512 10.558235 -2951.067505 952.376099 477.502441 16.78866 24.789128 17.278299
3.162588 0.209444 5.860248 11.834759 5.869009 4.419554 1500.894928 -620.611572 -2555.687256 10.233272 4.947609 2.29571 1201.243134 -311.839447 -3520.98938 7.337803 4.409199 6.200153 937.18399 -254.14093 -1971.856689 6.02768 5.547969 8.820459 0.125475 7.131633 18.003292 15.7086 25.741888 31.693899 -3381.210022 584.280548 665.689697 17.578466 24.591553 20.312129 -3543.557129 1446.136932 108.924561 15.655759 25.104049 10.146149 -2946.824799 950.766754 454.208984 16.694452 24.788472 16.927907
3.16075 0.249467 5.802148 11.733103 5.903365 4.347955 1498.439331 -618.565216 -2560.098877 10.177596 4.990533 2.235692 1197.759094 -309.20105 -3525.325317 7.253005 4.455638 6.318092 911.308441 -275.475616 -2104.6875 5.271977 5.316858 5.715106 0.117048 7.156324 18.096321 15.678737 25.776014 31.821819 -3386.869965 594.706573 684.967041 17.664726 24.753534 20.657641 -3547.565918 1467.740021 144.65332 15.697782 25.363353 10.548654 -2951.861115 959.507904 463.638916 16.771758 24.921481 17.08415
2.9061 0.422179 5.216432 11.190609 6.09747 3.877716 1469.011383 -613.168182 -2570.435181 9.136493 5.000574 1.94719 1187.225189 -289.332581 -3534.556885 6.909181 4.621845 6.89745 954.205475 -400.212708 -2530.308838 6.602659 3.918113 0.24151 0.324267 6.378984 19.029425 15.008161 24.179805 26.591358 -3328.083344 607.8508 557.177734 16.608569 24.869019 18.437558 -3510.019684 1542.856293 146.35498 15.189853 26.157004 10.498326 -2910.089111 1003.297882 479.645996 15.994478 25.424879 17.229381
2.905414 0.422891 5.216242 11.189494 6.097981 3.877578 1468.97049 -613.140869 -2570.43396 9.135075 5.001016 1.94717 1187.160797 -289.306946 -3534.54895 6.907095 4.622247 6.89724 954.194183 -400.211487 -2530.373535 6.602279 3.918236 0.24122 0.324432 6.379344 19.028394 15.008539 24.179753 26.58905 -3328.063049 607.790222 556.967773 16.608216 24.868356 18.43414 -3510.057678 1542.740784 146.048584 15.190367 26.155821 10.494926 -2910.072327 1003.252563 479.484863 15.994175 25.424439 17.226936
2.905414 0.422891 5.216242 11.189494 6.097981 3.877578 1468.97049 -613.140869 -2570.43396 9.135075 5.001016 1.94717 1187.160797 -289.306946 -3534.54895 6.907095 4.622247 6.89724 954.194183 -400.211487 -2530.373535 6.602279 3.918236 0.24122 0.324432 6.379344 19.028394 15.008539 24.179753 26.58905 -3328.063049 607.790222 556.967773 16.608216 24.868356 18.43414 -3510.057678 1542.740784 146.048584 15.190367 26.155821 10.494926 -2910.072327 1003.252563 479.484863 15.994175 25.424439 17.226936
2.905414 0.422891 5.216242 11.189494 6.097981 3.877578 1468.97049 -613.140869 -2570.43396 9.135075 5.001016 1.94717 1187.160797 -289.306946 -3534.54895 6.907095 4.622247 6.89724 954.194183 -400.211487 -2530.373535 6.602279 3.918236 0.24122 0.324432 6.379344 19.028394 15.008539 24.179753 26.58905 -3328.063049 607.790222 556.967773 16.608216 24.868356 18.43414 -3510.057678 1542.740784 146.048584 15.190367 26.155821 10.494926 -2910.072327 1003.252563 479.484863 15.994175 25.424439 17.226936
2.915311 1.152309 5.296665 10.552023 6.444588 3.805884 1413.643188 -597.600708 -2589.92981 7.950446 5.285796 1.930822 1129.60022 -283.087769 -3561.699219 5.740722 4.788912 7.230887 904.737244 -387.711334 -2631.800537 5.664045 4.135027 0.016018 0.366388 6.882888 19.137583 14.981627 25.186655 28.367184 -3407.911072 592.797089 581.656494 17.688764 24.786619 19.135856 -3556.90979 1419.307098 -35.253906 15.556538 24.874296 8.779385 -2976.925507 918.279266 440.380859 16.872456 24.453682 16.920748
2.912827 1.154335 5.2934 10.543725 6.439815 3.798098 1413.389282 -598.045959 -2590.376587 7.942578 5.280784 1.924322 1129.187012 -283.730774 -3562.176514 5.728841 4.781995 7.247321 904.702148 -388.224945 -2632.555542 5.663249 4.12997 0.015251 0.365309 6.885318 19.144461 14.979766 25.189208 28.377085 -3408.148956 592.993927 582.424316 17.692946 24.789536 19.149385 -3557.068787 1419.547882 -34.465332 15.558576 24.877189 8.787905 -2977.163086 918.278351 440.175781 16.876775 24.453936 16.918561
2.875365 1.251827 5.247266 10.43631 6.438144 3.712853 1409.346619 -595.832825 -2595.261841 7.841903 5.311078 1.869487 1123.079834 -279.589691 -3566.049805 5.576823 4.832035 7.337656 906.190491 -376.826172 -2634.390259 5.735834 4.251415 0.014968 0.35064 6.970472 19.120235 14.944161 25.27605 28.417283 -3424.321899 606.369934 610.378418 17.972941 24.973637 19.636635 -3567.726746 1440.350037 1.896973 15.691398 25.111416 9.174215 -3006.46225 921.968079 428.612061 17.417449 24.504982 16.77096
2.875365 1.251827 5.247266 10.43631 6.438144 3.712853 1409.346619 -595.832825 -2595.261841 7.841903 5.311078 1.869487 1123.079834 -279.589691 -3566.049805 5.576823 4.832035 7.337656 906.190491 -376.826172 -2634.390259 5.735834 4.251415 0.014968 0.35064 6.970472 19.120235 14.944161 25.27605 28.417283 -3424.321899 606.369934 610.378418 17.972941 24.973637 19.636635 -3567.726746 1440.350037 1.896973 15.691398 25.111416 9.174215 -3006.46225 921.968079 428.612061 17.417449 24.504982 16.77096
2.875372 1.252115 5.247218 10.436203 6.437935 3.71261 1409.344482 -595.854187 -2595.27771 7.841932 5.310818 1.869226 1123.080139 -279.621429 -3566.068726 5.57692 4.831673 7.338402 906.187439 -376.862488 -2634.418335 5.735834 4.25103 0.014938 0.350591 6.970612 19.1201 14.944045 25.276018 28.416628 -3424.302063 606.360474 610.319824 17.97252 24.973501 19.635662 -3567.661133 1440.333862 1.820068 15.690462 25.11123 9.173423 -3006.427612 921.964111 428.583984 17.416726 24.504924 16.770546
2.969495 1.995217 5.411509 10.343873 6.402332 3.757988 1420.149384 -589.033356 -2589.558105 8.121043 5.374727 1.885906 1123.744049 -280.243835 -3558.735962 5.534501 4.808637 7.235305 905.502167 -367.173309 -2669.337769 5.650173 4.337348 0.002707 0.408913 6.836846 19.401498 15.320982 24.694318 27.122525 -3448.498077 602.698975 606.868896 18.460195 24.90497 19.500435 -3547.877045 1502.645569 92.335205 15.45068 25.791461 10.077846 -2974.064331 961.795044 409.051514 16.841524 24.99291 16.415111
2.90083 1.939874 5.20162 10.295532 6.272993 3.552389 1418.965149 -589.063263 -2595.013428 8.131923 5.285246 1.760334 1121.21521 -282.826996 -3562.200928 5.505398 4.696756 7.461884 890.158844 -356.290436 -2672.62207 5.238983 4.372885 0.005853 0.438663 6.650378 19.278517 15.629366 24.445067 27.111027 -3457.825317 609.966583 628.986816 18.606085 24.901702 19.83006 -3302.746277 1577.419891 282.519531 12.293617 26.553704 12.206832 -2963.759003 1004.358978 381.856689 16.619178 25.442682 15.988016
2.987261 1.757511 5.290615 10.252445 6.34618 3.812008 1420.945435 -584.761047 -2580.144653 8.159065 5.32533 1.940949 1124.842224 -281.525269 -3548.521729 5.577079 4.701004 7.075365 887.836609 -359.207611 -2677.797241 5.138278 4.332493 0.013473 0.462211 7.081485 19.081008 15.120323 24.688378 26.172405 -3497.956543 587.489319 609.766846 19.386871 24.588753 19.447427 -3500.902252 1407.969971 -27.706299 14.816673 24.644619 8.762959 -2900.153503 936.375427 479.934082 15.469215 24.562416 17.373504
2.850298 1.862056 5.054801 10.211992 6.227942 3.346779 1411.846161 -588.854218 -2608.478394 8.051666 5.279499 1.610849 1112.988434 -277.287903 -3574.264526 5.402669 4.750276 7.790364 895.764313 -353.492889 -2670.750122 5.542297 4.395114 0.00262 1.011029 6.748664 18.781039 15.0467 24.83497 26.332551 -3493.763275 597.072906 600.906982 19.19661 24.719671 19.428389 -3477.182465 1531.753998 145.545654 14.428288 26.027136 10.677847 -2936.598511 992.50473 276.866455 16.028509 25.281192 14.565837
2.849827 1.906547 5.060831 10.2187 6.205399 3.324187 1412.359924 -590.817108 -2609.710083 8.06624 5.252518 1.589593 1113.780518 -280.232391 -3575.889282 5.423483 4.714119 7.863236 895.754395 -356.512299 -2672.679443 5.540108 4.359778 0.003649 1.073209 6.770637 18.634397 15.141044 24.773726 25.883466 -3498.191071 584.226532 564.151611 19.282104 24.543877 18.823348 -3490.502319 1511.157379 93.001709 14.603801 25.791241 10.100562 -2942.237473 974.502411 232.109375 16.133626 25.046283 13.955184
2.842286 2.076873 5.026948 10.03524 6.152168 3.254064 1405.72113 -586.897125 -2613.012695 7.835246 5.241283 1.559567 1105.113831 -273.761292 -3577.612305 5.163197 4.731763 7.879999 890.489197 -349.373474 -2672.84729 5.366854 4.383691 0.003066 1.306403 6.674064 18.226356 14.914421 23.628304 21.805702 -3440.456543 387.598419 153.026123 18.207716 21.93265 12.750299 -3446.595001 1199.669647 -496.209717 14.039082 22.355043 4.749086 -2948.631134 841.831512 575.996094 16.26217 23.318278 18.98339
3.352593 1.058636 3.706684 9.688999 6.324207 2.914613 1407.805023 -544.534912 -2624.661865 7.624942 5.388813 1.438926 1103.104706 -232.307892 -3577.752075 4.868244 4.86027 7.745331 894.815826 -299.953918 -2692.745972 5.237723 4.5924 0.016305 1.379779 3.99174 16.735465 14.179815 21.30586 20.396892 -3046.353607 2.470856 -222.82959 11.769918 17.016904 8.254217 -3402.294617 943.657379 -1.468506 13.583999 19.460705 9.154976 -2903.820572 873.3815 1159.726562 15.600071 23.338499 29.31002
3.326572 0.979193 3.503585 9.457768 6.262236 2.795926 1407.132416 -541.245422 -2624.686279 7.649168 5.394074 1.357889 1099.045258 -224.818573 -3573.296509 4.797645 4.912424 7.794825 853.21701 -305.283203 -2688.167725 4.131514 4.504316 0.017562 2.438621 3.261897 14.029716 14.141646 15.398659 9.006982 -2970.774384 -354.814758 -967.570801 10.650987 13.256198 2.152154 -3270.16983 469.378052 -430.058594 11.942313 15.077473 5.234295 -2838.402252 386.452332 548.409424 14.409673 17.68421 18.518703
3.264288 1.52406 3.468927 8.462418 6.539064 2.81773 1369.83963 -539.43161 -2629.585571 6.790216 5.555126 1.296228 1050.704803 -227.251282 -3580.358276 3.803672 5.016027 8.065774 824.734344 -315.157318 -2690.437012 3.647236 4.522605 0.01975 4.460058 3.031937 10.049434 12.109991 9.796792 2.456544 -2741.548386 -1076.569214 -1742.060547 7.54129 7.214486 0.000281 -2801.87767 -343.364868 -1017.692871 6.937584 8.973738 1.664536 -2472.869034 -391.855469 -96.721191 8.611986 10.405119 9.878192
2.988891 0.856804 3.151914 8.475651 6.319137 2.819095 1336.082458 -507.914124 -2610.419922 6.375345 5.559312 1.539727 1022.762451 -181.079102 -3548.876343 3.605685 5.188284 6.899246 806.920929 -289.693604 -2703.204346 3.689853 4.461503 0.042475 8.257212 2.321374 4.025712 11.228123 1.585189 0.073577 -2682.116241 -2317.397099 -2638.306885 6.629189 0.951805 2.777115 -2643.575134 -1945.340996 -1684.871826 5.41871 1.408446 0.023387 -2428.330917 -2246.601267 -984.521484 7.768967 0.666301 2.375108
3.131048 0.575351 2.982303 8.212444 6.135811 2.878919 1302.960663 -487.354126 -2615.501099 5.81669 5.46465 1.717825 956.973419 -150.965271 -3535.063477 2.48545 5.208094 5.78296 780.320892 -267.843933 -2731.286621 3.370159 4.391849 0.065627 12.047396 1.477565 0.808712 5.180069 0.091189 1.582425 -3313.985138 -2487.734404 -2358.502197 15.34446 0.501787 1.2342 -2664.14917 -2497.26018 -1571.364746 5.477548 0.295964 0.139989 -2176.464653 -2769.439507 -2724.190063 4.74321 0.012547 2.433829
3.373695 0.356428 1.866683 6.851004 6.341852 2.192243 1282.33139 -492.679291 -2660.874023 4.533743 5.577943 1.215139 986.419525 -156.382599 -3594.989014 2.494467 5.316427 7.632313 769.21402 -298.803406 -2721.000977 2.497179 4.221508 0.026838 13.401746 0.04455 1.629823 0.104732 1.404786 6.411718 -1286.889954 -4003.06778 -1966.829834 0.175529 1.714595 0.127466 -680.102463 -4364.507599 -1233.289795 1.049501 2.27349 0.934669 -965.02037 -3776.231995 -3248.734741 0.291716 1.335099 6.174834
2.484125 0.117907 1.9335 6.185694 5.774365 1.797882 1260.622559 -504.27063 -2693.354492 4.027133 5.322198 0.907946 922.676697 -145.820923 -3609.271851 1.415012 5.32625 7.902619 725.981903 -327.704926 -2581.210938 1.705439 3.830212 0.234622 14.748643 1.208426 3.481112 0.06601 4.831384 5.318641 -796.931152 -4918.860931 -2815.449829 2.19831 6.522443 3.735497 -415.5793 -4530.819397 -3680.891113 2.190602 2.899471 10.105998 -727.774277 -4607.950745 -2213.345947 1.179178 4.975048 0.36918
2.159088 0.132303 1.77113 5.477424 5.723078 2.082917 1257.375488 -484.303284 -2644.28833 3.842568 5.428746 1.222008 908.026428 -138.666534 -3549.120483 1.143744 5.280919 6.481773 703.082733 -315.662537 -2624.839478 1.273657 3.840265 0.035488 17.142009 5.126711 5.391051 1.144811 8.08513 2.361448 -733.665771 -5421.963043 -2318.569336 2.589786 10.531464 1.094437 169.828339 -5532.257233 -2761.157837 6.146146 7.975917 2.744045 -572.861176 -4890.900879 -2887.785645 2.046807 6.791557 3.475109
1.929395 0.001776 1.796073 5.648889 5.488849 2.210722 1273.013916 -483.213806 -2615.17334 3.66936 5.193375 1.421219 932.374878 -130.506287 -3516.911621 1.155093 5.132411 5.849289 691.033936 -272.327118 -2659.920654 0.813667 4.064892 0.000929 5.268729 21.250624 8.860172 2.781622 14.13018 5.099958 -469.843979 -5855.134583 -2317.608643 4.540484 14.867694 1.148924 510.455475 -5752.268677 -2532.891846 9.150472 9.554673 1.673482 -450.455017 -5502.462463 -2034.587402 2.74911 11.656524 0.125969
1.42979 0.045701 2.540315 5.567534 5.413379 2.787921 1325.081024 -484.274597 -2585.523071 3.847148 5.051264 1.785218 978.582916 -126.802979 -3484.906616 1.184199 5.046927 4.960492 724.34906 -262.592621 -2652.402954 0.695265 4.050429 0.000506 3.655199 36.803584 16.520823 4.567201 20.806313 3.354408 -253.039246 -6119.17038 -1804.831543 6.27912 17.858209 0.014838 498.22464 -6034.027863 -2475.151367 8.574182 11.665573 1.452528 -533.295288 -5666.103363 -1419.801025 1.867204 13.231287 0.549651
0.914261 0.276721 2.90812 5.2728 5.557031 2.975075 1369.125366 -467.45224 -2566.281128 3.983447 5.151392 1.828558 1004.554138 -107.795563 -3458.446045 1.029072 5.171156 4.644939 765.94574 -248.857727 -2625.485229 0.734067 4.106913 0.000532 4.258734 54.009101 20.640248 5.428318 23.345128 2.145059 -35.027618 -6093.361053 -1541.643066 8.389557 17.658613 0.115788 659.539642 -6218.092804 -2265.817871 9.862202 13.165543 0.770301 -346.479645 -5851.4711 -1094.512939 2.919078 15.091511 1.682388
0.701558 2.077626 3.414497 5.210257 5.921989 3.175469 1391.997528 -467.338867 -2553.147583 3.832735 5.330393 1.972749 1089.426422 -134.224396 -3478.29895 1.832637 5.041008 5.437446 817.787781 -265.062714 -2629.979248 0.997573 4.095612 0.000262 5.592816 71.338906 17.18407 5.974505 25.986921 2.210039 -69.690094 -6238.176727 -1460.041504 7.601542 19.154936 0.23509 702.942657 -6319.738007 -2107.332764 10.012348 13.870343 0.379354 -125.84259 -6007.473602 -1255.958252 4.612723 16.522554 0.997008
0.651156 3.880787 4.164152 5.78167 5.888226 3.643133 1431.908112 -475.923309 -2508.344727 4.634687 5.289835 2.331806 1110.037689 -138.63327 -3422.510986 2.089536 5.049587 4.425788 842.863312 -258.9151 -2570.6604 1.26024 4.212002 0.018833 7.222763 77.727098 16.655854 5.242379 27.406059 1.449087 -45.537415 -6350.087585 -1364.962158 7.824533 20.431992 0.38098 709.43512 -6331.7453 -2033.621826 10.021495 13.926889 0.283215 -47.072906 -6050.675659 -1222.810059 5.362887 16.92003 1.028601
0.848623 6.280345 4.624126 6.41149 5.916969 3.528691 1430.801849 -486.030426 -2499.799805 4.678228 5.387955 2.321599 1135.392914 -146.79184 -3427.150269 2.620315 5.166916 4.856249 905.955048 -292.460938 -2589.3573 2.381325 4.056164 0.000225 18.039069 94.566518 15.403342 4.062584 28.189626 2.150406 8.194122 -6398.220062 -1616.923828 8.526903 20.795393 0.016411 1000.269012 -6533.464813 -1462.414551 13.477579 15.483828 0.178838 -83.12912 -6272.220001 -1357.364502 5.015482 19.122869 0.570978
1.494762 6.810722 4.808311 7.573321 5.950058 3.568038 1444.029083 -505.183105 -2517.386475 5.944989 5.357141 2.237624 1159.160919 -175.389099 -3453.984375 3.920435 5.028811 5.311142 916.931763 -283.114166 -2627.334595 3.37455 4.32402 0.009028 23.261223 96.276718 13.861755 3.24088 28.65906 1.947669 16.860352 -6338.796234 -1681.866455 9.09083 19.873924 0.000943 1008.53653 -6371.575165 -1466.184082 14.031397 13.967379 0.19229 -351.305542 -6268.65097 -1229.561768 2.902997 18.898546 1.018065
1.983735 6.121714 4.632364 8.097842 5.944092 3.53659 1450.690765 -508.270569 -2536.640015 6.349183 5.357025 2.237064 1156.052704 -176.517639 -3469.106445 4.031643 5.051058 5.174581 912.347412 -276.347046 -2627.672729 3.446816 4.428028 0.000143 26.37595 100.432462 12.623236 2.835957 29.512164 1.389806 -16.25824 -6394.959564 -1628.262939 8.76064 20.515452 0.027941 989.857025 -6407.846222 -1494.686279 13.889588 14.243528 0.17871 -317.658157 -6321.742401 -1182.022705 3.235509 19.458179 1.274996
2.49564 6.49359 4.936939 8.719966 5.938463 3.734371 1482.257385 -528.569031 -2546.500244 7.742334 5.204601 2.141794 1163.442078 -206.569824 -3477.036743 4.590836 4.795462 5.288558 921.296997 -288.141022 -2601.784058 4.026037 4.381381 0.014805 30.518027 104.499692 10.911196 2.461973 30.19121 0.675943 -44.64386 -6456.667786 -1522.365723 8.584063 21.182387 0.139881 968.048859 -6380.717468 -1461.883545 13.796894 13.956383 0.236322 -387.50412 -6241.806946 -1091.70166 2.794569 18.486327 1.689571
4.967211 6.14736 3.41658 9.142786 5.719616 2.310068 1430.883331 -529.779358 -2593.834229 7.24892 5.244081 1.193831 1124.907379 -186.890869 -3525.907593 4.512671 5.069251 7.615179 890.179443 -289.697571 -2577.294312 4.140199 4.413305 0.027627 49.964138 98.268977 8.23468 0.857062 28.973728 1.174521 -331.987305 -6519.432983 -1735.847168 5.680744 21.908791 0.002797 608.099518 -6312.735596 -1393.912354 9.960909 13.362435 0.333181 -248.213196 -6235.396118 -1675.479736 4.29974 18.365877 0.049833
5.457763 6.005988 3.425148 9.866884 5.195426 2.058987 1400.834045 -548.169708 -2592.966919 7.713249 5.038025 1.126803 1087.518311 -187.878723 -3513.746338 4.712064 5.066048 7.371604 861.138 -314.860535 -2591.304932 4.563355 4.157655 0.006088 64.416349 87.085789 6.188598 0.185201 28.263816 0.366917 -540.928574 -6527.023315 -1710.072021 4.111008 21.995509 0.000253 364.286652 -6210.053711 -1364.355469 7.917683 12.538355 0.380898 -449.147644 -6257.153015 -1579.986572 2.941399 18.597092 0.147637
7.202873 3.938371 3.036785 10.301519 4.300468 1.681833 1383.98819 -601.384735 -2599.737549 7.493511 4.47069 0.99063 1071.803436 -208.291321 -3505.461426 4.55712 4.863914 7.212851 926.459503 -222.81723 -2061.412354 6.840353 5.18905 5.70982 77.590433 78.074743 4.468425 0.000417 28.059085 0.003666 -767.80571 -6575.734558 -1646.392822 2.422953 22.581327 0.00911 185.792389 -6327.172241 -1391.645508 6.368468 13.452952 0.317635 -668.361893 -6281.018982 -1419.366455 1.522278 18.832504 0.443157
7.00911 3.995502 3.690531 6.996273 2.277071 1.859469 1394.970398 -728.110046 -2594.53186 7.643286 3.359787 1.02486 1249.92218 -264.886322 -3509.538574 10.172828 4.43237 7.46688 1106.042786 -234.862061 -1978.916016 13.843577 5.248696 7.517875 86.66665 61.653947 3.25249 0.232537 26.774303 0.323146 -1104.207458 -6602.937775 -1580.57251 0.661115 22.709157 0.045937 -109.870605 -6521.714935 -1377.487793 4.016182 14.932285 0.340613 -929.048843 -6315.809479 -1218.583984 0.384819 19.0279 1.046177
9.247008 2.389826 3.819153 5.981932 0.345707 1.48128 1355.870056 -861.244507 -2517.406616 6.529245 2.156286 1.745984 1158.059387 -264.268036 -3339.025269 6.97053 4.346097 2.820761 966.366577 -224.194641 -2161.755371 8.094697 5.271277 3.329719 70.259675 37.73058 3.199724 0.564399 23.846693 0.001787 -1269.681358 -6535.476837 -1139.249268 0.210721 21.962577 0.986065 -253.538818 -6542.512054 -1097.496338 3.100353 15.185999 1.03155 -1067.415428 -6411.207123 -1175.788574 0.094644 20.206058 1.109992
4.388095 0.328355 0.430225 8.065272 0.002484 1.805392 1322.037659 -1318.677521 -3091.99646 5.212198 0.105766 3.49618 1582.025146 -341.985168 -2838.195801 26.580294 3.683124 5.202236 1678.591309 -997.368317 -1498.609619 53.238146 0.140826 24.335616 41.478639 19.683988 3.391797 0.223206 19.319297 0.283176 -1330.505867 -6351.562958 -1425.622559 0.088052 19.555955 0.289833 -973.536453 -7229.524078 -1037.110596 0.24756 21.565878 1.42213 -1061.496124 -6419.054718 -1503.858643 0.083604 20.151733 0.293491
0.165769 6.370315 0.188134 0.037744 0.58561 0.860752 1312.012634 -1305.021667 -2947.224121 4.238403 0.102632 1.256773 1710.21637 -362.041168 -2821.694946 33.200283 3.343949 5.07983 1646.054993 -1019.393921 -1560.220947 47.635856 0.078621 20.915086 14.416041 5.970872 3.66007 0.268394 12.565503 0.474799 -1087.280273 -5931.290894 -1805.118408 0.5789 15.038893 0.044326 -1047.217445 -6834.114075 -2264.301758 0.102536 17.835223 0.859198 -843.982391 -6088.814087 -2058.275146 0.520757 16.703704 0.242592
5.264099 3.431003 1.473102 10.313338 1.154149 4.209971 1070.097198 -1158.539124 -2707.050781 0.485502 0.405951 0.143652 1814.891205 -497.239532 -2958.799438 41.230726 2.033318 1.755361 1501.384125 -1085.658722 -1682.485352 35.966587 0.002963 16.620951 0.246345 1.278583 3.338556 2.883064 6.619874 2.584296 -716.858063 -5353.643799 -2275.360107 2.467134 9.812517 1.153528 -957.1875 -6230.617676 -2714.509888 0.23032 12.819767 2.808802 -390.694656 -5431.159668 -2384.515381 3.132565 10.735228 1.129687
7.944301 1.396506 3.204554 18.973028 8.010791 2.209667 804.520416 -2105.267239 -1521.721191 0.720264 3.426518 56.608704 1211.565094 -1454.646683 -2195.9375 7.203824 1.128972 47.566039 270.102692 -2257.697706 -3021.97876 3.568573 8.758684 3.236546 3.119724 0.348935 4.523723 7.583043 5.055141 3.326268 -188.072815 -5046.841888 -2691.873779 7.320578 7.556291 3.416142 -121.085968 -6046.674652 -2627.910767 3.644091 11.563774 2.320288 7.107544 -4791.650696 -2852.299805 7.134019 6.184718 3.606019
23.316851 0.607865 7.10791 24.504563 20.100376 4.497332 351.794281 -3000.474091 -1494.592285 11.401937 16.964237 59.909935 750.756226 -2487.976179 -2287.834473 0.007929 13.372302 39.599744 131.698608 -2741.130257 -2997.267456 7.37198 17.2056 2.72731 10.95082 0.303525 5.454533 10.896896 4.06107 5.599884 -169.449463 -4770.627289 -3309.144287 7.646426 5.570812 8.929496 179.794922 -5532.742462 -2749.952393 5.963271 7.9364 2.94319 260.187531 -4341.007996 -3144.432373 10.712295 3.590364 5.802495
27.549017 6.711299 17.124018 27.957758 24.890072 18.362631 -497.650528 -3524.434814 -2400.67749 67.291299 29.826867 5.640241 109.277191 -2783.141785 -2776.327515 16.102139 19.389183 8.057646 -92.926788 -2829.830856 -2037.259521 17.095967 19.080637 6.914958 13.786186 0.06966 4.937508 14.141897 1.968427 6.296636 6.564789 -4379.223175 -3437.370605 9.93135 3.355973 10.259891 74.446106 -5292.463837 -3866.945801 5.125728 6.499248 12.891331 324.042664 -4262.78656 -3276.835938 11.725177 3.214713 6.878993
49.142994 10.421381 18.314569 27.743425 30.439283 24.895511 -333.995056 -3550.337067 -2250.407715 53.867426 30.276194 10.915874 -29.57016 -2965.866165 -3032.72644 24.385893 23.449906 1.00996 279.030304 -2705.038414 -2378.016357 3.385636 16.223765 1.322468 27.468625 0.018045 4.826194 17.105788 1.779451 6.829728 75.074768 -4400.469971 -3445.2948 10.719377 3.411834 10.303724 -223.442535 -5150.847321 -4044.224854 2.995195 5.671471 15.088555 263.082123 -4410.920258 -3458.321533 10.604834 3.878921 8.653868
62.682065 7.574764 18.103797 25.346477 31.534095 27.443024 -316.821594 -3595.448608 -2329.471436 52.92708 31.763623 7.645946 -4.644012 -2971.205902 -3069.208374 23.245174 23.751051 0.439287 317.175598 -2735.916023 -2428.638916 2.670904 17.000373 0.775998 29.322819 0.024863 4.65178 17.62831 2.256996 5.804344 114.571228 -4470.695953 -3345.239868 11.202466 3.805456 9.255448 -201.011353 -5235.98053 -3905.675659 3.094637 6.167111 13.446491 277.405396 -4455.512238 -3422.776489 10.731686 4.142132 8.391384
60.339484 7.974918 17.913097 22.703613 32.092592 27.655308 -214.727173 -3676.945801 -2329.411621 44.565874 34.164866 7.690771 29.151001 -3006.956558 -3054.465332 21.11114 24.642305 0.607413 355.914459 -2770.732384 -2414.012451 1.869456 17.730725 0.90418 30.075253 0.031814 4.665109 17.91776 2.295833 5.762722 125.25528 -4482.509155 -3337.189941 11.404268 3.86709 9.149316 -191.254272 -5251.203308 -3892.167358 3.173261 6.250516 13.262763 284.139862 -4464.620514 -3426.283569 10.880996 4.189048 8.414554
60.3333 7.972762 17.91186 22.696248 32.092344 27.655676 -214.434052 -3677.126007 -2329.420166 44.542975 34.170308 7.690486 29.251862 -3007.004662 -3054.416504 21.104998 24.643542 0.607967 356.039734 -2770.777283 -2413.984375 1.867132 17.731699 0.904415 30.07599 0.031824 4.665131 17.918272 2.295578 5.763017 125.271606 -4482.391052 -3337.294312 11.404626 3.86647 9.150499 -191.209717 -5251.035767 -3892.357178 3.173583 6.249593 13.265112 284.140472 -4464.47113 -3426.447144 10.881128 4.188272 8.416263
76.487906 6.472047 14.725488 25.022971 33.012735 25.370632 -243.301697 -3822.21405 -2384.594727 47.902551 38.791156 6.104285 31.426697 -3035.669632 -2989.199829 21.8069 25.470677 1.662364 321.214142 -2760.235596 -2527.677612 2.825872 17.589392 0.223156 28.467979 0.082955 4.00985 13.117914 1.929253 7.991165 -56.433563 -4478.417053 -3481.728516 8.70976 3.865744 10.80108 -457.526932 -5120.948181 -4152.616577 1.685059 5.570005 16.614508 175.762482 -4467.102203 -3605.584106 9.097179 4.222161 10.33478
76.541696 6.370079 14.793752 26.660461 31.910593 26.570354 -400.995331 -3907.214355 -2855.379639 61.271114 41.413282 0.130649 103.227386 -3005.322762 -2885.046997 17.963092 24.586203 4.17863 190.850067 -2819.815369 -2499.460449 6.357764 18.776977 0.353885 24.965046 0.428483 4.422895 11.66145 1.4307 10.084581 -29.967346 -4463.148651 -3477.171021 9.032887 3.762301 10.74948 -415.360413 -5062.881927 -4201.159668 1.871812 5.248079 17.298822 228.221436 -4478.799438 -3628.605957 9.817924 4.260414 10.607171
80.574213 11.287506 16.481907 29.177936 33.009506 29.278591 -442.455978 -3940.27298 -2907.456055 64.824247 42.449039 0.568613 60.195618 -3041.405258 -2908.128052 20.151055 25.454522 3.168523 176.732025 -2868.690224 -2523.480835 6.747716 19.818237 0.1858 22.058762 0.271711 3.818896 10.619121 1.293396 9.219434 -48.886719 -4341.152191 -3525.797119 8.815704 3.143598 11.522957 -309.770508 -4928.24173 -4308.097534 2.41369 4.57788 19.039038 215.26123 -4319.953308 -3654.343872 9.663092 3.454625 11.069044
87.21112 18.92628 17.510397 35.633049 32.060693 30.454983 -455.686798 -3974.879913 -2890.411377 66.508116 43.436023 0.536898 9.737244 -3072.563934 -2952.521973 23.322384 26.122075 1.846919 169.617462 -2891.362877 -2523.856812 7.15537 20.210698 0.136932 14.107708 0.068688 3.579779 14.482635 3.051975 3.063563 5.0383 -3974.306946 -3301.426392 9.457281 1.619553 8.996702 125.373993 -3862.522583 -4287.661743 5.261997 0.90889 18.936278 611.57196 -4522.81601 -2082.841797 16.063927 4.456584 0.273253
96.29052 15.658384 16.789028 41.322628 29.352989 30.402819 25.258331 -3797.570648 -3619.578857 29.259649 37.88497 26.301944 59.197388 -3072.107239 -2908.85437 20.414443 26.314178 2.759805 564.386139 -2861.11927 -2499.417725 0.022619 19.705138 0.219251 10.198134 0.013266 2.6877 11.20971 2.801962 2.698416 -41.829529 -3943.458252 -3222.946167 8.858142 1.541752 8.158784 169.646149 -3965.20462 -4198.875732 5.627547 1.15727 17.676216 676.174164 -4303.890228 -1811.986084 17.300108 3.390668 0.001522
98.152966 9.920644 14.935472 45.114093 29.754358 27.281109 2.763824 -3723.555145 -3711.583252 31.133152 35.889028 28.732503 30.267792 -3026.77742 -2941.682739 22.480752 25.402621 3.280721 576.576385 -2844.315758 -2548.078613 0.014432 19.554469 0.239436 14.514349 0.01574 2.912051 8.049821 1.104753 7.894678 -332.851486 -3787.806244 -3856.259155 5.422177 1.093946 15.54559 -266.177216 -4239.579163 -4769.464111 2.589972 1.934351 25.836585 170.817108 -3844.620361 -3920.823364 8.884118 1.606518 13.976612
102.466651 7.84519 15.05713 43.249394 30.463386 25.47581 -101.504211 -3570.64209 -3739.87915 38.370725 31.355633 32.371298 64.306183 -3017.125778 -2893.062744 20.748711 25.17408 3.889752 565.395966 -2863.882904 -2538.088989 0.046142 20.010006 0.173703 11.84191 0.119261 2.512939 10.858714 1.343655 4.612266 -268.536377 -3951.95343 -3454.801636 6.0524 1.606797 10.499149 -359.495087 -4379.994202 -4362.497559 2.080551 2.393579 19.682513 164.373932 -3691.177826 -3715.280762 8.746072 1.149954 11.670732
93.157721 6.961564 16.761294 47.010527 30.412432 22.742306 -73.109741 -3683.427582 -3603.95813 36.589425 34.712294 24.990918 80.4953 -3009.25972 -2856.482544 20.009674 24.99617 4.347925 604.065094 -2926.546211 -2536.331177 0.000184 21.471298 0.110175 11.344142 0.233619 2.379227 11.892325 1.076517 3.918071 -279.800262 -4077.285461 -3223.43689 5.902668 2.06584 8.100836 -334.844666 -4579.74884 -4087.282715 2.190216 3.130556 16.037244 86.971436 -4025.859833 -3546.238403 7.689061 2.253206 9.921729
88.361103 10.078 19.805038 40.362199 33.513537 28.297889 10.472717 -3938.476105 -3598.969727 31.102972 42.26945 23.564921 121.640625 -3163.382416 -2940.516357 17.852112 28.582328 2.601201 456.24649 -4435.996246 -2440.821533 0.871123 70.56886 0.698652 13.820176 0.547038 2.212787 8.736261 1.494896 4.6627 -484.685822 -3974.60907 -3464.869995 3.933711 1.626518 10.645785 -651.481094 -4696.404419 -4144.911499 0.871873 3.53013 16.566033 -177.516174 -3846.605682 -3776.456299 4.679957 1.560891 12.460164
81.730672 13.208195 20.842741 37.815822 36.499927 26.994553 32.110291 -3974.77478 -3598.600464 29.742682 43.822183 24.053758 149.16687 -3239.536209 -2896.733398 16.452712 30.96496 3.489263 276.506348 -4659.745026 -2601.239624 4.322496 80.822952 0.008494 13.778858 0.598621 2.227248 8.173744 1.885234 4.344354 -571.509781 -4054.105377 -3411.071167 3.221938 1.947009 10.101556 -536.679459 -4882.497559 -3980.298462 1.279965 4.392271 14.479789 -269.751587 -3857.891693 -3757.249756 3.807758 1.628763 12.327045
62.317639 8.4117 19.774543 30.488313 34.229609 25.002889 241.571198 -3959.941254 -3510.282593 18.228611 43.542078 19.353301 236.730804 -4099.727478 -2494.957275 12.448999 60.34253 22.647395 32.632599 -4434.072113 -2487.835693 13.274682 71.181661 0.327262 13.154077 0.443817 2.238979 5.231063 1.891065 5.79271 -614.128494 -3990.841827 -3601.629639 2.887222 1.740142 12.555173 -608.167114 -4451.999512 -4497.284546 1.011426 2.644724 22.004514 -284.119415 -3804.356689 -3870.264282 3.666541 1.479266 13.853966
53.523027 5.851697 16.305238 23.659972 41.251308 12.274328 167.687225 -3759.682922 -3486.367188 22.207515 37.237924 17.827923 407.556915 -4233.056946 -2610.508423 6.271022 66.016718 15.671139 7.608643 -4531.084137 -2566.19751 14.652419 75.687649 0.063374 12.234421 0.358928 2.214293 5.168702 2.127381 5.44036 -660.573044 -3990.94574 -3581.748657 2.527855 1.765845 12.220204 -417.495651 -4591.8367 -4351.878662 1.761314 3.200599 19.664464 -110.47821 -4052.185516 -3461.746826 5.312936 2.377652 8.861714
25.562319 13.109529 20.837025 16.313638 32.501976 28.76171 271.471558 -3582.165985 -3833.028564 16.799491 31.250674 37.937453 400.823669 -4262.934418 -3058.760376 6.355589 66.353402 0.76784 -89.060669 -3963.392487 -3869.30481 19.524628 52.004746 28.849391 7.990682 0.018028 2.506078 4.721997 2.438097 6.267616 -592.711792 -4154.454041 -3676.00708 3.047992 2.308822 13.152128 -221.002197 -5024.005737 -3290.205688 2.796246 5.033772 6.703338 -100.186615 -4317.751312 -3518.933105 5.465351 3.435372 9.216294
11.691169 23.656849 26.430681 12.03222 22.839006 45.3699 468.504028 -3275.159073 -4064.772339 9.229126 22.444561 59.710787 440.069275 -3923.314056 -3264.859619 5.505126 52.119887 0.695962 -88.747711 -3597.374878 -3976.083374 20.117963 38.745316 35.624804 5.28075 0.210557 3.835893 5.071103 2.796379 7.606949 -603.502884 -4135.400543 -3801.16394 2.886834 2.133162 15.331872 127.350311 -4631.389313 -3306.468506 5.076994 3.173039 7.108338 -45.083618 -4268.707275 -3380.584106 5.952241 3.09462 8.060974
6.762206 31.561073 28.523372 9.129962 19.939479 50.383245 599.317932 -3023.260269 -4137.318726 4.914689 17.281208 68.441272 422.597351 -3400.277405 -3204.528198 5.624244 35.473079 0.278808 -37.085571 -3257.46933 -4146.328735 16.571546 29.505798 46.205187 3.671881 0.154644 3.584466 5.848068 3.085249 5.623549 -403.990326 -4079.021149 -3582.977905 4.670014 2.01555 12.538298 378.873749 -4542.363586 -3158.012695 7.339245 2.929263 5.977409 -727.017288 -3988.426666 -3785.60791 0.815296 2.057222 12.967204
5.251163 47.931054 33.795287 10.152817 16.942389 62.26168 277.855835 -2966.129799 -4228.689575 16.422891 15.897378 76.185699 410.853119 -3051.308975 -3211.565552 5.99707 25.46183 0.216976 -135.78476 -2746.790848 -4290.610352 22.141833 16.97157 54.21879 3.618568 0.156855 3.729654 6.639262 3.181311 5.422544 33.794708 -4043.713531 -3434.050293 9.667122 1.849979 10.450346 748.770599 -4406.138 -2816.727905 11.184011 2.404589 3.380102 113.585205 -3964.98764 -3582.866211 8.026771 1.940097 10.291379
0.747306 27.605447 28.20458 11.040547 17.918144 30.199733 313.491211 -2991.316795 -3812.168579 14.366771 16.826259 39.361184 80.116272 -2708.095551 -2865.826416 19.48545 17.83419 3.95682 -161.112213 -2760.126228 -4010.698242 23.046485 17.661543 38.049499 6.763021 0.833634 5.27078 13.409107 2.423796 5.120941 352.115631 -4089.31427 -3364.160156 14.612 2.095752 9.716192 1270.028076 -4295.522461 -3032.058105 18.141518 2.101781 4.920735 340.401001 -3994.472961 -3648.440552 11.413696 2.118341 11.160755
0.781081 27.305473 28.117872 11.128603 17.890694 30.000818 307.257996 -2982.383537 -3811.153564 14.612277 16.63365 39.161593 55.951843 -2707.306786 -2867.364502 20.784358 17.812351 3.959611 -170.417938 -2749.674416 -4003.722534 23.584248 17.435579 37.583826 7.189548 0.886973 5.353029 13.897906 2.488764 4.989318 393.883057 -4111.829834 -3334.129028 15.322866 2.183417 9.349844 1319.398041 -4327.829437 -3031.664429 18.8811 2.20606 4.905458 396.680145 -4029.019165 -3607.627563 12.313714 2.247888 10.656109
4.751009 38.969274 33.733569 15.57822 16.196832 46.871886 258.089142 -2916.717415 -4078.955688 16.689566 15.119515 61.230408 -268.637695 -2596.281204 -3270.133667 42.663751 15.344141 0.787951 -274.571838 -2701.899071 -4285.388794 30.26032 16.273308 53.84485 13.334449 3.219921 8.056581 20.07911 2.79753 6.365388 598.90686 -4173.379822 -3526.221924 19.061724 2.400192 11.589526 1568.087463 -4346.126251 -3352.557983 22.834013 2.23911 7.551377 557.395477 -4179.809265 -3747.952271 15.097126 2.826949 12.27904
5.594638 42.95298 33.188751 13.993058 15.973179 53.692377 258.145447 -2912.057762 -4192.450562 16.683936 14.53215 69.637615 -349.70726 -2655.357304 -3407.347412 49.403079 16.029854 2.853465 -294.735107 -2729.584045 -4367.977295 31.68637 16.327621 57.491992 18.449104 4.533894 11.543532 20.959311 2.99299 11.20047 504.417267 -4148.256683 -4058.751221 17.314415 2.195818 18.935596 1320.930481 -4532.810516 -3609.754639 18.950559 2.807032 9.853963 451.886749 -4073.892975 -4284.973145 13.272393 2.292405 19.555321
5.577768 41.727107 32.117212 13.376554 15.900476 52.790127 281.625977 -2900.332298 -4187.615967 15.535374 14.350422 68.88118 -374.966583 -2651.722717 -3440.78125 51.460456 16.005165 3.657857 -281.54953 -2713.118057 -4358.705444 30.630727 16.042261 56.694705 20.398171 4.649749 11.615982 21.944367 3.316147 10.71628 569.352264 -4255.665131 -3996.486206 18.537782 2.655304 17.890677 1419.365997 -4691.378174 -3675.932007 20.479946 3.436307 10.542442 556.183624 -4223.467102 -4192.37793 15.10607 2.91814 18.067345
1.456409 27.511262 22.895425 11.726731 14.885908 26.141419 204.160156 -2955.145721 -3711.787109 18.140121 16.057605 31.027115 -144.391327 -2716.872673 -2795.131836 31.650528 18.007746 6.888536 -321.414795 -2671.603661 -3804.636841 31.926544 15.818314 26.925296 24.480816 5.108621 10.42671 12.13866 3.523185 16.303296 158.295288 -4297.467194 -4304.73938 11.975618 2.981153 23.50426 809.943542 -4825.621033 -3775.15625 12.347726 4.145654 11.919999 -46.554871 -4204.960785 -4600.128784 6.507933 2.970305 25.237719
1.379352 26.055586 22.771929 11.4749 14.596469 26.319826 208.013916 -2924.881821 -3720.457153 17.919046 15.426707 31.643613 -131.97998 -2728.298187 -2790.077515 30.750707 18.24043 7.063859 -332.841339 -2650.422955 -3791.281128 32.702698 15.382347 26.34139 24.011135 5.033073 10.366178 11.540416 3.442932 16.629914 99.692383 -4277.00119 -4340.9729 11.121971 2.883797 24.176165 721.108704 -4802.53479 -3772.650757 11.304888 4.039176 11.896373 -100.079193 -4171.561584 -4629.689941 5.903363 2.822145 25.784119
0.002329 12.73909 17.951757 12.242362 13.620879 10.123371 340.615997 -2838.060608 -3439.161987 11.225712 13.860307 16.010055 122.940521 -2564.251156 -2482.314453 14.776569 14.992686 23.185599 -240.075073 -2633.084049 -3646.472778 24.846024 15.181214 20.652877 13.016317 6.900145 12.371269 5.041616 2.843655 23.461778 -627.771606 -4146.758575 -4803.81958 3.25745 2.349052 33.697728 -189.776154 -4727.987823 -4115.982056 3.360136 3.744706 16.413638 -474.85527 -4110.037231 -4969.4104 2.623333 2.593575 32.596182
0.146276 9.903689 16.851161 11.69764 13.670079 7.007545 380.26886 -2849.953041 -3339.161987 9.80647 13.668653 12.062231 88.115082 -2531.642265 -2418.140869 16.524969 13.937998 26.973742 -212.006836 -2634.05695 -3566.183472 23.16819 14.771365 18.018584 9.743071 8.257627 13.554929 4.160252 2.265484 25.80197 -783.602753 -4043.851624 -4916.801147 2.143443 1.862635 36.474232 -324.853058 -4373.463593 -4091.674194 2.555236 2.3048 16.246445 -501.697311 -4073.226471 -5006.975708 2.418645 2.357437 33.625601
0.470982 7.895273 16.839727 16.327204 12.542158 1.570679 536.328888 -2832.402687 -3077.067261 5.185367 12.909997 4.043863 220.361633 -2532.130852 -2153.811035 10.829005 13.515025 48.704904 -186.636963 -2643.813038 -3450.314331 21.996718 14.516486 14.578878 7.100685 8.053134 13.578224 3.596562 2.189251 25.933063 -894.796448 -3925.723267 -4932.990723 1.463259 1.380843 37.271692 -158.929443 -4014.347839 -4256.404419 3.510744 1.199015 18.858359 -392.514114 -3888.197174 -4815.082397 3.212334 1.612114 30.110554
0.459631 8.517954 16.795784 16.474878 12.686519 1.411488 531.69632 -2843.87455 -3069.000244 5.271134 13.115773 3.724176 178.938446 -2507.806377 -2172.946777 12.508028 13.057346 47.323392 -193.977661 -2650.093117 -3441.627808 22.357052 14.63037 14.10874 7.560797 7.434755 13.292921 3.619612 2.088354 25.58092 -875.677643 -3848.966522 -4928.279419 1.572639 1.147858 37.040085 -120.72876 -4030.900726 -4294.212646 3.770394 1.238582 19.339217 -397.33078 -3806.143494 -4842.655029 3.183746 1.355788 30.549565
0.351845 12.272855 18.319615 18.427762 12.79122 0.676438 513.258209 -2784.528351 -2969.118042 5.767723 12.953572 2.212806 160.316772 -2439.161415 -2087.501221 13.334782 12.728028 53.425714 -225.745697 -2584.610233 -3356.875 24.321049 14.344378 12.244099 3.432468 4.445911 9.20483 6.961188 2.990733 13.764225 -441.68045 -3619.48494 -4187.758789 4.820693 0.690325 22.54254 461.324158 -3895.959167 -3880.048218 8.663062 1.039394 13.977374 -358.143616 -3668.234863 -4255.479126 3.512229 1.108483 20.409177
0.011414 15.933182 21.109578 15.382863 15.948829 6.705693 366.265106 -2682.829895 -3336.292725 10.509444 11.029588 12.767658 -37.022552 -2525.53793 -2418.480225 23.675519 14.21833 25.494057 -381.423111 -2616.292896 -3542.529297 35.135788 14.830351 17.864722 5.724757 3.455376 8.897786 14.395163 2.722309 8.477301 -22.740479 -3669.918213 -3834.918823 9.632188 0.792008 16.393914 362.952271 -3717.777405 -4753.538818 7.689868 0.664177 26.919844 -2.985687 -3646.099548 -3948.424683 7.23181 1.032818 15.43387
0.0381 16.026154 23.604317 17.989763 14.626917 8.433133 276.513519 -2777.120819 -3386.897583 14.23518 12.618195 14.814832 -121.108093 -2519.972601 -2490.471191 29.194341 14.028813 20.79288 -306.898193 -2626.234932 -3640.990601 29.973901 14.939243 21.519255 10.501067 2.72431 8.552638 14.760825 2.321604 9.839592 443.763123 -3883.713837 -3778.467407 16.878354 1.37258 15.478931 848.238678 -3814.20166 -4686.538696 12.976163 0.84079 25.670166 311.252747 -3797.835999 -4015.52063 11.583372 1.450992 16.328607
0.553069 20.948971 26.342837 19.896218 15.020702 13.388347 298.791199 -2764.804916 -3545.838623 14.236983 12.301454 21.901736 -206.824799 -2530.614281 -2698.384399 36.796427 14.133719 10.230007 -305.484772 -2606.607723 -3803.919067 31.450986 14.459628 27.712608 19.576009 3.256636 9.526722 19.037169 2.611042 10.307306 614.517365 -4046.351166 -3839.887085 19.628881 1.91364 16.084918 1081.589203 -4006.735687 -4719.736328 15.724792 1.264492 25.885611 484.469604 -4004.647522 -4007.199707 14.064645 2.138088 15.909034
0.520582 27.904558 24.6796 18.39662 15.519775 13.982025 251.774597 -2822.188301 -3535.211792 16.237606 13.343322 22.035077 -125.971222 -2621.527214 -2616.290283 30.888212 15.909362 13.697353 -303.924866 -2645.660858 -3761.074829 31.197374 15.204336 26.347782 28.035498 3.955521 10.550337 20.305768 3.049348 12.167266 576.653595 -4170.072784 -4002.462769 18.945194 2.398406 18.831686 1084.134521 -4290.679321 -4851.298828 15.786816 2.068252 28.445204 436.549988 -4013.139038 -4129.025269 13.284 2.167063 17.903693
0.746966 31.050419 24.394566 15.34487 17.52629 17.77622 258.119659 -2806.303749 -3605.19043 15.985871 13.274838 26.537219 -108.013763 -2651.450443 -2675.500488 29.731823 16.775717 10.407474 -308.494263 -2635.201855 -3789.395752 31.583698 15.239275 27.924241 29.047031 3.560059 10.426959 19.874561 3.51978 11.625 548.066254 -4240.575104 -3958.485718 18.393371 2.755356 18.220673 874.325104 -4482.434082 -4865.579224 13.037268 2.76914 28.81564 383.554688 -3992.026367 -4014.718018 12.397299 2.133788 16.293316
0.728344 36.052521 23.280351 10.822803 18.104302 23.181134 281.256714 -2850.594864 -3676.998291 15.077782 14.346969 31.280472 -183.28537 -2732.277718 -2790.898438 35.192401 18.761109 5.640246 -305.954285 -2657.556839 -3761.878052 31.609834 15.921098 26.734224 29.33544 3.40685 10.456178 17.87842 3.802663 12.359293 505.050659 -4312.57019 -3969.58252 17.54853 3.142348 18.424864 567.450104 -4486.573486 -4942.439575 9.471335 2.828392 30.265276 401.561432 -4024.554901 -4021.101074 12.642955 2.302642 16.410008
0.328662 36.08369 20.967012 10.942711 17.924254 17.964042 315.9758 -2875.611763 -3588.586426 13.369293 14.808024 25.556907 -66.129456 -2750.62355 -2663.988037 26.857496 19.133439 10.924577 -265.676575 -2694.029846 -3709.514771 28.442605 16.633225 24.362351 28.995524 3.691661 10.668618 12.352308 3.135839 17.034277 78.172913 -4309.186859 -4311.036377 10.717276 3.119009 24.307714 211.155701 -4435.686188 -5284.906006 6.116047 2.636517 36.985389 261.321411 -4149.344025 -4302.547607 10.530012 2.805394 20.754352
0.108645 33.847999 20.333772 9.773834 17.803446 17.403685 320.770111 -2867.17144 -3576.112671 12.966196 14.630611 24.57958 6.469727 -2771.136627 -2621.008301 22.151946 19.579822 13.287389 -293.255005 -2689.440804 -3653.452759 30.001451 16.527402 21.834556 29.179468 4.034142 10.872418 11.502043 3.100921 18.111048 -27.828979 -4263.259735 -4418.674316 9.329659 2.902144 26.264664 78.065796 -4348.331146 -5402.164917 5.073927 2.329794 39.368112 112.650146 -4201.263275 -4458.510132 8.495257 3.029518 23.325424
0.003115 26.171663 19.647526 9.824747 15.968779 17.497525 377.68631 -2870.053368 -3624.454956 10.728951 14.210767 26.147765 71.569214 -2897.17556 -2646.04126 18.540526 21.933315 13.150208 -265.890198 -2692.533836 -3661.777344 28.10637 16.092962 21.258364 19.084836 4.748527 12.906632 6.731474 2.633617 23.892628 -381.51741 -4070.615082 -4834.689941 5.23204 1.992986 34.366763 -172.69104 -4253.399811 -5803.774414 3.317238 1.943808 47.867706 -17.872314 -4339.015503 -4744.63501 6.838943 3.554647 28.135098
0.035894 27.250732 20.403841 11.114899 14.291115 14.670941 411.987457 -2872.752457 -3529.871826 9.387917 14.01873 22.406603 151.839752 -2852.45533 -2543.796997 14.409208 20.588692 17.153725 -230.447693 -2683.621616 -3590.657349 25.578028 15.659186 19.677417 13.408139 5.248179 13.705155 6.196619 2.348155 24.456397 -509.63768 -3992.330933 -4847.600098 4.062238 1.662723 35.346578 -399.399567 -3878.054657 -5837.554932 2.062196 0.930215 49.411933 -151.841278 -4063.97583 -4719.376221 5.353367 2.303826 28.252089
0.035594 24.261006 21.328501 12.152801 13.72952 13.757367 404.545898 -2859.725075 -3499.129028 9.239551 13.306712 21.506048 96.257019 -2682.376537 -2545.50415 16.525167 16.345496 16.176274 -161.490479 -2645.496635 -3705.071411 20.640909 14.43349 25.039386 10.377441 4.462004 12.647325 4.636178 1.903897 23.897976 -568.064423 -3802.061768 -4811.060791 3.663848 1.001484 34.862943 -334.238281 -3806.493988 -5783.760986 2.459683 0.736391 48.483824 -208.292847 -3911.734009 -4566.504517 4.888042 1.669501 25.671169
0.07891 25.314076 20.879578 12.750066 12.444766 12.400249 400.600739 -2838.023071 -3470.296631 9.204264 12.889274 19.400298 73.828125 -2597.762146 -2537.554932 17.407741 14.638107 17.23792 -182.350159 -2643.806019 -3699.393311 21.57186 14.38689 24.358086 8.785098 3.969625 11.54156 4.918791 2.070351 21.472866 -453.807678 -3873.227997 -4669.041138 4.721256 1.199987 31.582467 -93.465118 -3795.941925 -5598.386841 3.965191 0.715082 43.973163 -150.108185 -3938.009491 -4441.685791 5.550961 1.754871 23.27264
0.233324 23.721041 20.607193 13.368148 11.895525 8.360508 451.942444 -2841.842766 -3328.02063 7.583822 13.37332 13.162514 185.420074 -2438.514709 -2444.688721 12.256886 12.093121 22.39234 -177.640381 -2598.762836 -3630.217896 21.422234 13.952071 21.984458 4.74768 2.161526 8.682904 7.072801 2.767676 12.735876 -181.554871 -3867.823639 -4084.586182 7.611751 1.249887 20.696217 269.908142 -3857.4263 -4965.34668 6.82741 0.880369 31.112631 -40.122528 -4051.236725 -4017.541504 6.780043 2.243098 16.681575
0.301597 19.936482 19.807359 15.63914 11.815278 4.267367 459.903259 -2785.042877 -3203.894653 7.126783 12.114066 8.14834 170.675201 -2353.907518 -2341.574707 12.598964 10.447808 30.415965 -186.403351 -2522.348518 -3556.453857 21.536056 12.336632 18.87365 2.843552 1.044303 7.063613 7.961599 3.235499 7.941157 -15.363922 -3954.850616 -3658.7677 9.824665 1.486121 14.009792 532.09137 -3955.584869 -4482.861938 9.461419 1.068888 22.565833 25.124969 -4233.772736 -3731.884766 7.670372 2.943834 12.687567
1.028368 15.266378 18.583684 17.384156 11.760875 0.899654 604.38858 -2637.975655 -3033.232422 3.453869 9.534775 2.902084 88.115082 -2328.531289 -2209.456787 16.553638 9.942782 43.920969 -229.38446 -2412.891682 -3404.490356 24.282994 10.377862 12.84948 4.30875 0.317251 6.189301 8.826612 2.798738 7.338468 173.878784 -4198.18924 -3484.525146 12.536271 2.36715 11.407567 899.572754 -4445.429535 -4130.98877 13.726159 2.465086 16.950699 191.690063 -4354.429779 -3601.80542 9.907963 3.469214 10.826533
0.396781 19.508495 19.025405 15.942641 11.558265 5.337458 535.310516 -2379.611526 -3295.463867 4.948788 5.797485 9.88928 21.766357 -2265.724764 -2413.919678 19.76965 8.866387 28.130104 -374.101334 -2344.886513 -3569.830933 33.870241 9.204773 17.747909 3.933439 0.089633 5.314205 8.955979 3.317638 5.238178 199.968109 -4317.750092 -3272.626343 13.015257 2.859158 8.63402 677.537231 -4760.382996 -4043.442993 11.09541 3.655602 15.446277 195.053406 -4434.132538 -3415.675049 10.026262 3.827555 8.496557
1.788634 11.719168 13.529869 10.073787 7.859074 4.367355 525.274353 -2381.088096 -3272.10083 5.259394 5.95837 9.661149 -48.35022 -2197.258816 -2444.526367 23.90212 8.024018 24.556123 -286.689453 -2238.048182 -3428.075562 27.831435 7.800976 13.436017 3.214185 0.003313 4.384115 7.949139 4.022211 3.035165 178.335724 -4655.977631 -2727.003174 12.647292 4.670234 3.796592 840.162354 -4813.175354 -3468.309937 13.013101 3.932683 8.894421 315.542908 -4427.161255 -3117.907715 11.82468 3.8499 5.808371
2.02568 8.540961 11.891208 7.876757 5.983833 6.218316 438.731842 -2261.534147 -3340.151367 7.774584 4.445919 11.976322 82.19574 -2017.170906 -2405.137939 16.730711 5.522212 28.200118 -228.999634 -2065.820198 -3497.543945 24.109476 5.444497 15.441595 1.90052 0.005359 3.950074 7.990862 4.604861 1.625841 66.656342 -4924.907684 -2388.681641 10.976912 6.297577 1.682087 714.176025 -4976.000519 -3165.394287 11.491395 4.633594 6.010659 321.875916 -4700.650482 -2835.189819 11.919138 5.285366 3.550339
2.443591 5.079992 8.760339 6.253803 3.72904 4.864742 443.006744 -2050.243416 -3270.905151 7.692315 2.617068 9.464305 277.290344 -1828.697052 -2278.269043 8.431256 3.695805 38.370306 -189.548645 -1783.400917 -3401.523438 21.802716 2.793777 12.466062 1.242118 0.003762 3.613345 7.716369 5.380461 0.537397 79.090118 -4933.859711 -1423.139648 11.132131 6.496596 0.252138 908.957367 -5330.157928 -998.635254 13.855125 6.591178 1.490431 327.236023 -4789.755707 -1730.389404 11.977656 5.947639 0.008976
3.428397 3.286633 6.45603 4.353759 2.483744 3.755554 548.134766 -1875.015564 -3231.500854 4.753264 1.371345 7.823051 289.971008 -1613.11821 -2268.253174 8.01836 1.898912 39.926344 -73.947296 -1490.711441 -3313.378296 15.511179 0.875938 9.684393 1.186016 5.9e-05 3.53161 7.377978 5.766458 0.406336 59.284821 -5030.854797 -1489.35791 10.833648 7.18862 0.153144 900.326691 -5482.866211 -1149.587402 13.732687 7.496789 0.953325 323.892517 -4986.802673 -1356.365967 11.909499 7.248605 0.609489
9.749878 3.014283 1.737288 3.914161 0.081967 1.831682 837.509155 -1715.595474 -2660.861816 0.320781 0.608267 0.274071 728.433685 -1294.118195 -1729.146729 0.03182 0.342743 102.147287 61.566162 -1405.706177 -2932.953491 9.689218 0.546855 2.308414 0.249646 0.036068 4.052442 7.937117 5.974416 0.028449 -195.267792 -5215.075836 -1627.409668 7.431243 8.635257 0.009699 654.576721 -5534.60495 -1182.993164 10.709167 7.858658 0.789635 179.779816 -4889.143829 -303.956299 9.647109 6.639807 6.980682
9.855008 1.769393 1.2414 3.126055 0.077845 2.259669 970.020752 -1633.952637 -2615.0 0.047338 0.327682 0.670613 907.159424 -795.553131 -2012.34375 0.901955 0.461919 65.14125 109.324188 -1155.579605 -2904.248047 7.703352 0.012136 1.90081 0.236487 0.087899 4.263875 6.168469 7.279527 0.690874 -275.706329 -5192.220917 -1608.845215 6.567107 8.462687 0.019435 712.845306 -5364.642487 -1444.87915 11.435418 6.843918 0.201794 293.603516 -5039.033356 -188.747559 11.420631 7.669791 8.153113
11.642253 1.013824 0.477479 1.779572 0.540223 3.555109 1050.121613 -1541.973267 -2559.468994 0.499928 0.100599 1.560245 904.096832 -699.085846 -1965.467529 0.934731 0.890301 72.736065 185.347595 -974.645538 -2868.745117 5.078511 0.133437 1.327264 0.238122 0.190642 4.194027 5.508228 7.82684 1.538071 -261.736908 -5083.890991 -1565.490723 6.789399 7.581891 0.062842 575.288086 -5593.829041 -1270.079346 9.953698 8.189844 0.598241 268.497314 -5004.363403 -275.732422 11.123429 7.375327 7.440129
8.804919 0.310841 0.021478 4.2e-05 0.030665 0.02194 946.921082 -1328.77037 -2872.181396 0.008471 0.06686 0.423826 1032.490234 -684.544373 -2063.104248 2.976066 1.016196 60.743744 244.264374 -976.468353 -2947.531128 3.642465 0.15058 2.290425 0.187578 0.175193 4.526761 5.160142 7.299523 0.343056 -325.808563 -5308.298798 -1578.499756 6.032925 9.245865 0.048384 462.04422 -5710.856781 -1070.81665 8.713086 8.876871 1.223841 206.849518 -5252.653351 -590.449219 10.128046 9.115118 4.64446
8.705819 0.09172 0.014289 8.9e-05 0.065788 0.220823 993.131409 -1226.286087 -2809.454956 0.130106 0.307526 0.066743 1191.913452 -466.436157 -2127.711182 7.339487 2.543287 53.917417 320.742493 -898.433075 -2900.668335 2.001737 0.380863 1.679401 0.197906 0.206792 4.716406 5.1435 7.440663 0.28774 -304.559174 -5331.990356 -1596.893311 6.272072 9.336066 0.03624 423.989868 -5753.590088 -1016.784668 8.340314 9.076276 1.445989 229.571228 -5271.589966 -798.166504 10.477563 9.163389 3.189449
6.832154 0.158348 0.64824 0.041505 0.080946 0.838922 1029.394073 -1162.815704 -2717.850952 0.365187 0.515562 0.088324 1219.880829 -287.224274 -3248.023071 8.530458 4.205381 0.638405 424.481201 -747.369385 -2779.368896 0.506918 0.997936 0.575979 0.145038 0.397381 4.918244 5.45749 7.67541 0.311652 -350.696259 -5359.120178 -1638.830566 5.848764 9.559142 0.012841 417.711792 -5662.868958 -1034.986572 8.342652 8.480021 1.375811 224.381714 -5300.953979 -611.314697 10.49727 9.390808 4.510042
5.579983 0.110425 0.859609 0.419016 0.142968 0.414815 1058.180237 -1022.242279 -2696.245728 0.692696 1.182109 0.128649 1235.81543 -274.734955 -3396.427002 9.532355 4.369487 3.845727 499.103851 -679.317169 -2704.130249 0.027086 1.389196 0.228586 0.220765 0.354073 5.141038 5.292272 7.501465 0.371497 -382.75177 -5370.735168 -1551.953125 5.63237 9.630072 0.064912 364.689484 -5809.264221 -1010.629883 7.932463 9.429557 1.428033 200.201416 -5269.784546 -634.858398 10.305496 9.124389 4.247027
5.22194 0.664405 2.543975 1.079166 0.240402 1.511079 1111.345062 -976.660461 -2586.253052 1.277814 1.460233 1.081086 1249.111786 -295.577393 -3358.991089 10.011021 4.16698 2.771298 585.666351 -573.371277 -2541.127319 0.145959 2.102851 0.064129 0.358723 0.371272 5.372327 5.455154 7.310023 0.188981 -376.846008 -5394.593201 -1542.285156 5.684918 9.817045 0.077893 386.039886 -5880.921326 -1068.026123 8.132788 9.912389 1.21684 208.553772 -5300.539856 -800.617676 10.417015 9.351106 3.127363
4.938862 0.59699 4.210954 2.932362 0.391289 1.911541 1207.722168 -878.553162 -2527.034302 3.174996 2.181399 1.976049 1283.140869 -340.697174 -3418.359375 12.133491 3.774759 4.344731 919.163818 -275.018463 -1574.912109 6.879609 4.92694 20.334654 0.300907 0.40724 5.248875 5.590338 7.475136 0.203568 -288.456879 -5379.315796 -1548.546143 6.839349 9.635289 0.073158 458.037262 -5907.854004 -1083.826904 9.040384 10.056147 1.164419 221.553192 -5306.137695 -883.331299 10.882262 9.344886 2.632669
4.618823 0.489646 3.767375 2.237669 0.964913 2.263609 1187.413177 -830.93277 -2567.418823 2.972124 2.478138 1.514455 1271.012726 -265.996552 -3443.952637 12.048998 4.443315 4.79025 1071.209564 -288.970795 -1138.483887 13.372704 4.664526 41.965192 0.349096 0.338372 5.475588 5.43852 7.517285 0.093178 -274.671783 -5382.59552 -1559.678955 7.113703 9.744585 0.073284 468.211212 -5884.761353 -1056.320801 9.251933 9.962822 1.310899 206.40213 -5267.828064 -1014.753418 10.806519 9.123341 1.977577
4.097389 0.393467 3.983663 2.092628 1.302414 2.804647 1232.555389 -778.192749 -2548.981323 4.018168 2.824172 1.767946 1236.0289 -259.001007 -3456.38855 10.770335 4.396563 5.259728 1113.983307 -328.718719 -1004.937744 15.648536 4.123617 49.796514 0.234014 0.388897 5.514887 5.892289 7.428672 0.007608 -284.386597 -5406.140594 -1535.561523 7.0491 10.039893 0.097477 464.118042 -5931.540985 -1066.875 9.252229 10.373544 1.262637 184.106598 -5271.847076 -868.527832 10.533609 9.242493 2.775282
4.146957 0.3627 4.241476 2.286703 1.36877 3.057775 1249.775391 -767.597198 -2534.188232 4.41236 2.919316 1.987856 1242.7771 -260.062866 -3448.053589 11.029183 4.388749 5.032209 1125.282593 -325.870361 -987.218018 16.205215 4.156262 50.812043 0.215826 0.338978 5.583436 5.863406 7.382412 0.001176 -298.793488 -5406.93573 -1561.030273 6.879979 10.04387 0.068538 453.669128 -5926.752319 -1092.629395 9.139419 10.337067 1.160934 210.997467 -5252.211304 -1072.705078 10.933202 9.088059 1.679163
3.740568 0.500657 5.236922 2.719662 1.600962 3.928003 1277.95639 -746.635742 -2500.727539 5.171592 3.092047 2.63019 1255.0914 -267.536011 -3429.449463 11.632504 4.292908 4.388885 1129.53476 -310.337524 -949.3396 16.542933 4.30122 53.329091 0.141398 0.317343 5.639689 5.938678 7.401461 0.000992 -300.743103 -5413.395538 -1525.877686 6.883899 10.112465 0.109565 467.498932 -5923.920746 -1073.354492 9.307976 10.328118 1.239328 184.057159 -5168.625946 -1413.31665 10.561767 8.467316 0.470551
3.087563 0.313257 5.846793 3.450013 2.016354 4.613362 1313.996124 -746.378479 -2484.847412 6.2488 3.100306 2.857757 1299.660187 -279.500122 -3415.952759 13.734927 4.174613 4.117559 1117.95578 -254.243774 -950.684814 16.130868 4.916168 52.957495 0.113559 0.356007 5.726059 5.964098 7.398698 9.4e-05 -290.582733 -5407.980042 -1471.638184 7.04129 10.060609 0.180023 488.285522 -5920.59845 -1048.552246 9.565658 10.299817 1.317514 110.217133 -5062.767334 -1609.387207 9.538182 7.693876 0.105655
2.814254 0.33166 6.275367 3.84318 2.122174 4.892549 1330.635223 -739.370728 -2470.544434 6.727124 3.169845 3.076848 1302.32132 -292.840576 -3410.534668 13.849407 4.043658 4.067648 1102.846222 -187.604828 -980.323486 15.358982 5.698344 50.843883 0.158134 0.323003 5.52237 5.869354 7.280778 0.012053 -286.165466 -5386.374817 -1427.050781 7.090534 9.871807 0.250858 521.504211 -5895.170898 -1058.414307 9.920964 10.115377 1.265062 56.03714 -5031.929626 -1719.078369 8.78242 7.47244 0.01462
2.295696 0.204702 8.15818 6.188064 2.583264 6.347103 1356.464844 -722.823029 -2408.977051 7.183652 3.357149 4.443718 1308.155518 -290.558777 -3352.994385 13.631302 4.104295 2.6177 1044.882202 -56.591187 -1120.457764 12.122768 7.437167 42.281601 0.314397 0.220444 4.565463 5.428948 6.905481 0.089189 -290.122681 -5336.67923 -1495.827637 6.922955 9.426396 0.134656 461.790619 -5871.273956 -1056.933594 9.172955 9.922392 1.260442 -78.434296 -4947.284698 -1877.587891 6.916834 6.868598 0.02864
2.319592 0.157049 8.386726 6.396879 3.202152 7.430567 1349.242249 -667.303619 -2367.154541 6.997635 3.913523 5.518948 1216.923828 -301.231689 -3330.231323 9.853415 4.008288 2.145302 894.416199 -113.927307 -1186.923828 6.398434 6.685356 38.473632 0.471415 0.010396 3.412237 4.151971 5.975464 0.244488 -416.985855 -5242.156525 -1594.493408 5.561132 8.651843 0.032014 310.340118 -5733.56308 -1072.926025 7.672355 8.976143 1.193877 -293.678589 -4749.758453 -2063.292236 4.569902 5.601683 0.256575
1.52602 0.87027 9.704001 5.569106 3.792239 8.993695 1290.506897 -625.571594 -2292.619629 5.412547 4.83385 7.531173 1146.409302 -320.206757 -3278.844604 7.416259 4.267139 1.334183 898.113098 -168.3638 -1670.725098 6.608129 6.549863 16.293135 0.925943 1.674183 1.994103 0.66859 4.06967 1.690581 -899.103394 -4781.75354 -1417.840576 1.736921 5.121867 0.243431 -184.193726 -5316.004639 -914.49585 3.699838 6.174234 1.814027 -510.04837 -4630.769348 -2374.263916 2.71167 4.659318 1.170986
1.485011 0.886204 9.802864 5.54684 3.830179 9.15274 1290.701294 -621.973419 -2287.695312 5.399617 4.887582 7.70926 1146.430664 -313.991241 -3272.981567 7.394177 4.344777 1.230356 896.759033 -167.135468 -1666.818848 6.541543 6.580558 16.447861 0.804571 1.782844 1.973884 0.625365 4.132798 1.628457 -924.867325 -4792.865143 -1398.55835 1.588937 5.182713 0.281264 -233.516998 -5341.183624 -877.913818 3.376152 6.307239 1.987439 -572.994461 -4693.365936 -2339.102783 2.251376 5.004423 1.036403
1.584757 2.492497 9.643511 5.171494 4.93575 10.383127 1246.870575 -572.903748 -2231.054688 4.336912 5.603364 8.976943 1043.96347 -278.253784 -3206.925659 4.408515 4.862844 0.600703 847.833405 -134.264832 -1728.817139 5.085855 7.171638 13.649612 0.262288 10.180257 0.532739 2.039216 0.665112 3.908946 -2268.168793 -4156.366425 -1726.153564 2.727094 1.973661 0.01467 -2472.162247 -4820.43457 -977.052002 4.051998 3.692596 1.45722 -1981.041565 -3840.665131 -3025.223999 3.002113 1.282823 5.240407
1.368974 2.034145 9.196498 4.654529 5.179373 10.434608 1261.425781 -554.910736 -2250.863037 4.522286 5.649437 8.54438 1021.748962 -244.662018 -3213.414917 3.692172 5.082527 0.587673 852.708282 -122.064362 -1749.091797 5.03003 7.144433 13.242527 0.240946 13.181946 0.048693 4.624803 0.068252 3.262141 -2822.926712 -3712.869339 -1707.399902 8.237421 0.684991 0.005133 -3325.827942 -4039.160614 -880.192871 12.207643 1.149256 1.917469 -2785.411224 -3945.833588 -2106.607666 12.940254 1.651582 0.38687
0.98627 2.338904 9.28413 4.572447 5.456111 10.029434 1262.790985 -542.44751 -2283.85376 4.633266 5.802126 7.856115 1019.035492 -240.67337 -3253.007812 3.70339 5.127796 0.921683 871.470184 -126.744843 -1823.28125 5.677295 7.080745 11.356416 0.682844 12.03106 0.06014 7.101494 0.031292 4.313828 -3203.914185 -3155.735168 -1824.766846 13.615815 0.006172 0.071396 -3709.427338 -3380.808792 -960.670166 17.211453 0.117587 1.61307 -3022.247162 -3460.022812 -2121.489258 17.09256 0.441606 0.391107
1.170713 1.683507 8.564635 4.25626 5.284557 9.43551 1273.874664 -555.019684 -2304.832764 4.931637 5.515179 6.948414 1011.724701 -224.188232 -3260.129395 3.553478 5.192309 1.126103 869.66507 -159.804993 -1972.487793 5.649729 6.502298 7.203697 1.154765 12.597256 0.013803 3.623477 0.27696 4.588634 -2940.867767 -2940.507774 -1856.081543 9.716759 0.038487 0.11464 -3633.993683 -3010.241852 -1102.049561 16.138673 0.003075 1.036979 -2458.367538 -3061.601028 -3148.05481 8.043613 0.02871 6.176865
1.15737 0.87362 8.195922 4.168481 5.496547 9.885012 1282.386475 -533.13858 -2301.278076 5.188696 5.49142 7.143537 1021.177368 -206.487579 -3255.828857 3.811864 5.121293 1.0227 880.080566 -186.039886 -2113.979492 6.017291 5.873262 4.297451 3.256867 6.055197 0.554741 1.848296 0.48136 8.348178 -2249.989662 -2669.936008 -1908.277588 2.606854 0.278711 0.186265 -2349.132462 -2893.563156 -913.538818 3.251892 0.025047 1.803567 -1780.441914 -3042.53685 -3045.518188 1.623982 0.03082 5.272375
1.096468 0.869616 7.412105 3.980691 5.868373 9.272267 1262.656555 -499.747009 -2337.614746 5.30653 5.666353 6.409947 1021.115417 -204.624634 -3307.96936 4.413257 4.926229 1.681585 862.466736 -208.536377 -2315.90332 6.22651 5.37656 1.541972 2.498246 6.744613 0.33415 0.174814 0.259745 6.94485 -1697.963412 -2749.416466 -1770.819092 0.13249 0.156448 0.022468 -1502.837048 -2991.06926 -794.207764 0.093031 0.000855 2.457441 -1334.494438 -2889.729919 -2965.948486 0.037471 2.1e-05 4.535829
1.647409 0.255973 6.509453 4.493518 6.165883 8.879949 1241.317444 -498.032379 -2391.445312 5.871653 5.282561 5.614444 1199.34845 -214.290619 -3394.782715 11.930098 4.449734 3.00331 764.172363 -144.408722 -2461.568604 4.573393 5.739593 0.517239 4.994707 12.084859 3e-05 0.064608 0.243527 3.676184 -1423.882294 -2952.297554 -1501.469727 0.104114 0.006008 0.164052 -1063.808136 -3305.671387 -608.398438 0.274014 0.12706 3.720723 -1055.667114 -2990.26577 -2775.602417 0.296635 0.030975 3.0236
1.692908 0.147236 5.432792 4.401663 5.700268 7.074443 1194.788971 -493.061066 -2427.967529 4.537541 5.356194 4.71981 1092.233429 -210.215759 -3424.552002 7.654257 4.50692 3.694864 729.248047 -140.644684 -2400.386963 3.551491 5.800302 1.009514 4.073165 10.284423 0.238079 0.047138 0.070017 5.395616 -1720.132065 -3031.939697 -1702.755127 0.109502 0.000779 0.001221 -1742.643049 -3479.108276 -782.668457 0.426866 0.299401 2.686962 -1227.049332 -3289.335632 -2629.016724 0.019431 0.309692 2.155757
2.469299 0.118519 5.503523 4.953128 5.499106 7.202641 1150.76767 -510.49057 -2391.322021 3.3715 5.442 5.633168 986.960907 -211.780548 -3374.620972 4.302001 4.759138 2.504289 695.662231 -119.64798 -2267.637939 2.630805 6.368351 2.478521 3.809485 10.02441 0.22539 0.115948 0.001749 5.25296 -2089.17984 -3095.44136 -1712.706299 1.318563 0.006432 0.000105 -2379.737244 -3311.119537 -755.968018 3.107945 0.111457 2.819339 -1654.335279 -3403.003311 -1914.499512 0.740001 0.449266 0.035335
2.744765 0.689279 5.588243 3.557762 5.418229 8.306725 1107.439728 -537.679901 -2341.468506 2.627572 5.401965 6.559243 929.384613 -214.328461 -3310.108032 3.079626 4.998273 1.559549 715.071716 -322.059784 -2448.265381 3.172108 4.295829 0.487347 1.990631 12.698296 0.053538 1.468958 0.000586 2.41497 -2679.70108 -3296.309357 -1568.29834 5.845589 0.101273 0.060472 -3335.726776 -3434.957962 -801.119385 11.55152 0.197673 2.46714 -2224.964027 -3381.158142 -2975.042114 4.661861 0.374423 4.538614
2.905601 1.529118 6.175116 3.353601 6.037063 9.518746 1216.643219 -546.079865 -2365.546875 5.435295 5.26431 6.087762 1157.993927 -306.040039 -3376.918945 10.58062 3.977688 2.799078 702.464752 -224.951935 -2348.150635 3.239022 5.33509 1.382128 0.811889 12.348324 0.096857 4.161149 0.008609 2.358222 -2999.26239 -3340.156326 -1626.811523 9.471214 0.145536 0.023155 -3600.695801 -3360.338898 -799.089355 14.653954 0.13359 2.523558 -2486.787338 -3294.990005 -3041.583252 7.426946 0.255934 4.99481
2.358294 3.034606 7.30306 3.413459 6.343914 10.250834 1205.236969 -507.962341 -2341.855469 4.504829 5.819335 7.055049 1186.46286 -291.125641 -3363.687744 10.708363 4.211017 2.312528 739.947357 -216.718597 -2271.147461 3.525125 5.52339 2.396876 0.491088 12.831673 0.14547 2.066333 2.3e-05 2.042171 -2776.823807 -3206.737366 -1484.626465 7.020753 0.036728 0.187511 -3533.371124 -3476.218033 -844.63501 14.105145 0.235458 2.323475 -2429.106445 -3363.98201 -3106.287231 7.026536 0.341193 5.463816
1.454007 4.99986 7.155501 4.613093 5.813074 7.089841 1199.818573 -504.968719 -2416.036377 3.872634 5.757503 5.124336 1021.437531 -239.5401 -3411.236572 4.522564 4.678094 3.246518 737.170105 -167.798615 -2234.472656 2.963067 6.019841 3.057534 0.896311 6.902223 0.031529 0.407479 0.118067 4.906328 -2175.975037 -3051.145706 -1710.690918 1.940143 4.6e-05 0.000683 -2578.629913 -3413.795166 -837.723389 4.621895 0.180587 2.40608 -1848.023338 -3230.934906 -2991.467896 1.863275 0.180074 4.47239
1.232955 7.515116 6.873978 4.08406 6.181676 6.728663 1188.566589 -464.196625 -2414.543457 3.374206 6.151953 4.866284 978.292847 -205.88974 -3405.973511 3.20351 4.949493 3.401227 748.636932 -156.875458 -2223.347168 2.956835 6.03975 3.057966 1.516165 6.19877 0.076574 0.07543 0.207575 5.403112 -1592.888193 -3010.799103 -1694.022217 0.023415 0.002356 0.001338 -1343.586502 -3259.743958 -728.243408 0.001976 0.070041 2.95261 -1107.289505 -3024.21814 -2653.38623 0.096481 0.029638 2.329464
0.542015 12.057261 6.30106 3.161618 6.135552 4.945307 1182.871552 -480.445709 -2500.944824 2.926721 6.179737 3.110922 957.70462 -210.545654 -3490.982666 2.44164 5.106473 5.612669 743.436737 -156.616211 -2246.003418 2.501152 6.273896 2.908868 2.156265 13.020369 0.362731 0.150505 0.314985 1.702436 -1193.259735 -3006.503029 -1234.544678 0.460388 0.006256 0.849194 -967.992249 -3462.229614 -335.692139 0.329096 0.219504 5.79421 -1051.87767 -3013.602219 -2819.689941 0.16013 0.018239 3.24893
0.439159 11.613306 5.647621 2.949044 6.111112 4.217236 1169.452515 -479.915619 -2523.602295 2.720168 6.171585 2.51742 926.741943 -207.778778 -3508.907471 1.928528 5.124854 6.497446 741.31485 -152.518616 -2228.487549 2.511301 6.311006 3.071649 2.849812 14.149674 0.429709 0.092334 0.342168 1.626795 -1333.942184 -2918.058624 -1165.786133 0.143577 0.038592 1.076576 -1023.609772 -3311.365356 -262.767334 0.23277 0.091635 6.347625 -941.905823 -3012.149696 -2589.761353 0.434249 0.018141 1.962484
0.439969 11.05088 6.032236 2.491802 6.010595 5.010069 1137.432861 -471.964874 -2493.83667 2.314228 6.214416 3.248009 905.442505 -185.309753 -3476.66626 1.733308 5.33256 5.15368 717.08374 -141.510468 -2264.91333 2.223191 6.392545 2.621974 2.137768 13.323631 0.573865 0.014483 0.174541 1.404243 -1589.226761 -2873.886986 -1086.959229 0.023835 0.062328 1.43209 -1208.181877 -3190.202179 -181.75293 0.032837 0.030141 7.115359 -1148.037415 -2902.258072 -2673.043213 0.042885 0.0 2.371015
0.509379 11.137585 6.780143 2.984943 5.880383 5.582783 1141.664886 -479.454498 -2461.356201 2.391046 6.015811 3.831516 916.066132 -206.343842 -3448.921509 1.911981 4.995575 4.481 716.603241 -119.58313 -2222.324219 2.217202 6.569851 3.158582 0.35908 13.915878 2.555717 1.144978 0.27242 0.227872 -1770.032482 -2822.452087 -748.28125 0.298552 0.094787 3.307928 -1597.230425 -3123.351517 222.860107 0.238239 0.01179 11.179806 -1426.71814 -2806.418686 -2526.251221 0.187581 0.012516 1.65788
0.728843 12.175858 7.965944 3.22712 6.340552 7.734186 1166.268616 -475.040436 -2404.195557 2.85126 6.047973 5.466667 900.836487 -198.921814 -3377.462158 1.668291 5.058909 2.409597 708.820496 -118.779297 -2223.703613 2.078846 6.556107 3.233839 0.459983 10.912495 3.314448 2.131686 0.687911 0.146509 -2124.911118 -2682.448483 -704.244385 1.731096 0.24366 3.658924 -1964.687729 -3102.661819 220.240479 1.254129 0.007697 11.220135 -1744.861925 -2915.247345 -2209.194336 1.353779 0.000873 0.498172
1.666325 13.294033 6.851647 3.705906 6.24422 6.668908 1162.483368 -459.228973 -2422.138672 2.790424 6.177318 4.929194 851.568146 -161.808929 -3373.740234 0.986175 5.4253 2.363542 704.018555 -124.732819 -2260.875244 2.00241 6.407136 2.648674 3.62241 8.325942 7.182803 4.776981 1.019545 0.137577 -2529.161606 -2643.387585 -366.912842 4.803431 0.290056 6.460377 -2234.547348 -3148.445129 476.817627 2.506819 0.020932 14.309237 -2091.091881 -3048.484573 -1475.646973 3.833646 0.042835 0.373934
1.717247 13.961714 7.361232 3.707041 6.655443 7.777962 1160.852661 -450.333099 -2392.79541 2.926091 6.331175 5.761831 833.795166 -161.56662 -3340.86792 0.878447 5.464646 1.67364 703.765411 -123.72345 -2220.640869 2.157269 6.459445 3.265947 5.824336 7.473259 7.900422 6.710936 0.908471 0.239907 -2713.516464 -2577.012711 -288.55957 6.619903 0.399363 7.234596 -2462.942047 -2989.14917 616.807861 3.847289 0.001236 16.173997 -2466.748657 -2864.216042 -194.708252 7.848438 0.001048 8.516046
2.088234 13.811015 7.729373 4.201781 6.602197 8.257257 1181.973419 -460.073853 -2378.649902 3.304224 6.301278 6.269276 843.072968 -168.059387 -3320.477905 0.960503 5.475747 1.261332 720.464172 -127.371521 -2174.803467 2.435291 6.508033 4.08949 8.953866 5.907098 12.123135 8.850679 1.529911 1.233401 -2955.437393 -2161.381531 5.009766 9.628064 1.441944 10.533295 -2626.996765 -2786.100731 748.129883 5.05246 0.071971 18.062772 -2406.637573 -2456.466794 358.934326 7.121572 0.316747 15.368427
2.316004 16.44842 7.933202 4.007369 6.551039 8.844166 1219.094086 -488.399658 -2368.796387 4.065063 5.799937 6.198995 850.495453 -151.348572 -3279.28833 1.023412 5.539863 0.832142 784.278107 -96.783295 -1903.05542 3.813632 6.758427 10.008438 11.043514 3.385522 11.590313 14.096787 3.47093 1.40383 -3121.877289 -1802.890167 81.19873 12.034259 2.780906 11.325945 -3401.672058 -1707.024155 1058.179932 12.852059 2.105052 22.62065 -2815.349503 -1733.934021 321.411133 13.056049 2.165068 14.674801
2.401618 16.27798 6.836961 3.475834 7.139344 8.205448 1217.017212 -452.798309 -2404.400635 3.384423 5.870897 5.392564 877.302246 -117.600098 -3329.385986 0.997358 5.58618 1.489346 813.517914 -74.754944 -1981.887207 3.821619 6.655653 8.127767 13.365918 2.110253 14.483015 16.373052 4.594918 2.94234 -3256.482391 -1224.598618 223.250732 14.622299 5.784071 13.293518 -3594.191132 -754.160919 1066.660156 15.729906 6.116468 22.883314 -2870.02037 -1062.048187 463.498535 14.481486 5.251557 16.813439
2.11108 18.473237 7.122716 3.621138 7.194459 7.63295 1217.023163 -466.027832 -2429.133301 3.221823 5.945119 4.906446 878.873138 -122.20459 -3357.131348 0.921762 5.762586 1.882176 820.901489 -123.775635 -2122.969971 3.809716 6.272408 5.111701 14.678844 1.663326 16.780747 21.39452 8.631936 6.409359 -3532.611847 -1052.098389 688.31543 19.715445 7.090168 20.523844 -3814.531097 -166.700897 1127.995605 18.999595 9.891281 24.006129 -2967.296295 -473.276215 -8.726807 16.3792 9.414632 10.646445
2.245636 18.411867 7.305937 3.679351 7.207834 7.742097 1217.983551 -480.493774 -2430.345459 3.230507 5.920206 4.930498 876.665802 -136.301117 -3359.945068 0.889728 5.742823 1.89616 821.642303 -137.500305 -2128.03833 3.814818 6.256622 5.05313 13.507091 2.425653 16.633955 21.175122 9.779657 6.629268 -3393.57605 -568.923035 594.127197 17.136665 11.083616 18.990541 -3959.958038 152.501068 1063.897705 21.252739 12.336953 22.985204 -2941.51535 -392.267914 -737.419434 15.912875 10.161823 3.822449
2.115916 19.3102 6.811967 3.439928 7.039147 6.598188 1218.018646 -482.698364 -2461.706543 3.126225 6.095602 4.012131 893.426361 -158.505707 -3408.643188 1.028924 5.669019 3.119386 812.597351 -154.483948 -2166.968994 3.469022 6.245811 4.225336 13.639725 2.62763 18.382421 20.216237 10.251585 7.707755 -3426.636047 -296.844482 431.654053 17.830447 13.814143 16.357057 -3815.586548 477.722931 995.964355 19.101191 15.135766 21.815319 -2957.957764 -168.518829 -912.412109 16.3117 12.209606 2.661711
1.930367 19.531884 6.568015 3.363278 6.997718 6.155511 1216.819153 -485.57663 -2477.584229 3.110297 6.099434 3.654696 894.871521 -165.019073 -3426.542358 1.052114 5.628743 3.577196 818.321381 -201.435852 -2313.045654 3.616156 5.70555 2.005708 12.797834 2.588771 19.801858 20.398488 11.89492 10.076088 -3512.242279 -74.897308 407.857666 19.426085 16.155996 16.008726 -3990.28183 785.609283 724.836426 21.813177 17.935241 17.734072 -2991.734924 98.201447 -605.600586 16.937156 14.738274 4.774004
1.467356 19.501992 6.731058 3.059066 6.907844 6.195652 1212.699738 -489.042053 -2480.362549 3.071048 6.057401 3.627448 907.815704 -176.639404 -3437.304077 1.250794 5.491215 3.833949 825.452271 -244.032898 -2407.036133 3.844907 5.204957 1.019918 11.513299 2.77347 20.841948 20.390532 13.067814 11.913069 -3465.620728 20.093384 593.236084 18.50413 17.200756 18.934668 -3974.893341 867.771149 894.785156 21.531979 18.71572 20.273823 -3027.100677 306.292572 -298.526611 17.571235 16.851764 7.510449
1.231228 19.584058 6.691216 2.809349 6.885762 6.048613 1202.390747 -500.225372 -2485.46875 2.847428 6.008605 3.463592 899.975891 -192.828522 -3445.776978 1.13104 5.386036 4.141951 815.261536 -273.076172 -2436.094971 3.567667 4.957644 0.761689 10.945836 3.155622 21.417188 20.410112 13.971576 12.989576 -3451.424408 89.990845 670.113525 18.26054 18.072753 20.173047 -4009.557495 928.150482 908.051758 22.107117 19.370096 20.444541 -3047.86377 425.496674 -103.980713 17.995191 18.205012 9.52863
1.207759 19.379698 6.561653 2.721915 6.8683 5.92211 1196.385345 -503.311157 -2489.888916 2.728975 5.991256 3.364996 893.158722 -197.959137 -3450.796509 1.041031 5.345724 4.292428 809.690247 -277.219696 -2441.955566 3.429487 4.930291 0.717233 10.554854 3.225695 21.835543 20.423512 14.271333 13.61327 -3454.29245 106.503143 722.049561 18.317918 18.281657 21.056308 -4016.548462 940.070038 967.097168 22.224031 19.50318 21.361561 -3060.866089 462.543793 -20.876465 18.254035 18.629978 10.474257
1.0037 19.659991 6.589532 2.752964 6.889513 5.963091 1159.749908 -466.821747 -2445.396729 2.126557 6.356346 3.874554 835.960236 -173.912659 -3400.189819 0.469891 5.53723 3.479079 801.303711 -307.166138 -2483.540039 3.294788 4.515029 0.320815 8.726989 3.521471 22.107868 20.032756 16.007887 16.036976 -3433.831635 202.476196 56.501465 17.891594 19.30841 10.890915 -3809.114227 1019.741211 -449.665527 18.946037 20.211628 4.738967 -3152.715759 643.474426 220.378418 20.048598 20.587178 13.181797
1.01263 19.488365 6.531699 2.725301 6.845688 5.891467 1156.731567 -470.522461 -2448.500977 2.076046 6.309751 3.814701 830.827637 -178.02475 -3402.796631 0.427382 5.489314 3.53469 798.892212 -311.000061 -2487.351074 3.238273 4.475029 0.30485 8.653191 3.53887 22.233227 20.030474 16.049024 16.18161 -3434.754944 206.054688 66.712646 17.909303 19.351883 11.024587 -3810.986633 1024.263916 -437.393799 18.974717 20.257673 4.834405 -3153.85498 648.944092 236.380615 20.0729 20.651781 13.399219
0.98508 19.004407 6.095311 3.009074 6.759297 5.157896 1218.019409 -486.767731 -2512.637939 3.33852 6.000497 2.814063 1002.926636 -241.52298 -3509.597778 3.061719 4.670573 6.369656 694.992371 -363.406982 -2545.303955 1.389815 3.852833 0.142662 8.481324 3.570961 22.095429 20.237402 17.378403 18.227771 -3444.488068 239.712219 63.256836 17.967874 19.656502 11.209894 -3806.448059 1093.286133 -387.849121 18.808862 20.870547 5.35451 -3177.081909 796.690063 375.765381 20.417922 22.306249 15.557432
1.100098 18.86608 6.173846 2.769749 6.742133 5.542407 1187.19635 -494.21524 -2494.460449 2.743528 5.895198 3.159279 993.876343 -235.121918 -3492.106323 2.887789 4.730625 5.798064 698.152313 -332.474823 -2584.813843 1.450449 4.155755 0.038859 8.32661 3.622641 22.309457 20.436902 17.633906 18.87874 -3443.095398 256.462708 95.063477 17.926987 19.845306 11.592647 -3813.863831 1120.783386 -326.9104 18.907292 21.140033 5.831644 -3157.845459 818.379822 387.531738 20.00319 22.5572 15.702756
1.122186 18.711416 6.200629 2.78545 6.774097 5.630916 1185.645294 -491.632385 -2490.922852 2.710992 5.933597 3.252692 987.96463 -232.185516 -3487.527466 2.76219 4.768582 5.611133 694.3927 -324.567871 -2576.047363 1.390606 4.242648 0.057218 8.257069 3.671371 22.398266 20.390845 17.698154 19.001583 -3440.885468 261.792297 103.21167 17.889678 19.915078 11.707119 -3811.700287 1125.922241 -318.894043 18.877595 21.197393 5.904234 -3159.345093 823.720093 401.025391 20.037713 22.628 15.907345
1.560195 16.536255 5.632431 2.80374 6.469349 5.246469 1149.102783 -485.659332 -2489.008789 2.114475 6.002296 3.323344 906.826782 -209.692078 -3470.307617 1.395047 5.015867 4.990295 694.523163 -314.608002 -2543.69873 1.434411 4.341609 0.149992 7.405201 4.253158 22.682679 20.088572 18.129784 19.289522 -3394.535675 299.929199 113.033447 16.999489 20.369306 11.850497 -3779.540405 1164.553223 -292.983398 18.358945 21.588047 6.131281 -3145.544128 851.877136 422.750244 19.698351 22.96539 16.240034
1.548097 15.528861 5.029358 2.812516 6.40678 4.592203 1167.766724 -471.786346 -2498.537598 2.303907 6.110222 2.830606 908.760681 -195.730591 -3474.037476 1.315944 5.114514 5.578039 726.975861 -237.306519 -2466.179199 1.841235 5.131902 0.445219 6.492944 4.924461 22.706592 19.585037 18.864849 19.809818 -3391.056366 333.553467 141.965332 17.071007 20.714044 12.045782 -3762.650146 1216.341553 -232.789307 18.220293 22.068749 6.527396 -3144.244537 874.841309 391.168213 19.824484 23.181701 15.587571
1.485987 14.639239 4.879059 2.925321 6.328771 4.299715 1163.6763 -471.121826 -2507.29126 2.223395 6.171896 2.716982 904.629364 -202.502441 -3484.923096 1.250078 5.08473 5.849461 742.69165 -219.042969 -2409.547119 2.111882 5.391865 0.864565 6.581389 5.228407 22.854409 19.252101 19.147221 19.909968 -3408.557281 344.206085 155.389404 17.397293 20.895959 12.261365 -3748.168793 1231.11496 -239.610596 18.017021 22.266399 6.494943 -3143.0336 852.753143 340.947266 19.812146 22.961882 14.924758
1.354313 15.074547 5.05208 2.881854 6.40325 4.489125 1161.548004 -470.223389 -2499.468994 2.170208 6.208037 2.873159 896.951752 -201.612396 -3475.338745 1.13357 5.117086 5.5189 743.460388 -211.918182 -2400.067139 2.107186 5.49855 0.943389 6.759019 5.378152 22.644719 19.291001 19.239614 19.685236 -3412.653046 348.510284 145.454102 17.490071 20.97264 12.130677 -3748.957825 1240.70694 -239.682617 18.043497 22.386975 6.493875 -3131.867676 851.263885 310.20874 19.605127 22.967251 14.499634
1.140963 14.485975 5.638078 3.177418 6.242127 4.727592 1163.113708 -482.530365 -2487.869873 2.254951 6.141831 3.154873 889.019165 -210.46051 -3461.329956 1.075592 5.097268 4.988609 732.935791 -196.624908 -2320.084229 1.978041 5.767227 1.772528 6.585809 6.05375 22.532029 19.413053 19.89536 19.87937 -3436.350861 359.9823 130.704346 17.859777 21.20228 11.963575 -3763.560944 1271.737671 -217.568359 18.207142 22.788652 6.703512 -3163.901978 889.976196 320.839844 20.191565 23.531958 14.671939
1.124509 14.481385 5.662582 3.173642 6.249108 4.754954 1162.9776 -482.173157 -2486.293945 2.24693 6.15216 3.183611 887.120667 -208.939514 -3458.903809 1.047379 5.119956 4.917618 733.020477 -195.851135 -2317.700195 1.973587 5.78212 1.797802 6.624736 6.119994 22.464477 19.391323 19.921347 19.768823 -3433.884583 359.29184 121.811523 17.820674 21.199344 11.845585 -3763.743896 1265.460052 -238.272705 18.214725 22.727105 6.520562 -3162.181854 890.915985 312.700195 20.162925 23.549229 14.556715
1.114793 14.422024 5.685348 3.178802 6.243812 4.775964 1163.413086 -482.613983 -2485.377197 2.251293 6.14736 3.202046 886.451111 -208.906708 -3457.502441 1.036737 5.121072 4.874401 733.753662 -195.79895 -2316.578369 1.983506 5.783534 1.810362 6.647333 6.163768 22.422807 19.369979 19.935463 19.69331 -3431.563721 358.575439 115.13916 17.781471 21.19127 11.758935 -3763.477325 1259.335327 -256.348877 18.213454 22.663149 6.364149 -3159.728394 891.712952 306.763916 20.116023 23.559909 14.474495
0.820536 13.410338 6.546641 3.192038 6.525793 6.024347 1179.221039 -476.918793 -2443.504639 2.527922 6.189173 4.08842 891.328888 -201.192017 -3410.537109 1.097419 5.182176 3.569828 740.327301 -195.465851 -2319.217529 2.10164 5.75822 1.7421 6.483528 6.566966 22.615781 19.470524 20.241575 20.073356 -3391.36795 358.991852 95.234375 17.055028 21.166478 11.464111 -3690.520172 1214.503326 -390.194092 17.158735 22.167599 5.243637 -3130.726624 906.718597 325.518799 19.524313 23.716266 14.688523
0.764402 12.962335 6.761708 3.521847 6.583121 6.184289 1203.061829 -482.719116 -2446.865234 3.015885 6.096665 4.092872 912.707825 -214.269257 -3414.362793 1.417293 5.015271 3.577582 745.740204 -191.446991 -2302.176514 2.239299 5.789253 1.989245 5.994863 6.97692 22.912043 18.680811 20.114358 19.549239 -3380.929871 391.359253 118.4021 16.834297 21.550588 11.80552 -3621.841888 1251.55304 -389.022217 16.166907 22.540319 5.280396 -3269.658966 700.326843 238.773193 22.406734 21.200353 13.563048
0.765382 12.908289 6.769198 3.532559 6.57409 6.190004 1203.027191 -483.316345 -2446.462402 3.01743 6.089963 4.102081 911.813507 -214.729462 -3413.607788 1.4059 5.010818 3.55751 746.105804 -190.350952 -2299.902344 2.248435 5.803418 2.01725 5.943524 7.051721 22.861091 18.578635 20.133271 19.436297 -3375.770264 391.882629 110.843506 16.740538 21.557983 11.70809 -3611.320953 1251.036987 -400.739746 16.020067 22.535618 5.189104 -3240.192719 700.219727 194.394531 21.767685 21.199904 12.980763
0.76672 12.847055 6.772619 3.542359 6.574891 6.199105 1203.460693 -483.07373 -2445.977783 3.027843 6.094556 4.11255 912.449646 -214.176331 -3413.074341 1.416518 5.018475 3.544394 746.554718 -189.738617 -2298.774414 2.258795 5.812325 2.030675 5.896937 7.092197 22.858511 18.516662 20.166008 19.436623 -3374.668732 395.651703 113.88916 16.719344 21.606565 11.746468 -3605.861816 1256.416473 -396.931152 15.943673 22.59348 5.218202 -3219.854889 701.746979 171.362305 21.331694 21.219282 12.683054
0.665284 13.115122 7.217259 3.721905 6.24319 6.033738 1210.190582 -496.552734 -2464.362793 3.11213 5.964879 4.024516 922.707672 -219.460754 -3432.776489 1.531986 4.994809 3.681173 752.552185 -187.093964 -2289.213867 2.326189 5.883757 2.346845 5.733605 7.780877 23.239053 18.67767 20.464038 19.447724 -3353.344879 379.019623 45.985107 16.387056 21.439034 11.073791 -3586.399078 1276.597748 -401.405029 15.711466 22.84038 5.298313 -2962.081604 888.218842 170.559082 16.255981 23.510538 12.862545
0.6527 13.146962 7.284885 3.731752 6.26891 6.123264 1210.919495 -493.465424 -2460.633545 3.126292 6.003883 4.114187 920.676575 -213.625183 -3427.338257 1.50092 5.061506 3.531837 752.958679 -186.254425 -2286.929932 2.333616 5.894227 2.377287 5.736682 7.805575 23.23717 18.671412 20.482773 19.454751 -3351.805878 379.309082 45.024414 16.360464 21.442822 11.061419 -3586.77124 1275.722961 -403.504639 15.716883 22.831277 5.281654 -2968.633575 892.251587 178.75 16.378113 23.560711 12.9681
0.605755 12.515709 7.050805 3.625907 6.201395 5.997625 1206.768494 -484.672852 -2444.718018 3.096782 5.987151 4.048812 921.943665 -201.736908 -3410.116577 1.560876 5.081728 3.569812 745.237122 -176.061401 -2291.595459 2.236497 5.895098 2.072176 5.692712 7.812803 23.025185 18.426374 20.694778 19.675877 -3376.372986 382.174988 70.927734 16.74692 21.352556 11.152536 -3593.130035 1322.215576 -283.355713 15.767096 23.217863 6.10443 -3008.21167 909.576721 193.708496 17.071744 23.650133 12.920844
]