alphapose_11-07_20_Kanksha_4KDepth.alligator_in_box.0000000004 [ 20857.8125 9467.937622 2915.550537 3209.086914 1879867.375645 16213.632812 9821.499023 -1728.62915 3562.648315 1568062.175901 22240.229492 14237.971191 4297.967529 7979.120483 8213888.857148 15352.749023 14047.126465 -2589.512939 7788.275757 6736281.652811 23246.838379 17657.818604 5304.576416 11398.967896 15807500.003617 13796.204834 17080.941162 -4146.057129 10822.090454 13430743.151291 23629.27002 19137.462158 5687.008057 12878.61145 19820069.35214 23630.336914 19420.371094 5688.074951 13161.520386 20557981.551446 23517.041016 19277.373047 5574.779053 13018.522339 20056008.537439 12643.706055 18433.997803 -5298.555908 12175.147095 17630890.149058 11774.277344 18781.036377 -6167.984619 12522.185669 19484916.818949 11721.694336 18321.951904 -6220.567627 12063.101196 18421387.207341
20968.640137 9718.349609 2983.133545 3497.410278 2113096.440174 16283.319092 9755.757446 -1702.1875 3534.818115 1539238.139295 22276.728516 14382.629395 4291.221924 8161.690063 8502777.02918 15294.825439 14088.4021 -2690.681152 7867.462769 6913673.547817 23212.277832 17686.743164 5226.77124 11465.803833 15878379.513476 13709.268799 17155.449219 -4276.237793 10934.509888 13784971.614612 23606.643066 19024.940186 5621.136475 12804.000854 19553961.314802 23774.882812 19291.086426 5789.376221 13070.147095 20434562.210263 24014.855957 19166.055908 6029.349365 12945.116577 20392909.696402 12535.79834 18510.762939 -5449.708252 12289.823608 18073908.435695 11786.883545 18737.600098 -6198.623047 12516.660767 19508972.442343 11751.022949 18322.341309 -6234.483643 12101.401978 18531271.611156
20991.682129 9687.318115 3004.163818 3489.505005 2120164.542664 16292.218018 9832.381592 -1695.300293 3634.568481 1608413.112966 22258.173828 14268.885498 4270.655518 8071.072388 8338070.803724 15302.962646 14067.028809 -2684.555664 7869.215698 6913139.481891 23221.738281 17735.113525 5234.219971 11537.300415 16050635.956857 13734.11499 17098.796387 -4253.40332 10900.983276 13692287.619688 23612.93457 19016.31958 5625.41626 12818.50647 19595941.621006 23687.304688 19323.745117 5699.786377 13125.932007 20477765.579098 23997.641602 19135.523682 6010.123291 12937.710571 20350593.679965 12759.144287 18399.259033 -5228.374023 12201.445923 17621117.753723 11878.370361 18641.419678 -6109.147949 12443.606567 19216503.306926 11858.148193 18120.147705 -6129.370117 11922.334595 17971124.022208
20912.336426 9680.178833 2916.612549 3458.379517 2046701.764083 16284.107666 9744.122314 -1711.616211 3522.322998 1533638.935611 22227.414551 14248.120117 4231.690674 8026.320801 8232903.155602 15320.695801 13995.487061 -2675.028076 7773.687744 6758599.635171 23220.0 17674.892578 5224.276123 11453.093262 15846640.627147 13783.265381 17071.763916 -4212.458496 10849.9646 13546653.839409 23652.758789 19010.461426 5657.034912 12788.662109 19555192.254459 23754.421387 19276.75415 5758.69751 13054.954834 20359444.272635 23918.564453 19130.489502 5922.840576 12908.690186 20171432.279718 12678.830566 18437.086182 -5316.893311 12215.286865 17748258.767571 11777.712402 18665.463867 -6218.011475 12443.664551 19350845.415074 12194.93042 18318.502197 -5800.793457 12096.702881 17997942.531893
20939.914551 9607.665405 2931.30127 3386.341553 2005983.624453 16294.581299 9859.644165 -1714.031982 3638.320312 1617528.033312 22225.014648 14155.230713 4216.401367 7933.90686 8072491.855795 15317.144775 14048.233643 -2691.468506 7826.90979 6850451.957944 23194.746094 17723.654785 5186.132812 11502.330933 15919959.043233 13760.155029 17098.582764 -4248.458252 10877.258911 13636415.893841 23628.955078 19084.371338 5620.341797 12863.047485 19704623.252411 23673.920898 19361.815186 5665.307617 13140.491333 20476822.287022 23949.401855 19174.465332 5940.788574 12953.141479 20307684.307131 12616.367188 18360.917969 -5392.246094 12139.594116 17644606.324191 11853.326416 18666.514893 -6155.286865 12445.19104 19277033.64164 11815.891113 18273.022461 -6192.722168 12051.698608 18359324.719732
20914.316406 9599.413452 2902.695312 3376.530762 1982660.006204 16299.898682 9871.030273 -1711.722412 3648.147583 1623897.440352 22203.605957 14110.670166 4191.984863 7887.787476 7978992.835399 15295.385742 14092.840576 -2716.235352 7869.957886 6931417.160843 23233.103027 17635.50415 5221.481934 11412.62146 15751180.217121 13730.568848 17116.113281 -4281.052246 10893.230591 13698988.103857 23596.572266 19005.585938 5584.951172 12782.703247 19458918.189489 23674.262695 19338.183594 5662.641602 13115.300903 20407662.769238 23929.389648 19106.695557 5917.768555 12883.812866 20101261.863839 12630.476074 18438.662109 -5381.14502 12215.779419 17818198.853355 11857.177734 18692.794189 -6154.443359 12469.911499 19337586.585723 11727.111816 18259.80835 -6284.509277 12036.925659 18438263.618164
20995.219727 9676.769409 2996.717529 3460.0 2095191.59504 16297.193604 9819.921265 -1701.308594 3603.151855 1587715.422474 22262.475586 14230.922852 4263.973389 8014.153442 8240812.445736 15307.000732 14012.366943 -2691.501465 7795.597534 6801552.105016 23279.763184 17671.864014 5281.260986 11455.094604 15911091.000358 13737.626953 17108.088379 -4260.875244 10891.31897 13677588.674646 23638.012695 19018.566895 5639.510498 12801.797485 19569009.751353 23765.527344 19307.961426 5767.025146 13091.192017 20463788.745572 24034.733887 19108.226318 6036.231689 12891.456909 20262575.424999 12675.426025 18455.67627 -5323.076172 12238.90686 17812598.106794 11820.307617 18689.805908 -6178.19458 12473.036499 19374672.777528 11669.290771 18231.755371 -6329.211426 12014.985962 18441880.493723
20973.569336 9699.317017 2949.821777 3496.113281 2092425.659342 16323.687744 9890.776978 -1700.059814 3687.573242 1648839.978922 22265.593262 14315.05249 4241.845703 8111.848755 8379534.519121 15289.648438 14119.718018 -2734.099121 7916.514282 7014649.638466 23262.314453 17765.351562 5238.566895 11562.147827 16112584.548531 13735.461426 17048.867188 -4288.286133 10845.663452 13601781.367414 23584.355469 19064.802246 5560.60791 12861.598511 19634107.658202 23739.724121 19440.123291 5715.976562 13236.919556 20788842.738617 24067.473145 19164.929199 6043.725586 12961.725464 20453294.595878 12757.850342 18403.4021 -5265.897217 12200.198364 17657451.362511 11848.4375 18642.923584 -6175.310059 12439.719849 19288108.423224 11729.645996 18212.937012 -6294.101562 12009.733276 18384940.784855
20892.973633 9562.510376 2863.029785 3349.842529 1941838.452178 16281.829834 9847.929688 -1748.114014 3635.261841 1627103.125612 22268.706055 14292.567139 4238.762207 8079.899292 8325187.761649 15309.333496 14090.27832 -2720.610352 7877.610474 6945846.745932 23199.555664 17671.219482 5169.611816 11458.551636 15802329.19213 13750.218506 17068.460693 -4279.725342 10855.792847 13616428.733124 23655.109863 19074.279785 5625.166016 12861.611938 19706355.435931 23693.515625 19417.104492 5663.571777 13204.436646 20643319.240235 23849.787598 19265.05249 5819.84375 13052.384644 20423532.615772 12691.287842 18391.297607 -5338.656006 12178.629761 17682027.079813 11813.652344 18659.006348 -6216.291504 12446.338501 19355362.214243 11929.86084 18315.378418 -6100.083008 12102.710571 18368661.587459
20915.180664 9568.272705 2869.573975 3375.325928 1962727.991419 16290.03418 9791.28479 -1755.57251 3598.338013 1603007.129065 22197.497559 14058.723145 4151.890869 7865.776367 7910863.564786 15307.950439 13979.09668 -2737.65625 7786.149902 6811889.204493 23258.261719 17733.041992 5212.655029 11540.095215 16034557.002211 13795.506592 17040.217285 -4250.100098 10847.270508 13572662.830976 23606.755371 19092.313232 5561.148682 12899.366455 19732002.960171 23732.541504 19464.163818 5686.934814 13271.217041 20846642.933358 24027.539062 19222.924805 5981.932373 13029.978027 20556384.230877 12564.963379 18318.289795 -5480.643311 12125.343018 17706139.439137 11601.945801 18547.727051 -6443.660889 12354.780273 19416136.125312 12608.233643 18449.693604 -5437.373047 12256.746826 17979286.841176
21032.297363 9790.863037 2937.972412 3646.523438 2192881.507455 16324.645996 9824.282227 -1769.678955 3679.942627 1667374.134171 22276.330566 14379.063721 4182.005615 8234.724121 8529985.231638 15296.682129 13971.719971 -2797.642822 7827.380371 6909468.883476 23289.101562 18039.467773 5194.776611 11895.128174 16847977.83134 13794.013672 17065.90332 -4300.311279 10921.563721 13777323.120423 23749.0625 19743.619385 5654.737549 13599.279785 21691646.742109 24073.461914 20006.859131 5979.136963 13862.519531 22791952.657529 24150.419922 20020.083008 6056.094971 13875.743408 22921254.142447 12715.623779 18379.53125 -5378.701172 12235.19165 17863034.101812 11754.365234 18501.533203 -6339.959717 12357.193604 19289532.296537 12076.599121 18141.861572 -6017.72583 11997.521973 18015355.765036
21005.168457 9649.012451 2901.290283 3476.525879 2050371.749411 16293.372803 9616.862183 -1810.505371 3444.37561 1514165.304394 22273.4375 14294.334717 4169.559326 8121.848145 8334964.225729 15351.186523 13929.644775 -2752.69165 7757.158203 6775081.471044 23431.186523 18077.550049 5327.30835 11905.063477 17011075.06328 13794.383545 17042.570801 -4309.494629 10870.084229 13673047.50916 24002.270508 20019.643555 5898.392334 13847.156982 22653478.862144 24546.99707 20485.202637 6443.118896 14312.716064 24636762.225589 24758.444824 20360.953369 6654.56665 14188.466797 24559584.735052 12873.276367 18377.46582 -5230.601807 12204.979248 17632071.370489 11736.169434 18394.916992 -6367.70874 12222.43042 18993551.997029 11903.686523 18204.067383 -6200.19165 12031.580811 18320131.330229
20987.126465 9677.333374 2835.59082 3546.749268 2062000.566731 16264.541016 9662.049561 -1886.994629 3531.465454 1603199.698303 22325.812988 14356.97998 4174.277344 8226.395874 8509818.041869 15251.676025 14049.777832 -2899.859619 7919.193726 7112281.507408 23542.282715 17868.425293 5390.74707 11737.841187 16683706.969613 13655.117188 17219.790039 -4496.418457 11089.205933 14318826.715672 24401.098633 19846.252441 6249.562988 13715.668335 22717659.541914 25406.713867 20406.939697 7255.178223 14276.355591 25645193.999805 25499.023438 20040.012207 7347.487793 13909.428101 24745776.695319 12804.25293 18202.407227 -5347.282715 12071.82312 17432234.587586 11846.502686 18074.486084 -6305.032959 11943.901978 18241023.506294 11980.10498 18008.179932 -6171.430664 11877.595825 17916383.902803
20980.297852 9639.781494 2770.440674 3489.772339 1985385.250432 16345.36377 9762.936401 -1864.493408 3612.927246 1652957.89548 22238.510742 14154.399414 4028.653564 8004.390259 8030031.295738 15289.881592 13908.1604 -2919.975586 7758.151245 6871516.816458 23599.343262 17508.924561 5389.486084 11358.915405 15807151.943362 13877.816162 16962.062988 -4332.041016 10812.053833 13566708.744892 24704.782715 19223.40332 6494.925537 13073.394165 21309769.272707 25805.249023 19644.30542 7595.391846 13494.296265 23978600.896788 26119.963379 19209.893799 7910.106201 13059.884644 23313036.701677 12735.565186 17937.003174 -5474.291992 11786.994019 16890110.080917 12029.172363 17945.625 -6180.684814 11795.615845 17733741.793198 12233.898926 17963.103027 -5975.958252 11813.093872 17526126.385943
20964.177246 9437.527466 2645.869141 3312.071533 1797044.135037 16354.47998 9735.071411 -1963.828125 3609.615479 1688594.480728 22263.366699 13601.904297 3945.058594 7476.448364 7146076.745153 15381.893311 13666.263428 -2936.414795 7540.807495 6548630.952625 23564.870605 17143.615723 5246.5625 11018.15979 14892626.322524 13969.500732 16557.995605 -4348.807373 10432.539673 12775000.959349 25161.472168 18482.408447 6843.164062 12356.952515 19952316.983557 25999.567871 18811.092529 7681.259766 12685.636597 21992712.745003 26216.818848 18544.155273 7898.510742 12418.699341 21661056.526214 12980.148926 17545.450439 -5338.15918 11419.994507 15891221.796384 12168.129883 17340.81665 -6150.178223 11215.360718 16360900.820021 12269.747314 17353.132324 -6048.560791 11227.676392 16264580.479714
20983.640137 9417.226562 2601.45874 3337.872314 1790897.916473 16415.334473 9548.42041 -1966.846924 3469.066162 1590290.685886 22269.538574 13461.884766 3887.357178 7382.530518 6961330.267026 15447.62207 13404.171143 -2934.559326 7324.816895 6226458.097723 23274.72168 16378.580322 4892.540283 10299.226074 13001100.815063 14021.68457 16283.55835 -4360.496826 10204.204102 12313971.39174 25899.208984 17430.318604 7517.027588 11350.964355 18535009.555623 26099.501953 17557.330322 7717.320557 11477.976074 19130097.133429 25563.90625 17888.282471 7181.724854 11808.928223 19102795.763945 12904.669189 17321.586914 -5477.512207 11242.232666 15639093.529501 11237.980957 16528.942871 -7144.200439 10449.588623 16023350.230999 11421.772461 16503.937988 -6960.408936 10424.58374 15711923.87072
21096.30127 9472.416382 2641.760254 3386.022339 1844404.451843 16502.617188 9554.042969 -1951.923828 3467.648926 1583459.570327 22288.413086 13169.750977 3833.87207 7083.356934 6487252.050021 15486.21582 13214.893799 -2968.325195 7128.499756 5962646.323441 22990.131836 15680.454102 4535.59082 9594.060059 11261757.249721 14117.792969 15848.304443 -4336.748047 9761.9104 11410227.828733 25125.478516 16394.348145 6670.9375 10307.954102 15075532.488883 25655.073242 16639.344482 7200.532227 10552.950439 16321242.732332 25584.472656 16718.837891 7129.931641 10632.443848 16388478.737355 12951.341553 16901.248779 -5503.199463 10814.854736 14724628.729624 11341.433105 15927.694092 -7113.10791 9841.300049 14744749.079259 11486.741943 15937.716064 -6967.799072 9851.322021 14559876.948245
21094.455566 9360.718384 2557.285156 3284.572144 1732812.153659 16515.388184 9583.641357 -2021.782227 3507.495117 1639012.536874 22294.724121 12943.028564 3757.553711 6866.882324 6127328.274525 15495.124512 13073.132324 -3042.045898 6996.986084 5821185.750767 22620.559082 14694.920654 4083.388672 8618.774414 9095733.54461 14367.553711 15221.784668 -4169.616699 9145.638428 10102840.566926 23567.436523 14993.432617 5030.266113 8917.286377 10482157.349902 25451.704102 15561.081543 6914.533691 9484.935303 13777477.386665 25142.915039 16010.804443 6605.744629 9934.658203 14233329.571524 13816.376953 16199.658203 -4720.793457 10123.511963 12477138.532674 12905.228271 15888.537598 -5631.942139 9812.391357 12800179.640456 11459.003906 15303.139648 -7078.166504 9226.993408 13523784.841204
21244.484863 9435.042114 2576.064453 3343.250122 1781342.944538 16585.17334 9566.369629 -2083.24707 3474.577637 1641260.810955 22262.868652 12964.720459 3594.448242 6872.928467 6015720.387547 15585.974121 12893.566895 -3082.446289 6801.774902 5576561.694711 22469.450684 14099.733887 3801.030273 8007.941895 7857496.452578 14518.937988 14602.896729 -4149.482422 8511.104736 8965710.82022 23666.75293 15247.091064 4998.33252 9155.299072 10880282.907843 24770.527344 15219.404297 6102.106934 9127.612305 12054901.54137 24792.705078 15096.998291 6124.284668 9005.206299 11860060.317877 14040.560303 14946.414795 -4627.860107 8854.622803 9982143.415257 12801.51123 14109.14917 -5866.90918 8017.357178 9869863.943807 11960.510254 14407.756348 -6707.910156 8315.964355 11415132.182575
21272.407227 9339.766235 2559.981689 3267.348633 1722907.333868 16585.926514 9661.459351 -2126.499023 3589.041748 1740321.87659 22249.42627 13095.452881 3537.000732 7023.035278 6183339.870168 15301.257324 13698.393555 -3411.168213 7625.975952 6979157.779938 22172.880859 13633.120117 3460.455322 7560.702515 6913897.355241 14247.366943 13630.966797 -4465.058594 7558.549194 7706841.416882 22525.754395 13890.406494 3813.328857 7817.988892 7566242.728405 23033.049316 13775.294189 4320.623779 7702.876587 7800209.755545 23523.366699 14432.860107 4810.941162 8360.442505 9304215.374273 13820.246582 12378.221436 -4892.178955 6305.803833 6369657.690889 13556.304932 12745.096436 -5156.120605 6672.678833 7111022.250661 13864.01001 13795.072021 -4848.415527 7722.654419 8314652.440024
21333.671875 9320.20752 2534.984131 3262.946167 1707296.22324 16566.496582 9504.335327 -2232.191162 3447.073975 1686499.637063 22207.614746 13315.379639 3408.927002 7258.118286 6430106.436014 15338.841553 13590.228271 -3459.846191 7532.966919 6871612.627011 22078.09082 13185.040283 3279.403076 7127.778931 6155971.702042 14934.963379 12137.625732 -3863.724365 6080.36438 5189919.696265 21930.061035 12005.317383 3131.373291 5948.05603 4518486.922696 21999.387207 12515.72876 3200.699463 6458.467407 5195627.830196 21366.523438 13215.406494 2567.835693 7158.145142 5783282.201632 14605.026855 11340.405273 -4193.660889 5283.143921 4549840.13381 14705.643311 11718.847656 -4093.044434 5661.586304 4880657.220974 16022.871094 11954.967041 -2775.81665 5897.705688 4248809.046447
21375.524902 9291.293945 2531.680908 3201.240845 1665735.116691 16492.990723 9650.857544 -2350.853271 3560.804443 1820583.93879 22220.861816 13482.15332 3377.017822 7392.10022 6604739.503038 15414.842529 13577.816162 -3429.001465 7487.763062 6782464.671142 21348.173828 12817.628174 2504.329834 6727.575073 5153193.428349 16113.277588 12451.502686 -2730.566406 6361.449585 4792403.372094 21140.90332 11172.819824 2297.059326 5082.766724 3111099.911482 21279.411621 11908.809814 2435.567627 5818.756714 3978991.936064 20866.538086 13070.441895 2022.694092 6980.388794 5281711.910363 15717.030029 10193.627319 -3126.813965 4103.574219 2661628.693953 16482.059326 10492.72583 -2361.784668 4402.672729 2496155.398087 17566.123047 11168.21167 -1277.720947 5078.158569 2742026.52744
21485.844727 9299.594116 2585.805664 3237.018433 1716467.92654 16521.922607 9403.459473 -2378.116455 3340.883789 1681694.236593 21811.135254 13721.102295 2911.096191 7658.526611 6712751.089204 15426.234131 13530.950928 -3473.804932 7468.375244 6784394.949038 20556.940918 12742.207031 1656.901855 6679.631348 4736279.869925 16739.432373 12131.403809 -2160.606689 6068.828125 4149889.60773 20878.493652 10416.574707 1978.45459 4353.999023 2287159.006017 22160.41748 11766.573486 3260.378418 5703.997803 4316565.836195 21011.733398 12423.531494 2111.694336 6360.955811 4492101.179216 18227.644043 9993.751221 -672.39502 3931.175537 1590625.616586 16950.095215 9461.965332 -1949.943848 3399.389648 1535813.099092 18108.308105 10436.14502 -791.730957 4373.569336 1975494.664457
21483.754883 9437.11792 2505.228271 3373.912964 1765945.738 16715.761719 9110.275269 -2262.764893 3047.070312 1440474.24484 21598.29834 13666.546631 2619.771729 7603.341675 6467400.853335 15598.178711 13366.151123 -3380.3479 7302.946167 6475977.464566 19630.015869 12087.036133 651.489258 6023.831177 3671098.029912 17512.832031 11650.493164 -1465.69458 5587.288208 3336605.012141 20549.887695 9992.952881 1571.361084 3929.747925 1791209.440877 21770.080566 11164.511719 2791.553955 5101.306763 3381610.417123 20462.399902 11678.1604 1483.873291 5614.955444 3372960.458567 18693.028564 9537.747803 -285.498047 3474.542847 1215395.712818 18119.613037 9211.733398 -858.913574 3148.528442 1065096.388047 18467.952881 10297.110596 -510.57373 4233.90564 1818664.249969
21508.630371 9418.701172 2491.260986 3366.062012 1753675.476874 16779.282227 9014.527588 -2238.087158 2961.888428 1378181.718606 21371.5625 13664.725342 2354.193115 7612.086182 6348608.126054 15722.561035 13201.850586 -3294.80835 7149.211426 6196698.607118 19421.960449 11626.411133 404.591064 5573.771973 3123062.79326 17641.494141 11301.345215 -1375.875244 5248.706055 2944194.793595 20327.672119 9705.864258 1310.302734 3653.225098 1506294.686986 20556.833496 9855.981445 1539.464111 3803.342285 1683536.228812 20671.677246 11077.010498 1654.307861 5024.371338 2798104.184107 18904.766846 9211.255493 -112.602539 3158.616333 998953.647095 17348.151855 8113.910522 -1669.217529 2061.271362 703512.678917 17241.386719 9012.56958 -1775.982666 2959.93042 1191530.252077
21617.434082 9569.647827 2572.193604 3551.773071 1923127.18839 16631.395264 9317.003174 -2413.845215 3299.128418 1671089.703947 21172.329102 13612.354736 2127.088623 7594.47998 6220063.218404 15842.963867 13008.758545 -3202.276611 6990.883789 5912703.164764 18863.842773 11333.400879 -181.397705 5315.526123 2828772.30922 17982.385254 11082.385254 -1062.855225 5064.510498 2677892.781331 19574.89502 9145.023193 529.654541 3127.148438 1005959.128298 19786.766357 9005.488281 741.525879 2987.613525 947569.520618 20719.09668 10916.807861 1673.856201 4898.933105 2680134.015406 19241.279297 9024.599609 196.038818 3006.724854 907882.556305 18536.862793 8311.374512 -508.377686 2293.499756 551858.900129 19360.106201 9957.434692 314.865723 3939.559937 1561927.291676
21633.444824 9285.974731 2530.52124 3290.396729 1723024.83783 16664.25415 9366.693726 -2438.669434 3371.115723 1731152.982188 21036.799316 13618.094482 1933.875732 7622.516479 6184263.282858 15926.71875 12975.480957 -3176.204834 6979.902954 5880732.23961 19106.75293 11022.915039 3.829346 5027.337036 2527413.233876 17938.796387 10862.463379 -1164.127197 4866.885376 2504176.539431 19730.803223 8882.548218 627.879639 2886.970215 872882.986205 17880.327148 7331.696777 -1222.596436 1336.118774 327995.542355 17175.002441 8259.451904 -1927.921143 2263.873901 884200.497329 19354.425049 8736.432495 251.501465 2740.854492 757553.633416 18769.020996 8132.304688 -333.902588 2136.726685 467709.186275 17166.894531 8352.675171 -1936.029053 2357.097168 930411.555228
21638.989258 9385.822144 2494.693604 3389.857178 1771462.786086 16734.083252 9448.386841 -2410.212402 3452.421875 1772834.062739 21083.745117 13580.83374 1939.449463 7584.868774 6129169.854419 15940.667725 12911.281738 -3203.62793 6915.316772 5808483.797535 19076.031494 10818.4375 -68.26416 4822.472534 2326090.133848 18023.465576 10676.461182 -1120.830078 4680.496216 2316330.489034 19964.910889 9016.2854 820.615234 3020.320435 979574.489037 17787.124023 7130.970459 -1357.171631 1135.005493 313015.230512 17205.130615 8162.485962 -1939.165039 2166.520996 845417.427524 19367.132568 8743.467407 222.836914 2747.502441 759842.59558 18630.439453 7943.231812 -513.856201 1947.266846 405589.636386 17214.862061 8249.017334 -1929.433594 2253.052368 879895.896638
21637.98584 9409.190063 2422.906494 3444.58313 1773562.881802 16770.050049 9341.369629 -2445.029297 3376.762695 1738069.456303 21123.718262 13539.979248 1908.638916 7575.372314 6102916.821431 15956.486816 12886.551514 -3258.592529 6921.94458 5853174.204166 19188.170166 10614.205322 -26.90918 4649.598389 2161948.927989 17991.782227 10570.649414 -1223.297119 4606.04248 2271208.317358 19568.280029 8648.485718 353.200684 2683.878784 732795.605106 18007.768555 7115.531006 -1207.310791 1150.924072 278222.556622 17337.983398 8063.086548 -1877.095947 2098.479614 792710.58867 19163.826904 8545.443726 -51.252441 2580.836792 666334.535965 18483.737793 7721.231079 -731.341553 1756.624146 362058.885534 17336.696777 8138.54126 -1878.382568 2173.934326 825431.152762
21557.96875 9182.081909 2297.871094 3199.047241 1551411.481499 16838.798828 9481.173096 -2421.298828 3498.138428 1809966.047467 21181.82373 13557.623291 1921.726074 7574.588623 6106742.391272 15976.324463 12847.796631 -3283.773193 6864.761963 5790812.319258 19331.003418 10863.885498 70.905762 4880.85083 2382773.245252 17986.75415 10576.429443 -1273.343506 4593.394775 2272067.92465 19679.678955 8710.040894 419.581299 2727.006226 761261.142071 18049.51416 7065.185547 -1210.583496 1082.150879 263656.292573 17555.48584 8046.66687 -1704.611816 2063.632202 716427.931038 19132.518311 8573.969116 -127.579346 2590.934448 672921.780454 18532.891846 7689.433594 -727.205811 1706.398926 344062.55848 17556.66748 8224.703369 -1703.430176 2241.668701 792675.292958
21559.233398 9288.439941 2289.505615 3291.286011 1607439.95667 16930.296631 9227.29126 -2339.431152 3230.137329 1590672.528141 21191.569824 13549.974365 1921.842041 7552.820435 6073857.334748 15982.889404 12873.723145 -3286.838379 6876.569214 5809051.068216 19483.78418 11066.887207 214.056396 5069.733276 2574801.563438 18001.809082 10607.010498 -1267.918701 4609.856567 2285839.540462 20058.450928 9090.014038 788.723145 3092.860107 1018786.78428 18962.492676 7764.596558 -307.235107 1767.442627 321824.68508 18133.996582 9196.992798 -1135.731201 3199.838867 1152885.413728 19036.164551 8925.86731 -233.563232 2928.713379 863191.383932 18314.67041 7275.59082 -955.057373 1278.43689 254653.546663 18078.381348 8922.844849 -1191.346436 2925.690918 997897.367698
21575.192871 9368.848877 2280.726318 3387.877808 1667942.85786 16982.685547 9168.161621 -2311.781006 3187.190552 1550251.503227 21104.338379 13575.026855 1809.871826 7594.055786 6094531.931007 15987.904053 12873.68042 -3306.5625 6892.709351 5844279.775806 19402.088623 10945.241699 107.62207 4964.27063 2465556.539674 17955.440674 10711.051025 -1339.025879 4730.079956 2416664.669505 19963.739014 8799.697876 669.272461 2818.726807 839314.643744 19154.666748 8002.409668 -139.799805 2021.438599 410575.799343 18121.733398 8773.81897 -1172.733154 2792.8479 917530.24459 19740.412598 8838.500977 445.946045 2857.529907 836434.504568 18671.97998 7317.156372 -622.486572 1336.185303 217288.069589 18162.977295 8783.295288 -1131.489258 2802.324219 913328.896754
21644.84375 9388.175659 2342.41333 3384.103394 1693905.59872 16935.60791 9248.353271 -2366.82251 3244.281006 1612720.803771 21156.188965 13575.509033 1853.758545 7571.436768 6076307.54683 16014.559326 12860.10376 -3287.871094 6856.031494 5781526.417776 19424.771729 11049.400635 122.341309 5045.328369 2547030.574824 17889.327393 10698.066406 -1413.103027 4693.994141 2403044.115811 20045.958252 9131.96167 743.527832 3127.889404 1033652.576252 19224.777832 8578.631592 -77.652588 2574.559326 663438.564838 18264.467773 9184.206543 -1037.962646 3180.134277 1119062.047743 19913.345947 9272.348633 610.915527 3268.276367 1105484.819387 19079.815674 8605.585327 -222.614746 2601.513062 681742.753446 18375.062256 9206.911621 -927.368164 3202.839355 1111819.164866
21654.606934 9418.302612 2341.40625 3416.885376 1715728.89001 16946.945801 9274.657593 -2366.254883 3273.240356 1631326.46015 21129.257812 13599.239502 1816.057129 7597.822266 6102496.667548 16035.499268 12824.638672 -3277.701416 6823.221436 5729967.733106 19407.585449 11086.470947 94.384766 5085.053711 2586667.97271 17865.74707 10780.279541 -1447.453613 4778.862305 2493264.688976 20138.978271 9328.782349 825.777588 3327.365112 1175326.721524 19285.546875 8604.32373 -27.653809 2602.906494 677588.695037 18268.057861 9409.18457 -1045.142822 3407.767334 1270520.17215 20143.537598 9383.158569 830.336914 3381.741333 1212563.383423 19304.588623 8816.709595 -8.612061 2815.292358 792594.523084 18337.437744 9895.81604 -975.762939 3894.398804 1611845.535636
21573.007812 9311.507568 2265.869141 3290.834351 1596375.368543 16903.635254 9183.80249 -2403.503418 3163.129272 1578221.547449 21108.913574 13593.687744 1801.774902 7573.014526 6059694.181528 16038.80127 12843.515625 -3268.337402 6822.842407 5723320.788941 19356.11084 11144.747314 48.972168 5124.074097 2625853.36215 17839.846191 10809.473877 -1467.29248 4788.800659 2508555.89766 20131.503906 9386.286011 824.365234 3365.612793 1200692.751184 19110.643311 8955.542603 -196.495361 2934.869385 865206.873266 18249.039307 9556.051025 -1058.099365 3535.377808 1361847.05093 20112.419434 9383.602295 805.280762 3362.929077 1195776.908312 19414.967041 9214.143066 107.828369 3193.469849 1020987.663132 18416.077881 10166.369019 -891.060791 4145.695801 1798078.30059
21644.519043 9429.155884 2331.687012 3409.44397 1706107.250332 16900.637207 9099.651489 -2412.194824 3079.939575 1530471.165684 21030.178223 13612.982178 1717.346191 7593.270264 6060703.12383 16040.95459 12848.771973 -3271.877441 6829.060059 5734124.327546 19486.094971 11280.297852 173.262939 5260.585938 2770378.445201 17918.26416 10689.578857 -1394.567871 4669.866943 2375247.681577 20235.52124 9545.435181 922.689209 3525.723267 1328207.992903 19306.148682 9099.28833 -6.68335 3079.576416 948383.556924 18255.700684 9713.076782 -1057.131348 3693.364868 1475847.073559 20081.31958 9537.615967 768.487549 3517.904053 1296622.203695 19071.015625 8477.91626 -241.816406 2458.204346 610124.377957 18058.077393 9193.255615 -1254.754639 3173.543701 1164578.882652
21625.842285 9381.442871 2283.416748 3328.804932 1629493.431818 16886.673584 9156.870728 -2455.751953 3104.232788 1566697.885791 20998.884277 13581.451416 1656.45874 7528.813477 5942688.792297 16000.997314 12861.357422 -3341.428223 6808.719482 5752380.355747 19679.16748 11671.721191 336.741943 5619.083252 3168749.17288 18038.823242 10909.139404 -1303.602295 4856.501465 2528498.542136 20168.762207 9553.521118 826.33667 3500.883179 1293901.532304 19696.958008 10002.924194 354.532471 3950.286255 1573045.47683 19121.010742 11255.843506 -221.414795 5203.205566 2712237.267769 20104.669189 9467.486572 762.243652 3414.848633 1224220.657056 19046.77124 8342.294312 -295.654297 2289.656372 532993.776542 18069.688721 8829.356079 -1272.736816 2776.71814 933002.263089
21695.422363 9500.015869 2342.923584 3440.805054 1732843.033803 16851.671143 9116.520386 -2500.827637 3057.30957 1560128.06773 21011.940918 13651.790771 1659.442139 7592.579956 6040101.860068 15998.538818 12883.040771 -3353.959961 6823.829956 5781370.268872 19880.643311 12045.092773 528.144531 5985.881958 3610971.946109 18137.097168 11015.904541 -1215.401611 4956.693726 2604601.376608 20078.317871 9640.53833 725.819092 3581.327515 1335272.012119 19796.898193 10446.704102 444.399414 4387.493286 1944758.817508 19061.625977 11474.996338 -290.872803 5415.785522 2941533.981267 20003.515625 9332.924805 651.016846 3273.713989 1114102.621685 18974.576416 8143.22998 -377.922363 2084.019165 448596.119292 18007.017822 8727.381592 -1345.480957 2668.170776 892945.429759
21768.305664 9534.21814 2442.003174 3507.756958 1826773.837744 16853.525391 9268.111572 -2472.7771 3241.650391 1662292.383939 21054.868164 13639.32251 1728.565674 7612.861328 6094359.689 16001.263428 12941.292725 -3325.039062 6914.831543 5887078.003479 19852.322998 11937.971191 526.020508 5911.51001 3522264.81702 18210.493164 11104.367676 -1115.809326 5077.906494 2703016.481561 20105.008545 9712.507935 778.706055 3686.046753 1419332.378439 19309.445801 9230.521851 -16.856689 3204.060669 1026628.891826 19033.675537 11364.473877 -292.626953 5338.012695 2858001.006901 19953.397217 9366.824341 627.094727 3340.363159 1155127.383129 19154.185791 8466.849365 -172.116699 2440.388184 598511.864477 17981.291504 8712.603149 -1345.010986 2686.141968 902441.322438
21666.26709 9409.477539 2353.123779 3372.485962 1691085.3084 16832.62085 9186.986694 -2480.522461 3149.995117 1607546.091752 21133.588867 13594.217529 1820.445557 7557.225952 6042568.611652 16022.906494 12958.605957 -3290.236816 6921.61438 5873440.393184 19620.213623 11516.166992 307.070312 5479.175415 3011565.540559 18210.753174 11053.189697 -1102.390137 5016.19812 2637750.75938 20099.56543 9527.835693 786.422119 3490.844116 1280445.239316 18686.04248 8009.783936 -627.10083 1972.792358 428516.514044 18486.276855 9991.240234 -826.866455 3954.248657 1631979.057771 20046.009521 9463.701782 732.866211 3426.710205 1227943.571272 19413.234863 9039.731445 100.091553 3002.739868 902646.503479 17955.373535 8944.216309 -1357.769775 2907.224731 1029549.440209
21631.894531 9313.284912 2316.872559 3299.711304 1625599.31406 16896.021729 9190.686035 -2419.000244 3177.112427 1594560.555341 21169.997559 13581.520996 1854.975586 7567.947388 6071476.208735 16017.875977 13006.799316 -3297.145996 6993.225708 5977637.75227 19566.241455 11413.413086 251.219482 5399.839478 2922137.761154 18040.300293 10996.287842 -1274.72168 4982.714233 2645235.649238 20019.130859 9508.603516 704.108887 3495.029907 1271100.337676 19473.811035 9660.213013 158.789062 3646.639404 1332319.291134 18674.263916 10774.798584 -640.758057 4761.224976 2307983.415529 19961.800537 9573.924561 646.778564 3560.350952 1309442.14139 19880.180664 9492.578735 565.158691 3479.005127 1242288.101984 19454.282227 10987.738037 139.260254 4974.164429 2476170.518217
21634.008789 9132.36084 2307.69165 3142.182617 1519875.235304 16855.552979 8987.124634 -2470.76416 2996.946411 1508636.332631 21335.856934 13525.20752 2009.539795 7535.029297 6081491.669214 16007.543945 12983.656006 -3318.773193 6993.477783 5992298.701312 19549.251709 11482.854004 222.93457 5492.675781 3021918.706057 17864.919434 11059.187012 -1461.397705 5069.008789 2783053.3356 19730.784912 9623.652344 404.467773 3633.474121 1336572.836841 19529.814453 9701.229248 203.497314 3711.051025 1381331.087004 18607.055664 10607.950439 -719.261475 4617.772217 2184115.731508 19321.330566 9928.093872 -4.986572 3937.915649 1550720.45278 19393.282471 9790.054321 66.965332 3799.876099 1444354.272065 18827.655029 10974.897461 -498.662109 4984.719238 2509608.978382
21645.45166 9266.097412 2302.662354 3272.629395 1601235.706825 16859.412842 8907.819824 -2483.376465 2914.351807 1466060.511901 21472.658691 13499.892578 2129.869385 7506.424561 6088275.327934 15913.531494 12933.083496 -3429.257812 6939.615479 5991807.213425 19593.175049 11476.340332 250.385742 5482.872314 3012458.183649 17861.604004 11033.300781 -1481.185303 5039.832764 2759382.418682 19840.52124 9521.35498 497.731934 3527.886963 1269372.350065 19267.74292 9758.070679 -75.046387 3764.602661 1417786.515637 18353.217773 10715.933838 -989.571533 4722.46582 2328093.524335 19869.312744 9599.736938 526.523438 3606.268921 1328240.246007 19790.452881 9877.158813 447.663574 3883.690796 1528345.687383 19020.562744 11230.579834 -322.226562 5237.111816 2753117.013512
21691.025391 9450.309448 2361.571045 3430.956421 1734847.976232 16916.789551 8971.256104 -2412.664795 2951.903076 1453468.318377 21650.368652 13485.556641 2320.914307 7466.203613 6113083.961374 15719.937744 12891.188965 -3609.516602 6871.835938 6025073.924887 19737.23999 11515.081787 407.785645 5495.72876 3036932.37328 17761.130371 10912.855225 -1568.323975 4893.502197 2640600.384398 19654.451904 9578.792114 324.997559 3559.439087 1277523.002654 18973.73291 9826.411743 -355.721436 3807.058716 1462023.380541 18265.058594 10827.849121 -1064.395752 4808.496094 2425457.300038 19844.876709 9561.486206 515.422363 3542.133179 1281236.76683 19561.983643 9617.388916 232.529297 3598.035889 1299993.213008 18776.732178 10966.470947 -552.722168 4947.11792 2477947.750858
21614.260254 9309.60022 2279.420166 3287.087402 1600069.988389 16834.904785 9042.976074 -2499.935303 3020.463257 1537287.480375 21829.628906 13489.639893 2494.788818 7467.127075 6198195.800533 15564.689941 12838.511963 -3770.150146 6815.999146 6067187.64786 19880.214844 11571.959229 545.374756 5549.446411 3109378.909436 17529.382324 10699.783936 -1805.457764 4677.271118 2513654.284921 19585.661621 9454.760742 250.821533 3432.247925 1184323.725884 18893.974609 9797.136841 -440.865479 3774.624023 1444214.888846 18284.034424 10891.374512 -1050.805664 4868.861694 2481000.67422 19788.895264 9349.865112 454.055176 3327.352295 1127743.939718 19502.270508 9394.676514 167.43042 3372.163696 1139952.094009 18389.371338 10305.762939 -945.46875 4283.250122 1924014.276544
21645.888672 9342.34436 2390.05249 3332.806396 1681994.938252 16887.303467 9006.091919 -2368.532715 2996.553955 1458928.282698 22078.217773 13475.064697 2822.381592 7465.526733 6369992.72568 15349.627686 12649.871826 -3906.208496 6640.333862 5935249.861783 20065.141602 11716.512451 809.30542 5706.974487 3322453.306146 17376.580811 10114.851074 -1879.255371 4105.31311 2038519.648381 19286.324463 9703.126831 30.488281 3693.588867 1364352.825511 18822.215576 10035.13855 -433.620605 4025.600586 1639348.690699 18374.799805 11025.932617 -881.036377 5016.394653 2594044.041538 19660.437012 9331.100464 404.60083 3321.5625 1119647.927311 19568.582764 9380.133057 312.746582 3370.595093 1145872.1704 18738.883057 9614.823608 -516.953125 3605.285645 1326532.511211
21649.39209 9346.760254 2376.156006 3344.725952 1683330.905916 16873.826904 9070.949097 -2399.40918 3068.914795 1517540.243006 22293.57666 13414.158936 3020.340576 7412.124634 6406204.878289 15142.806396 12357.062988 -4130.429688 6355.028687 5744683.900992 20307.713623 11883.262939 1034.477539 5881.228638 3565899.406767 17071.872559 9901.164551 -2201.363525 3899.130249 2004921.806977 18831.651611 10040.593872 -441.584473 4038.55957 1650496.024945 18582.39502 10264.448242 -690.841064 4262.41394 1864543.39759 18622.431641 11440.24292 -650.804443 5438.208618 2999765.939817 18999.674072 8935.222778 -273.562012 2933.188477 867843.081329 19143.093262 8927.310181 -130.142822 2925.275879 857417.61219 18221.270752 9396.899414 -1051.965332 3394.865112 1263174.019054
21664.606934 9454.011841 2407.540283 3432.863159 1758079.96849 16738.757324 8796.12915 -2518.309326 2774.980469 1404239.846423 22479.719238 13400.246582 3222.652588 7379.0979 6483657.552579 14987.62207 12156.960449 -4269.44458 6135.811768 5587634.306951 20511.984863 11917.62085 1254.918213 5896.472168 3634320.374867 17080.905762 9310.148926 -2176.160889 3289.000244 1555319.881934 18724.934082 10417.557373 -532.132568 4396.408691 1961157.445218 18448.720703 10642.32666 -808.345947 4621.177979 2200870.907958 18721.376953 11632.733154 -535.689697 5611.584473 3177684.374551 19131.99707 8300.9375 -125.06958 2279.788818 521307.945618 19176.783447 8384.050903 -80.283203 2362.902222 558975.230192 18563.596191 8909.173584 -693.470459 2888.024902 882158.911404
21595.065918 9289.396973 2351.531982 3246.047974 1606653.011148 16812.834473 8723.817139 -2430.699463 2680.46814 1309320.932657 22622.021484 13392.17041 3378.487549 7348.821411 6541935.425031 14944.018555 12011.938477 -4299.515381 5968.589478 5410989.286164 20748.195801 11869.171143 1504.661865 5825.822144 3620421.097702 16793.792725 9042.054443 -2449.741211 2998.705444 1499346.634246 18733.201904 10785.34668 -510.332031 4741.997681 2274698.078554 18479.969482 10958.170166 -763.564453 4914.821167 2473849.777759 18804.754639 11879.388428 -438.779297 5836.039429 3425188.348483 18989.13208 7813.579102 -254.401855 1770.230103 319843.492 19091.347656 7841.611938 -152.186279 1798.262939 325691.026302 18413.708496 8654.830933 -829.825439 2611.481934 750844.814945
21638.09082 9339.680786 2397.459717 3297.321777 1662014.399701 16817.755127 8854.711304 -2422.875977 2812.352295 1377965.342856 22726.123047 13381.751709 3485.491943 7339.3927 6601533.92949 14874.061279 11780.056152 -4366.569824 5737.697144 5198810.054093 20913.02002 11885.999756 1672.388916 5843.640747 3694502.186723 16684.40918 8717.107544 -2556.221924 2674.748535 1368855.025018 18875.789795 10843.419189 -364.841309 4801.060181 2318328.803881 18531.546631 11048.173828 -709.084473 5005.814819 2556098.279485 18978.256836 11882.145996 -262.374268 5839.786987 3417195.231338 18942.91626 7594.911499 -297.714844 1552.55249 249905.336312 19067.965088 7625.730591 -172.666016 1583.371582 253687.911974 18486.315918 8546.807251 -754.315186 2504.448242 684125.239694
21623.94043 9338.342896 2417.435303 3360.373535 1713610.373868 16793.352051 8978.283691 -2413.153076 3000.314331 1482519.385417 22756.040039 13313.040771 3549.534912 7335.071411 6640247.06987 14777.529297 11550.92041 -4428.97583 5572.95105 5067361.030694 20917.546387 11843.979492 1711.04126 5866.010132 3733773.705942 16768.724365 8569.846191 -2437.780762 2591.876831 1266060.054956 18852.027588 10848.40332 -354.477539 4870.43396 2384678.128404 18527.69043 11043.979492 -678.814697 5066.010132 2612524.804909 19063.613281 11834.42749 -142.891846 5856.45813 3431851.990664 19099.151611 8131.815186 -107.353516 2153.845825 465057.661603 19302.789307 8639.966431 96.28418 2661.99707 709549.904561 18299.445801 8866.206665 -907.059326 2888.237305 916467.134938
21637.841797 9158.518677 2438.861084 3118.098755 1567058.323218 16813.754883 8890.29541 -2385.22583 2849.875488 1381109.255918 22778.061523 13305.321045 3579.080811 7264.901123 6558860.777607 14659.182129 11402.843018 -4539.798584 5362.423096 4936535.264048 20881.352539 11751.44165 1682.371826 5711.021729 3544614.414507 16789.105225 8643.747559 -2409.875488 2603.327637 1258481.465312 18895.423584 10531.777344 -303.557129 4491.357422 2026443.842154 18471.950684 10983.358154 -727.030029 4942.938232 2496121.103304 18971.409912 11776.168213 -227.570801 5735.748291 3295059.692726 18822.099609 8102.474365 -376.881104 2062.054443 439410.789357 19046.749268 8767.602539 -152.231445 2727.182617 746069.944043 18337.833252 9197.27417 -861.147461 3156.854248 1070730.369289
21588.168945 9171.517334 2392.674561 3158.643188 1570191.83448 16732.479248 8780.983276 -2463.015137 2768.109131 1372887.172405 22730.708008 13345.6604 3535.213623 7332.786255 6626748.962037 14524.385986 11413.443604 -4671.108398 5400.569458 5098540.414072 20868.588867 11716.037598 1673.094482 5703.163452 3532531.850903 16928.734131 8855.023193 -2266.760254 2842.149048 1321601.325889 18792.752686 10531.914062 -402.741699 4519.039917 2058392.264766 18423.922119 10932.628174 -771.572266 4919.754028 2479930.346026 18894.753418 11697.229004 -300.740967 5684.354858 3240233.528531 19178.840332 9143.14209 -16.654053 3130.267944 979885.476081 19257.006836 9461.251831 61.512451 3448.377686 1189509.244383 18294.747314 9677.446289 -900.74707 3664.572144 1424043.427999
21615.332031 9270.841064 2415.760498 3254.525757 1642783.668583 16818.720703 8785.523682 -2380.85083 2769.208374 1333696.569385 22732.878418 13329.855957 3533.306885 7313.540649 6597213.437256 14438.011475 11447.790527 -4761.560059 5431.47522 5217337.72541 20828.588867 11687.434082 1629.017334 5671.118774 3481528.562793 17163.206787 9243.406982 -2036.364746 3227.091675 1456090.205673 18928.719482 10520.925293 -270.852051 4504.609985 2036487.195354 18263.754883 10983.798828 -935.81665 4967.483521 2555164.532967 18863.253174 11730.390625 -336.318359 5714.075317 3276376.677158 19341.779785 9746.85791 142.208252 3730.542603 1393717.129628 19307.784424 10026.326904 108.212891 4010.011597 1609190.30352 18299.301758 10434.763184 -900.269775 4418.447876 2033316.73012
21570.871582 9416.021118 2378.754883 3390.637207 1715489.546221 16887.694092 8946.567993 -2304.422607 2921.184082 1384367.999471 22725.517578 13348.048096 3533.400879 7322.664185 6610633.253104 14416.357422 11526.343994 -4775.759277 5500.960083 5306843.850998 20661.240234 11745.450439 1469.123535 5720.066528 3487748.504996 17288.59375 9460.71167 -1903.522949 3435.327759 1542487.642851 18470.377197 11152.729492 -721.739502 5127.345581 2681058.061624 18118.02124 11329.20166 -1074.095459 5303.817749 2928416.376987 18891.871338 12004.866943 -300.245361 5979.483032 3584436.460968 19348.850098 10203.656006 156.733398 4178.272095 1748252.305576 19277.570801 10612.072754 85.454102 4586.688843 2104501.69439 18228.327637 10849.204102 -963.789062 4823.82019 2419813.058659
21579.604492 9358.485718 2370.170898 3329.352417 1670229.760433 16844.066162 8907.068481 -2365.367432 2877.935181 1387747.399077 22730.500488 13363.413086 3521.066895 7334.279785 6618957.204272 14518.24707 11633.361816 -4691.186523 5604.228516 5341460.825303 20702.998047 11992.958984 1493.564453 5963.825684 3779795.155993 17184.782715 9367.127686 -2024.650879 3337.994385 1524141.769418 18563.304443 11352.44873 -646.12915 5323.31543 2875517.004293 18184.321289 11447.797852 -1025.112305 5418.664551 3041278.075112 18804.60083 12232.171631 -404.832764 6203.03833 3864157.409096 19426.623535 10082.461548 217.189941 4053.328247 1647664.134915 19293.679199 10608.625488 84.245605 4579.492188 2097884.601741 18284.439697 10808.289795 -924.993896 4779.156494 2369595.050402
21604.836426 9268.214111 2405.697021 3223.444824 1617797.469396 16903.765869 8822.539673 -2295.373535 2777.770386 1298474.79818 22741.347656 13410.697021 3542.208252 7365.927734 6680413.068824 14574.517822 11658.745117 -4624.621582 5613.97583 5290384.939769 20681.962891 12132.027588 1482.823486 6087.258301 3925347.911204 17100.875244 9279.766235 -2098.26416 3234.996948 1486791.774093 18545.196533 11404.227295 -653.942871 5359.458008 2915143.141616 18215.648193 11523.719482 -983.491211 5478.950195 3098615.020471 18840.701904 12428.752441 -358.4375 6383.983154 4088371.835575 19472.033691 9872.622681 272.894287 3827.853394 1472693.289449 19402.208252 10477.834473 203.068848 4433.065186 1969330.38962 18411.330566 10637.139893 -787.808838 4592.370605 2171051.054303
21626.838379 9296.969604 2417.744141 3279.980469 1660375.860491 16912.322998 8894.47876 -2296.77124 2877.489624 1355510.466633 22739.21875 13409.296875 3530.124512 7392.307739 6710799.278013 14660.440674 11650.551758 -4548.653564 5633.562622 5242727.70662 20773.303223 12185.184326 1564.208984 6168.19519 4049338.165404 17067.674561 9160.152588 -2141.419678 3143.163452 1446515.472311 18715.32959 11228.028564 -493.764648 5211.039429 2739873.545563 18281.298828 11501.461182 -927.79541 5484.472046 3094023.794535 18876.571045 12422.498779 -332.523193 6405.509644 4114112.546779 19364.573975 9647.748413 155.479736 3630.759277 1320658.687843 19437.557373 9917.431641 228.463135 3900.442505 1526564.713784 18554.821777 9997.476807 -654.272461 3980.487671 1627235.455132
21718.425293 9441.350708 2540.410156 3427.026978 1819819.766676 16790.487061 8712.366333 -2387.528076 2698.042603 1297972.419962 22750.686035 13413.660889 3572.670898 7399.337158 6751416.772931 14716.147461 11729.857178 -4461.867676 5715.533447 5257558.574299 20813.811035 12142.646484 1635.795898 6128.322754 4023216.799739 17039.052734 9010.474854 -2138.962402 2996.151123 1355208.171078 18562.816162 11294.526367 -615.198975 5280.202637 2825900.966317 18253.056641 11436.202393 -924.958496 5421.878662 3025231.644613 18896.999512 12369.58374 -281.015625 6355.26001 4046829.957322 19378.197021 9321.241455 200.181885 3306.917725 1097577.762432 19470.340576 9748.827515 292.325439 3734.503784 1403197.26766 18622.806396 9783.314209 -555.20874 3768.990479 1451354.597237
21701.398926 9389.378052 2517.193604 3394.60144 1785958.257695 16764.622803 8859.172974 -2419.58252 2864.396362 1405914.608921 22750.036621 13427.906494 3565.831299 7433.129883 6796657.270646 14700.334473 11740.579834 -4483.87085 5745.803223 5311935.246946 20783.027344 12016.724854 1598.822021 6021.948242 3882009.248797 17058.664551 9050.021362 -2125.540771 3055.244751 1385244.405961 18794.266357 11046.522217 -389.938965 5051.745605 2567218.605868 18296.307373 11304.586182 -887.897949 5309.80957 2898244.044121 18793.967285 12150.241699 -390.238037 6155.465088 3804203.617385 19329.91333 9536.494751 145.708008 3541.71814 1256499.820426 19406.311035 9730.595093 222.105713 3735.818481 1400567.067401 18496.5271 9766.575928 -687.678223 3771.799316 1469937.142116
21663.94043 9352.380371 2477.507324 3319.20105 1715513.815058 16929.189453 8998.394165 -2257.243652 2965.214844 1388764.797564 22733.491211 13438.613281 3547.058105 7405.43396 6742207.333891 14579.849854 11684.001465 -4606.583252 5650.822144 5315240.015526 20829.545898 11885.269775 1643.112793 5852.090454 3694678.23334 17071.750488 9318.303223 -2114.682617 3285.123901 1526392.161877 18860.986328 10847.122803 -325.446777 4813.943481 2327996.744743 18290.668945 11145.839844 -895.76416 5112.660522 2694169.104855 18893.040771 11963.687744 -293.392334 5930.508423 3525700.921515 19259.344482 9406.580811 72.911377 3373.401489 1138515.367662 19243.237305 9795.630493 56.804199 3762.451172 1415926.553779 18482.86377 9995.772095 -703.569336 3962.592773 1619715.129857
21608.596191 9347.872925 2414.453125 3355.593262 1708959.003091 16949.008789 8993.751221 -2245.134277 3001.471558 1404945.943449 22780.695801 13378.366699 3586.552734 7386.087036 6741764.222178 14489.406738 11690.307617 -4704.736328 5698.027954 5460206.64829 20867.814941 11848.648682 1673.671875 5856.369019 3709823.562665 17183.195801 9606.377563 -2010.947266 3614.0979 1710561.253873 19153.843994 10867.962646 -40.299072 4875.682983 2377390.856983 18372.180176 11197.706299 -821.962891 5205.426636 2777208.945366 18938.227539 11919.346924 -255.915527 5927.067261 3519561.90705 19544.676514 10072.888794 350.533447 4080.609131 1677424.45765 19407.885742 10426.323242 213.742676 4434.043579 1970642.839282 18331.726074 10667.770996 -862.416992 4675.491333 2260398.227344
21567.77832 9298.010864 2355.904541 3301.311035 1644894.075722 16895.958252 8879.863892 -2315.915527 2883.164062 1367609.974108 22830.783691 13431.381836 3618.909912 7434.682007 6837100.549473 14428.391113 11772.319336 -4783.482666 5775.619507 5623948.710382 20878.840332 11848.809814 1666.966553 5852.109985 3702596.876859 17237.946777 9880.320435 -1973.927002 3883.620605 1897889.681626 19037.451172 11055.131836 -174.422607 5058.432007 2561815.761376 18449.562988 11330.389404 -762.310791 5333.689575 2902936.222665 19068.757324 11933.121338 -143.116455 5936.421509 3526158.264973 19504.621582 10385.01709 292.747803 4388.317261 1934302.965693 19425.712891 10677.285156 213.839111 4680.585327 2195360.617025 18323.510742 10922.86499 -888.363037 4926.165161 2505629.208046
21579.716797 9380.38147 2377.60376 3390.307617 1714718.537761 16868.914795 8895.825806 -2333.198242 2905.751953 1388720.845044 22904.09668 13437.402344 3701.983643 7447.328491 6916738.454592 14464.23584 11936.077881 -4737.877197 5946.004028 5780244.424117 20912.766113 11903.026123 1710.653076 5912.952271 3788933.850032 17195.218506 10086.100464 -2006.894531 4096.026611 2080505.966027 19120.141602 11132.947998 -81.971436 5142.874146 2645587.379278 18460.594482 11415.544434 -741.518555 5425.470581 2998558.079284 19039.871826 12105.686035 -162.241211 6115.612183 3742703.45787 19585.827637 10465.253906 383.7146 4475.180054 2017447.340709 19463.984375 10688.4729 261.871338 4698.399048 2214353.021046 18380.267334 10991.875 -821.845703 5001.801147 2569344.507849
21610.480957 9346.04126 2399.714355 3350.693359 1698577.49764 16866.883545 8821.188965 -2343.883057 2825.841064 1347916.550476 22973.210449 13387.733154 3762.443848 7392.385254 6880334.344894 14598.433838 12131.873779 -4612.332764 6136.525879 5893056.338533 21006.59668 11913.311768 1795.830078 5917.963867 3824730.200284 17001.121826 10049.933472 -2209.644775 4054.585571 2132219.418832 19405.594482 10924.335938 194.827881 4928.988037 2433288.097313 18516.61377 11422.021484 -694.152832 5426.673584 2993063.434133 19026.065674 12118.0896 -184.700928 6122.741699 3752208.034806 19500.670166 10290.697021 289.903564 4295.349121 1853406.814876 19463.712158 10610.683594 252.945557 4615.335693 2136530.501702 18367.159424 10985.53833 -843.607178 4990.19043 2561367.359487
21568.547363 9221.605225 2354.919434 3244.870605 1607483.078495 16933.081055 9002.72522 -2280.546875 3025.990601 1435751.316391 23021.257324 13425.858154 3807.629395 7449.123535 6998748.304812 14624.078369 12288.726807 -4589.549561 6311.992188 6090521.054378 20976.352539 11728.209229 1762.724609 5751.474609 3618665.823078 16675.961914 10025.181274 -2537.666016 4048.446655 2282966.912745 19318.424072 10746.943359 104.796143 4770.20874 2276587.365691 18595.999756 11316.813965 -617.628174 5340.079346 2889791.197951 19085.090332 11833.286133 -128.537598 5856.551514 3431571.75463 19370.959473 10091.273193 157.331543 4114.538574 1695418.089315 19406.987305 10468.540039 193.359375 4491.80542 2021370.377834 18280.335693 10817.701416 -933.292236 4840.966797 2430599.392684
21532.629395 9115.477295 2314.49707 3143.190918 1523654.583529 16978.272705 8857.681885 -2239.859619 2885.395508 1334247.834996 23083.881836 13392.460938 3865.749512 7420.174561 7000300.979634 14718.839111 12409.591064 -4499.293213 6437.304688 6168253.105527 21028.891602 11483.717041 1810.759277 5511.430664 3365471.712525 16609.985352 9862.556152 -2608.146973 3890.269775 2193662.955629 19863.126221 9781.506958 644.993896 3809.220581 1492617.856163 19000.415039 10606.73584 -217.717285 4634.449463 2152552.264034 19066.816406 11289.73999 -151.315918 5317.453613 2829820.943643 18802.885742 9274.868774 -415.246582 3302.582397 1107948.021591 19127.779541 9297.543945 -90.352783 3325.257568 1106550.152136 18516.230469 10206.811523 -701.901855 4234.525146 1842386.943092
21541.105957 9125.861816 2308.654785 3127.974243 1511410.978292 17143.258057 8882.501221 -2089.193115 2884.613647 1268572.376786 23114.72168 13350.985107 3882.270508 7353.097534 6914006.764299 14941.970215 12584.584961 -4290.480957 6586.697388 6179280.931972 21343.591309 11267.271729 2111.140137 5269.384155 3222332.205271 16548.647461 9598.178101 -2683.803711 3600.290527 2016489.424012 19949.34082 9669.017334 716.889648 3671.129761 1399112.448824 19640.509033 9653.016968 408.057861 3655.129395 1352648.210896 20117.348633 10784.376221 884.897461 4786.488647 2369351.708865 17982.052002 8109.848633 -1250.39917 2111.96106 602387.760128 18822.553711 8673.66272 -409.897461 2675.775146 732778.856303 18431.96167 9335.662842 -800.489502 3337.775269 1178152.718611
21640.856934 8964.060669 2444.393311 2935.368652 1459144.778181 17255.419922 9081.151733 -1941.043701 3052.459717 1308516.097253 23188.178711 13397.700195 3991.715088 7369.008179 7023607.08808 14967.700195 12623.42041 -4228.763428 6594.728394 6137288.27125 21619.174805 11130.107422 2422.711182 5101.415405 3189396.860681 16357.41333 9736.380005 -2839.050293 3707.687988 2180715.678445 20411.934814 9012.733765 1215.471191 2984.041748 1038187.537123 21443.222656 8266.889648 2246.759033 2238.197632 1005745.479244 21444.130859 9621.063843 2247.667236 3592.371826 1795714.334274 18105.002441 7823.55896 -1091.461182 1794.866943 441283.485539 18230.513916 8022.563477 -965.949707 1993.87146 490858.223536 17578.205566 8911.971436 -1618.258057 2883.279419 1093205.93456
21687.207031 9032.850342 2519.169922 3035.443726 1556013.570648 17036.873779 9184.229736 -2131.16333 3186.82312 1469769.873838 23327.929688 13358.125 4159.892578 7360.718384 7148488.138699 15064.234619 12777.098389 -4103.80249 6779.691772 6280541.540843 21773.598633 10782.508545 2605.561523 4785.101929 2968615.132057 16240.640869 10023.023071 -2927.39624 4025.616455 2477523.659073 21046.057129 8433.480225 1878.02002 2436.073608 946141.38193 22521.120605 7948.117065 3353.083496 1950.710449 1504844.018847 21864.802246 9574.108276 2696.765137 3576.70166 2006533.696839 17507.856445 7721.410522 -1660.180664 1724.003906 572838.930609 17188.045654 6851.508179 -1979.991455 854.101562 464985.564125 16568.554688 7618.244629 -2599.482422 1620.838013 938442.472504
21669.448242 8863.724365 2533.775635 2873.846436 1467901.230244 16735.570068 9044.365234 -2400.102539 3054.487305 1509038.489251 23551.540527 13307.908936 4415.86792 7318.031006 7305346.728891 15101.245117 12918.885498 -4034.42749 6929.007568 6428775.105634 22273.395996 11012.181396 3137.723389 5022.303467 3506884.017642 16153.302002 10277.961426 -2982.370605 4288.083496 2728219.449784 21717.653809 8449.154663 2581.981201 2459.276733 1271466.897464 22881.245117 7976.915894 3745.57251 1987.037964 1797763.329576 21530.529785 9252.789917 2394.857178 3262.911987 1638193.553864 17255.667725 7719.695435 -1880.004883 1729.817505 652668.69596 16543.116455 6861.31897 -2592.556152 871.44104 748075.688932 16184.434814 7195.512695 -2951.237793 1205.634766 1016335.969873
21768.930664 8979.975586 2611.044922 2958.352051 1556940.244041 16748.188477 9318.309326 -2409.697266 3296.685791 1667477.811664 23779.099121 13315.714111 4621.213379 7294.090576 7455937.042678 15130.531006 13107.791748 -4027.354736 7086.168213 6643336.611361 22458.598633 11130.864258 3300.712891 5109.240723 3699904.634839 16103.743896 10744.372559 -3054.141846 4722.749023 3163214.075205 22919.091797 8450.825195 3761.206055 2429.20166 2004769.169152 22560.866699 8401.089478 3402.980957 2379.465942 1724213.756488 21721.159668 9248.731079 2563.273926 3227.107544 1698459.631878 16877.998047 8253.206177 -2279.887695 2231.582642 1017784.898953 16407.115479 7604.515991 -2750.770264 1582.892456 1007228.557094 15790.032959 7962.883911 -3367.852783 1941.260376 1511092.421667
21611.376953 9103.50708 2452.801514 3105.839844 1566247.64005 16505.428467 9226.880493 -2653.146973 3229.213257 1746700.711664 23946.774902 13356.589355 4788.199463 7358.922119 7708058.8852 15199.147949 13248.895264 -3959.42749 7251.228027 6825737.395496 22752.348633 11575.323486 3593.773193 5577.65625 4402545.500847 16092.060547 11366.225586 -3066.514893 5368.55835 3822493.233956 22437.287598 9215.602417 3278.712158 3217.935181 2110506.02433 22413.435059 9238.861084 3254.859619 3241.193848 2109944.86984 22007.272949 9492.855225 2848.69751 3495.187988 2033141.657557 17014.956055 8975.627441 -2143.619385 2977.960205 1346335.104977 16474.812012 8422.310791 -2683.763428 2424.643555 1308148.250333 15719.295654 8595.287476 -3439.279785 2597.620239 1857627.634799
21515.876465 9227.131958 2372.998047 3228.099365 1605174.52423 16605.820312 9202.563477 -2537.058105 3203.530884 1669927.395392 23923.583984 13253.22876 4780.705566 7254.196167 7547850.774187 15644.595947 13179.39209 -3498.282471 7180.359497 6379554.2752 22174.562988 9856.741333 3031.68457 3857.70874 2407302.805835 16350.722656 11947.978516 -2792.155762 5948.945923 4318609.139071 21137.932129 8030.181885 1995.053711 2031.149292 810580.675589 21191.293945 8000.304565 2048.415527 2001.271973 820109.56812 21168.486328 8652.615967 2025.60791 2653.583374 1114459.212858 16515.883789 9738.237915 -2626.994629 3739.205322 2088275.722236 16416.002197 9769.483032 -2726.876221 3770.450439 2165215.043941 16905.137939 10636.02417 -2237.740479 4636.991577 2650917.333573
21678.198242 9435.638428 2562.784424 3436.750488 1837911.792172 16677.102051 9271.161499 -2438.311768 3272.27356 1665313.852457 24171.057129 12692.843018 5055.643311 6693.955078 7036856.387143 15748.530273 13476.929932 -3366.883545 7478.041992 6725701.684199 22944.309082 13008.006592 3828.895264 7009.118652 6378818.32228 15916.325684 12641.691895 -3199.088135 6642.803955 5436100.92796 22077.436523 12700.0354 2962.022705 6701.147461 5367895.579863 22414.84375 13302.93335 3299.429932 7304.04541 6423531.722743 23325.483398 13964.862061 4210.06958 7965.974121 8118142.956703 16593.400879 12040.808105 -2522.012939 6041.920166 4286534.855928 16723.387451 12409.648438 -2392.026367 6410.760498 4681964.030464 16093.405762 12698.94043 -3022.008057 6700.05249 5402323.60663
21604.572754 9316.046753 2509.614258 3318.349609 1730960.785306 16675.566406 9305.870972 -2419.39209 3308.173828 1679747.216149 24119.921875 12674.465332 5024.963379 6676.768188 6982949.0402 15315.135498 13004.827881 -3779.822998 7007.130737 6338694.306624 23048.847656 13228.294678 3953.88916 7230.597534 6791478.019209 16121.617432 13174.418945 -2973.341064 7176.721802 6034609.290539 22368.000488 14134.125977 3273.041992 8136.428833 7691427.803722 22915.922852 15018.413086 3820.964355 9020.715942 9597308.471892 23403.615723 14962.119141 4308.657227 8964.421997 9892538.883757 17066.811523 12825.512695 -2028.146973 6827.815552 5073244.535152 16880.249023 13117.314453 -2214.709473 7119.61731 5559388.868301 16313.850098 13965.22583 -2781.108398 7967.528687 7121607.729443
21609.750977 9327.747803 2520.41748 3371.873169 1772203.294331 16611.234131 9298.560181 -2478.099365 3342.685547 1731452.312926 24263.105469 12728.505859 5173.771973 6772.631226 7263645.014283 15226.131592 12965.301514 -3863.201904 7009.42688 6405639.413779 23122.177734 13418.903809 4032.844238 7463.029175 7196063.711422 15931.011963 13144.500732 -3158.321533 7188.626099 6165134.009304 22542.172852 14142.37793 3452.839355 8186.503296 7894093.582843 23213.676758 15228.934326 4124.343262 9273.059692 10299984.339898 23282.770996 14915.837402 4193.4375 8959.962769 9786585.088029 17146.271973 13317.124023 -1943.061523 7361.24939 5796348.066046 16787.321777 13417.512207 -2302.011719 7461.637573 6097529.322768 15979.213867 14082.935791 -3110.119629 8127.061157 7572196.715941
21600.322266 9358.623657 2520.700684 3415.601807 1802026.76378 16612.687988 9322.238159 -2466.933594 3379.216309 1750486.421624 24260.493164 12536.832275 5180.871582 6593.810425 7031976.626776 15259.470215 13401.68335 -3820.151367 7458.661499 7022518.782524 23215.349121 13299.815674 4135.727539 7356.793823 7122665.763505 15857.148438 12750.114746 -3222.473145 6807.092896 5672084.68553 22930.205078 14571.154785 3850.583496 8628.132935 8927167.119701 23113.544922 15063.834229 4033.92334 9120.812378 9946175.594513 23350.576172 15074.230957 4270.95459 9131.209106 10162003.285414 16747.493896 12572.442627 -2332.127686 6629.420776 4938803.937182 16635.698242 13058.682861 -2443.92334 7115.661011 5660539.291083 16010.147705 13416.948242 -3069.473877 7473.926392 6528124.558838
21619.39209 9382.706299 2546.530762 3448.792114 1837898.596775 16689.912109 9283.381348 -2382.949219 3349.467163 1689737.725573 24382.302246 12436.239014 5309.440918 6502.324829 7047039.104455 15218.546143 13420.476074 -3854.315186 7486.56189 7090435.447707 23401.520996 12996.730957 4328.659668 7062.816772 6862067.528245 16266.324463 11138.323975 -2806.536865 5204.40979 3496253.043857 22546.967773 13975.356445 3474.106445 8041.442261 7673420.922621 22749.543457 14125.769043 3676.682129 8191.854858 8062447.749808 23246.728516 13954.044189 4173.867188 8020.130005 8174365.259411 16063.106689 9201.80481 -3009.754639 3267.890625 1973773.212197 16389.521484 10025.24292 -2683.339844 4091.328735 2393928.353777 16684.215088 12625.878906 -2388.64624 6691.964722 5048802.269719
21643.422852 9383.108521 2596.436768 3466.484375 1875799.781015 16760.391846 9407.686157 -2286.594238 3491.062012 1741602.718021 24629.719238 12566.777344 5582.733154 6650.153198 7539144.703218 15002.651367 13226.351318 -4044.334717 7309.727173 6978875.464301 23594.348145 12614.587402 4547.362061 6697.963257 6554121.349963 15872.4646 11098.884277 -3174.521484 5182.260132 3693340.672877 22004.541016 12665.67627 2957.554932 6749.052124 5429683.574646 22324.003906 12951.450195 3277.017822 7034.82605 6022762.335846 23175.270996 13117.819824 4128.284912 7201.195679 6889995.551863 16924.464111 9641.814575 -2122.521973 3725.19043 1838214.326184 17030.700684 9755.097046 -2016.2854 3838.4729 1879928.102286 16896.871338 10683.824463 -2150.114746 4767.200317 2734919.228742
21386.953125 9192.561035 2333.106689 3277.862549 1618776.971338 16755.444336 9026.657715 -2298.4021 3111.959229 1496694.245143 24722.519531 12697.319336 5668.673096 6782.62085 7813780.02555 14928.043213 12876.403809 -4125.803223 6961.705322 6548759.322614 23369.975586 11829.718018 4316.12915 5915.019531 5361642.689792 15695.568848 10334.185791 -3358.277588 4419.487305 3080989.639362 22090.710449 10731.069336 3036.864014 4816.37085 3241997.11985 21886.958008 11643.358154 2833.111572 5728.659668 4084406.277232 21899.360352 12182.242432 2845.513916 6267.543945 4737905.655266 16324.73999 8693.287964 -2729.106445 2778.589478 1516858.147454 16496.704102 8354.332886 -2557.142334 2439.634399 1249079.291906 17020.52124 9760.073242 -2033.325195 3845.374756 1892131.836289
21259.367676 9140.358276 2244.418945 3223.291626 1542702.530817 16953.728027 8897.166748 -2061.220703 2980.100098 1312962.737904 24732.446289 12600.197754 5717.497559 6683.131104 7735401.96793 14910.267334 12534.794922 -4104.681396 6617.728271 6064273.684185 22480.81543 10667.738037 3465.866699 4750.671387 3458111.060134 15822.55127 9396.126099 -3192.397461 3479.059448 2229525.6193 20775.19043 10412.801514 1760.241699 4495.734863 2331008.280059 20860.65918 10992.004395 1845.710449 5074.937744 2916164.016926 21482.495117 11358.079834 2467.546387 5441.013184 3569340.963465 17103.818359 7873.882446 -1911.130371 1956.815796 748154.735439 17384.763184 7545.603027 -1630.185547 1628.536377 530963.56483 17506.938477 8631.741333 -1508.010254 2714.674683 964355.355833
21293.723145 9271.172485 2280.960693 3378.685913 1661830.018394 17023.383789 9057.138062 -1989.378662 3164.651489 1397264.650972 24687.602539 12427.512207 5674.840088 6535.025635 7491037.007017 14994.511719 12066.286621 -4018.250732 6173.800049 5426214.599152 22818.100586 10526.177979 3805.338135 4633.691406 3595169.436826 16014.528809 8505.314331 -2998.233643 2612.827759 1581627.387259 20687.624512 9606.61438 1674.862061 3714.127808 1659990.829317 20188.87207 9634.768677 1176.109619 3742.282104 1538790.918584 20423.743896 10328.797607 1410.981445 4436.311035 2167172.423967 17718.99292 6852.954712 -1293.769531 960.46814 259633.864727 17923.612061 6382.651367 -1089.150391 490.164795 142651.009958 17606.323242 6413.07312 -1406.439209 520.586548 224908.160237
21223.256836 8889.974976 2194.990234 2996.639404 1379782.984839 17076.376953 8870.858154 -1951.889648 2977.522583 1267551.3932 24598.14209 12314.637451 5569.875488 6421.30188 7225663.078754 15144.09668 11658.438721 -3884.169922 5765.103149 4832319.030538 22638.894043 10226.669922 3610.627441 4333.334351 3181441.71146 16132.01416 7853.075562 -2896.252441 1959.73999 1222885.903368 21227.666016 8300.688477 2199.399414 2407.352905 1063270.579311 19804.814453 8776.750488 776.547852 2883.414917 891710.81493 19834.510498 9507.825317 806.243896 3614.489746 1371456.534524 16961.546631 5576.759644 -2066.719971 -316.575928 437155.175532 18112.540283 5384.486084 -915.726318 -508.849487 109748.249087 18329.171143 6415.197754 -699.095459 521.862183 76107.459842
21127.55127 8641.132202 2104.730225 2557.332153 1096983.706079 17179.656982 8826.940918 -1843.164062 2743.140869 1092207.558924 24505.119629 12145.300293 5482.298584 6061.500244 6679738.297367 15263.775635 11344.029541 -3759.04541 5260.229492 4180043.67061 22307.62207 9979.000244 3284.801025 3895.200195 2596250.233797 16260.354004 7424.110107 -2762.467041 1340.310059 942765.520587 20741.044922 8226.328125 1718.223877 2142.528076 754271.984852 19449.180908 8572.74353 426.359863 2488.943481 637662.238685 19863.181152 9550.424805 840.360107 3466.624756 1272369.230808 17226.953125 4789.411316 -1795.86792 -1294.388733 490058.377769 18414.390869 4921.566162 -608.430176 -1162.233887 172097.488624 18494.122314 5981.138306 -528.69873 -102.661743 29006.178111
21107.646484 8564.766846 2043.701172 2547.302246 1066546.321288 17114.594727 8576.776123 -1949.350586 2559.311523 1035004.318089 24407.695312 12111.612549 5343.75 6094.147949 6569430.328947 15409.995117 11204.389648 -3653.950195 5186.925049 4025554.349198 21748.547363 9783.580322 2684.602051 3766.115723 2139071.58075 16468.895264 7261.464844 -2595.050049 1244.000244 828182.136334 19995.947266 8131.724243 932.001953 2114.259644 533872.148099 18869.30542 8534.610596 -194.639893 2517.145996 637390.865343 19353.022461 9402.704468 289.077148 3385.239868 1154341.456276 17811.330566 4526.311951 -1252.614746 -1491.152649 379257.992453 18957.739258 4892.86499 -106.206055 -1124.599609 127600.400746 19110.430908 5929.881592 46.485596 -87.583008 983.169387
21154.047852 8607.832031 1910.163574 2507.107544 993431.311718 17235.838623 8743.671265 -2008.045654 2642.946777 1101741.501761 24281.57959 12075.029297 5037.695312 5974.30481 6107069.201924 15450.123291 11239.274902 -3793.760986 5138.550415 4079732.278928 21213.830566 9732.202759 1969.946289 3631.478271 1706832.281805 16789.822998 7293.094482 -2454.061279 1192.369995 744416.29678 19556.612549 8206.63147 312.728271 2105.906982 453264.31904 18538.231201 8685.089722 -705.653076 2584.365234 717688.992856 19015.345459 9756.779175 -228.538818 3656.054688 1341896.586949 18587.736816 4805.629272 -656.147461 -1295.095215 210780.110601 19419.260254 5207.37793 175.375977 -893.346558 82882.480516 19306.843262 6815.037231 62.958984 714.312744 51420.653016
21225.834961 8563.796997 2096.644287 1931.217041 812551.652618 16999.106445 9032.541504 -2130.084229 2399.961548 1029707.425174 24141.467285 12091.363525 5012.276611 5458.783569 5492123.488532 15459.772949 11375.955811 -3669.417725 4743.375854 3596424.093466 20717.084961 9998.916626 1587.894287 3366.33667 1385363.08423 17050.421143 7781.787109 -2078.769531 1149.207153 564195.98453 19147.930908 8479.609375 18.740234 1847.029419 341186.887083 18102.127686 8894.415283 -1027.062988 2261.835327 617075.742903 18837.441406 10075.161743 -291.749268 3442.581787 1193648.699607 18572.019043 5273.338623 -557.171631 -1359.241333 215797.722759 19269.875488 5506.517334 140.684814 -1126.062622 128780.924584 19649.614258 7189.840698 520.423584 557.260742 58138.024155
21333.271484 8834.177246 2350.544434 2913.972168 1401629.293 16732.236328 9192.327271 -2250.490723 3272.122192 1577149.213465 24002.810059 12139.066162 5020.083008 6218.861084 6387546.658722 15346.96167 11533.791504 -3635.765381 5613.586426 4473114.246437 20302.324219 10312.585449 1319.597168 4392.380371 2103434.201008 17433.597412 8338.460083 -1549.129639 2418.255005 824775.990605 18617.04834 9020.511475 -365.678711 3100.306396 974562.067171 18031.37207 9434.569092 -951.35498 3514.364014 1325583.071945 18132.23877 10355.675049 -850.488281 4435.469971 2039672.417755 18666.405029 6460.81604 -316.322021 540.610962 39231.983342 19188.173828 6313.532104 205.446777 393.327026 19691.452799 19148.651123 7392.305298 165.924072 1472.10022 219460.985468
21479.750977 8964.317627 2547.307129 2967.533569 1529502.909411 16968.120117 9100.657349 -1964.32373 3103.873291 1349259.712476 23884.516602 12316.225586 4952.072754 6319.441528 6445836.578984 15289.494629 11856.724854 -3642.949219 5859.940796 4760998.514183 20177.514648 10755.081787 1245.070801 4758.297729 2419159.858145 17188.719482 9428.804932 -1743.724365 3432.020874 1481934.194164 18534.013672 9601.470337 -398.430176 3604.686279 1315250.977712 17995.087891 9958.09021 -937.355957 3961.306152 1657058.262278 18099.836426 10951.253662 -832.607422 4954.469604 2524000.41808 18458.02124 7916.505127 -474.422607 1919.721069 391040.579449 18605.297852 7920.603027 -327.145996 1923.81897 380810.393104 18787.042236 9373.624268 -145.401611 3376.84021 1142419.143219
21449.980469 9059.656372 2518.120117 3026.279297 1549929.530728 16770.012207 9293.061523 -2161.848145 3259.684448 1529913.010213 23773.837891 12402.779541 4841.977539 6369.402466 6401403.426038 15287.824707 12070.128174 -3644.035645 6036.751099 4972135.960546 20137.44751 11369.143066 1205.587158 5335.765991 2992383.910899 17148.841553 10729.692383 -1783.018799 4696.315308 2523453.350553 19071.115723 9382.819214 139.255371 3349.442139 1123815.469869 18132.783203 9917.611694 -799.077148 3884.234619 1572580.286569 17908.912354 11413.623047 -1022.947998 5380.245972 2999346.932248 18490.227051 9149.487305 -441.633301 3116.110229 990518.29347 19322.927246 9315.977783 391.066895 3282.600708 1092840.072421 18975.281982 10787.13501 43.421631 4753.757935 2260009.993852
21438.334961 9187.681274 2516.984863 3120.722656 1607412.269922 16660.369873 9405.204468 -2260.980225 3338.24585 1625591.692851 23749.318848 12445.184326 4827.96875 6378.225708 6399104.543327 15251.064453 12260.421143 -3670.285645 6193.462524 5182997.475377 20445.574951 11638.616943 1524.224854 5571.658325 3336663.789679 17272.44873 11637.750244 -1648.901367 5570.791626 3375259.505876 18586.777344 10278.80127 -334.572754 4211.842651 1785155.744753 17895.006104 11107.13623 -1026.343994 5040.177612 2645677.235789 18339.095459 12263.375244 -582.254639 6196.416626 3873459.946693 19003.653564 9933.280029 82.303467 3866.321411 1495521.511483 19731.126709 10965.351562 809.776611 4898.392944 2464999.159737 19456.901855 12235.596924 535.551758 6168.638306 3833891.42314
21512.956543 9339.748535 2605.678711 3292.41394 1762955.109977 16713.311768 9418.777466 -2193.966064 3371.442871 1618011.412502 23735.166016 12437.910156 4827.888184 6390.575562 6414796.032082 15200.594482 12303.145752 -3706.68335 6255.811157 5287467.468915 20439.504395 11786.079102 1532.226562 5738.744507 3528090.675357 17058.984375 12114.733887 -1848.293457 6067.399292 4022952.287177 18077.961426 10891.455078 -829.316406 4844.120483 2415326.895936 17786.918945 11302.133789 -1120.358887 5254.799194 2886811.860784 18392.615967 12599.89624 -514.661865 6552.561646 4320094.095371 19120.666504 10981.522217 213.388672 4934.187622 2439174.221508 19916.702881 11461.785889 1009.425049 5414.451294 3033522.174371 19764.050293 12650.668945 856.772461 6603.334351 4433808.359545
21513.012695 9221.026001 2636.976318 3188.776245 1712193.804501 16694.094238 9399.815674 -2181.942139 3367.565918 1610137.170838 23750.759277 12424.406738 4874.7229 6392.156982 6462259.424352 15171.89209 12362.443848 -3704.144287 6330.194092 5379204.213955 20310.726318 11747.297363 1434.689941 5715.047607 3472010.438307 16976.954346 12132.855225 -1899.082031 6100.605469 4082389.964676 18046.254883 10845.010986 -829.781494 4812.76123 2385120.798952 17729.445801 11229.613037 -1146.590576 5197.363281 2832725.502665 18145.288086 12410.712891 -730.748291 6378.463135 4121878.502639 19070.068359 10993.319092 194.031982 4961.069336 2464985.736618 19732.049561 11455.744629 856.013184 5423.494873 3014705.520845 19522.392578 12673.662109 646.356201 6641.412354 4452613.438822
21535.637207 9197.169189 2692.298584 3191.584473 1743468.311142 16636.950684 9463.028564 -2206.387939 3457.443848 1682206.569906 23742.028809 12303.032227 4898.690186 6297.44751 6365501.067223 15114.887695 12406.867676 -3728.450928 6401.282959 5487776.984151 20074.141846 11423.945312 1230.803223 5418.360596 3087350.811797 16995.518799 11930.605469 -1847.819824 5925.020752 3852030.901385 17766.343994 10670.616455 -1076.994629 4665.031738 2292243.854986 17470.88623 11033.327637 -1372.452393 5027.74292 2716182.443872 17867.735596 12184.675293 -975.603027 6179.090576 3913296.16155 18722.529297 10763.479004 -120.809326 4757.894287 2265215.29406 19766.488037 11472.813721 923.149414 5467.229004 3074279.782184 19254.597168 12362.028809 411.258545 6356.444092 4057351.508291
21484.284668 9087.787476 2668.126221 3069.040527 1653790.728808 16635.646973 9458.740234 -2180.511475 3439.993286 1658818.409954 23756.955566 12252.388916 4940.797119 6233.641968 6326976.835489 15004.075928 12519.650879 -3812.08252 6500.903931 5679372.505144 20083.681641 11159.599609 1267.523193 5140.852661 2803498.112918 16840.344238 11587.220459 -1975.814209 5568.473511 3491173.902826 17849.32373 10194.105225 -966.834717 4175.358276 1836838.610563 17174.49707 10917.015381 -1641.661377 4898.268433 2668808.571455 17949.688721 12003.964844 -866.469727 5985.217896 3657360.304376 18792.70874 10178.081665 -23.449707 4159.334717 1730061.517511 19437.156982 10992.032471 620.998535 4973.285522 2511920.806859 18751.341553 11875.860596 -64.816895 5857.113647 3430998.150909
21398.95752 8954.234009 2628.950195 2927.803955 1548341.51288 16613.312988 9318.796387 -2156.694336 3292.366333 1549100.652939 23813.217773 12240.32959 5043.210449 6213.899536 6404651.908026 14908.721924 12628.52417 -3861.2854 6602.094116 5849717.166258 20052.696533 10897.525635 1282.689209 4871.095581 2537286.376662 16565.797119 11297.504883 -2204.210205 5271.074829 3264277.248216 17912.679443 9748.064575 -857.327881 3721.634521 1458557.46068 17195.872803 10093.81897 -1574.134521 4067.388916 1902155.208586 17463.410645 11263.477783 -1306.59668 5237.047729 2913386.380435 18439.855957 9821.520996 -330.151367 3795.090942 1451171.518621 19181.046143 10339.309082 411.038818 4312.879028 1876987.842312 18746.246338 11374.819336 -23.760986 5348.389282 2860583.249871
21318.188477 8748.460083 2603.135986 2700.578613 1406944.180983 16668.695068 9093.182983 -2046.357422 3045.301514 1346144.000724 23860.717773 12227.799072 5145.665283 6179.917603 6466925.278093 14852.98584 12779.978027 -3862.06665 6732.096558 6023668.287314 20272.216797 10739.89624 1557.164307 4692.014771 2443976.328454 16018.041992 11240.827637 -2697.010498 5192.946167 3424055.551985 18204.542236 9476.767578 -510.510254 3428.886108 1201788.066371 16893.104248 9896.781006 -1821.948242 3848.899536 1813352.303645 17504.005127 11245.842285 -1211.047363 5197.960815 2848543.235485 17991.126709 9569.128418 -723.925781 3521.246948 1292324.860726 18387.497559 9705.212402 -327.554932 3657.330933 1348336.178392 18450.235596 10891.313477 -264.816895 4843.432007 2352896.159247
21316.704102 8787.296753 2640.571289 2726.984863 1440906.317719 16721.535645 9074.319458 -1954.597168 3014.007568 1290469.171116 23938.544922 12292.857666 5262.412109 6232.545776 6653760.806341 14755.682373 12796.624756 -3920.450439 6736.312866 6074784.267969 20519.265137 10652.597656 1843.132324 4592.285767 2448622.532671 15616.033936 11136.489258 -3060.098877 5076.177368 3513178.180979 18663.4021 9495.355835 -12.730713 3435.043945 1179968.897728 17375.614014 9707.41394 -1300.518799 3647.102051 1499270.251492 17846.890869 11074.605713 -829.241943 5014.293823 2583078.474643 17529.890137 9361.721191 -1146.242676 3301.409302 1221317.564952 17883.391113 9519.246826 -792.741699 3458.934937 1259267.029678 17957.193604 10832.681885 -718.939209 4772.369995 2329238.895651
21266.152344 8823.602295 2655.610352 2766.5271 1470593.85322 16707.301025 9290.569458 -1903.240967 3233.494263 1407781.132458 23973.520508 12393.31665 5362.978516 6336.241455 6890949.433611 14685.059814 12921.853027 -3925.482178 6864.777832 6253458.501086 20903.178711 10716.273193 2292.636719 4659.197998 2696430.910916 15178.459473 11355.579834 -3432.08252 5298.504639 3985334.18269 18913.562012 9548.953247 303.02002 3491.878052 1228503.346058 18043.658447 9812.385254 -566.883545 3755.310059 1442371.058968 18473.52417 10826.674805 -137.017822 4769.599609 2276785.431737 17145.618896 9469.798584 -1464.923096 3412.723389 1379268.060391 17526.30127 9490.592041 -1084.240723 3433.516846 1296461.587439 17404.573975 10825.665283 -1205.968018 4768.590088 2419381.028575
21289.553223 9090.527954 2742.626953 3058.728027 1687781.974927 16767.415771 9414.196167 -1779.510498 3382.39624 1460726.193861 24038.283691 12652.628174 5491.357422 6620.828247 7399037.301199 14493.103027 13014.802246 -4053.823242 6983.002319 6519580.427075 21209.609375 10937.983398 2662.683105 4906.183472 3116051.757793 14979.165039 11489.085693 -3567.76123 5457.285767 4251088.813599 18851.889648 9589.474487 304.963379 3557.674561 1275005.094124 18327.487793 9993.937988 -219.438477 3962.138062 1574669.126357 18672.478027 10937.177734 125.551758 4905.377808 2407849.467935 16010.238037 9684.091797 -2536.688232 3652.29187 1977402.309303 16862.230225 9732.06665 -1684.696045 3700.266724 1653017.45898 17211.240234 10711.240234 -1335.686035 4679.440308 2368121.877706
21341.601562 9341.759644 2894.274902 3269.917603 1906918.833773 16776.912842 9446.82251 -1670.413818 3374.980469 1418077.548901 23989.841309 12939.449463 5542.514648 6867.607422 7788350.032914 14245.390625 12948.875732 -4201.936035 6877.033691 6494985.883628 21098.754883 11062.454834 2651.428223 4990.612793 3193628.766924 15190.560303 11535.426025 -3256.766357 5463.583984 4045727.706115 18857.485352 10599.971924 410.158691 4528.129883 2067219.038776 18788.916016 10790.435791 341.589355 4718.59375 2238181.026531 19510.610352 11063.017578 1063.283691 4991.175537 2604240.545065 15433.554688 10307.401123 -3013.771973 4235.559082 2702278.224055 15877.175293 10437.60376 -2570.151367 4365.761719 2566555.343516 16393.852539 11211.727295 -2053.474121 5139.885254 3063517.638932
21265.407715 9260.561523 2900.01709 3185.377197 1855672.701025 16584.942627 9551.37146 -1780.447998 3476.187134 1525387.206287 23977.578125 13167.657471 5612.1875 7092.473145 8179982.384105 14372.11792 12825.469971 -3993.272705 6750.285645 6151258.317989 21657.160645 11849.119873 3291.77002 5773.935547 4417408.156095 14029.140625 12390.484619 -4336.25 6315.300293 5868608.185287 20274.34082 10676.875 1908.950195 4601.690674 2481964.790578 20297.357178 11058.005371 1931.966553 4982.821045 2856100.03266 20189.467773 11410.323486 1824.077148 5335.13916 3179096.730168 14554.25293 11942.094727 -3811.137695 5866.9104 4894540.817884 14639.742432 12456.529541 -3725.648193 6381.345215 5460202.121169 14050.294189 13100.859375 -4315.096436 7025.675049 6798016.71398
21263.850098 9341.234741 2986.850586 3283.492432 1970259.897136 16612.056885 9550.435791 -1664.942627 3492.693481 1497094.170638 23876.750488 13182.543945 5599.750977 7124.801636 8212000.934819 15132.44873 12463.240967 -3144.550781 6405.498657 5091861.266359 21818.520508 12559.403076 3541.520996 6501.660767 5481396.368974 14098.511963 12966.608887 -4178.487549 6908.866577 6519219.557655 21397.497559 13011.212158 3120.498047 6953.469849 5808825.09964 21225.725098 13168.691406 2948.725586 7110.949097 5926057.963673 21116.845703 13225.700684 2839.846191 7167.958374 5944435.364258 14175.579834 13961.503906 -4101.419678 7903.761597 7929109.075006 13420.245361 14247.266846 -4856.75415 8189.524536 9065637.300526 12490.212402 14565.109863 -5786.787109 8507.367554 10586220.774316
21198.046875 9139.379883 3005.65918 3066.786499 1843916.653503 16633.24707 9431.036377 -1559.140625 3358.442993 1371005.882686 23169.099121 12526.773682 4976.711426 6454.180298 6642409.993268 15086.002197 12620.548096 -3106.385498 6547.954712 5252534.177175 23320.302734 13701.975098 5127.915039 7629.381714 8450297.798373 13830.450439 13655.524902 -4361.937256 7582.931519 7652734.703914 23101.071777 14903.181152 4908.684082 8830.587769 10207445.975533 23668.288574 15364.136963 5475.900879 9291.543579 11631827.251795 24383.09082 15084.604492 6190.703125 9012.011108 11954114.939978 13210.018311 14890.750732 -4982.369385 8818.157349 10258390.37115 12513.338623 15283.02002 -5679.049072 9210.426636 11708355.717759 11913.094482 15078.063965 -6279.293213 9005.470581 12052802.36397
21141.469727 9241.063232 3046.520996 3137.668457 1912625.352589 16536.594238 9734.16626 -1558.354492 3630.771484 1561097.029507 22992.504883 12639.345703 4897.556152 6535.950928 6670471.079511 15041.331787 12853.278809 -3053.616943 6749.884033 5488551.089846 23625.251465 14265.675049 5530.302734 8162.280273 9720706.759598 13517.103271 14428.430176 -4577.845459 8325.0354 9026288.34641 23604.995117 15755.814209 5510.046387 9652.419434 12352981.210581 24393.94043 16161.363525 6298.991699 10057.96875 14084003.18028 25196.315918 15976.525879 7101.367188 9873.131104 14790813.371891 12626.428223 15676.256104 -5468.520508 9572.861328 12154439.055188 12037.028809 16058.433838 -6057.919922 9955.039062 13580119.651575 11529.190674 15977.370605 -6565.758057 9873.97583 14060457.755131
21083.762207 9153.588867 3100.374756 3094.37439 1918747.649008 16539.02832 9728.492432 -1444.359131 3669.277954 1554977.400335 22996.149902 12901.05957 5012.762451 6841.845093 7193863.166539 15083.720703 12987.10083 -2899.666748 6927.886353 5640367.656343 23907.216797 15251.917725 5923.829346 9192.703247 11959754.710571 13501.514893 15053.309326 -4481.872559 8994.094849 10098092.377768 24320.410156 17108.112793 6337.022705 11048.898315 16223601.074938 25259.448242 17991.269531 7276.060791 11932.055054 19531499.843934 25344.165039 17883.210449 7360.777588 11823.995972 19398792.743669 12309.196777 16443.383789 -5674.190674 10384.169312 14002741.209334 11555.709229 16781.35376 -6427.678223 10722.139282 15627931.812148 11370.424805 16664.468994 -6612.962646 10605.254517 15620269.83257
21002.763672 9215.971069 3082.175293 3130.911255 1930240.982254 16487.127686 9659.939575 -1433.460693 3574.879761 1483457.486317 22948.234863 13131.040039 5027.646484 7045.980225 7492306.649743 15202.042236 13155.443115 -2718.546143 7070.383301 5738081.314929 24073.369141 16215.650635 6152.780762 10130.59082 14048558.147038 13430.488281 15548.128662 -4490.100098 9463.068848 10971067.090245 24552.553711 18302.650146 6631.965332 12217.590332 19325247.768661 25346.044922 19048.331299 7425.456543 12963.271484 22318381.244913 25455.852051 18815.804443 7535.263672 12730.744629 21885205.74111 12222.897949 16858.123779 -5697.69043 10773.063965 14852258.342317 11531.641846 17191.35498 -6388.946533 11106.295166 16416843.011879 11075.274658 17023.692627 -6845.313721 10938.632812 16651200.774155
20896.26709 9164.671021 3126.789551 3063.804932 1916371.355402 16441.51123 9585.801392 -1327.966309 3484.935303 1390826.8581 22853.007812 13228.632812 5083.530273 7127.766724 7664733.850748 15304.700928 13267.55249 -2464.776611 7166.686401 5743651.771929 24148.366699 16692.443848 6378.88916 10591.577759 15287174.633803 13514.698486 15859.171143 -4254.779053 9758.305054 11332766.230887 24361.540527 19018.602295 6592.062988 12917.736206 21032320.313068 25330.170898 19808.729248 7560.693359 13707.863159 24506959.646529 25636.218262 19316.055908 7866.740723 13215.189819 23652685.155858 12198.691406 17163.161621 -5570.786133 11062.295532 15340804.057986 11349.764404 17397.773438 -6419.713135 11296.907349 16883283.237628 11229.431152 17187.387695 -6540.046387 11086.521606 16568316.807061
20885.161133 9209.894409 3237.471924 3115.735474 2018903.199923 16379.436035 9674.302368 -1268.253174 3580.143433 1442589.311104 22792.800293 13487.784424 5145.111084 7393.625488 8113786.59275 15404.272461 13341.704102 -2243.416748 7247.545166 5755982.963885 24163.417969 17239.816895 6515.72876 11145.657959 16668041.260951 13505.523682 16165.467529 -4142.165527 10071.308594 11858879.204646 24313.256836 19417.120361 6665.567627 13322.961426 22193109.294234 25321.987305 20108.303223 7674.298096 14014.144287 25529109.136163 25599.726562 19674.630127 7952.037354 13580.471191 24766409.585232 12194.200439 17329.835205 -5453.48877 11235.67627 15598096.099311 11299.007568 17581.208496 -6348.681641 11487.049561 17225806.618047 11235.980225 17279.289551 -6411.708984 11185.130615 16621715.898017
20891.833496 9260.147095 3343.122559 3124.102783 2093648.66418 16348.236084 9676.87561 -1200.474854 3540.831299 1397862.616068 22681.884766 13575.844727 5133.173828 7439.800415 8170010.376536 15376.606445 13543.911133 -2172.104492 7407.866821 5959452.876694 24130.98877 17632.354736 6582.277832 11496.310425 17549153.484152 13541.724854 16380.040283 -4006.986084 10243.995972 12099539.094503 24206.254883 19516.300049 6657.543945 13380.255737 22335413.497944 25089.680176 20129.051514 7540.969238 13993.007202 25267046.761208 25228.962402 19751.000977 7680.251465 13614.956665 24435330.755413 12177.530518 17613.696289 -5371.18042 11477.651978 16058607.402086 11091.33667 17859.884033 -6457.374268 11723.839722 17914610.025121 11132.572021 17596.605225 -6416.138916 11460.560913 17251129.503216
20886.582031 9397.564087 3439.625244 3238.208008 2231701.292199 16289.438477 9632.397461 -1157.518311 3473.041382 1340186.50792 22482.744141 13634.989014 5035.787354 7475.632935 8124424.204226 15380.697021 13499.775391 -2066.259766 7340.419312 5815118.508803 24059.914551 17611.918945 6612.957764 11452.562866 17489240.658862 13595.3479 16445.524902 -3851.608887 10286.168823 12064016.007649 24019.946289 19516.971436 6572.989502 13357.615356 22163007.900353 24611.938477 20064.888916 7164.981689 13905.532837 24470080.608869 24961.975098 19520.941162 7515.018311 13361.585083 23500745.613831 12441.466064 17877.1521 -5005.490723 11717.796021 16236168.095283 11381.456299 17922.655029 -6065.500488 11763.29895 17516549.836501 11204.578857 17556.715088 -6242.37793 11397.359009 16886707.459227
20780.744629 9380.099487 3391.217041 3198.600464 2173139.794673 16262.657471 9874.769287 -1126.870117 3693.270264 1491008.150153 22313.793945 13730.635986 4924.266357 7549.136963 8123786.804332 15335.712891 13787.663574 -2053.814697 7606.164551 6207189.398427 23959.682617 17554.075928 6570.155029 11372.576904 17250244.255314 13576.256104 16625.838623 -3813.271484 10444.3396 12362526.908552 23805.539551 19377.730713 6416.011963 13196.231689 21530574.030968 24019.116211 19712.053223 6629.588623 13530.554199 22702734.224883 24708.706055 18976.557617 7319.178467 12795.058594 21728389.784632 12455.894775 18116.259766 -4933.632812 11934.760742 16677924.670184 11549.072266 18274.597168 -5840.455322 12093.098145 18035394.110465 11389.656982 17791.950684 -5999.870605 11610.45166 17080103.503519
20771.228027 9440.45166 3518.95874 3208.908691 2268016.560525 16252.84668 9859.719849 -999.422607 3628.17688 1416251.301994 22204.240723 13902.302246 4951.971436 7670.759277 8336256.898943 15379.18457 13782.03125 -1873.084717 7550.488281 6051831.964159 23731.975098 17478.775635 6479.705811 11247.232666 16848683.003472 13584.796143 16706.812744 -3667.473145 10475.269775 12318163.613307 23609.206543 19081.208496 6356.937256 12849.665527 20552455.543954 23679.799805 19326.59668 6427.530518 13095.053711 21279358.024674 24639.399414 18468.55835 7387.130127 12237.015381 20431423.694393 12563.197021 18055.093994 -4689.072266 11823.551025 16178375.756227 11602.747803 18464.029541 -5649.521484 12232.486572 18155082.074307 11436.088867 17935.17334 -5816.18042 11703.630371 17080291.854027
20773.635254 9517.572021 3605.330811 3265.984497 2366506.498858 16188.353271 9951.646118 -979.951172 3700.058594 1465073.789644 22102.841797 13895.214844 4934.537354 7643.627319 8277469.749014 15354.274902 13882.493896 -1814.029541 7630.906372 6152143.523498 23537.380371 17439.412842 6369.075928 11187.825317 16573256.350552 13520.043945 16916.842041 -3648.260498 10665.254517 12705745.85655 23584.702148 18968.919678 6416.397705 12717.332153 20290069.660761 23649.438477 19155.266113 6481.134033 12903.678589 20851001.948113 23960.769043 18860.125732 6792.4646 12608.538208 20511281.107974 12558.521729 18204.881592 -4609.782715 11953.294067 16413133.57394 11523.065186 18312.697754 -5645.239258 12061.110229 17733910.624591 11596.032715 18012.137451 -5572.271729 11760.549927 16936074.679618
20783.466797 9559.827881 3689.250488 3280.123901 2436978.19736 16154.250488 9995.390015 -939.96582 3715.686035 1468985.845521 22105.866699 14123.406982 5011.650391 7843.703003 8664031.643602 15296.818848 14097.258301 -1797.397461 7817.554321 6434479.319889 23282.119141 17555.292969 6187.902832 11275.588989 16542904.851333 13552.436523 17073.121338 -3541.779785 10793.417358 12904206.231912 23565.812988 18982.351074 6471.59668 12702.647095 20323880.679771 23585.34668 19188.797607 6491.130371 12909.093628 20877947.178919 23757.585449 19071.446533 6663.369141 12791.742554 20802916.586465 12618.419189 18258.820801 -4475.797119 11979.116821 16353199.96698 11454.481201 18323.929443 -5639.735107 12044.225464 17686997.910635 11656.977539 18144.924316 -5437.23877 11865.220337 17034701.908041
20762.150879 9593.927612 3732.265625 3323.563843 2497588.331255 16103.19458 9886.260986 -926.690674 3615.897217 1393346.82874 22054.265137 14032.287598 5024.379883 7761.923828 8549185.472043 15352.821045 13974.686279 -1677.064209 7704.32251 6216912.969554 23100.32959 17363.28125 6070.444336 11092.91748 15990311.26642 13623.431396 17064.224854 -3406.453857 10793.861084 12811136.49831 23240.383301 18858.945312 6210.498047 12588.581543 19704267.125421 23517.329102 19048.989258 6487.443848 12778.625488 20538019.704624 23760.546875 18867.246094 6730.661621 12596.882324 20398325.014788 12684.445801 18350.543213 -4345.439453 12080.179443 16481357.942454 11535.319824 18377.1875 -5494.56543 12106.82373 17676543.010176 11934.678955 18263.521729 -5095.206299 11993.157959 16979696.505677
20738.269043 9516.356201 3770.894775 3195.858154 2443315.674945 16124.685059 10044.973145 -842.689209 3724.475098 1458183.9856 21949.863281 14002.611084 4982.489014 7682.113037 8384005.748629 15264.302979 14137.266846 -1703.071289 7816.768799 6400232.626996 22964.362793 17325.400391 5996.988525 11004.902344 15707174.696914 13582.174072 17133.370361 -3385.200195 10812.872314 12837778.805101 23119.797363 18955.074463 6152.423096 12634.576416 19748483.116068 23170.300293 19140.290527 6202.926025 12819.79248 20282337.051875 23452.946777 18862.244873 6485.57251 12541.746826 19935806.423122 12744.892578 18571.97876 -4222.481689 12251.480713 16792813.12761 11699.852295 18733.590088 -5267.521973 12413.092041 18183164.175114 11579.080811 18376.502686 -5388.293457 12056.004639 17438095.422676
20730.358887 9545.339355 3792.460938 3225.57251 2478707.797822 16071.724854 10034.589233 -866.173096 3714.822388 1455016.120384 21947.04834 14021.674805 5009.150391 7701.907959 8441097.384457 15242.165527 14195.766602 -1695.732422 7875.999756 6490688.060089 23015.415039 17367.938232 6077.51709 11048.171387 15899830.496765 13602.241211 17127.418213 -3335.656738 10807.651367 12793193.395031 22472.685547 18894.503174 5534.787598 12574.736328 18875786.747304 21804.536133 18786.47583 4866.638184 12466.708984 17910300.011111 22505.593262 18526.828613 5567.695312 12207.061768 18001158.80903 12656.8396 18492.767334 -4281.05835 12173.000488 16650940.148046 11725.339355 18682.888184 -5212.558594 12363.121338 18001753.630868 11719.517822 18490.043945 -5218.380127 12170.2771 17534713.583066
20630.874023 9429.777222 3736.219482 3072.797241 2340141.890642 16085.177002 10048.442383 -809.477539 3691.462402 1428214.855416 21975.666504 13928.299561 5081.011963 7571.31958 8314156.275071 15253.922119 14212.927246 -1640.732422 7855.947266 6440791.032047 23128.032227 17438.575439 6233.377686 11081.595459 16165675.528726 13649.487305 17148.203125 -3245.167236 10791.223145 12698160.73468 23399.07959 18882.388916 6504.425049 12525.408936 19919341.42185 23512.211914 18968.514404 6617.557373 12611.534424 20284286.610897 23717.197266 18852.032471 6822.542725 12495.05249 20267342.596283 12720.076904 18438.494873 -4174.577637 12081.514893 16339010.054458 11724.47876 18737.873535 -5170.175781 12380.893555 18001724.282153 11459.733887 18353.99292 -5434.920654 11997.012939 17346668.198791
20651.154785 9502.280273 3789.735107 3140.334473 2422379.278458 16015.39917 10069.702759 -846.020508 3707.756958 1446321.235929 22006.264648 13924.951172 5144.844971 7563.005371 8366848.001576 15251.983643 14153.041992 -1609.436035 7791.096191 6329146.4215 23186.154785 17531.269531 6324.735107 11169.32373 16475606.677507 13634.675293 17135.845947 -3226.744385 10773.900146 12648880.369103 23580.925293 19010.577393 6719.505615 12648.631592 20513963.685817 23688.659668 19240.26123 6827.23999 12878.31543 21246221.419078 23922.202148 19164.210205 7060.782471 12802.264404 21375262.297612 12497.91626 18628.97583 -4363.503418 12267.030029 16952018.78183 11800.441895 18780.299072 -5060.977783 12418.353271 17982899.409746 11566.638184 18412.114258 -5294.781494 12050.168457 17324127.091352
20572.258301 9404.746704 3738.128662 3060.707397 2334153.566736 16059.978027 10137.941895 -774.151611 3793.902588 1499300.756373 22034.448242 13844.138184 5200.318604 7500.098877 8329479.674214 15295.761719 14109.169922 -1538.36792 7765.130615 6266382.932869 23282.062988 17536.269531 6447.93335 11192.230225 16684186.188166 13649.683838 17113.046875 -3184.445801 10769.007568 12611221.906549 23617.595215 19128.068848 6783.465576 12784.029541 20944681.652867 23893.457031 19401.407471 7059.327393 13057.368164 22032896.660748 24120.444336 19148.604736 7286.314697 12804.56543 21704727.771074 12624.302979 18502.636719 -4209.82666 12158.597412 16555413.153832 11942.132568 18721.400146 -4891.99707 12377.36084 17713069.669564 11531.77002 18237.947998 -5302.359619 11893.908691 16958008.14902
20634.284668 9515.177612 3820.556641 3162.789917 2459989.310325 16031.422119 10151.992188 -782.305908 3799.604492 1504899.683106 22116.994629 14104.172363 5303.266602 7751.784668 8821480.21858 15259.667969 14162.905273 -1554.060059 7810.517578 6341928.750392 23336.452637 17639.326172 6522.724609 11286.938477 16994091.650345 13670.187988 17159.46167 -3143.540039 10807.073975 12667469.186987 23598.251953 19180.162354 6784.523926 12827.774658 21058156.758114 23830.15625 19446.505127 7016.428223 13094.117432 22068617.631728 24171.237793 19198.15918 7357.509766 12845.771484 21914679.498005 12328.278809 18585.787354 -4485.449219 12233.399658 16977532.189131 11774.42627 18722.911377 -5039.301758 12370.523682 17842441.836432 11741.759033 18460.787354 -5071.968994 12108.399658 17233821.17603
20614.985352 9449.67041 3805.681152 3064.667358 2387539.505094 16068.349609 10195.181274 -740.95459 3810.178223 1506647.179261 22227.905273 14298.07251 5418.601074 7913.069458 9197790.584878 15276.501465 14181.11084 -1532.802734 7796.107788 6312878.086596 23438.105469 17665.356445 6628.80127 11280.353394 17118737.895442 13661.097412 17159.938965 -3148.206787 10774.935913 12601044.990551 23533.71582 19124.515381 6724.411621 12739.512329 20751288.603323 23819.18457 19440.324707 7009.880371 13055.321655 21957984.63397 24148.962402 19258.057861 7339.658203 12873.05481 21958612.26689 12526.661377 18583.007812 -4282.642822 12198.004761 16713234.968619 11898.922119 18720.048828 -4910.38208 12335.045776 17626520.647743 11603.468018 18271.192627 -5205.836182 11886.189575 16838223.296756
20665.527344 9549.232178 3875.966797 3184.838867 2516631.722043 16049.130859 10176.994019 -740.429688 3812.600708 1508416.028083 22182.692871 14141.907959 5393.132324 7777.514648 8957561.037319 15289.775391 14154.171143 -1499.785156 7789.777832 6292999.418731 23367.553711 17660.175781 6577.993164 11295.782471 17086469.56919 13710.390625 17128.302002 -3079.169922 10763.908691 12534301.772471 23554.243164 19152.037354 6764.682617 12787.644043 20928477.108095 23739.628906 19447.158203 6950.068359 13082.764893 21946218.743446 24158.735352 19201.708984 7369.174805 12837.315674 21910141.101155 12685.635986 18413.492432 -4103.924561 12049.099121 16202298.64286 12048.125 18691.781006 -4741.435547 12327.387695 17444569.843571 11856.804199 18377.13501 -4932.756348 12012.741699 16863804.831749
20639.343262 9529.226685 3871.71875 3172.998047 2505812.268457 15985.859375 10102.545776 -781.765137 3746.317139 1464604.88325 22166.503906 14156.223145 5398.879395 7799.994507 8998781.302336 15261.844482 14232.073975 -1505.780029 7875.845337 6429631.326762 23354.577637 17688.656006 6586.953125 11332.427368 17181186.152566 13632.22168 17285.423584 -3135.402832 10929.194946 12927805.30931 23592.375488 19181.682129 6824.750977 12825.453491 21106948.314731 23814.645996 19562.419434 7047.021484 13206.190796 22406398.713892 24109.956055 19328.037109 7342.331543 12971.808472 22217764.751281 12429.810791 18591.032715 -4337.813721 12234.804077 16850705.868173 11716.500244 18710.882568 -5051.124268 12354.653931 17815133.011299 11712.695312 18388.441162 -5054.929199 12032.212524 17032644.744178
20625.153809 9487.640381 3885.030518 3129.307861 2488602.981348 16018.238525 10120.626221 -721.884766 3762.293701 1467597.150872 22146.887207 14221.710205 5406.763916 7863.377686 9106580.466909 15294.761963 14188.065186 -1445.361328 7829.732666 6339378.299011 23348.972168 17775.472412 6608.848877 11417.139893 17402796.68051 13688.372803 17165.67749 -3051.750488 10807.344971 12611188.635851 23632.270508 19181.231689 6892.147217 12822.89917 21192843.637998 23907.319336 19468.945312 7167.196045 13110.612793 22325686.69535 24048.852539 19392.341309 7308.729248 13034.008789 22330290.833461 12615.450439 18527.998047 -4124.672852 12169.665527 16511368.517984 11942.8479 18721.600342 -4797.275391 12363.267822 17586424.241856 11748.046875 18423.039551 -4992.076416 12064.707031 17047798.269323
]