alphapose_11-08-20_Colby_4KDepth.alligator_above_wall.0000000004 [ 21357.600098 9748.304443 3069.200439 3272.341919 2012821.297203 16047.23999 10033.439941 -2241.159668 3557.477417 1767844.222974 23114.621582 14303.657227 4826.221924 7827.694702 8456522.240808 14954.248047 14298.056641 -3334.151611 7822.094116 7230172.333018 24805.861816 18889.541016 6517.462158 12413.578491 19657424.394106 12787.161865 17547.640381 -5501.237793 11071.677856 15284566.781169 23917.973633 21345.114746 5629.573975 14869.152222 25278379.092708 26140.700684 21783.681641 7852.301025 15307.719116 29598489.593416 26734.545898 21199.09668 8446.14624 14723.134155 28810806.56656 11287.906494 18903.503418 -7000.493164 12427.540894 20345067.720106 10357.580566 18655.06958 -7930.819092 12179.107056 21122854.014014 10188.480225 18471.018066 -8099.919434 11995.055542 20949005.228619
21451.472168 9769.784546 3157.833252 3238.324585 2045865.69647 15986.077881 10105.604248 -2307.561035 3574.144287 1809934.531605 23095.532227 14216.369629 4801.893311 7684.909668 8211601.597071 14926.33667 14231.136475 -3367.302246 7699.676514 7062374.283174 24816.77002 18941.124268 6523.131104 12409.664307 19655100.759716 12888.381348 17426.800537 -5405.257568 10895.340576 14792525.565108 24054.963379 21631.777344 5761.324463 15100.317383 26121244.462837 26145.673828 21857.785645 7852.034912 15326.325684 29655071.122057 26818.977051 21307.753906 8525.338135 14776.293945 29102025.307037 11290.169678 18694.152832 -7003.469238 12162.692871 19697967.924811 10539.129639 18769.483643 -7754.509277 12238.023682 20990163.776481 10132.149658 18354.923096 -8161.489258 11823.463135 20640418.740455
21499.0625 9816.790161 3144.385986 3345.931396 2108242.0141 16139.564209 10017.529907 -2215.112305 3546.671143 1748559.871597 23172.77832 14365.228271 4818.101807 7894.369507 8553517.492961 15065.330811 14168.820801 -3289.345703 7697.962036 7007841.466441 24956.254883 19099.599609 6601.578369 12628.740845 20306593.228717 12800.212402 17551.795654 -5554.464111 11080.93689 15363923.39164 23915.065918 21419.785156 5560.389404 14948.926392 25438833.058894 25862.412109 21772.788086 7507.735596 15301.929321 29051513.472871 26579.987793 21151.52832 8225.311279 14680.669556 28317780.424393 11315.184326 18881.964111 -7039.492188 12411.105347 20358998.618425 10361.342773 18670.144043 -7993.33374 12199.285278 21271594.558461 10223.953857 18511.566162 -8130.722656 12040.707397 21108728.554413
21539.516602 9839.152222 3164.298096 3321.760864 2104687.767779 16017.036133 10057.536011 -2358.182373 3540.144653 1809364.827098 23153.146973 14303.066406 4777.928467 7785.675049 8344533.639977 14959.980469 14167.486572 -3415.238037 7650.095215 7018780.764629 24889.597168 18957.987061 6514.378662 12440.595703 19720555.080196 12940.203857 17397.877197 -5435.014648 10880.48584 14792435.633977 24243.962402 21520.185547 5868.743896 15002.794189 25952598.841361 26225.532227 21630.332031 7850.313721 15112.940674 29002840.132411 26803.459473 21177.487793 8428.240967 14660.096436 28595367.329393 11255.526123 18705.422363 -7119.692383 12188.031006 19923811.942567 10482.08252 18793.614502 -7893.135986 12276.223145 21300725.039299 10157.32666 18373.428955 -8217.891846 11856.037598 20809937.390471
21574.907227 9897.523804 3156.23291 3438.26355 2178346.242107 16153.814697 9951.832886 -2264.859619 3492.572632 1732765.268306 23201.062012 14433.659668 4782.387695 7974.399414 8646227.808328 15028.26416 14165.305176 -3390.410156 7706.044922 7087800.936556 24939.372559 19034.44458 6520.698242 12575.184326 20065476.640287 12775.595703 17587.628174 -5643.078613 11128.36792 15568490.879682 23908.283691 21421.728516 5489.609375 14962.468262 25401126.757303 25935.695801 21754.570312 7517.021484 15295.310059 29045212.178507 26590.769043 21203.29834 8172.094727 14744.038086 28416979.129949 11327.403564 18839.768066 -7091.270752 12380.507812 20356309.457288 10353.289795 18632.907715 -8065.384521 12173.647461 21324811.998259 10228.945312 18475.827637 -8189.729004 12016.567383 21146955.28231
21596.721191 9931.235962 3111.422119 3488.435669 2185013.101985 16179.063721 9897.4646 -2306.235352 3454.664307 1725342.696837 23156.074219 14429.903564 4670.775146 7987.103271 8560995.913837 15031.973877 14152.325439 -3453.325195 7709.525146 7136223.288886 24824.846191 18923.791504 6339.547119 12480.991211 19596499.92833 12802.941895 17484.534912 -5682.357178 11041.734619 15420908.649488 23841.086426 21453.820801 5355.787354 15011.020508 25401519.486205 25995.288086 21803.278809 7509.989014 15360.478516 29234423.521445 26674.907227 21277.915039 8189.608154 14835.114746 28715031.125069 11410.644531 18918.696289 -7074.654541 12475.895996 20569871.778006 10262.653809 18687.791748 -8222.645264 12244.991455 21755171.086712 10039.510498 18449.814453 -8445.788574 12007.01416 21549973.36826
21617.099609 9969.312134 3102.299805 3507.642212 2192781.796497 16171.499023 9896.945801 -2343.300781 3435.275879 1729217.89156 23125.690918 14380.181885 4610.891113 7918.511963 8396314.856498 14957.398682 14327.911377 -3557.401123 7866.241455 7453285.737984 24712.712402 18760.368652 6197.912598 12298.69873 18967211.103102 12721.916504 17615.395508 -5792.883301 11153.725586 15796309.138287 23775.026855 21548.662109 5260.227051 15086.992188 25528732.189146 25873.527832 21848.69873 7358.728027 15387.028809 29091153.373691 26755.966797 21394.880371 8241.166992 14933.210449 29091760.771378 11148.353271 18678.126221 -7366.446533 12216.456299 20350633.902772 9963.482056 18365.114746 -8551.317749 11903.444824 21481703.392798 10121.434326 18431.351318 -8393.365479 11969.681396 21372185.678928
21591.381836 9910.535889 3047.089844 3457.683105 2124032.897373 16117.82959 9963.943481 -2426.462402 3511.090698 1821547.768127 23084.992676 14333.548584 4540.700684 7880.695801 8272332.900244 14982.219238 14160.88501 -3562.072754 7708.032227 7210212.310985 24399.191895 18587.70752 5854.899902 12134.854736 18153455.233825 12954.400635 17454.437256 -5589.891357 11001.584473 15228174.629677 23764.365234 21410.939941 5220.073242 14958.087158 25099353.60862 26082.866211 21854.418945 7538.574219 15401.566162 29403834.149743 26728.186035 21108.293457 8183.894043 14655.440674 28175806.305064 11345.484619 18430.076904 -7198.807373 11977.224121 19527672.524114 10197.099609 18151.343994 -8347.192383 11698.491211 20653031.728806 10173.555908 18028.728027 -8370.736084 11575.875244 20407011.025563
21611.870117 9939.0625 3028.806152 3476.929932 2126270.845801 16028.746338 9883.312988 -2554.317627 3421.18042 1822901.400502 23104.399414 14277.984619 4521.335449 7815.852051 8153001.752406 15114.32251 14001.925049 -3468.741455 7539.79248 6888063.793071 24081.838379 18349.124756 5498.774414 11886.992188 17153710.332243 13062.941895 17155.362549 -5520.12207 10693.22998 14481691.508635 23504.467773 21485.007324 4921.403809 15022.874756 24990698.137748 25615.239258 21808.999023 7032.175293 15346.866455 28497779.934104 26576.181641 20996.252441 7993.117676 14534.119873 27513057.066298 11344.255371 18471.97998 -7238.808594 12009.847412 19663678.47191 10128.516235 17966.956787 -8454.547729 11504.824219 20384035.76146 10304.997559 18029.068604 -8278.066406 11566.936035 20232039.266768
21627.719727 9940.268555 3030.996094 3492.634277 2138543.15156 16047.855225 9804.677734 -2548.868408 3357.043457 1776647.093473 23273.57666 14546.868896 4676.853027 8099.234619 8747055.565526 15318.068848 13963.92334 -3278.654785 7516.289062 6724417.847129 23739.230957 18197.989502 5142.507324 11750.355225 16451622.948415 13412.983398 16642.049561 -5183.740234 10194.415283 13079726.578388 23734.482422 21530.241699 5137.758789 15082.607422 25388161.201699 25297.128906 21791.687012 6700.405273 15344.052734 28033538.514359 26208.706055 20844.89502 7611.982422 14397.260742 26522339.326947 11717.858887 17821.853027 -6878.864746 11374.21875 17669163.23679 10426.303711 17396.639404 -8170.419922 10949.005127 18663647.496982 10600.155029 17869.769287 -7996.568604 11422.13501 19441027.761205
21630.078125 9913.97644 3017.324219 3521.361694 2150423.362339 16075.042725 9732.288818 -2537.711182 3339.674072 1759340.095039 23163.591309 14248.284912 4550.837402 7855.670166 8242167.48198 15384.571533 13867.207031 -3228.182373 7474.592285 6629069.126297 23124.777832 17501.033936 4512.023926 11108.419189 14375533.679543 13601.743164 16339.221191 -5011.010742 9946.606445 12404520.843625 20995.249023 19934.827881 2382.495117 13542.213135 18906781.957084 23594.384766 20193.861084 4981.630859 13801.246338 21529104.649822 25233.022461 19777.019043 6620.268555 13384.404297 22297023.411839 12264.293213 17438.491211 -6348.460693 11045.876465 16231434.005172 11176.546631 17463.294678 -7436.207275 11070.679932 17785713.27914 11362.547607 17680.893555 -7250.206299 11288.278809 17999072.983611
21662.98584 9942.442017 3018.203125 3577.154541 2190558.471407 16093.480225 9694.123535 -2551.30249 3328.83606 1759029.390817 23124.533691 15021.741943 4479.750977 8656.454468 9500237.276465 15512.525635 13925.550537 -3132.25708 7560.263062 6696861.197514 20553.647461 18161.898193 1908.864746 11796.610718 14280378.904557 13947.821045 15886.533203 -4696.96167 9521.245728 11271556.91329 19843.178711 19763.127441 1198.395996 13397.839966 18093826.871319 20107.775879 20161.704102 1462.993164 13796.416626 19248146.071562 20754.162598 20271.700439 2109.379883 13906.412964 19783780.501163 13192.866211 17201.075439 -5451.916504 10835.787964 14713769.436345 11649.899902 17381.843262 -6994.882812 11016.555786 17029288.694958 11687.026367 17381.281738 -6957.756348 11015.994263 16976250.298909
21688.496094 9937.716064 2987.550049 3580.615234 2174626.075089 16155.593262 9722.753296 -2545.352783 3365.652466 1780643.731164 22996.040039 14464.975586 4295.093994 8107.874756 8418546.54752 15572.210693 13281.774902 -3128.735352 6924.674072 5774009.590722 21602.294922 16194.96582 2901.348877 9837.86499 10520141.287188 14523.754883 15111.783447 -4177.191162 8754.682617 9409339.373249 18762.79541 16278.75 61.849365 9921.64917 9844294.759499 18389.971924 17679.002686 -310.974121 11321.901855 12828216.652886 20056.938477 19324.707031 1355.992432 12967.606201 16999752.606334 13205.115967 16546.828613 -5495.830078 10189.727783 13403470.054341 12396.468506 16952.955322 -6304.477539 10595.854492 15201856.946015 13040.626221 16762.362061 -5660.319824 10405.26123 14030868.178674
21702.810059 9959.023438 3013.444824 3547.704468 2166705.669927 16140.458984 9759.824829 -2548.90625 3348.505859 1770941.456156 22809.885254 14727.893066 4120.52002 8316.574097 8614408.993692 15449.125977 13765.784912 -3240.239258 7354.465942 6458731.974554 21078.115234 15616.043701 2388.75 9204.724731 9043308.394418 14689.990234 14356.5979 -3999.375 7945.278931 7912245.767668 19012.65625 14173.581543 323.291016 7762.262573 6035723.733674 17867.163086 15751.35376 -822.202148 9340.03479 8791226.625204 18521.54541 17454.655762 -167.819824 11043.336792 12198345.099477 14442.252197 15365.097656 -4247.113037 8953.778687 9820812.191723 12898.763428 15860.26123 -5790.601807 9448.942261 12281357.912991 14271.081543 15740.670166 -4418.283691 9329.351196 10655802.452145
21663.317871 9938.286743 2968.380127 3532.141724 2128730.573392 16123.094482 9713.016968 -2571.843262 3306.871948 1754977.984492 22387.316895 14699.345703 3692.37915 8293.200684 8241084.13686 15009.844971 14040.423584 -3685.092773 7634.278564 7186211.794851 20720.410156 15130.50293 2025.472412 8724.35791 8021695.943672 14971.549072 13571.549072 -3723.388672 7165.404053 6520663.844079 19602.058105 12745.709229 907.120361 6339.564209 4101294.170977 17838.391113 14302.381592 -856.546631 7896.236572 6308422.413602 17718.286133 15344.085693 -976.651611 8937.940674 8084063.185878 14880.819092 13634.761963 -3814.118652 7228.616943 6680040.400798 15226.574707 13785.070801 -3468.363037 7378.925781 6647808.784238 15392.376709 14161.032715 -3302.561035 7754.887695 7104519.255784
21671.584473 9961.009521 2900.688477 3477.258301 2050531.892841 16149.958496 9745.247192 -2620.9375 3261.495972 1750666.935219 22107.98584 14645.648193 3337.089844 8161.896973 7775273.081751 14847.879639 14443.336182 -3923.016357 7959.584961 7874505.009098 20124.334717 14453.641357 1353.438721 7969.890137 6535094.516207 15610.737305 12341.053467 -3160.158691 5857.302246 4429459.255697 19679.083252 12079.649658 908.187256 5595.898438 3213888.341452 17671.516113 12789.559326 -1099.379883 6305.808105 4097185.198973 17777.612305 13132.342529 -993.283691 6648.591309 4519037.888032 16630.021973 11341.591797 -2140.874023 4857.840576 2818195.664773 16811.087646 11289.637451 -1959.80835 4805.88623 2693739.122741 16481.641846 12254.039307 -2289.25415 5770.288086 3853690.915979
21606.28418 9900.914307 2825.778809 3416.156006 1965514.773147 16132.976074 9643.455811 -2647.529297 3158.69751 1698678.133601 21621.669922 14608.818359 2841.164551 8124.060059 7407256.784025 14986.762695 14307.492676 -3793.742676 7822.734375 7558765.659185 19625.905762 14029.470215 845.400391 7544.711914 5763737.968667 15856.939697 12108.815918 -2923.565674 5624.057617 4017726.033063 19414.660645 12263.792725 634.155273 5779.034424 3379939.178262 18416.337891 12218.754883 -364.16748 5733.996582 3301133.475658 17475.985107 13040.484619 -1304.520264 6555.726318 4467932.067956 16995.391846 10204.804077 -1785.113525 3720.045776 1702537.08768 16909.085693 9807.113647 -1871.419678 3322.355347 1454025.665982 15424.772949 10587.849121 -3355.732422 4103.09082 2809629.436696
21648.251953 9915.391846 2828.470459 3400.235596 1956184.724363 16600.01709 9817.628174 -2219.764404 3302.471924 1583367.481826 21326.687012 14557.210693 2506.905518 8042.054443 7095921.494402 15088.205566 13963.970947 -3731.575928 7448.814697 6940949.929865 19540.534668 13667.015381 720.753174 7151.859131 5166857.416524 16156.16333 11521.972656 -2663.618164 5006.816406 3216307.224982 19583.29834 12477.731934 763.516846 5962.575684 3613526.675626 18212.518311 12582.491455 -607.263184 6067.335205 3718132.506493 17434.654541 13017.55127 -1385.126953 6502.39502 4419971.76663 17405.587158 9214.002075 -1414.194336 2698.845825 928371.440797 15985.185547 8147.224121 -2834.595947 1632.067871 1069857.972011 15229.794922 9093.221436 -3589.986572 2578.065186 1953442.368998
21626.872559 9883.184204 2808.843994 3359.407349 1917522.231747 16548.067627 9719.093628 -2269.960938 3195.316772 1536277.193415 21055.488281 14359.516602 2237.459717 7835.739746 6640504.33528 15234.439697 13541.522217 -3583.588867 7017.745361 6209085.912547 19365.544434 13379.754639 547.515869 6855.977783 4730420.499074 16461.896973 11006.469727 -2356.131592 4482.692871 2564589.145442 19153.354492 12822.302246 335.325928 6298.525391 3978386.557416 18212.763672 13068.322754 -605.264893 6544.545898 4319742.660694 19019.80957 13056.054688 201.781006 6532.277832 4271136.924917 17850.410156 8667.109985 -967.618408 2143.33313 553016.228955 16329.996338 7220.895996 -2488.032227 697.119141 667627.945664 15102.191162 8309.431763 -3715.837402 1785.654907 1699601.104836
21614.150391 9866.289062 2754.63623 3336.310425 1871898.801287 16562.770996 9567.996216 -2296.743164 3038.017578 1450457.996666 20987.473145 14174.696045 2127.958984 7644.717407 6296991.367554 15356.032715 13341.956787 -3503.481445 6811.978149 5867742.854574 19511.123047 13314.436035 651.608887 6784.457397 4645345.631921 16738.181152 10697.77832 -2121.333008 4167.799683 2187060.792446 17339.154053 13391.97998 -1520.360107 6862.001343 4939855.728446 17593.460693 13596.326904 -1266.053467 7066.348267 5153616.920569 18887.91748 13643.238525 28.40332 7113.259888 5059927.29785 17862.193604 8445.165405 -997.320557 1915.186768 466258.86474 16409.196777 6845.604858 -2450.317383 315.626221 610367.518771 15251.948242 8015.119019 -3607.565918 1485.140381 1522017.380335
21544.121094 9843.626709 2646.960449 3312.369995 1797819.460428 16615.338135 9620.251465 -2281.82251 3088.994751 1474860.253763 20879.11377 14108.216553 1981.953125 7576.959839 6133845.85895 15407.709961 13181.599121 -3489.450684 6650.342407 5640332.020659 19365.595703 13129.720459 468.435059 6598.463745 4375915.519975 17053.823242 10795.463867 -1843.337402 4264.207153 2158135.542531 19499.638672 12752.06665 602.478027 6220.809937 3906145.603978 18488.961182 13106.569824 -408.199463 6575.31311 4340136.930067 18046.162109 13112.706299 -850.998535 6581.449585 4403967.714622 18258.807373 8535.768433 -638.353271 2004.511719 442556.212982 16645.695801 6820.324707 -2251.464844 289.067993 515265.424731 15435.496826 8244.688721 -3461.663818 1713.432007 1491896.563339
21565.876465 9828.726807 2672.818604 3311.341553 1810894.216616 16444.794922 9009.899902 -2448.262939 2492.514648 1220662.069338 20770.495605 13981.986084 1877.437744 7464.60083 5924503.803553 15417.751465 13060.889893 -3475.306396 6543.504639 5489520.750577 19248.704834 12917.679443 355.646973 6400.294189 4109025.048071 17126.97998 11165.876465 -1766.077881 4648.491211 2472750.161942 19843.189697 12063.348389 950.131836 5545.963135 3166045.759784 18628.602295 12460.998535 -264.455566 5943.613281 3539647.558365 17076.932373 12534.486084 -1816.125488 6017.10083 3950381.418851 18468.15918 9546.300659 -424.898682 3028.915405 935486.742196 17883.751221 8764.603882 -1009.306641 2247.218628 606869.145652 15936.386719 8891.650391 -2956.671143 2374.265137 1437903.918479
21601.14502 9827.65686 2692.089844 3327.061768 1831668.77321 16387.338867 9154.140625 -2521.716309 2653.545532 1340035.703263 20593.391113 14025.009766 1684.335938 7524.414673 5945380.371938 15569.02832 13076.539307 -3340.026855 6575.944214 5439882.169915 18865.705566 12500.059814 -43.349609 5999.464722 3599545.613531 17001.831055 11716.115723 -1907.224121 5215.52063 3083915.928882 19557.70874 11609.165039 648.653564 5108.569946 2651823.834281 17591.716309 11903.304443 -1317.338867 5402.709351 3092465.001791 17097.307129 11991.289062 -1811.748047 5490.69397 3343015.125455 19542.998047 11640.924072 633.942871 5140.328979 2682486.558122 19751.166992 11719.248047 842.111816 5218.652954 2794349.096668 17281.259766 11933.988037 -1627.79541 5433.392944 3217147.678489
21572.67334 9833.111572 2644.477539 3327.947388 1806849.526987 16423.416748 9259.333496 -2504.779053 2754.169312 1385936.669955 20591.010742 13945.253906 1662.814941 7440.089722 5811988.859601 15616.737061 13090.528564 -3311.45874 6585.36438 5433278.30041 19026.783447 12797.46582 98.587646 6292.301636 3960277.93992 17061.473389 11761.04126 -1866.722412 5255.877075 3110889.639344 19710.197754 11523.416748 782.001953 5018.252563 2579438.584553 18553.492432 12038.349609 -374.703369 5533.185425 3075654.356012 17409.375 12192.437744 -1518.820801 5687.27356 3465189.716627 19354.130859 11672.352295 425.935059 5167.18811 2688125.36419 18973.833008 11921.834717 45.637207 5416.670532 2934240.240936 17332.775879 12244.822998 -1595.419922 5739.658813 3548904.802223
21619.396973 9824.055176 2666.660156 3310.865479 1807290.660576 16426.124268 9248.188477 -2526.612549 2734.998779 1386398.929465 20640.092773 14027.069092 1687.355957 7513.879395 5930555.368129 15671.547852 13154.899902 -3281.188965 6641.710205 5487851.547125 18960.681152 12830.516357 7.944336 6317.32666 3990867.924359 17138.129883 11736.646729 -1814.606934 5223.457031 3057730.168076 18370.107422 12003.325195 -582.629395 5490.135498 3048104.479829 17422.125244 12206.848145 -1530.611572 5693.658447 3476051.829927 18505.614014 12216.66748 -447.122803 5703.477783 3272957.762422 19230.170898 11899.342041 277.434082 5386.152344 2908760.673996 19237.398682 11880.59082 284.661865 5367.401123 2889002.71932 17457.481689 11996.156006 -1495.255127 5482.966309 3229870.743585
21638.557129 9851.500854 2680.812988 3365.496826 1851332.716511 16409.080811 9332.536011 -2548.66333 2846.531982 1459842.909704 20777.316895 14241.647949 1819.572754 7755.643921 6346085.763453 15673.775635 13201.097412 -3283.968506 6715.093384 5587692.830048 18861.209717 12920.39917 -96.534424 6434.395142 4141075.973325 17165.415039 11687.924805 -1792.329102 5201.920776 3027242.337191 19421.807861 11823.658447 464.063721 5337.654419 2870590.983296 17915.377197 12499.940186 -1042.366943 6013.936157 3725395.694781 17380.548096 12426.589355 -1577.196045 5940.585327 3777810.139325 19318.778076 11462.154541 361.033936 4976.150513 2489241.942761 19669.400635 11856.975098 711.656494 5370.971069 2935378.51933 18135.804443 12142.299805 -821.939697 5656.295776 3266926.677569
21604.16748 9879.316406 2657.70752 3395.596924 1859348.772848 16408.438721 9174.437866 -2538.02124 2690.718384 1368151.723674 20719.912109 14104.669189 1773.452148 7620.949707 6122400.69599 15612.744141 13252.884521 -3333.71582 6769.165039 5693525.649667 18752.219238 12918.88916 -194.240723 6435.169678 4144913.823957 17051.429443 12034.195557 -1895.030518 5550.476074 3439892.531303 19890.073242 11791.240234 943.613281 5307.520752 2906018.255696 17784.51416 12785.340576 -1161.945801 6301.621094 4106054.645315 17176.149902 12734.838867 -1770.310059 6251.119385 4221049.126615 19285.939941 11295.426025 339.47998 4811.706543 2326776.651279 18342.736816 11374.764404 -603.723145 4891.044922 2428680.206304 17173.780518 12487.88208 -1772.679443 6004.162598 3919236.0908
21618.071289 9900.271606 2682.158203 3406.690674 1879951.397374 16446.081543 9159.040527 -2489.831543 2665.459595 1330393.596348 20726.181641 14227.642822 1790.268555 7734.06189 6302077.481082 15683.929443 13240.117188 -3251.983643 6746.536255 5609114.905004 18730.344238 12764.75708 -205.568848 6271.176147 3936990.882361 17238.485107 12265.806885 -1697.427979 5772.225952 3619985.41849 20095.543213 11479.63623 1159.630127 4986.055298 2620548.946457 17959.956055 12250.917969 -975.957031 5757.337036 3409942.187447 16926.45752 11890.933838 -2009.455566 5397.352905 3316933.005742 20069.589844 11345.528564 1133.676758 4851.947632 2482661.881328 19363.05542 12166.328125 427.142334 5672.747192 3236251.128217 17193.442383 12423.659668 -1742.470703 5930.078735 3820203.795872
21628.271484 9842.853394 2658.535156 3379.763794 1849061.247988 16444.058838 9326.898193 -2525.67749 2863.808594 1458044.644631 20693.322754 14249.168701 1723.586426 7786.079102 6359377.794293 15711.682129 13263.099365 -3258.054199 6800.009766 5685504.997764 18708.966064 12778.537598 -260.770264 6315.447998 3995288.454645 17359.699707 12058.73291 -1610.036621 5595.643311 3390344.198013 19254.6521 12092.460938 284.915771 5629.371338 3177099.865671 17978.776855 12332.006836 -990.959473 5868.917236 3542619.020332 17214.399414 12559.248047 -1755.336914 6096.158447 4024435.549604 19685.708008 12178.675537 715.97168 5715.585938 3318053.805506 19677.172852 12237.364502 707.436523 5774.274902 3384271.708253 17264.718018 12681.04248 -1705.018311 6217.952881 4157002.546789
21665.175781 9878.497314 2682.919922 3392.652588 1870815.088931 16322.294922 9391.674194 -2659.960938 2905.829468 1551923.708481 20918.747559 14562.387695 1936.491699 8076.542969 6898054.642721 15644.332275 13236.68335 -3337.923584 6750.838623 5671555.596694 19006.890869 13168.446045 24.63501 6682.601318 4465776.726384 17053.406982 12097.93457 -1928.848877 5612.089844 3521601.040445 20130.465088 12258.398438 1148.209229 5772.553711 3464076.077811 18498.741455 12489.803467 -483.514404 6003.95874 3628130.67336 17195.587158 12858.653564 -1786.668701 6372.808838 4380487.753204 19903.50708 12194.476318 921.251221 5708.631592 3343717.846251 19138.380127 12538.220215 156.124268 6052.375488 3665562.383807 17608.64624 12917.264404 -1373.609619 6431.419678 4324996.245694
21628.344727 9879.360962 2635.578613 3404.656372 1853795.963866 16436.678467 9338.787842 -2556.087646 2864.083252 1473655.693063 20868.017578 14267.181396 1875.251465 7792.476807 6423926.283843 15510.300293 13218.282471 -3482.46582 6743.577881 5760341.082486 18874.205322 12876.917725 -118.560791 6402.213135 4100238.968413 17206.09375 11890.279541 -1786.672363 5415.574951 3252065.018547 19391.920166 11963.48999 399.154053 5488.7854 3028608.912936 18231.33667 12417.391357 -761.429443 5942.686768 3589530.081476 17264.790039 12650.452881 -1727.976074 6175.748291 4112576.826705 19009.016113 12334.598389 16.25 5859.893799 3433861.939604 18862.198486 12383.664551 -130.567627 5908.959961 3493285.572517 17270.738525 12712.702637 -1722.027588 6237.998047 4187799.864627
21656.242676 9889.393921 2666.945801 3428.631592 1886811.449657 16460.549316 9287.161865 -2528.747559 2826.399536 1438309.855295 21102.990723 14425.479736 2113.693848 7964.717407 6790442.50586 15353.122559 13177.751465 -3636.174316 6716.989136 5833970.670897 18786.158447 12874.709473 -203.138428 6413.947144 4117998.318114 17186.298828 11597.799072 -1802.998047 5137.036743 2963994.845765 19691.05957 11568.470459 701.762695 5107.70813 2658115.32206 18586.588135 12160.397949 -402.70874 5699.63562 3264802.053157 17315.928955 12623.919678 -1673.36792 6163.157349 4078466.869943 19467.08252 12016.893311 477.785645 5556.130981 3109887.06051 18954.217529 12465.703125 -35.079346 6004.940796 3606054.452274 17491.896973 12695.997314 -1497.399902 6235.234985 4112036.179009
21672.172852 9927.89978 2727.401123 3487.240601 1959956.389237 16409.304199 9233.706665 -2535.467529 2793.047485 1422970.984755 21386.347656 14539.60083 2441.575928 8098.94165 7155414.886732 15291.046143 13149.870605 -3653.725586 6709.211426 5836322.861317 18973.137207 12860.303955 28.365479 6419.644775 4121264.364257 17029.104004 11388.962402 -1915.667725 4948.303223 2815548.761446 19413.651123 11272.171631 468.879395 4831.512451 2356336.045244 18490.959473 11585.064697 -453.812256 5144.405518 2667085.369286 17227.346191 12261.464844 -1717.425537 5820.805664 3683132.90543 19962.156982 11867.23999 1017.385254 5426.580811 3048285.204826 19469.813232 12389.411621 525.041504 5948.752441 3566332.418996 17663.823242 12420.671387 -1280.948486 5980.012207 3740137.502087
21660.808105 9939.873047 2726.551514 3499.44519 1968019.979753 16439.665527 9226.543579 -2494.591064 2786.115723 1398542.539888 21642.678223 14603.491211 2708.421631 8163.063354 7397115.105996 15041.448975 13111.213379 -3892.807617 6670.785522 5965333.063111 19575.474854 13073.115234 641.218262 6632.687378 4440370.271251 16723.608398 11109.221191 -2210.648193 4668.793335 2668459.663938 19311.396484 11092.233887 377.139893 4651.80603 2178153.384186 18638.22876 11209.945068 -296.027832 4769.517212 2283592.691208 17731.325684 12057.998047 -1202.930908 5617.57019 3300413.761431 19634.780273 10982.181396 700.523682 4541.75354 2111825.8647 19565.372314 11791.70166 631.115723 5351.273804 2903443.837767 17982.20459 12166.165771 -952.052002 5725.737915 3369047.768614
21702.79541 9873.369751 2783.553467 3416.859131 1942309.622265 16407.4646 9232.537842 -2511.777344 2776.027222 1401535.256008 22046.054688 14795.930176 3126.812744 8339.419556 7932287.646231 14760.423584 13067.768555 -4158.818359 6611.257935 6100450.162369 20021.970215 13453.566895 1102.728271 6997.056274 5017480.614805 16357.7771 10891.71875 -2561.464844 4435.20813 2623217.330115 19296.867676 11181.386719 377.625732 4724.876099 2246705.534122 18484.527588 11416.757812 -434.714355 4960.247192 2479302.878039 17505.213623 12422.637939 -1414.02832 5966.127319 3759415.128117 19431.97998 10695.570068 512.738037 4239.059448 1823252.530043 19292.567139 10886.164551 373.325195 4429.653931 1976120.56469 17793.154297 11529.257812 -1126.087646 5072.747192 2700083.746539
21707.497559 9857.573853 2811.444092 3422.901611 1962047.332213 16486.459961 9195.388794 -2409.593506 2760.716553 1342769.674802 22420.507812 14751.591797 3524.454346 8316.919556 8159292.933033 14582.686768 12999.315186 -4313.366699 6564.642944 6169966.926855 20288.532715 13615.366211 1392.479248 7180.69397 5350136.434311 16293.551025 10278.94165 -2602.502441 3844.269409 2155142.624788 19689.344482 11682.349854 793.291016 5247.677612 2816743.095816 18178.575439 11866.700439 -717.478027 5432.028198 3002170.506622 17632.598877 12896.959229 -1263.45459 6462.286987 4335747.060688 19063.377686 10127.704468 167.324219 3693.032227 1366648.442061 19074.575195 10014.921265 178.521729 3580.249023 1285005.307738 18291.765137 10421.505127 -604.28833 3986.832886 1626000.08447
21691.90918 9884.464722 2835.198975 3475.692139 2011878.906845 16412.32666 9297.692261 -2444.383545 2888.919678 1432086.781909 22761.691895 14697.91626 3904.981689 8289.143677 8395878.48889 14411.813965 12934.328613 -4444.89624 6525.55603 6233998.409069 20395.032959 13779.512939 1538.322754 7370.740356 5669425.029732 15795.253906 9936.09314 -3061.456299 3527.320557 2181450.497893 18993.031006 12107.333984 136.320801 5698.561401 3249218.540588 17627.751465 12746.228027 -1228.95874 6337.455444 4167368.109414 17820.491943 13579.984131 -1036.218262 7171.211548 5250002.334996 18656.651611 9906.369019 -200.058594 3497.596436 1227320.426688 18610.025635 9676.624756 -246.68457 3267.852173 1073971.110084 17516.759033 9929.855347 -1339.951172 3521.082764 1419349.297164
21709.729004 9868.905029 2857.625732 3443.936768 2002672.528568 16326.685791 9656.170044 -2525.41748 3231.201782 1681839.840812 23067.468262 14674.569092 4215.36499 8249.60083 8582521.585652 14203.283691 12817.43042 -4648.81958 6392.462158 6247509.593218 20957.106934 14096.549072 2105.003662 7671.580811 6328419.255024 15623.774414 9650.926514 -3228.328857 3225.958252 2082891.385501 18203.449707 13031.883545 -648.653564 6606.915283 4407208.10061 17667.658691 13600.026855 -1184.44458 7175.058594 5288437.478702 18072.412109 14762.869873 -779.691162 8337.901611 7012852.158846 18018.487549 8940.270996 -833.615723 2515.302734 702166.301861 18033.922119 8797.977295 -818.181152 2373.009033 630059.226971 17118.929443 9383.392944 -1733.173828 2958.424683 1175616.812122
21725.561523 9921.528931 2901.016846 3512.017822 2075016.792296 16428.913574 9731.191406 -2395.631104 3321.680298 1677260.838527 23216.713867 14575.693359 4392.169189 8166.182251 8597768.274495 14028.905029 12731.57959 -4795.639648 6322.068481 6296670.952175 21208.374023 14167.619629 2383.829346 7758.108521 6587089.016541 15296.981201 9542.518311 -3527.563477 3133.007202 2225943.820989 18283.0896 13874.597168 -541.455078 7465.08606 5602068.347842 17921.994629 14587.885742 -902.550049 8178.374634 6770040.824124 18930.046387 15663.105469 105.501709 9253.59436 8564013.919653 17559.335938 8596.19812 -1265.20874 2186.687012 638235.324358 17459.621582 8107.177124 -1364.923096 1697.666016 474508.495779 16273.885498 8887.225952 -2550.65918 2477.714844 1264493.309786
21754.772949 9955.939331 2936.911621 3552.27417 2124410.164841 16321.107178 9708.217773 -2496.75415 3304.552612 1715384.925498 23468.239746 14562.329102 4650.378418 8158.66394 8818981.672318 13853.469238 12747.076416 -4964.39209 6343.411255 6488405.517028 21452.597656 14278.935547 2634.736328 7875.270386 6896171.916729 15099.324951 9471.296997 -3718.536377 3067.631836 2323787.786758 18476.400146 14304.416504 -341.461182 7900.751343 6253846.75189 18236.254883 14943.377686 -581.606445 8539.712524 7326495.605686 19242.2229 16180.45166 424.361572 9776.786499 9576563.69915 17309.265137 8534.91272 -1508.596191 2131.247559 681807.862474 17031.704102 7695.947876 -1786.157227 1292.282715 486035.225309 16022.506104 8680.655518 -2795.355225 2276.990356 1299869.59151
21724.958496 9954.268799 2925.994873 3556.464844 2120988.818193 16314.946289 9834.376221 -2484.017334 3436.572266 1798037.10524 23549.909668 14468.939209 4750.946045 8071.135254 8771471.260861 13701.362305 12710.17334 -5097.601318 6312.369385 6583154.645067 21625.478516 14365.806885 2826.514893 7968.00293 7147825.712547 15048.26416 9502.967529 -3750.699463 3105.163574 2370978.728358 18627.729492 14625.429688 -171.234131 8227.625732 6772314.632038 18412.485352 15421.287842 -386.478271 9023.483887 8157262.69082 19438.869629 16394.278564 639.906006 9996.474609 10033898.431221 17155.141602 8486.341553 -1643.822021 2088.537598 706414.013514 16887.796631 7576.309814 -1911.166992 1178.505859 504143.533261 15727.692871 8065.123901 -3071.270752 1667.319946 1221265.98351
21718.640137 9960.829468 2941.572266 3554.071045 2128426.838625 16250.123291 9863.106689 -2526.94458 3456.348267 1833179.225083 23672.446289 14504.272461 4895.378418 8097.514038 8953446.345211 13632.493896 12781.246338 -5144.573975 6374.487915 6710073.755921 21716.71875 14410.325928 2939.650879 8003.567505 7269864.009507 14962.137451 9418.939819 -3814.93042 3012.181396 2362693.087417 18673.295898 14801.019287 -103.771973 8394.260864 7047438.407952 18479.567871 15473.986816 -297.5 9067.228394 8230313.699088 19483.884277 16431.300049 706.816406 10024.541626 10099102.424308 17158.099365 8461.14624 -1618.968506 2054.387817 684156.832718 17027.889404 7463.063354 -1749.178467 1056.304932 417540.541731 15857.663574 8081.326904 -2919.404297 1674.568481 1132710.104766
21718.122559 9990.541382 2987.76001 3564.18335 2163011.282559 16185.012207 9886.674194 -2545.350342 3460.316162 1845259.630424 23665.219727 14491.165771 4934.857178 8064.807739 8939393.923583 13573.599854 12780.900879 -5156.762695 6354.542847 6697241.628605 21692.055664 14408.917236 2961.693115 7982.559204 7249287.755581 14854.327393 9363.696899 -3876.035156 2937.338867 2365160.815318 18777.299805 14666.999512 46.937256 8240.641479 6791037.509951 18522.22168 15387.960205 -208.140869 8961.602173 8035363.612586 19478.461914 16333.659668 748.099365 9907.301636 9871427.836184 17214.32251 8495.187988 -1516.040039 2068.829956 657843.478711 17499.372559 7628.843384 -1230.98999 1202.485352 296130.737678 16677.324219 8180.057983 -2053.03833 1753.699951 729042.990351
21691.984863 9982.676392 2991.71875 3543.358154 2150576.808872 16190.356445 9761.293945 -2509.909668 3321.975708 1733516.914596 23695.95459 14520.863037 4995.688477 8081.5448 9026826.970611 13545.089111 12776.260986 -5155.177002 6336.942749 6673269.332587 21770.922852 14350.656738 3070.656738 7911.338501 7201820.968139 14829.681396 9311.884766 -3870.584717 2872.566528 2323306.450953 18790.423584 14674.360352 90.157471 8235.042114 6782404.699312 18559.372559 15373.75 -140.893555 8934.431763 7984392.191601 19525.991211 16196.153564 825.725098 9756.835327 9587765.753799 17194.279785 8329.251709 -1505.986328 1889.933472 583984.334787 17477.318115 7782.697754 -1222.947998 1343.379517 330027.033155 16855.507812 8709.63623 -1844.758301 2270.317993 855747.697839
21691.015625 9960.442505 3014.245605 3505.931396 2137723.152694 16268.551025 9728.909912 -2408.218994 3274.398804 1652120.624948 23725.458984 14500.192871 5048.688965 8045.681763 9022225.52903 13470.67749 12742.979736 -5206.092529 6288.468628 6664823.710806 21640.454102 14231.226807 2963.684082 7776.715698 6926073.038937 14919.569092 9254.834595 -3757.200928 2800.323486 2195837.043945 18682.687988 14668.895264 5.917969 8214.384155 6747614.207276 18518.330078 15375.238037 -158.439941 8920.726929 7960447.215166 19527.602539 16101.013184 850.83252 9646.502075 9377891.826304 17558.057861 8460.906372 -1118.712158 2006.395264 527713.8847 17724.523926 7859.79187 -952.246094 1405.280762 288158.664232 17086.396484 8687.614746 -1590.373535 2233.103638 751603.983801
21634.606934 9954.863281 3009.355469 3492.196045 2125165.355346 16201.647949 9715.969849 -2423.603516 3253.302612 1645783.188818 23709.460449 14477.243652 5084.208984 8014.576416 9008261.612495 13440.080566 12648.885498 -5185.170898 6186.218262 6515529.362763 21370.620117 14009.980469 2745.368652 7547.313232 6449898.606556 15174.299316 9101.292114 -3450.952148 2638.624878 1887141.197723 18326.51123 14630.209961 -298.740234 8167.542725 6679799.988595 18246.361084 15491.398926 -378.890381 9028.731689 8166155.384084 19628.791504 15874.796143 1003.540039 9412.128906 8959526.315787 17942.299805 8555.803223 -682.95166 2093.135986 484764.122737 18272.868652 8170.518188 -352.382812 1707.850952 304092.85213 17954.703369 8692.750854 -670.548096 2230.083618 542290.769265
21643.139648 9906.941528 3060.756836 3487.744751 2153259.58567 16032.86377 9557.942505 -2549.519043 3138.745728 1635177.209261 23832.097168 14502.735596 5249.714355 8083.538818 9290310.064194 13380.407715 12596.82373 -5201.975098 6177.626953 6522361.968861 21123.898926 13661.156006 2541.516113 7241.959229 5890527.762155 15442.667236 9082.333984 -3139.715576 2663.137207 1695011.368273 18127.82959 14986.551514 -454.553223 8567.354736 7360618.581031 18089.581299 15082.950439 -492.801514 8663.753662 7530348.084959 19334.716797 15141.518555 752.333984 8722.321777 7664490.361157 18076.970215 8507.732544 -505.412598 2088.535767 461742.354224 18457.62085 8407.857056 -124.761963 1988.660278 397033.524995 18258.244629 9101.821899 -324.138184 2682.625122 730154.310763
21676.564941 9941.924438 3099.039307 3516.70105 2197123.08978 16066.473389 9498.903809 -2511.052246 3073.68042 1575289.470642 23870.90332 14407.287598 5293.377686 7982.064209 9173319.635819 13331.94458 12553.492432 -5245.581055 6128.269043 6507180.206431 20928.925781 13293.831787 2351.400146 6868.608398 5270686.397997 15771.385498 9120.009155 -2806.140137 2694.785767 1513629.279478 18235.552979 13959.959717 -341.972656 7534.736328 5688919.683199 17616.636963 13996.091309 -960.888672 7570.86792 5824134.810064 18748.535156 14250.786133 171.009521 7825.562744 6126867.651892 17868.527832 8530.586548 -708.997803 2105.363159 493523.191631 18076.574707 8653.554688 -500.950928 2228.331299 521641.220933 18067.661133 9386.882324 -509.864502 2961.658936 903138.546086
21657.44873 9859.882202 3088.513184 3409.916382 2116644.341635 16193.186035 9523.933716 -2375.749512 3073.967896 1509346.436504 23983.864746 14315.783691 5414.929199 7865.817871 9119254.901377 13341.617432 12500.865479 -5227.318115 6050.899658 6393824.13515 20849.619141 12838.094482 2280.683594 6388.128662 4600970.545846 16015.405273 9283.660889 -2553.530273 2833.695068 1455034.459781 17387.852783 13359.637451 -1181.082764 6909.671631 4913851.854095 17060.841064 13230.439453 -1508.094482 6780.473633 4824917.165318 18292.564697 13149.28833 -276.37085 6699.32251 4495730.293637 17860.072021 9192.175903 -708.863525 2742.210083 802220.363698 18263.914795 9073.619995 -305.020752 2623.654175 697659.888809 18217.912598 9575.966797 -351.022949 3126.000977 989509.921635
21635.483398 9865.212402 3043.078613 3380.488281 2068802.846628 16259.432373 9403.725586 -2332.972412 2919.001465 1396332.982742 24134.782715 14175.615234 5542.37793 7690.891113 8986775.923184 13429.613037 12495.81665 -5162.791748 6011.092529 6278765.202947 20761.352539 12539.587402 2168.947754 6054.863281 4136570.37138 16137.753906 9391.453247 -2454.650879 2906.729126 1447438.514912 17409.13208 12812.904053 -1183.272705 6328.179932 4144599.55418 16889.018555 12696.785889 -1703.38623 6212.061768 4149123.605436 17853.1604 12976.37207 -739.244385 6491.647949 4268797.5357 18071.721191 9238.614502 -520.683594 2753.890381 785502.363459 18603.449707 9164.72168 11.044922 2679.997559 718250.890437 18382.724609 9696.769409 -209.680176 3212.045288 1036120.070883
21556.672363 9800.164795 2985.476074 3297.225342 1978476.234432 16127.04834 9400.163574 -2444.147949 2897.224121 1436776.680552 24224.296875 13993.520508 5653.100586 7490.581055 8806635.077157 13557.573242 12562.410889 -5013.623047 6059.471436 6185361.013436 20643.076172 12337.972412 2071.879883 5835.032959 3834029.588124 15943.76709 9326.647339 -2627.429199 2823.707886 1487671.042091 17525.964355 12482.075195 -1045.231934 5979.135742 3684257.401851 16961.51123 12435.233154 -1609.685059 5932.293701 3778319.454482 17879.047852 12675.563965 -692.148438 6172.624512 3858036.28222 17761.219482 8313.037109 -809.976807 1810.097656 393251.595246 18306.5625 8470.203857 -264.633789 1967.264404 394016.027873 18487.513428 9484.675903 -83.682861 2981.73645 889775.50797
21572.77832 9793.334961 3007.110596 3298.258057 1992122.034298 16203.074951 9446.769409 -2362.592773 2951.692505 1429433.325648 24363.596191 13821.982422 5797.928467 7326.905518 8729951.896961 13675.41748 12604.180908 -4890.250244 6109.104004 6123569.918086 20657.95166 12226.448975 2092.283936 5731.37207 3722627.787531 15729.204102 9370.910645 -2836.463623 2875.83374 1631594.558634 17598.189697 12402.635498 -967.478027 5907.558594 3583526.227198 16618.128662 12318.189697 -1947.539062 5823.112793 3770155.09996 17746.715088 12446.291504 -818.952637 5951.2146 3608763.863179 16216.82373 8100.454712 -2348.843994 1605.377808 809430.6014 17576.361084 8774.389648 -989.306641 2279.312744 617399.421479 17813.703613 9643.973389 -751.964111 3148.896484 1048099.909403
21621.645508 9804.989624 3041.101074 3311.05835 2021140.313813 16259.163818 9643.776245 -2321.380615 3149.844971 1531033.130025 24511.315918 13697.927246 5930.771484 7203.995972 8707160.835985 13683.85376 12760.123291 -4896.690674 6266.192017 6324274.194408 20657.023926 12035.794678 2076.479492 5541.863403 3502401.706254 15541.384277 9477.730103 -3039.160156 2983.798828 1813954.990206 18032.23999 12489.794922 -548.304443 5995.863647 3625101.864155 16720.776367 12063.38623 -1859.768066 5569.454956 3447756.576835 17846.130371 12356.226807 -734.414062 5862.295532 3490587.292236 16157.501221 8752.93335 -2423.043213 2259.002075 1097422.878727 17795.178223 9282.680054 -785.366211 2788.748779 839391.983931 17739.100342 9493.201294 -841.444092 2999.27002 970364.880968
21603.491211 9765.654907 3007.950439 3285.119629 1983977.682243 16196.30249 9706.358643 -2399.238281 3225.823364 1616228.070761 24577.636719 13573.283691 5982.095947 7092.748413 8609255.197362 13697.72583 12835.864258 -4897.814941 6355.328979 6437879.763784 20714.155273 11986.540527 2118.614502 5506.005249 3480462.121016 15592.172852 9534.876099 -3003.36792 3054.34082 1834921.670904 18641.826172 12546.679688 46.2854 6066.144409 3680025.033131 16780.050049 11989.538574 -1815.490723 5509.003296 3364512.387827 18033.830566 12340.761719 -561.710205 5860.22644 3465777.22876 17580.494385 9439.851074 -1015.046387 2959.315796 978786.914704 17832.015381 9535.394287 -763.525391 3054.859009 991513.458571 17678.143311 9732.805786 -917.397461 3252.270508 1141888.155732
21640.949707 9740.209351 3043.64502 3297.236328 2013554.240842 16075.666504 9515.427246 -2521.638184 3072.454224 1579863.408528 24625.290527 13512.662354 6027.98584 7069.689331 8631712.052299 13691.092529 12870.672607 -4906.212158 6427.699585 6538623.969581 20631.726074 11890.754395 2034.421387 5447.781372 3381719.225661 15794.194336 9436.469116 -2803.110352 2993.496094 1681844.650633 18387.10083 12482.340088 -210.203857 6039.367065 3651814.021267 16739.3396 12182.463379 -1857.965088 5739.490356 3639378.381955 18154.676514 12374.763184 -442.628174 5931.790161 3538205.421598 17745.797119 9688.95874 -851.507568 3245.985718 1126148.841896 18172.650146 9583.972778 -424.654541 3140.999756 1004621.094551 18001.190186 10015.550537 -596.114502 3572.577515 1311866.259761
21627.214355 9722.699585 3081.766357 3279.570312 2025286.531637 16216.679688 9384.782715 -2328.768311 2941.653442 1407648.681929 24622.546387 13458.266602 6077.098389 7015.137329 8614327.657175 13780.390625 12856.328125 -4765.057373 6413.198853 6383489.129064 20493.73291 11805.875244 1948.284912 5362.745972 3255485.845552 16051.755371 9532.487183 -2493.692627 3089.35791 1576263.521477 18087.972412 12339.321289 -457.475586 5896.192017 3497436.420836 16592.125244 12091.229248 -1953.322754 5648.099976 3571650.311514 17826.800537 12306.660156 -718.647461 5863.530884 3489744.859826 17947.001953 9713.539429 -598.446045 3270.410156 1105372.025879 18584.569092 9761.685181 39.121094 3318.555908 1101434.377585 18514.870605 10226.484985 -30.577393 3783.355713 1431471.54272
21580.041504 9691.90979 3042.29248 3229.993286 1968840.016518 16242.191162 9306.171265 -2295.557861 2844.254761 1335937.103871 24593.969727 13357.895508 6056.220703 6895.979004 8423233.562728 13873.116455 12803.148193 -4664.632568 6341.231689 6197001.633712 20360.776367 11783.283691 1823.027344 5321.367188 3164037.744026 16380.396729 9505.223999 -2157.352295 3043.307495 1391588.943424 17039.261475 11856.59668 -1498.487549 5394.680176 3134803.913296 16490.3125 12007.110596 -2047.436523 5545.194092 3494117.38332 17492.252197 12314.616699 -1045.496826 5852.700195 3534716.318975 17994.746094 9532.201538 -543.00293 3070.285034 972150.237276 18930.015869 9715.777588 392.266846 3253.861084 1074148.523211 18762.775879 10129.660645 225.026855 3667.744141 1350298.416677
21572.958984 9700.264893 3023.859863 3220.722656 1951678.290125 16289.431152 9276.117554 -2259.667969 2796.575317 1292693.283479 24543.71582 13364.451904 5994.616699 6884.909668 8333741.050664 13959.206543 12794.127197 -4589.892578 6314.584961 6094109.710763 20279.228516 11756.436768 1730.129395 5276.894531 3083896.361576 16622.185059 9548.574829 -1926.914062 3069.032593 1313195.885977 16660.919189 12146.92749 -1888.179932 5667.385254 3568447.907044 16296.560059 12158.465576 -2252.539062 5678.92334 3732410.252791 17004.525146 12364.356689 -1544.573975 5884.814453 3701674.991075 18710.321045 9414.91272 161.221924 2935.370483 864239.238353 19946.862793 9597.095947 1397.763672 3117.553711 1167288.442299 19353.997803 9957.296753 804.898682 3477.754517 1274263.836545
21627.866211 9704.824219 3094.700928 3202.890625 1983568.218783 16294.107666 9286.970215 -2239.057617 2785.036621 1276980.799392 24588.818359 13324.676514 6055.653076 6822.74292 8322075.513029 14082.749023 12802.102051 -4450.41626 6300.168457 5949832.747216 20212.028809 11685.307617 1678.863525 5183.374023 2968594.900373 16643.323975 9389.77478 -1889.841309 2887.841187 1191112.689025 16962.545166 12345.81543 -1570.620117 5843.881836 3661780.246491 16244.605713 12309.093018 -2288.55957 5807.159424 3896060.548062 17154.309082 12423.061523 -1378.856201 5921.12793 3696100.038324 18849.759521 8775.272217 316.594238 2273.338623 526830.040675 19301.507568 9083.961182 768.342285 2582.027588 725721.633179 18649.725342 9690.394287 116.560059 3188.460693 1017986.784036
21642.331543 9701.514282 3114.494629 3204.873047 1997128.804007 16264.421387 9352.469482 -2263.415527 2855.828247 1327880.482619 24571.862793 13270.742188 6044.025879 6774.100952 8241869.253479 14119.490967 12907.86377 -4408.345947 6411.222534 6053728.837355 20233.398438 11763.128662 1705.561523 5266.487427 3064482.992643 16575.766602 9383.807373 -1952.070312 2887.166138 1214630.68116 17335.743408 12391.767578 -1192.093506 5895.126343 3617360.152397 16301.308594 12311.654053 -2226.52832 5815.012817 3877180.242748 17337.406006 12407.895508 -1190.430908 5911.254272 3636005.282089 18532.160645 8351.422729 4.32373 1854.781494 344023.308565 18943.963623 8487.03125 416.126709 1990.390015 413481.384834 18548.129883 9613.94165 20.292969 3117.300415 971797.368218
21554.726562 9725.494995 3015.718994 3281.134644 1986040.560076 16230.695801 9358.043213 -2308.311768 2913.682861 1381785.103274 24590.197754 13289.090576 6051.190186 6844.730225 8346723.450934 14161.966553 12970.325928 -4377.041016 6525.965576 6174671.475384 20287.11792 11757.662354 1748.110352 5313.302002 3128706.79652 16251.137695 9564.674683 -2287.869873 3120.314331 1497071.008058 17231.96167 12201.054688 -1307.045898 5756.694336 3484789.865804 16296.540527 12124.350586 -2242.467041 5679.990234 3729094.749264 17731.408691 12395.274658 -807.598877 5950.914307 3606559.703104 17765.178223 7789.681396 -773.829346 1345.321045 240870.057018 18357.786865 8008.675537 -181.220703 1564.315186 247992.294297 18359.47998 9435.247192 -179.527588 2990.886841 897763.424941
21606.005859 9780.267944 3048.504639 3313.935547 2027554.934085 16274.287109 9535.884399 -2283.214111 3069.552002 1463521.617086 24632.421875 13304.730225 6074.920654 6838.397827 8366834.579835 14160.458984 13037.113037 -4397.042236 6570.78064 6250913.864243 20398.369141 11791.123047 1840.86792 5324.790649 3174219.015868 15978.487549 9690.15686 -2579.013672 3223.824463 1704435.568725 18172.315674 12480.327148 -385.185547 6013.994751 3631650.07703 16469.729004 12103.945312 -2087.772217 5637.612915 3614147.220904 17389.772949 12330.535889 -1167.728271 5864.203491 3575247.190235 15800.858154 8148.427124 -2756.643066 1682.094727 1042852.36647 17378.082275 8486.295166 -1179.418945 2019.962769 547127.863491 17670.209961 9486.161499 -887.29126 3019.829102 990665.35823
21655.661621 9788.370361 3031.168213 3334.918213 2030966.022151 16460.782471 9733.809814 -2163.710938 3280.357666 1544239.143804 24710.085449 13307.744141 6085.592041 6854.291992 8401574.920384 14108.731689 13132.357178 -4515.761719 6678.905029 6499987.62909 20494.82666 11767.687988 1870.333252 5314.23584 3173924.903484 15944.536133 9976.459351 -2679.957275 3523.007202 1959375.074431 18208.664551 12563.907471 -415.828857 6110.455322 3751057.788407 16509.251709 12122.814941 -2115.241699 5669.362793 3661592.192441 17728.969727 12369.733887 -895.523682 5916.281738 3580435.22711 14655.272217 8664.560547 -3969.221191 2211.108398 2064371.721595 15289.533691 8823.433228 -3334.959717 2369.981079 1673876.662796 17052.246094 9482.042236 -1572.247314 3028.590088 1164431.953827
21668.642578 9735.564575 3059.318848 3298.029785 2023643.22754 16391.282959 9556.300659 -2218.040771 3118.765869 1464640.541048 24720.810547 13321.853027 6111.486816 6884.318237 8474410.869959 14026.832275 13244.462891 -4582.491455 6806.928101 6733349.810241 20616.362305 11843.695068 2007.038574 5406.160278 3325477.279329 15486.109619 9912.488403 -3123.214111 3474.953613 2182976.899966 18144.35791 12495.478516 -464.96582 6057.943726 3691487.539642 16580.395508 12272.194824 -2028.928223 5834.660034 3815980.744714 17835.186768 12389.237061 -774.136963 5951.702271 3602204.795408 14210.793457 9236.132202 -4398.530273 2798.597412 2717921.604141 15312.789307 9413.504639 -3296.534424 2975.969849 1972353.574746 16843.621826 9931.331177 -1765.701904 3493.796387 1532431.640669
21655.800781 9763.597412 2978.201904 3368.483887 2021637.027784 16175.893555 9486.143799 -2501.705322 3091.030273 1581299.767076 24754.863281 13387.288818 6077.264404 6992.175293 8582365.796734 14044.533691 13416.834717 -4633.065186 7021.721191 7076986.150337 20693.015137 11926.210938 2015.41626 5531.097412 3465494.128237 15312.167969 10594.486084 -3365.430908 4199.372559 2896085.508376 18089.87915 12410.269775 -587.719727 6015.15625 3652751.91889 16900.311279 12331.182861 -1777.287598 5936.069336 3839567.036584 18470.604248 12518.898926 -206.994629 6123.7854 3754359.440643 15620.281982 10040.509644 -3057.316895 3645.396118 2263609.945191 16634.193115 9853.580322 -2043.405762 3458.466797 1613649.969211 17242.175293 10480.684814 -1435.423584 4085.571289 1875233.362347
21674.589844 9753.683472 2998.406982 3348.75061 2020457.508257 16293.503418 9522.929688 -2382.679443 3117.996826 1539906.553783 24677.897949 13415.167236 6001.715088 7010.234375 8516396.998865 14099.96582 13453.459473 -4576.217041 7048.526611 7062348.979708 20687.260742 11935.837402 2011.077881 5530.904541 3463533.928471 15587.48291 10536.732178 -3088.699951 4131.799316 2661183.297942 17926.567383 11739.602051 -749.615479 5334.669189 2902061.872653 17571.608887 12489.243164 -1104.573975 6084.310303 3823891.552534 19319.178467 12685.887451 642.995605 6280.95459 3986383.390833 17709.663086 11032.384033 -966.519775 4627.451172 2234746.482431 17784.324951 11333.643799 -891.85791 4928.710938 2508760.203734 16980.596924 11638.070068 -1695.585938 5233.137207 3026073.669906
21672.495117 9729.111328 2989.213867 3315.496826 1992791.874814 16217.44873 9437.08313 -2465.83252 3023.468628 1522169.255845 24636.772461 13488.895264 5953.491211 7075.280762 8550365.545586 14261.159668 13595.2771 -4422.121582 7181.662598 7113143.695284 20553.857422 11889.864502 1870.576172 5476.25 3348836.927729 15984.902344 10495.108643 -2698.378906 4081.494141 2393984.314165 17110.080566 12125.545654 -1573.200684 5711.931152 3510111.787997 16734.226074 12421.943359 -1949.055176 6008.328857 3989883.173717 18211.060791 12570.800781 -472.220459 6157.186279 3813393.503985 18324.91333 11049.589844 -358.36792 4635.975342 2162069.493578 18538.890381 11247.589111 -144.390869 4833.974609 2338815.924717 17960.213623 11692.744141 -723.067627 5279.129639 2839203.653505
21576.369629 9741.688843 2926.009521 3322.181396 1959842.095096 16206.497803 9422.728271 -2443.862305 3003.220825 1499179.828916 24558.081055 13609.725342 5907.720947 7190.217896 8660040.017564 14500.880127 13602.813721 -4149.47998 7183.306274 6881807.314035 20740.541992 11740.649414 2090.181885 5321.141968 3268341.21526 16129.326172 10385.170898 -2521.033936 3965.663452 2208209.871988 17396.577148 12502.227783 -1253.782959 6082.720337 3857145.840535 16639.07959 12494.515381 -2011.280518 6075.007935 4095097.072548 18104.129639 12502.927246 -546.230469 6083.4198 3730636.418565 18130.040283 10805.753174 -520.319824 4386.245728 1950988.430183 18600.675049 11174.49585 -49.685059 4754.988403 2261238.332076 18448.133545 11283.093262 -202.226562 4863.585815 2369536.256663
21663.068848 9706.77124 3020.26001 3290.601196 1995002.675961 16123.745117 9423.61084 -2519.063721 3007.440796 1539038.21698 24260.358887 13694.622803 5617.550049 7278.452759 8453274.311301 14569.575195 13761.575928 -4073.233643 7345.405884 7054621.990463 20880.302734 11402.364502 2237.493896 4986.194458 2986851.410987 16309.343262 10442.034912 -2333.465576 4025.864868 2165264.95319 18079.921875 12405.397949 -562.886963 5989.227905 3618769.26343 17203.71582 12699.510498 -1439.093018 6283.340454 4155135.597539 18048.117676 12672.565918 -594.691162 6256.395874 3949614.691079 19082.211914 10580.596924 439.403076 4164.42688 1753552.630124 19685.546875 10869.002686 1042.738037 4452.832642 2091502.114815 19161.396484 11177.205811 518.587646 4761.035767 2293639.471795
21605.246582 9672.920532 2963.015137 3264.508057 1943647.15523 15928.636475 9648.144531 -2713.594971 3239.732056 1785946.145752 23972.727051 13940.014648 5330.495605 7531.602173 8513921.469002 14674.266357 13825.021973 -3967.965088 7416.609497 7075084.337075 21028.361816 11281.931152 2386.130371 4873.518677 2944480.244056 16298.85376 10552.192383 -2343.377686 4143.779907 2266233.089665 17914.959717 11584.779053 -727.271729 5176.366577 2732369.510812 17698.566895 12088.642578 -943.664551 5680.230103 3315551.680219 18316.584473 12356.461182 -325.646973 5948.048706 3548532.93604 18628.599854 9743.638916 -13.631592 3335.22644 1112392.122924 19559.510498 9559.155884 917.279053 3150.743408 1076858.488492 19142.1521 10276.622314 499.920654 3868.209839 1521296.80181
21633.168945 9686.043091 2995.214844 3247.976074 1952066.053892 16023.626709 9557.402344 -2614.327393 3119.335327 1656496.059878 23809.995117 14033.736572 5172.041016 7595.669556 8444420.426615 14748.97583 13870.786133 -3888.978271 7432.719116 7036946.545657 21111.68457 11143.557129 2473.730469 4705.490112 2826097.962902 16553.540039 10572.368164 -2084.414062 4134.301147 2143722.796184 18397.524414 11320.715332 -240.429688 4882.648315 2389806.10068 18348.066406 11425.272217 -289.887695 4987.2052 2495625.058475 19044.534912 11723.151855 406.580811 5285.084839 2809742.970953 18847.113037 9714.662476 209.158936 3276.595459 1077982.526216 19205.880127 10016.170654 567.926025 3578.103638 1312536.56124 18182.991943 10426.350098 -454.962158 3988.283081 1611339.250002
21534.724121 9730.409546 2922.600098 3286.052246 1933973.069488 16014.547119 9536.306152 -2597.576904 3091.948853 1630755.348045 23624.27002 14076.191406 5012.145996 7631.834106 8336649.931446 14930.877686 13869.674072 -3681.246338 7425.316772 6868690.377162 20964.98291 11200.800781 2352.858887 4756.443481 2815969.9533 16824.051514 10890.361328 -1788.07251 4446.004028 2296415.512002 18749.798584 10389.754639 137.674561 3945.397339 1558511.444616 19331.425781 9309.559937 719.301758 2865.202637 872678.116825 20434.719238 9744.846802 1822.595215 3300.489502 1421508.426967 18425.843506 9326.156006 -186.280518 2881.798706 833946.421345 17672.772217 7830.880737 -939.351807 1386.523438 280482.905938 17640.186768 9443.833618 -971.937256 2999.476318 994152.021373
21488.105469 9659.370117 2797.026367 3243.73291 1834515.969117 16011.716309 9640.778198 -2679.362793 3225.140991 1758051.938953 23315.085449 14038.604736 4624.006348 7622.967529 7949106.865588 14971.51001 13917.695312 -3719.569092 7502.058105 7011607.004648 20919.345703 11136.728516 2228.266602 4721.091309 2725387.519172 16832.785645 11061.499023 -1858.293457 4645.861816 2503728.658959 18789.550781 9564.429321 98.47168 3148.792114 992458.845051 19696.923828 8065.038452 1005.844727 1649.401245 373224.808135 20950.595703 8804.882202 2259.516602 2389.244995 1081390.691943 18348.575439 9415.094604 -342.503662 2999.457397 911405.343774 17477.789307 7531.222534 -1213.289795 1115.585327 271660.274861 17465.410156 8745.431519 -1225.668945 2329.794312 693020.589751
21527.990723 9694.872437 2845.592041 3240.662842 1859928.971809 16039.639893 9568.886719 -2642.758789 3114.677124 1668538.760408 23242.333984 14102.762451 4559.935303 7648.552856 7929337.076296 15004.344482 13968.959961 -3678.054199 7514.750366 6999955.575886 20809.101562 11077.72583 2126.702881 4623.516235 2589976.752202 16899.692383 11395.645752 -1782.706299 4941.436157 2759583.304383 18836.121826 9273.166504 153.723145 2818.956909 797014.886098 19888.087158 7584.400024 1205.688477 1130.19043 273101.510987 20715.754395 8127.747192 2033.355713 1673.537598 693526.354591 18431.893311 9540.675049 -250.505371 3086.465454 958902.194031 17560.209961 7539.332886 -1122.188721 1085.123291 243680.008158 17326.401367 9110.43457 -1355.997314 2656.224976 889425.983773
21592.714844 9776.277466 2951.115723 3324.577637 1976190.047108 16018.232422 9571.591187 -2623.366699 3119.891357 1661577.492069 23245.258789 14133.410645 4603.659668 7681.710815 8020236.339037 14940.511475 13989.171143 -3701.087646 7537.471313 7051152.356844 20632.478027 11163.233643 1990.878906 4711.533813 2616214.969488 16921.862793 11515.98999 -1719.736328 5064.290161 2860452.787442 18981.599121 9250.501709 340.0 2798.80188 794889.196284 19695.827637 7828.383789 1054.228516 1376.68396 300665.648877 19565.95459 8856.68335 924.355469 2404.983521 663837.876652 18751.398926 9550.662842 109.799805 3098.963013 961562.775116 17837.211914 7736.132202 -804.387207 1284.432373 229680.529977 17953.0896 10102.7771 -688.509521 3651.077271 1380441.059639
21616.367188 9848.94104 2936.011963 3398.168335 2016771.427897 16089.816895 9582.259521 -2590.53833 3131.486816 1651709.852093 23270.305176 14109.571533 4589.949951 7658.798828 7972484.004395 14992.399902 13956.990967 -3687.955322 7506.218262 6994432.705159 20376.94458 11174.908447 1696.589355 4724.135742 2519587.39517 16984.699707 11542.70874 -1695.655518 5091.936035 2880306.022042 19631.573486 8896.204834 951.218262 2445.432129 688495.447851 19726.235352 8100.905151 1045.880127 1650.132446 381680.233025 18651.905518 9818.768921 -28.449707 3367.996216 1134420.789561 18705.947266 9816.738892 25.592041 3365.966187 1133038.332138 17979.558105 8010.346069 -700.797119 1559.573364 292338.56807 18294.968262 10333.140869 -385.386963 3882.368164 1522130.567249
21598.400879 9817.381592 2912.252197 3399.839478 2004012.133351 16088.248291 9611.154785 -2597.900391 3193.612671 1694824.833133 23259.47998 14084.278564 4573.331299 7666.73645 7969420.696559 14862.459717 13984.276123 -3823.688965 7566.734009 7187606.085963 20309.061279 11290.993652 1622.912598 4873.451538 2638437.51937 16986.956787 11539.658203 -1699.191895 5122.116089 2912332.632227 19004.055176 9367.590332 317.906494 2950.048218 880384.902621 19643.443604 8234.277954 957.294922 1816.73584 421694.267922 19060.13916 9100.889893 373.990479 2683.347778 734022.417744 18777.194824 9830.852661 91.046143 3413.310547 1165897.828949 18179.318848 8158.914185 -506.829834 1741.37207 328925.316788 18388.681641 9836.411133 -297.467041 3418.869019 1177715.200652
21613.186035 9811.038818 2928.922119 3395.512085 2010808.709911 16134.504395 9491.483765 -2549.759521 3075.957031 1596278.52755 23305.185547 14066.143799 4620.921631 7650.617065 7988485.820039 14772.617188 13966.663818 -3911.646729 7551.137085 7232065.140458 20431.643066 11519.783936 1747.37915 5104.257202 2910677.54809 16881.5271 11539.060059 -1802.736816 5123.533325 2950045.376361 18750.964355 9694.954224 66.700439 3279.42749 1075909.361233 19449.915771 8330.2948 765.651855 1914.768066 425255.951191 19180.55542 9380.372925 496.291504 2964.846191 903661.819555 18697.088623 9921.279297 12.824707 3505.752563 1229046.550943 18152.349854 8070.34668 -531.914062 1654.819946 302136.162452 18316.31958 9791.948242 -367.944336 3376.421509 1153560.523936
21637.954102 9818.297119 2940.809326 3384.825439 2010540.274847 16015.649414 9490.365601 -2681.495361 3056.893921 1653501.781645 23381.728516 14105.148926 4684.58374 7671.677246 8079995.65875 14661.494141 14002.900391 -4035.650635 7569.428711 7358272.705585 20579.042969 11538.314209 1881.898193 5104.842529 2960095.805909 16645.528564 11472.1875 -2051.616211 5038.71582 2959778.619485 19894.714355 8742.546387 1197.56958 2309.074707 676599.890178 19488.104248 8158.122559 790.959473 1724.650879 360003.75415 18949.936523 10014.067383 252.791748 3580.595703 1288456.925712 18485.334473 9334.906616 -211.810303 2901.434937 846318.829522 18111.960449 8467.564697 -585.184326 2034.093018 447997.509976 18480.908203 10355.9021 -216.236572 3922.43042 1543221.865431
21690.703125 9682.004395 3009.500732 3244.675903 1958501.637604 16172.39502 9515.371704 -2508.807373 3078.043213 1576846.445548 23438.603516 14170.014648 4757.401123 7732.686157 8242730.065173 14587.958984 14048.687744 -4093.243408 7611.359253 7468743.127596 21012.285156 11599.825439 2331.082764 5162.496948 3208532.15917 16052.110596 11613.956299 -2629.091797 5176.627808 3370959.913499 19768.514404 8989.840698 1087.312012 2552.512207 769756.597787 19481.221924 9009.208984 800.019531 2571.880493 725460.05215 19420.078125 10717.963867 738.875732 4280.635376 1886977.657002 16915.98999 8253.065796 -1765.212402 1815.737305 641287.678502 17733.331299 8834.23645 -947.871094 2396.907959 664362.737421 17594.199219 10686.96167 -1087.003174 4249.633179 1924095.805351
21452.844238 9416.82373 2719.022217 3009.581909 1645066.50835 16085.733643 9459.517822 -2648.088379 3052.276001 1632876.084864 23437.661133 14167.495117 4703.839111 7760.253296 8234763.360176 14595.819092 14105.093994 -4138.00293 7697.852173 7637999.632118 21419.47998 11711.950684 2685.657959 5304.708862 3535269.478647 15561.223145 11624.536133 -3172.598877 5217.294312 3728554.35671 20096.331787 8781.245117 1362.509766 2374.003296 749232.451036 19893.29834 9036.665649 1159.476318 2629.423828 825825.500075 20045.098877 10997.637939 1311.276855 4590.396118 2279118.351334 15877.747803 8150.46814 -2856.074219 1743.226318 1119599.794003 16436.011963 8605.309448 -2297.810059 2198.067627 1011143.235803 16500.754395 10525.29541 -2233.067627 4118.053589 2194495.638733
21320.234375 9661.196899 2581.350098 3242.265625 1717565.470973 16007.82959 9593.169556 -2731.054688 3174.238281 1753444.837227 23729.152832 14366.501465 4990.268555 7947.57019 8806665.217971 14488.0896 14193.099365 -4250.794678 7774.168091 7850694.489658 22101.176758 11751.627197 3362.29248 5332.695923 3974265.652981 14914.814453 11703.323975 -3824.069824 5284.3927 4254831.623038 21301.535645 8588.390503 2562.651367 2169.459229 1127373.537394 21027.224121 8809.243164 2288.339844 2390.31189 1095009.017029 20541.140137 10924.82666 1802.255859 4505.895386 2355121.94099 14390.380859 8649.099731 -4348.503418 2230.168457 2388313.332282 15165.107422 8926.790771 -3573.776855 2507.859497 1906124.026973 15566.367188 10881.304932 -3172.51709 4462.373657 2997764.334206
21446.704102 9783.804321 2695.5896 3363.471069 1857914.092378 15927.376709 9813.94104 -2823.737793 3393.607788 1949006.89428 23744.453125 14516.247559 4993.338623 8095.914307 9047725.906488 14545.13916 14249.277344 -4205.975342 7828.944092 7898259.416828 22279.775391 11873.165283 3528.660889 5452.832031 4218482.482827 14635.548096 11992.602539 -4115.566406 5572.269287 4798807.185232 22449.980469 8225.049438 3698.865967 1804.716187 1693860.995423 21845.078125 8739.066162 3093.963623 2318.73291 1494913.320938 21135.76416 10555.026855 2384.649658 4134.693604 2278224.518732 13316.922607 8550.917358 -5434.191895 2130.584106 3406983.018123 14031.026611 9047.922974 -4720.087891 2627.589722 2918345.74407 14696.773682 10764.543457 -4054.34082 4344.210205 3530984.179316
21703.525391 9714.049683 2957.567139 3304.986572 1967013.962261 15848.526611 9770.159302 -2897.431641 3361.096191 1969207.771998 23725.791016 14602.164307 4979.832764 8193.101196 9192564.156677 14531.938477 14255.244141 -4214.019775 7846.18103 7932051.942721 22520.512695 12274.98291 3774.554443 5865.9198 4865627.634362 14637.850342 12236.843262 -4108.10791 5827.780151 5083957.209416 23106.455078 9043.167114 4360.496826 2634.104004 2595243.647445 22993.962402 8711.550293 4248.00415 2302.487183 2334698.648785 21698.564453 10176.676636 2952.606201 3767.613525 2291279.50559 13734.553223 9432.266846 -5011.405029 3023.203735 3425394.119311 12943.189697 8801.031494 -5802.768555 2391.968384 3939363.564832 12960.479736 9988.624878 -5785.478516 3579.561768 4628502.410267
21888.476562 9651.136475 3165.671387 3250.088501 2058455.059287 15832.747803 9840.157471 -2890.057373 3439.109497 2017990.575234 23652.949219 14649.595947 4930.144043 8248.547974 9234486.395774 14492.197266 14243.831787 -4230.60791 7842.783813 7940730.123441 22420.537109 12644.18335 3697.731934 6243.135376 5264996.077549 14719.250488 12402.144775 -4003.554688 6001.096802 5204161.295987 21732.053223 10465.239258 3009.248047 4064.191284 2557322.460202 22600.67627 8859.645386 3877.871094 2458.597412 2108258.545457 23456.386719 10006.643677 4733.581543 3605.595703 3540711.459833 13486.694336 9318.115845 -5236.11084 2917.067871 3592614.16917 13074.848633 9285.43335 -5647.956543 2884.385376 4021909.210841 13733.060303 10824.609375 -4989.744873 4423.561401 4446544.936976
21886.291504 9699.292603 3174.643555 3306.364136 2101040.549744 15956.660156 9733.483887 -2754.987793 3340.55542 1874926.825298 23599.240723 14722.69165 4887.592773 8329.763184 9327351.781371 14451.234131 14224.501953 -4260.413818 7831.573486 7948466.917543 22234.946289 12702.866211 3523.29834 6309.937744 5222894.552648 14828.251953 12500.528564 -3883.395996 6107.600098 5238354.341537 20498.686523 12394.023438 1787.038574 6001.094971 3920664.771314 22544.558105 9079.694214 3832.910156 2686.765747 2190991.044551 23297.998047 10322.196045 4586.350098 3929.267578 3647375.091878 14519.691162 10133.005371 -4191.956787 3740.076904 3156067.695505 13665.563965 9523.717651 -5046.083984 3130.789185 3526480.449559 13583.736572 10729.571533 -5127.911377 4336.643066 4510194.817529
21709.240723 9709.529419 3019.145508 3263.167114 1976349.921292 15975.123291 9676.900635 -2714.971924 3230.53833 1780745.044928 23555.693359 14770.791016 4865.598145 8324.428711 9297015.866755 14536.638184 14212.133789 -4153.457031 7765.771484 7755841.205797 22133.427734 13102.178955 3443.33252 6655.81665 5615643.412368 14753.548584 12754.753418 -3936.546631 6308.391113 5529219.781506 20666.010742 12000.872803 1975.915527 5554.510498 3475682.904411 22125.383301 9302.334595 3435.288086 2855.97229 1995778.195486 23054.716797 10542.637939 4364.621582 4096.275635 3582939.563031 15072.158203 10914.177246 -3617.937012 4467.814941 3305083.857142 14269.599609 10120.923462 -4420.495605 3674.561157 3304318.109617 13797.147217 10934.178467 -4892.947998 4487.816162 4408143.401648
21682.792969 9821.45813 3009.765625 3380.339355 2048538.327556 16092.745361 9613.817749 -2580.281982 3172.698975 1672387.38923 23412.95166 14826.695557 4739.924316 8385.576782 9278478.049588 14500.269775 14246.473389 -4172.757568 7805.354614 7833546.637862 22131.755371 13335.668945 3458.728027 6894.550171 5949762.162617 14555.720215 13029.362793 -4117.307129 6588.244019 6035717.724176 20493.779297 12162.276611 1820.751953 5721.157837 3604678.466969 21504.978027 9917.41272 2831.950684 3476.293945 2010456.426852 22854.367676 10784.765625 4181.340332 4343.646851 3635087.493488 14245.203857 11082.025146 -4427.823486 4640.906372 4114363.27804 14528.662109 10958.717041 -4144.365234 4517.598267 3758445.72943 15319.897461 11487.48291 -3353.129883 5046.364136 3670927.100152
21680.388184 9928.883667 2994.050293 3431.109009 2073684.618702 16111.248779 9638.604126 -2575.089111 3140.829468 1649589.367691 23279.389648 14910.092773 4593.051758 8412.318115 9186322.052184 14577.718506 14173.916016 -4108.619385 7676.141357 7580389.938799 22139.987793 13630.351562 3453.649902 7132.576904 6280135.094367 14324.908447 13228.826904 -4361.429443 6731.052246 6432913.112905 20492.426758 12008.125 1806.088867 5510.350342 3362591.788552 21680.595703 10455.797119 2994.257812 3958.022461 2463152.1649 22820.283203 11411.652832 4133.945312 4913.878174 4123570.255397 14617.363281 11987.149658 -4068.974609 5489.375 4668979.226236 14632.44751 12258.69873 -4053.890381 5760.924072 4962227.338643 14622.097168 13112.980957 -4064.240723 6615.206299 6027900.702775
21602.565918 9969.862061 2915.970459 3526.809692 2094127.032395 16149.857178 9639.484863 -2536.738281 3196.432495 1665222.18034 23184.592285 14868.707275 4497.996826 8425.654907 9122363.606392 14925.9729 13353.22998 -3760.622559 6910.177612 6189283.66618 22215.874023 13777.028809 3529.278564 7333.97644 6624301.761429 14382.900391 13287.039795 -4303.695068 6843.987427 6536195.513904 20541.523438 13234.274902 1854.927979 6791.222534 4956146.131423 21477.805176 11982.814941 2791.209717 5539.762573 3847982.105104 23082.546387 13111.727295 4395.950928 6668.674927 6379560.983782 14271.184082 14481.427002 -4415.411377 8038.374634 8411132.438087 13029.27002 14453.659668 -5657.325439 8010.6073 9617516.043957 12696.166992 14403.710938 -5990.428467 7960.658569 9925731.807335
21621.291504 10003.884888 2923.371582 3574.623413 2132403.395201 16166.816406 9638.568115 -2531.103516 3209.306641 1670613.412037 23253.039551 14706.289062 4555.119629 8277.027588 8925830.052435 14808.182373 13388.284912 -3889.737549 6959.023438 6355806.540244 21935.734863 13767.651367 3237.814941 7338.389893 6433541.181029 13974.624023 14280.535889 -4723.295898 7851.274414 8395203.406911 21024.938965 15340.494385 2327.019043 8911.23291 8482508.960539 21276.008301 15373.614502 2578.088379 8944.353027 8664799.07672 22383.256836 15075.194092 3685.336914 8645.932617 8833385.89911 13490.59082 15889.888916 -5207.329102 9460.627441 11661974.795707 12344.525146 15995.915527 -6353.394775 9566.654053 13188649.493666 11939.82666 15881.293945 -6758.093262 9452.032471 13501274.236131
21580.81543 10017.927246 2887.592773 3576.044922 2112628.930848 16194.277344 9603.884277 -2498.945312 3162.001953 1624298.402643 22787.016602 14145.69458 4093.793945 7703.812256 7610787.214021 14848.24585 13609.975586 -3844.976807 7168.093262 6616540.76523 22607.734375 14558.657227 3914.511719 8116.774902 8120543.681155 13447.946777 15201.905518 -5245.275879 8760.023193 10425092.539403 21458.198242 16436.099854 2764.975586 9994.217529 10752947.401374 22292.631836 16646.324463 3599.40918 10204.442139 11708638.580432 23727.944336 16394.432373 5034.72168 9952.550049 12440167.486634 13130.351562 16557.29126 -5562.871094 10115.408936 13326703.273902 11268.464355 17225.334473 -7424.758301 10783.452148 17140987.606266 11266.722412 17305.460205 -7426.500244 10863.577881 17317023.024972
21537.595215 9977.434082 2852.194824 3564.185181 2083843.131737 16159.294434 9556.877441 -2526.105957 3143.62854 1626361.17039 22760.90332 13532.680664 4075.50293 7119.431763 6729603.275357 14946.363525 13285.664062 -3739.036865 6872.415161 6121048.682655 22733.359375 14905.616455 4047.958984 8492.367554 8850627.86065 12918.399658 15861.356201 -5767.000732 9448.1073 12252502.899638 22289.819336 17201.401367 3604.418945 10788.152466 12937606.955911 23236.628418 17683.665771 4551.228027 11270.41687 14773597.29831 24400.805664 17398.430176 5715.405273 10985.181274 15334006.507137 11272.612305 18134.136963 -7412.788086 11720.888062 19232864.415778 10088.850098 18217.13501 -8596.550293 11803.886108 21323240.419958 10677.510986 18074.241943 -8007.889404 11660.993042 20010505.143684
21571.875 9984.412842 2902.524414 3561.546631 2110926.237801 16165.151367 9598.621826 -2504.199219 3175.755615 1635643.745488 22875.585938 13767.940674 4206.235352 7345.074463 7164253.469814 14917.182617 13414.846191 -3752.167969 6991.97998 6296654.851299 22976.281738 15602.543945 4306.931152 9179.677734 10281613.925801 12719.511719 16324.720459 -5949.838867 9901.854248 13344730.009506 22920.212402 18030.389404 4250.861816 11607.523193 15280442.086656 23825.441895 18636.550293 5156.091309 12213.684082 17575935.643822 25166.51123 18260.950928 6497.160645 11838.084717 18235334.620291 11247.520752 18474.436035 -7421.829834 12051.569824 20032389.331264 10254.136963 18452.364502 -8415.213623 12029.498291 21552464.945506 10094.662476 18285.252686 -8574.68811 11862.386475 21424148.90628
21488.156738 9983.701782 2812.435303 3578.92395 2071848.897335 16126.759033 9666.904907 -2548.962402 3262.127075 1713868.238328 22829.311523 13836.369629 4153.590088 7431.591797 7248086.72536 14885.993652 13553.266602 -3789.727783 7148.48877 6546292.83589 23291.572266 16077.758789 4615.85083 9672.980957 11487263.948062 12601.689453 16563.031006 -6074.031982 10158.253174 14008397.206707 23346.088867 18754.863281 4670.367432 12350.085449 17433694.254953 24265.483398 19465.791016 5589.761963 13061.013184 20183550.418379 25732.492676 18830.980225 7056.77124 12426.202393 20420852.623831 11113.051758 18634.907227 -7562.669678 12230.129395 20677003.76615 9941.84021 18519.680176 -8733.881226 12114.902344 22305154.006124 9903.046875 18265.29541 -8772.674561 11860.517578 21763169.616628
21521.520996 10012.385254 2861.162109 3591.222534 2108312.790612 16185.496826 9614.678955 -2474.862061 3193.516235 1632348.816419 22826.594238 13916.411133 4166.235352 7495.248413 7353626.577848 14951.722412 13570.46875 -3708.636475 7149.30603 6486656.121531 23598.129883 16517.832031 4937.770996 10096.669312 12632431.359612 12677.362061 16540.471191 -5982.996826 10119.308472 13819665.496699 23748.786621 19129.135742 5088.427734 12707.973022 18738467.514755 24935.03418 20188.817139 6274.675293 13767.654419 22891985.82317 26247.456055 19259.613037 7587.097168 12838.450317 22238984.998811 11347.836914 18553.61084 -7312.521973 12132.44812 20066927.498792 10336.965332 18675.501709 -8323.393555 12254.338989 21944770.432986 9769.799194 17945.255127 -8890.559692 11524.092407 21184675.745412
21478.618164 10033.130493 2851.5625 3592.022095 2103403.142041 16175.83374 9639.661255 -2451.221924 3198.552856 1623922.929533 22801.755371 13904.862061 4174.699707 7463.753662 7313573.637254 14969.555664 13556.676025 -3657.5 7115.567627 6400860.890374 23769.282227 16909.240723 5142.226562 10468.132324 13602428.837743 12602.019043 16638.568115 -6025.036621 10197.459717 14028925.096122 23852.524414 19834.250488 5225.46875 13393.14209 20668177.869597 25321.162109 20839.157715 6694.106445 14398.049316 25211488.521884 26554.262695 19952.58667 7927.207031 13511.478271 24540065.639709 11235.761719 18536.606445 -7391.293945 12095.498047 20093229.918797 10230.137329 18573.265381 -8396.918335 12132.156982 21769747.057013 9851.871948 18000.498047 -8775.183716 11559.389648 21062333.82908
21483.903809 10126.622925 2929.295654 3702.644043 2229034.593921 16228.468018 9682.451782 -2326.140137 3258.4729 1602857.357823 22944.912109 14026.053467 4390.303955 7602.074585 7706630.681328 15015.97168 13700.83252 -3538.636475 7276.853638 6547454.696388 24002.241211 17171.296387 5447.633057 10747.317505 14518153.947056 12529.326172 16810.592041 -6025.281982 10386.613159 14418575.588614 23867.841797 19980.477295 5313.233643 13556.498413 21200910.096463 25542.473145 21231.101074 6987.86499 14807.122192 26808112.47419 26669.794922 20158.42041 8115.186768 13734.441528 25449114.036752 10939.870605 18682.366943 -7614.737549 12258.388062 20825230.580443 9857.578735 18491.448975 -8697.029419 12067.470093 22126215.515398 9870.489502 18192.769775 -8684.118652 11768.790894 21391835.58642
21435.275879 10112.406616 2864.471436 3665.751343 2164292.951211 16241.268311 9708.438721 -2329.536133 3261.783447 1606596.985094 23016.130371 14137.385254 4445.325928 7690.72998 7890825.023627 15033.789062 13760.135498 -3537.015381 7313.480225 6599747.080019 24107.456055 17327.731934 5536.651611 10881.07666 14905234.034942 12545.852051 16822.08252 -6024.952393 10375.427246 14394954.187182 23935.981445 20201.763916 5365.177002 13755.108643 21798813.803141 25289.941406 21303.886719 6719.136963 14857.231445 26588412.774567 26616.396484 20432.451172 8045.592041 13985.795898 26033403.820321 11079.63623 18677.601318 -7491.168213 12230.946045 20571364.234761 9951.259766 18570.800781 -8619.544678 12124.145508 22129145.474607 10179.697266 18465.374756 -8391.107178 12018.719482 21486029.766537
21359.733887 10062.455444 2827.236328 3621.392212 2110774.680758 16130.462646 9728.435669 -2402.034912 3287.372437 1657658.925541 22937.539062 14115.993652 4405.041504 7674.93042 7830894.760178 14874.036865 13875.826416 -3658.460693 7434.763184 6866003.824098 24204.555664 17390.413818 5672.058105 10949.350586 15206052.140558 12554.27124 16857.330322 -5978.226318 10416.26709 14423781.000049 24006.484375 20462.399902 5473.986816 14021.33667 22656241.367749 25525.622559 21459.570312 6993.125 15018.50708 27445935.217998 26755.556641 20806.352539 8223.059082 14365.289307 27398023.753006 11108.834229 18655.877686 -7423.66333 12214.814453 20431246.936262 10211.37146 18858.87207 -8321.126099 12417.808838 22344311.588374 10060.526123 18457.006836 -8471.971436 12015.943604 21615720.068759
21338.696289 9996.060181 2818.990479 3551.323242 2055860.408846 16118.513184 9754.404907 -2401.192627 3309.667969 1671962.80951 22905.488281 14054.282227 4385.782471 7609.545288 7714026.737176 14976.977539 13803.181152 -3542.728271 7358.444214 6669762.485417 24282.416992 17440.157471 5762.711182 10995.420532 15410811.284352 12596.600342 16818.009033 -5923.105469 10373.272095 14268795.234517 24065.861816 20599.780273 5546.156006 14155.043335 23112509.825595 25601.755371 21588.713379 7082.049561 15143.97644 27949544.840633 26756.455078 20984.411621 8236.749268 14539.674683 27924617.837329 11225.950928 18597.855225 -7293.754883 12153.118286 20089714.436729 10448.088379 18802.928467 -8071.617432 12358.191528 21787590.581341 10142.43042 18415.456543 -8377.275391 11970.719604 21347687.081974
21371.97998 10006.068726 2887.475586 3533.544922 2082345.497429 16092.674561 9760.248413 -2391.829834 3287.724609 1652998.306183 22902.011719 14079.42627 4417.507324 7606.902466 7737933.608403 14879.033203 13918.283691 -3605.471191 7445.759888 6843876.281727 24327.194824 17494.682617 5842.69043 11022.158813 15562501.636666 12643.730469 16954.111328 -5840.773926 10481.587524 14397831.708404 24074.543457 20759.362793 5590.039062 14286.838989 23536230.502525 25667.924805 21632.79541 7183.42041 15160.271606 28143536.397024 26715.185547 21046.59668 8230.681152 14574.072876 28014771.242582 11286.090088 18545.554199 -7198.414307 12073.030396 19757523.14609 10567.253418 18792.161865 -7917.250977 12319.638062 21445634.499282 10151.231689 18405.834961 -8333.272705 11933.311157 21184734.915239
21339.226074 9988.942871 2876.972656 3487.872314 2044222.494674 16075.252686 9807.853394 -2387.000732 3306.782837 1663258.522709 22966.225586 14115.690918 4503.972168 7614.620361 7826820.853699 14868.138428 13983.696289 -3594.11499 7482.625732 6890735.041453 24398.781738 17598.518066 5936.52832 11097.44751 15839570.972988 12597.651367 17008.24585 -5864.602051 10507.175293 14479428.98512 24082.687988 20968.312988 5620.43457 14467.242432 24089038.833503 25522.661133 21619.780273 7060.407715 15118.709717 27842474.060059 26711.57959 21007.583008 8249.326172 14506.512451 27849028.578599 11205.291748 18577.891846 -7256.96167 12076.821289 19851310.512667 10497.634277 18779.213867 -7964.619141 12278.143311 21418796.120954 10158.013916 18392.244873 -8304.239502 11891.174316 21036042.032896
21289.736328 9957.651978 2852.741699 3455.966187 2008183.748485 16018.868408 9793.208618 -2418.126221 3291.522827 1668145.694089 22985.688477 14142.416992 4548.693848 7640.731201 7907138.900827 14917.012939 13955.06958 -3519.981689 7453.383789 6794320.100114 24531.794434 17743.693848 6094.799805 11242.008057 16352932.980479 12601.697998 16914.249268 -5835.296631 10412.563477 14247216.492356 24181.469727 21088.562012 5744.475098 14586.876221 24577595.202571 25550.297852 21659.941406 7113.303223 15158.255615 28037179.603424 26732.973633 20979.277344 8295.979004 14477.591553 27842392.480106 11154.680176 18633.061523 -7282.314453 12131.375732 20020238.095539 10363.97583 18786.014404 -8073.018799 12284.328613 21607836.200531 10256.990967 18404.000244 -8180.003662 11902.314453 20857754.925319
]