alphapose_11-08-20_Colby_4KDepth.monkey_below_bed.0000000003 [ 21449.196777 9700.45166 2865.019531 3358.904419 1949057.581005 0.0 0.0 16155.195312 9700.976562 -2428.981934 3359.429321 1718571.859846 0.0 0.0 22927.229004 13451.639404 4343.051758 7110.092163 6941550.913861 0.0 0.0 14867.62085 13916.037598 -3716.556396 7574.490356 7118569.560813 0.0 0.0 23343.464355 15854.737549 4759.287109 9513.190308 11315160.36184 0.0 0.0 12611.824951 17087.475586 -5972.352295 10745.928345 15114396.792466 0.0 0.0 21938.991699 17029.217529 3354.814453 10687.670288 12548107.620173 0.0 0.0 23634.353027 18928.720703 5050.175781 12587.173462 18394121.118184 0.0 0.0 23919.494629 18805.65918 5335.317383 12464.111938 18381969.799022 0.0 0.0 11214.787598 18776.790771 -7369.389648 12435.24353 20894318.544771 0.0 0.0 10340.3479 18731.367188 -8243.829346 12389.819946 22146836.058254 0.0 0.0 10311.729736 18350.723877 -8272.44751 12009.176636 21265371.127028 0.0 0.0
21451.875 9692.41394 2818.480225 3377.350464 1935032.69323 2.678223 -8.03772 16183.381348 9702.209473 -2450.013428 3387.145996 1747532.379493 28.186035 1.23291 22966.804199 13495.445557 4333.409424 7180.38208 7033632.405043 39.575195 43.806152 14909.434814 13872.34375 -3723.959961 7557.280273 7098036.292195 41.813965 -43.693848 23380.27832 15875.67627 4746.883545 9560.612793 11393822.036613 36.813965 20.938721 12650.894775 17015.032959 -5982.5 10699.969482 15027965.317476 39.069824 -72.442627 22148.005371 17093.789062 3514.610596 10778.725586 12853341.289637 209.013672 64.571533 23683.88916 19022.623291 5050.494385 12707.559814 18698956.996845 49.536133 93.902588 23914.709473 18867.562256 5281.314697 12552.498779 18545751.05358 -4.785156 61.903076 11225.147705 18679.012451 -7408.24707 12363.948975 20774935.890154 10.360107 -97.77832 10541.544189 18775.064697 -8091.850586 12460.001221 22072967.632506 201.196289 43.69751 10290.788574 18303.266602 -8342.606201 11988.203125 21331609.239409 -20.941162 -47.457275
21468.718262 9702.360229 2807.648926 3383.452759 1933064.50614 16.843262 9.946289 16232.55127 9689.032593 -2428.518066 3370.125122 1725544.333727 49.169922 -13.17688 22967.006836 13505.463867 4305.9375 7186.556396 7018769.059376 0.202637 10.018311 14886.251221 13889.827881 -3774.818115 7570.92041 7156808.766002 -23.183594 17.484131 23402.348633 15895.3479 4741.279297 9576.44043 11418794.067433 22.070312 19.671631 12619.337158 17058.682861 -6041.732178 10739.775391 15184530.314855 -31.557617 43.649902 22131.442871 17010.900879 3470.373535 10691.993408 12636221.551457 -16.5625 -82.888184 23654.797363 18944.649658 4993.728027 12625.742188 18434668.53963 -29.091797 -77.973633 23861.501465 18812.232666 5200.432129 12493.325195 18312766.876319 -53.208008 -55.32959 11183.166504 18712.789307 -7477.902832 12393.881836 20952733.772848 -41.981201 33.776855 10427.840576 18700.432129 -8233.22876 12381.524658 22108820.867232 -113.703613 -74.632568 10329.082031 18319.674072 -8331.987305 12000.766602 21344041.147065 38.293457 16.407471
21479.619141 9700.933228 2760.845947 3386.956177 1909374.248781 10.900879 -1.427002 16209.27002 9703.078613 -2509.503174 3389.101562 1778361.558039 -23.28125 14.046021 22946.608887 13443.874512 4227.835693 7129.897461 6871003.245353 -20.397949 -61.589355 14849.65332 13943.741455 -3869.119873 7629.764404 7318339.345708 -36.5979 53.913574 23444.033203 15876.502686 4725.26001 9562.525635 11376997.867544 41.68457 -18.845215 12620.046387 17029.954834 -6098.726807 10715.977783 15202664.851214 0.709229 -28.728027 22165.695801 16962.681885 3446.922607 10648.704834 12527619.010288 34.25293 -48.218994 23410.202637 18567.416992 4691.429443 12253.439941 17215630.061967 -244.594727 -377.232666 23833.066406 18713.033447 5114.293213 12399.056396 17989259.459062 -28.435059 -99.199219 11186.661377 18647.380371 -7532.111816 12333.40332 20884554.587634 3.494873 -65.408936 10459.005127 18766.73584 -8259.768066 12452.758789 22329496.99694 31.164551 66.303711 10291.235352 18358.901367 -8427.537842 12044.924316 21610359.586287 -37.84668 39.227295
21493.359375 9742.421875 2757.064209 3437.188721 1941566.935419 13.740234 41.488647 16275.070801 9673.427124 -2461.224365 3368.19397 1740235.599373 65.800781 -29.651489 22863.613281 13376.31958 4127.318115 7071.086426 6703501.806521 -82.995605 -67.554932 14913.353271 13833.942871 -3822.941895 7528.709717 7129635.472875 63.699951 -109.798584 23486.877441 15955.206299 4750.582275 9649.973145 11569001.364543 42.844238 78.703613 12706.912842 16867.137451 -6029.382324 10561.904297 14790727.358795 86.866455 -162.817383 22297.902832 16993.28125 3561.607666 10688.048096 12691942.126268 132.207031 30.599365 23494.040527 19030.084229 4757.745361 12724.851074 18455797.578429 83.837891 462.667236 23806.09375 19051.789551 5069.798584 12746.556396 18817755.765093 -26.972656 338.756104 11254.381104 18560.921631 -7481.914062 12255.688477 20618093.807318 67.719727 -86.45874 10459.591064 18775.535889 -8276.704102 12470.302734 22401228.107178 0.585938 8.800049 10321.779785 18379.195557 -8414.515381 12073.962402 21658463.718793 30.544434 20.294189
21484.01123 9719.088135 2709.349365 3393.991699 1885975.363726 -9.348145 -23.33374 16290.623779 9667.404785 -2484.038086 3342.30835 1734147.031626 15.552979 -6.022339 22920.776367 13385.626221 4146.114502 7060.529785 6704134.631038 57.163086 9.306641 14887.772217 13858.02124 -3886.889648 7532.924805 7185286.725221 -25.581055 24.078369 23541.750488 15880.88501 4767.088623 9555.788574 11403822.921515 54.873047 -74.321289 12691.503906 16899.312744 -6083.157959 10574.216309 14881886.129488 -15.408936 32.175293 22330.244141 16986.696777 3555.582275 10661.600342 12631188.716528 32.341309 -6.584473 23524.443359 18944.375 4749.781494 12619.278564 18180661.572935 30.402832 -85.709229 23763.017578 18851.19751 4988.355713 12526.101074 18178690.083987 -43.076172 -200.592041 11227.305908 18614.145508 -7547.355957 12289.049072 20798330.904269 -27.075195 53.223877 10311.966553 18739.13208 -8462.695312 12414.035645 22572549.29359 -147.624512 -36.403809 10261.397705 18335.672607 -8513.26416 12010.576172 21672960.664101 -60.38208 -43.522949
21446.142578 9669.597168 2651.837158 3357.62146 1830586.218202 -37.868652 -49.490967 16300.294189 9661.795654 -2494.01123 3349.819946 1744138.569026 9.67041 -5.609131 22947.138672 13247.080078 4152.833252 6935.10437 6534169.664295 26.362305 -138.546143 14928.253174 13708.175049 -3866.052246 7396.199341 6965012.465868 40.480957 -149.846191 23608.649902 15627.357178 4814.344482 9315.38147 10995424.472195 66.899414 -253.527832 12635.560303 16757.434082 -6158.745117 10445.458374 14703774.206194 -55.943604 -141.878662 22397.382812 16965.612793 3603.077393 10653.637085 12648214.983496 67.138672 -21.083984 23606.933594 18871.608887 4812.628174 12559.633179 18090577.55233 82.490234 -72.766113 23790.10498 18579.377441 4995.799561 12267.401733 17544715.853775 27.087402 -271.820068 11343.81958 18571.04126 -7450.48584 12259.065552 20579442.745201 116.513672 -43.104248 10011.046753 18474.488525 -8783.258667 12162.512817 22507235.084429 -300.9198 -264.643555 10085.661011 18077.470703 -8708.644409 11765.494995 21426735.992566 -175.736694 -258.201904
21449.035645 9636.326904 2631.621094 3332.075195 1802815.468829 2.893066 -33.270264 16313.52417 9594.37561 -2503.890381 3290.123901 1709438.232571 13.22998 -67.420044 23008.691406 13092.003174 4191.276855 6787.751465 6364037.162768 61.552734 -155.076904 14937.346191 13604.040527 -3880.068359 7299.788818 6834184.726607 9.093018 -104.134521 23634.70459 15358.851318 4817.290039 9054.599609 10519205.740654 26.054688 -268.505859 12700.186768 16503.015137 -6117.227783 10198.763428 14143525.120648 64.626465 -254.418945 22445.349121 16953.498535 3627.93457 10649.246826 12656836.72112 47.966309 -12.114258 23746.401367 18892.971191 4928.986816 12588.719482 18277076.924341 139.467773 21.362305 23930.388184 18688.068848 5112.973633 12383.817139 17950142.62939 140.283203 108.691406 11692.260742 18100.469971 -7125.153809 11796.218262 18991858.207422 348.441162 -470.571289 9937.627563 17850.144043 -8879.786987 11545.892334 21215824.672786 -73.419189 -624.344482 10256.112061 17642.04834 -8561.30249 11337.796631 20184153.277202 170.45105 -435.422363
21387.006836 9642.006836 2610.994873 3342.789307 1799153.457567 -62.028809 5.679932 16284.373779 9549.238281 -2491.638184 3250.020752 1677089.572607 -29.150391 -45.137329 23386.040039 13043.461914 4610.028076 6744.244385 6673719.118454 377.348633 -48.54126 15097.537842 13259.324951 -3678.474121 6960.107422 6197426.71836 160.19165 -344.715576 23671.279297 15049.846191 4895.267334 8750.628662 10053714.42533 36.574707 -309.005127 12985.498047 15826.256104 -5790.513916 9527.038574 12429451.540622 285.311279 -676.759033 22501.564941 16762.998047 3725.552979 10463.780518 12337044.771577 56.21582 -190.500488 23991.469727 18579.083252 5215.457764 12279.865723 17799610.185111 245.068359 -313.887939 24088.833008 18380.427246 5312.821045 12081.209717 17418169.567659 158.444824 -307.641602 12053.916016 17730.588379 -6722.095947 11431.37085 17586281.342554 361.655273 -369.881592 10409.620361 17668.87207 -8366.391602 11369.654541 19926555.281273 471.992798 -181.271973 10811.73584 17419.335938 -7964.276123 11120.118408 18708672.757659 555.623779 -222.712402
21445.803223 9535.22522 2696.612549 3295.07019 1812920.679836 58.796387 -106.781616 16352.470703 9475.180664 -2396.719971 3235.025635 1620965.747556 68.096924 -74.057617 23659.824219 12746.704102 4910.633545 6506.549072 6644950.264231 273.78418 -296.757812 15076.557617 12885.924072 -3672.633057 6645.769043 5765447.974121 -20.980225 -373.400879 23680.231934 14815.97168 4931.04126 8575.81665 9785979.912663 8.952637 -233.874512 13315.258789 15210.639648 -5433.931885 8970.484619 10999721.003051 329.760742 -615.616455 22583.654785 16589.564209 3834.464111 10349.40918 12181338.538966 82.089844 -173.433838 23975.202637 18318.699951 5226.011963 12078.544922 17320244.846603 -16.26709 -260.383301 23772.890625 17559.191895 5023.699951 11319.036865 15335815.675594 -315.942383 -821.235352 12760.482178 16976.04248 -5988.708496 10735.887451 15112390.881542 706.566162 -754.545898 11343.7146 17049.991455 -7405.476074 10809.836426 17169363.943797 934.094238 -618.880615 11837.021484 16852.792969 -6912.169189 10612.637939 16040616.693754 1025.285645 -566.542969
21450.031738 9615.080566 2726.744385 3408.000488 1904960.226798 4.228516 79.855347 16307.808838 9395.928345 -2415.478516 3188.848267 1600328.972685 -44.661865 -79.252319 24090.622559 12489.310303 5367.335205 6282.230225 6827470.379867 430.79834 -257.393799 15135.708008 12339.517822 -3587.579346 6132.437744 5047751.824748 59.150391 -546.40625 23690.383301 14549.517822 4967.095947 8342.437744 9426830.96642 10.151367 -266.453857 13682.412109 14308.955078 -5040.875244 8101.875 9105080.174261 367.15332 -901.68457 22459.489746 16251.778564 3736.202393 10044.698486 11485517.599955 -124.165039 -337.785645 23914.143066 17658.007812 5190.855713 11450.927734 15806872.900993 -61.05957 -660.692139 23802.84668 17305.483398 5079.559326 11098.40332 14897647.920842 29.956055 -253.708496 13199.627686 16089.580078 -5523.659668 9882.5 12817462.237754 439.145508 -886.462402 12069.16626 16462.523193 -6654.121094 10255.443115 14945144.10201 725.45166 -587.468262 12366.278076 16245.614014 -6357.009277 10038.533936 14118373.052736 529.256592 -607.178955
21462.380371 9673.87085 2793.494873 3486.362915 1995833.99811 12.348633 58.790283 16312.416992 9337.128906 -2356.468506 3149.620972 1547305.608435 4.608154 -58.799438 24278.29834 11972.950439 5609.412842 5785.442505 6493685.740702 187.675781 -516.359863 15151.947021 11831.660156 -3516.938477 5644.152222 4422531.054942 16.239014 -507.857666 23681.413574 14202.86377 5012.528076 8015.355835 8937136.687545 -8.969727 -346.654053 14036.281738 13581.142578 -4632.60376 7393.634644 7612685.083737 353.869629 -727.8125 22383.564453 15885.476074 3714.678955 9697.96814 10784942.577694 -75.925293 -366.30249 23637.409668 17164.993896 4968.52417 10977.485962 14519143.047112 -276.733398 -493.013916 23741.281738 16993.037109 5072.39624 10805.529175 14248866.43655 -61.564941 -312.446289 14437.72583 15153.793945 -4231.159668 8966.286011 9829699.696228 1238.098145 -935.786133 13510.421143 15745.187988 -5158.464355 9557.680054 11795900.251575 1441.254883 -717.335205 13318.477783 15512.36084 -5350.407715 9324.852905 11557974.442005 952.199707 -733.253174
21405.039062 9475.594482 2724.604492 3287.487183 1823104.161472 -57.341309 -198.276367 16269.577637 9235.758057 -2410.856934 3047.650757 1510040.62899 -42.839355 -101.37085 24506.147461 11500.380859 5825.712891 5312.27356 6215918.10557 227.849121 -472.56958 15067.600098 11410.371094 -3612.834473 5222.263794 4032461.206037 -84.346924 -421.289062 23641.38916 13785.55542 4960.95459 7597.44812 8233228.838036 -40.024414 -417.30835 14310.058594 13104.511719 -4370.375977 6916.404419 6693683.626292 273.776855 -476.630859 22137.810059 15512.954102 3457.375488 9324.846802 9890621.314322 -245.754395 -372.521973 23529.387207 16844.101562 4848.952637 10655.994263 13706255.539974 -108.022461 -320.892334 23458.867188 16307.103271 4778.432617 10118.995972 12522749.775187 -282.414551 -685.933838 15021.674805 14242.510986 -3658.759766 8054.403687 7825994.176804 583.948975 -911.282959 14871.419678 15559.25293 -3809.014893 9371.14563 10232696.486835 1360.998535 -185.935059 14246.469727 15414.440918 -4433.964844 9226.333618 10478527.626928 927.991943 -97.919922
21380.493164 9364.454346 2683.189697 3134.044189 1702173.993296 -24.545898 -111.140137 16301.680908 9144.696045 -2395.622559 2914.285889 1423206.968416 32.103271 -91.062012 24460.917969 11095.062256 5763.614502 4864.6521 5688409.217736 -45.229492 -405.318604 14883.459473 11294.854736 -3813.843994 5064.44458 4019400.491633 -184.140625 -115.516357 23504.951172 13531.789551 4807.647705 7301.379395 7642361.751903 -136.437988 -253.765869 14522.821045 12940.0 -4174.482422 6709.589844 6244489.93619 212.762451 -164.511719 22008.913574 15021.78833 3311.610107 8791.378174 8825509.169884 -128.896484 -491.165771 22993.237305 15805.123291 4295.933838 9574.713135 11013017.915259 -536.149902 -1038.978271 23074.538574 15423.848877 4377.235107 9193.438721 10367950.269697 -384.328613 -883.254395 15535.34668 13502.093506 -3161.956787 7271.68335 6287534.946053 513.671875 -740.41748 15546.37207 15108.221436 -3150.931396 8877.811279 8874390.177616 674.952393 -451.031494 15382.849121 15229.827881 -3314.454346 8999.417725 9197512.699176 1136.379395 -184.613037
21412.878418 9310.62561 2692.624512 3060.148926 1661473.820907 32.385254 -53.828735 16317.911377 9098.208618 -2402.342529 2847.731934 1388082.679368 16.230469 -46.487427 24493.066406 10765.020752 5772.8125 4514.544067 5370647.22965 32.148438 -330.041504 14831.730957 10936.696777 -3888.522949 4686.220093 3708126.948451 -51.728516 -358.157959 23488.068848 13173.232422 4767.814941 6922.755737 7065660.631388 -16.882324 -358.557129 14655.601807 12475.172119 -4064.6521 6224.695435 5526822.994402 132.780762 -464.827881 22208.630371 14858.171387 3488.376465 8607.694702 8626117.844587 199.716797 -163.616943 22740.488281 15382.340088 4020.234375 9131.863403 9955321.364683 -252.749023 -422.783203 22952.365723 14897.299805 4232.111816 8646.82312 9267832.049716 -122.172852 -526.549072 15795.650635 13416.237793 -2924.603271 7165.761108 5990143.655821 260.303955 -85.855713 15675.344238 14962.092285 -3044.909668 8711.615601 8516372.125846 128.972168 -146.12915 15500.772705 14832.663574 -3219.481201 8582.18689 8401899.101355 117.923584 -397.164307
21441.179199 9331.509399 2680.629883 3038.862305 1642046.067548 28.300781 20.883789 16283.233643 9019.467773 -2477.315674 2726.820679 1357264.396164 -34.677734 -78.740845 24386.237793 10523.999023 5625.688477 4231.351929 4955270.997993 -106.828613 -241.021729 14865.609131 10738.746338 -3894.940186 4446.099243 3493835.752905 33.878174 -197.950439 23356.987305 13036.633301 4596.437988 6743.986206 6660859.212757 -131.081543 -136.599121 14845.751953 12224.674072 -3914.797363 5932.026978 5051458.245781 190.150146 -250.498047 22292.602539 14567.832031 3532.053223 8275.184937 8095408.570134 83.972168 -290.339355 22404.072266 14915.36377 3643.522949 8622.716675 8762650.233544 -336.416016 -466.976318 22652.839355 14374.406738 3892.290039 8081.759644 8046476.068437 -299.526367 -522.893066 15895.351562 13384.449463 -2865.197754 7091.802368 5850301.899809 99.700928 -31.78833 15869.334717 14233.09082 -2891.2146 7940.443726 7140976.842019 193.990479 -729.001465 15727.888184 13981.341553 -3032.661133 7688.694458 6831305.601507 227.115479 -851.322021
21510.073242 9223.014526 2744.312744 2900.802002 1594590.469219 68.894043 -108.494873 16328.817139 8949.72168 -2436.943359 2627.509155 1284249.729785 45.583496 -69.746094 24378.278809 10341.766357 5612.518311 4019.553833 4765717.480267 -7.958984 -182.232666 14919.136963 10593.175049 -3846.623535 4270.962524 3303763.350617 53.527832 -145.571289 23332.827148 12819.32251 4567.06665 6497.109985 6307053.595087 -24.160156 -217.310791 14856.434326 12164.67041 -3909.326172 5842.457886 4941714.526478 10.682373 -60.003662 21986.213379 14117.871094 3220.452881 7795.658569 7114360.92875 -306.38916 -449.960938 21996.843262 14168.203125 3231.082764 7845.990601 7199946.433018 -407.229004 -747.160645 22278.808594 13947.86377 3513.048096 7625.651245 7049206.383488 -374.030762 -426.542969 15899.071045 13266.010742 -2866.689453 6943.798218 5643424.210981 3.719482 -118.438721 16108.796387 13635.628662 -2656.964111 7313.416138 6054551.389199 239.46167 -597.462158 15929.509277 13569.597168 -2836.251221 7247.384644 6056890.515857 201.621094 -411.744385
21514.919434 9233.374634 2716.202393 2887.711792 1571663.483106 4.846191 10.360107 16326.950684 8938.002319 -2471.766357 2592.339478 1282985.289249 -1.866455 -11.71936 24357.106934 10262.62207 5558.389893 3916.959229 4623826.779577 -21.171875 -79.144287 14893.071289 10537.714844 -3905.645752 4192.052002 3282736.872683 -26.065674 -55.460205 23243.237305 12691.77002 4444.520264 6346.107178 6002683.668548 -89.589844 -127.55249 14814.875488 12217.054443 -3983.841553 5871.391602 5034423.285619 -41.558838 52.384033 21952.402344 14118.804932 3153.685303 7773.14209 7036746.893758 -33.811035 0.933838 21869.587402 14141.287842 3070.870361 7795.625 7020201.391671 -127.255859 -26.915283 22137.805176 13902.48291 3339.088135 7556.820068 6825503.911729 -141.003418 -45.380859 16017.316895 13267.512207 -2781.400146 6921.849365 5564818.540986 118.24585 1.501465 16194.522705 13540.721436 -2604.194336 7195.058594 5855069.630682 85.726318 -94.907227 15938.032227 13560.986328 -2860.684814 7215.323486 6024441.062 8.522949 -8.61084
21564.477539 9256.088867 2741.091309 2895.635376 1589828.579266 49.558105 22.714233 16364.151611 8929.935913 -2459.234619 2569.482422 1265007.48283 37.200928 -8.066406 24322.966309 10281.862793 5499.580078 3921.409302 4562283.194762 -34.140625 19.240723 14839.6521 10477.646484 -3983.734131 4117.192993 3282141.576833 -53.419189 -60.068359 23194.504395 12615.889893 4371.118164 6255.436401 5823715.857575 -48.73291 -75.880127 14819.434814 12193.590088 -4003.951416 5833.136597 5005710.949734 4.559326 -23.464355 21880.371094 13946.375732 3056.984863 7585.922241 6689137.270403 -72.03125 -172.429199 21802.370605 14237.578125 2978.984375 7877.124634 7092344.040274 -67.216797 96.290283 22016.765137 13842.424316 3193.378906 7481.970825 6617755.626796 -121.040039 -60.058594 15778.869629 13356.071777 -3044.516602 6995.618286 5820775.654247 -238.447266 88.55957 15932.30835 13808.933105 -2891.077881 7448.479614 6383817.987721 -262.214355 268.21167 15814.085693 13555.140381 -3009.300537 7194.68689 6081940.916273 -123.946533 -5.845947
21540.512695 9235.897827 2698.768311 2874.182739 1554427.681266 -23.964844 -20.19104 16352.017822 8973.791504 -2489.726562 2612.076416 1302168.155912 -12.133789 43.855591 24311.21582 10296.690674 5469.471436 3934.975586 4539915.064619 -11.750488 14.827881 14797.132568 10576.048584 -4044.611816 4214.333496 3411949.156171 -42.519531 98.4021 23248.930664 12555.847168 4407.186279 6194.13208 5779056.312588 54.42627 -60.042725 14848.123779 12295.123291 -3993.620605 5933.408203 5115433.844534 28.688965 101.533203 21944.494629 13976.311035 3102.750244 7614.595947 6760913.051763 64.123535 29.935303 21941.989746 14304.289551 3100.245361 7942.574463 7269601.0399 139.619141 66.711426 22183.376465 13863.432617 3341.63208 7501.717529 6744227.084797 166.611328 21.008301 15707.25708 13532.835693 -3134.487305 7171.120605 6124998.140143 -71.612549 176.763916 15922.927246 14214.042969 -2918.817139 7852.327881 7017854.663753 -9.381104 405.109863 15740.224609 14063.208008 -3101.519775 7701.49292 6893241.811275 -73.861084 508.067627
21538.654785 9255.303955 2681.859131 2887.404175 1552947.126645 -1.85791 19.406128 16383.605957 8960.933228 -2473.189697 2593.033447 1284048.97373 31.588135 -12.858276 24306.191406 10324.084473 5449.395752 3956.184692 4534731.138165 -5.024414 27.393799 14768.769531 10602.686768 -4088.026123 4234.786987 3464537.841056 -28.363037 26.638184 23272.219238 12613.917236 4415.423584 6246.017456 5850869.948735 23.288574 58.070068 14793.952637 12421.875 -4062.843018 6053.97522 5315730.934655 -54.171143 126.751709 22024.719238 13946.828613 3167.923584 7578.928833 6747590.208976 80.224609 -29.482422 22051.157227 14067.857666 3194.361572 7699.957886 6949329.729657 109.16748 -236.431885 22341.982422 13757.614746 3485.186768 7389.714966 6675441.408097 158.605957 -105.817871 15611.312256 13865.316162 -3245.483398 7497.416382 6674441.489216 -95.944824 332.480469 15716.015625 13975.754395 -3140.780029 7607.854614 6774395.102411 -206.911621 -238.288574 15464.675293 13760.34668 -3392.120361 7392.446899 6615475.170639 -275.549316 -302.861328
21538.178711 9263.023071 2643.687744 2888.027954 1532979.035219 -0.476074 7.719116 16409.49707 9008.502197 -2484.993896 2633.50708 1311055.420639 25.891113 47.56897 24331.101074 10467.476807 5436.610107 4092.481689 4630513.583863 24.909668 143.392334 14690.007324 10687.631836 -4204.483643 4312.636719 3627651.816862 -78.762207 84.945068 23335.310059 12707.172852 4440.819092 6332.177734 5981734.906578 63.09082 93.255615 14626.203613 12463.248291 -4268.287354 6088.253174 5528510.364081 -167.749023 41.373291 21967.924805 13658.540039 3073.433838 7283.544922 6249602.218486 -56.794434 -288.288574 22060.410156 13781.778564 3165.919189 7406.783447 6488348.534884 9.25293 -286.079102 22538.173828 13728.220215 3643.682861 7353.225098 6734634.413074 196.191406 -29.394531 15828.839111 13647.249756 -3065.651855 7272.254639 6228390.882862 217.526855 -218.066406 15754.237061 13819.534912 -3140.253906 7444.539795 6528236.735389 38.221436 -156.219482 15185.269775 13767.312012 -3709.221191 7392.316895 6840467.091595 -279.405518 6.965332
21543.913574 9315.686035 2629.118652 2967.663574 1571929.197785 5.734863 52.662964 16405.111084 9051.589355 -2509.683838 2703.566895 1360778.691937 -4.385986 43.087158 24461.416016 10549.134521 5546.621094 4201.112061 4841434.81029 130.314941 81.657715 14561.96167 10765.98999 -4352.833252 4417.967529 3846559.440923 -128.045654 78.358154 23303.671875 12799.971924 4388.876953 6451.949463 6088989.278137 -31.638184 92.799072 14647.469482 12505.828857 -4267.325439 6157.806396 5612864.602279 21.265869 42.580566 21854.589844 13602.381592 2939.794922 7254.359131 6126812.058216 -113.334961 -56.158447 21912.155762 13848.337402 2997.36084 7500.314941 6523889.622451 -148.254395 66.558838 22556.921387 13852.271729 3642.126465 7504.249268 6957884.225586 18.747559 124.051514 15886.109619 13495.877686 -3028.685303 7147.855225 6026476.897497 57.270508 -151.37207 16007.79541 13605.0 -2906.999512 7256.977539 6111436.916359 253.55835 -214.534912 15605.335693 13530.523682 -3309.459229 7182.501221 6254084.417061 420.065918 -236.78833
21508.583984 9323.336182 2597.459717 2989.577026 1568436.777696 -35.32959 7.650146 16383.522949 9077.620239 -2527.601318 2743.861084 1391754.207278 -21.588135 26.030884 24512.17041 10671.917725 5601.046143 4338.158569 5019133.766399 50.754395 122.783203 14492.716064 10794.724121 -4418.408203 4460.964966 3942253.947572 -69.245605 28.734131 23324.98291 12784.84375 4413.858643 6451.084595 6109864.056498 21.311035 -15.128174 14707.445068 12465.793457 -4203.679199 6132.034302 5527276.348788 59.975586 -40.0354 21825.41748 13710.991211 2914.293213 7377.232056 6291665.773382 -29.172363 108.609619 21919.238281 13950.153809 3008.114014 7616.394653 6705821.743438 7.08252 101.816406 22580.05127 13800.114746 3668.927002 7466.355591 6920749.115423 23.129883 -52.156982 15976.257324 13584.986572 -2934.866943 7251.227417 6119374.302816 90.147705 89.108887 16000.957031 13795.783691 -2910.167236 7462.024536 6415088.352125 -6.838379 190.783691 15457.993164 13835.823975 -3453.131104 7502.064819 6820509.097158 -147.342529 305.300293
21571.350098 9403.954468 2638.624268 3100.507812 1657548.672083 62.766113 80.618286 16374.643555 9098.096924 -2558.082275 2794.650269 1435385.50512 -8.879395 20.476685 24526.772461 10842.885742 5594.046631 4539.439087 5189986.493203 14.602051 170.968018 14418.283691 10960.814209 -4514.442139 4657.367554 4207126.035378 -74.432373 166.090088 23337.675781 12724.643555 4404.949951 6421.196899 6063535.369337 12.692871 -60.200195 14747.86377 12429.935303 -4184.862061 6126.488647 5504693.361327 40.418701 -35.858154 21793.925781 13918.151855 2861.199951 7614.7052 6617020.044647 -31.491699 207.160645 21969.274902 14235.686035 3036.549072 7932.23938 7214105.184804 50.036621 285.532227 22907.421875 13862.541504 3974.696045 7559.094849 7293812.358014 327.370605 62.426758 16068.045654 13728.984375 -2864.680176 7425.53772 6334500.29366 91.78833 143.997803 15959.853516 14034.112549 -2972.872314 7730.665894 6860116.495581 -41.103516 238.328857 15278.043213 14121.472168 -3654.682617 7818.025513 7447822.794953 -179.949951 285.648193
21583.916016 9421.90918 2643.758545 3109.487915 1665837.433762 12.565918 17.954712 16376.293945 9109.855347 -2563.863525 2797.434082 1439903.362014 1.650391 11.758423 24622.089844 11095.079346 5681.932373 4782.658081 5515817.381216 95.317383 252.193604 14353.406982 11196.459961 -4586.750488 4884.038696 4489211.40286 -64.876709 235.645752 23339.616699 12591.66748 4399.459229 6279.246216 5878417.454227 1.940918 -132.976074 14833.880615 12537.886963 -4106.276855 6225.465698 5561793.277375 86.016846 107.95166 21452.492676 13597.363281 2512.335205 7284.942017 5938220.836792 -341.433105 -320.788574 22026.09375 14636.787109 3085.936279 8324.365845 7881806.943673 56.818848 401.101074 22931.455078 14351.169434 3991.297607 8038.748169 8055192.871473 24.033203 488.62793 16304.074707 13728.510742 -2636.082764 7416.089478 6194731.547579 236.029053 -0.473633 15914.946289 14701.418457 -3025.211182 8388.997192 7952717.658733 -44.907227 667.305908 15252.698975 14576.740723 -3687.458496 8264.319458 8189632.626442 -25.344238 455.268555
21636.860352 9425.864868 2696.888428 3097.363281 1686686.648768 52.944336 3.955688 16354.034424 9146.948242 -2585.9375 2818.446655 1463071.430253 -22.259521 37.092896 24835.488281 11460.032959 5895.516357 5131.531372 6108972.734317 213.398438 364.953613 14273.909912 11489.373779 -4666.062012 5160.872192 4840673.648332 -79.49707 292.913818 23176.413574 12344.799805 4236.44165 6016.298218 5414328.210235 -163.203125 -246.867676 15048.026123 12672.565918 -3891.945801 6344.064331 5539439.435278 214.145508 134.678955 21257.683105 13417.944336 2317.711182 7089.442749 5563198.361318 -194.80957 -179.418945 22170.681152 14925.179443 3230.709229 8596.677856 8434035.228671 144.587402 288.392334 23168.828125 14397.17041 4228.856201 8068.668823 8298664.134935 237.373047 46.000977 16735.766602 13842.924805 -2204.205322 7514.423218 6132507.739852 431.691895 114.414062 15854.029541 15013.223877 -3085.942383 8684.72229 8494744.164514 -60.916748 311.80542 15065.056152 14653.395996 -3874.915771 8324.894409 8431883.916009 -187.642822 76.655273
21553.630371 9431.329956 2588.48999 3084.554443 1621475.654359 -83.22998 5.465088 16364.528809 9195.181885 -2600.611572 2848.406372 1487659.941025 10.494385 48.233643 24924.995117 11826.843262 5959.854736 5480.067749 6555101.101202 89.506836 366.810303 14136.23291 11741.624756 -4828.907471 5394.849243 5242274.571708 -137.677002 252.250977 22943.103027 12258.675537 3977.962646 5911.900024 5077474.871549 -233.310547 -86.124268 15151.397705 12585.101318 -3813.742676 6238.325806 5346134.205469 103.371582 -87.4646 20669.091797 12120.875244 1703.951416 5774.099731 3624367.813682 -588.591309 -1297.069092 21382.714844 13760.338135 2417.574463 7413.562622 6080557.703498 -787.966309 -1164.841309 22814.060059 13793.52417 3848.919678 7446.748657 7026824.824956 -354.768066 -603.64624 16933.233643 13931.589355 -2031.906738 7584.813843 6165804.60226 197.467041 88.664551 16541.49292 15247.486572 -2423.647461 8900.71106 8509672.438087 687.463379 234.262695 15231.14624 14885.848389 -3733.994141 8539.072876 8685847.782346 166.090088 232.452393
21618.92334 9467.542725 2660.222168 3078.835449 1655600.970632 65.292969 36.212769 16348.115234 9318.518066 -2610.585938 2929.810791 1539895.020822 -16.413574 123.336182 25112.912598 12131.757812 6154.211426 5743.050537 7085694.774501 187.91748 304.914551 14085.410156 11990.070801 -4873.291016 5601.363525 5512423.866655 -50.822754 248.446045 22607.800293 11971.807861 3649.099121 5583.100586 4448693.654826 -335.302734 -286.867676 15410.466309 12681.712646 -3548.234863 6293.005371 5219188.724562 259.068604 96.611328 20615.551758 12167.058105 1656.850586 5778.35083 3613449.217959 -53.540039 46.182861 20697.094727 12659.940186 1738.393555 6271.23291 4235037.436441 -685.620117 -1100.397949 21611.425781 12718.531494 2652.724609 6329.824219 4710362.249346 -1202.634277 -1074.992676 17211.435547 13946.799316 -1747.265625 7558.092041 6017769.246477 278.201904 15.209961 17124.262695 14713.624268 -1834.438477 8324.916992 7266940.745111 582.769775 -533.862305 16186.712646 15139.471436 -2771.988525 8750.76416 8425979.377157 955.566406 253.623047
21678.676758 9511.535645 2699.677734 3103.748169 1692151.256571 59.753418 43.99292 16355.894775 9350.020752 -2623.104248 2942.233276 1553741.254868 7.779541 31.502686 25123.789062 12476.026611 6144.790039 6068.239136 7458197.083271 10.876465 344.268799 14040.444336 12443.995361 -4938.554688 6036.207886 6082512.804132 -44.96582 453.924561 22632.36084 11783.253174 3653.361816 5375.465698 4224268.403455 24.560547 -188.554688 15750.227051 12689.953613 -3228.771973 6282.166138 4989057.983302 339.760742 8.240967 19853.022461 11716.826172 874.023438 5309.038696 2894980.884799 -762.529297 -450.231934 19939.625244 11954.945068 960.626221 5547.157593 3169376.009497 -757.469482 -704.995117 20487.890625 11987.425537 1508.891602 5579.638062 3340911.476287 -1123.535156 -731.105957 17562.689209 14011.700439 -1416.309814 7603.912964 5982542.585258 351.253662 64.901123 17638.444824 14964.671631 -1340.554199 8556.884155 7501735.200781 514.182129 251.047363 16398.179932 14983.356934 -2580.819092 8575.569458 8020101.87137 211.467285 -156.114502
21763.828125 9648.464355 2795.881348 3182.894897 1794777.243846 85.151367 136.928711 16299.702148 9456.817017 -2668.244629 2991.247559 1606709.135648 -56.192627 106.796265 25120.302734 12697.299805 6152.355957 6231.730347 7668594.693575 -3.486328 221.273193 13964.031982 12959.055176 -5003.914795 6493.485718 6720452.004177 -76.412354 515.059814 22480.651855 11505.697021 3512.705078 5040.127563 3774198.2822 -151.708984 -277.556152 16162.637939 12722.011719 -2805.308838 6256.442261 4701282.743795 412.410889 32.058105 19357.728271 11558.706055 389.781494 5093.136597 2609197.000561 -495.294189 -158.120117 18943.38501 11374.005127 -24.561768 4908.435669 2409334.39966 -996.240234 -580.939941 19454.283447 11811.314697 486.33667 5345.745239 2881351.551956 -1033.607178 -176.11084 18505.601807 14308.776855 -462.344971 7843.207397 6172966.515152 942.912598 297.076416 18239.038086 14937.454834 -728.908691 8471.885376 7230414.970409 600.593262 -27.216797 16868.31543 14831.582031 -2099.631348 8366.012573 7439861.817171 470.135498 -151.774902
21746.501465 9634.967041 2798.260498 3166.477661 1785684.259338 -17.32666 -13.497314 16358.7146 9478.724976 -2589.526367 3010.235596 1576716.5148 59.012451 21.907959 24970.378418 12708.930664 6022.137451 6240.441284 7520924.69021 -149.924316 11.630859 13989.003906 13189.017334 -4959.237061 6720.527954 6975952.820456 24.971924 229.962158 22056.743164 11384.039307 3108.502197 4915.549927 3382541.699285 -423.908691 -121.657715 16469.09668 12706.494141 -2479.144287 6238.004761 4505885.979135 306.45874 -15.517578 19762.27417 11812.58667 814.033203 5344.09729 2922202.590119 404.545898 253.880615 19550.013428 11912.790527 601.772461 5444.301147 3000254.507899 606.628418 538.7854 20083.508301 12149.255371 1135.267334 5680.765991 3355993.416651 629.224854 337.940674 19028.093262 13688.465576 79.852295 7219.976196 5213443.266398 522.491455 -620.311279 19375.650635 14325.297852 427.409668 7856.808472 6191211.838493 1136.612549 -612.156982 18113.886719 14475.2771 -834.354248 8006.78772 6480479.66 1245.571289 -356.304932
21737.336426 9574.425049 2803.464355 3068.936768 1727778.527578 -9.165039 -60.541992 16412.700195 9471.661987 -2521.171875 2966.173706 1515449.407778 53.985596 -7.062988 24815.153809 12708.289795 5881.281738 6202.801514 7306422.150305 -155.224609 -0.640869 14118.148193 13228.942871 -4815.723877 6723.45459 6839603.808075 129.144287 39.925537 21442.258301 11135.064697 2508.38623 4629.576416 2772497.927293 -614.484863 -248.974609 16827.773438 12675.316162 -2106.098633 6169.827881 4250242.753056 358.676758 -31.177979 18902.918701 11325.452881 -30.953369 4819.9646 2323301.685255 -859.355469 -487.133789 17899.688721 10932.329102 -1034.18335 4426.84082 2066645.484899 -1650.324707 -980.461426 18251.159668 11282.330322 -682.712402 4776.842041 2328431.610913 -1832.348633 -866.925049 19016.166992 13365.118408 82.294922 6859.630127 4706129.793277 -11.92627 -323.347168 20172.670898 13795.609131 1238.798828 7290.12085 5468048.453847 797.020264 -529.688721 18979.759521 13898.302002 45.887451 7392.813721 5465580.036719 865.872803 -576.975098
21724.865723 9544.976196 2810.019531 3028.500977 1706802.793105 -12.470703 -29.448853 16443.392334 9468.165283 -2471.453857 2951.690063 1482055.840019 30.692139 -3.496704 24710.612793 12612.803955 5795.766602 6096.328735 7075613.454926 -104.541016 -95.48584 14230.577393 13324.01001 -4684.268799 6807.53479 6828490.409727 112.429199 95.067139 21175.52002 11012.078857 2260.673828 4495.603638 2532109.822443 -266.738281 -122.98584 16897.974854 12771.629639 -2016.871338 6255.154419 4319472.679846 70.201416 96.313477 18707.103271 11122.46582 -207.74292 4605.990601 2125830.653346 -195.81543 -202.987061 17230.072021 10754.268799 -1684.77417 4237.793579 2079735.842271 -669.616699 -178.060303 17809.417725 11008.688965 -1105.428467 4492.213745 2140195.642702 -441.741943 -273.641357 20460.195312 12863.664551 1545.349121 6347.189331 4267491.631032 1444.02832 -501.453857 20621.789551 13104.360352 1706.943359 6587.885132 4631388.614238 449.118652 -691.248779 19945.488281 13032.244873 1030.64209 6515.769653 4351747.729249 965.72876 -866.057129
21749.875488 9488.582153 2848.85376 2976.777344 1697717.109879 25.009766 -56.394043 16420.977783 9494.185181 -2480.043945 2982.380371 1504521.064857 -22.414551 26.019897 24578.972168 12514.061279 5677.950439 6002.25647 6826620.392126 -131.640625 -98.742676 14274.615479 13428.491211 -4626.40625 6916.686401 6924418.55649 44.038086 104.481201 20887.609863 10854.554443 1986.588135 4342.749634 2280600.679897 -287.910156 -157.524414 16925.246582 12765.842285 -1975.775146 6254.037476 4301667.21755 27.271729 -5.787354 18751.254883 11226.727295 -149.766846 4714.922485 2225292.415095 44.151611 104.261475 16987.927246 10698.97583 -1913.094482 4187.171021 2119233.165365 -242.144775 -55.292969 17385.877686 10897.70874 -1515.144043 4385.903931 2153181.475996 -423.540039 -110.980225 20161.61377 12321.418457 1260.592041 5809.613647 3534070.302664 -298.581543 -542.246094 20604.350586 12589.945068 1703.328857 6078.140259 3984511.820204 -17.438965 -514.415283 19742.5 12187.43042 841.478271 5675.62561 3292081.175026 -202.988281 -844.814453
21761.535645 9446.52771 2823.201904 2980.735474 1685525.29562 11.660156 -42.054443 16417.675781 9470.632324 -2520.657959 3004.840088 1538278.049999 -3.302002 -23.552856 24583.012695 12459.718018 5644.678955 5993.925781 6778954.677704 4.040527 -54.343262 14382.446289 13393.22876 -4555.887451 6927.436523 6874548.7254 107.830811 -35.262451 20849.177246 10762.231445 1910.843506 4296.439209 2211071.278038 -38.432617 -92.322998 16514.63623 12727.348633 -2423.69751 6261.556396 4508139.81252 -410.610352 -38.493652 19108.415527 11553.371582 170.081787 5087.579346 2591239.141313 357.160645 326.644287 16863.098145 10609.425049 -2075.235596 4143.632812 2147629.56625 -124.829102 -89.550781 17517.44873 10720.653076 -1420.88501 4254.86084 2012275.497741 131.571045 -177.055664 19025.258789 12487.568359 86.925049 6021.776123 3626934.364021 -1136.35498 166.149902 19226.668701 12300.826416 288.334961 5835.03418 3413076.092782 -1377.681885 -289.118652 18336.665039 12432.570801 -601.668701 5966.778564 3596445.166319 -1405.834961 245.140381
21711.738281 9377.055054 2760.484619 2936.888428 1624558.896947 -49.797363 -69.472656 16390.706787 9391.136475 -2560.546875 2950.969849 1526462.334661 -26.968994 -79.49585 24605.705566 12363.03833 5654.451904 5922.871704 6705323.556125 22.692871 -96.679688 14267.668457 13305.53833 -4683.585205 6865.371704 6906929.900871 -114.777832 -87.69043 20923.513184 10659.593506 1972.259521 4219.42688 2169337.081476 74.335938 -102.637939 15938.049316 12722.672119 -3013.204346 6282.505493 4854927.57006 -576.586914 -4.676514 18551.317139 10881.405029 -399.936523 4441.238403 1988454.777791 -557.098389 -671.966553 16900.914307 10506.346436 -2050.339355 4066.17981 2073770.971634 37.816162 -103.078613 17500.717773 10654.595947 -1450.535889 4214.429321 1986546.886847 -16.730957 -66.057129 18624.943848 13019.588623 -326.309814 6579.421997 4339527.191054 -400.314941 532.020264 18407.150879 13044.431152 -544.102783 6604.264526 4391235.777292 -819.517822 743.604736 16926.350098 13634.14917 -2024.903564 7193.982544 5585361.928792 -1410.314941 1201.578369
21751.809082 9356.811523 2818.693848 2932.661133 1654553.632672 40.070801 -20.24353 16370.272217 9390.386963 -2562.843018 2966.236572 1536672.37354 -20.43457 -0.749512 24675.507812 12378.522949 5742.392578 5954.372559 6842962.508784 69.802246 15.484619 14207.166748 13184.361572 -4725.948486 6760.211182 6803504.431581 -60.501709 -121.176758 20986.413574 10671.564941 2053.29834 4247.414551 2225656.443859 62.900391 11.971436 15688.341064 12581.999512 -3244.77417 6157.849121 4844766.521195 -249.708252 -140.672607 18015.556641 10499.450684 -917.558594 4075.300293 1744998.625084 -535.760498 -381.954346 16910.598145 10405.444336 -2022.51709 3981.293945 1994127.685769 9.683838 -100.9021 17509.855957 10562.023926 -1423.259277 4137.873535 1914766.436349 9.138184 -92.572021 17994.504395 13589.454346 -938.61084 7165.303955 5222257.107733 -630.439453 569.865723 16763.404541 14911.954346 -2169.710693 8487.803955 7675046.047272 -1643.746338 1867.523193 15948.182373 14071.75293 -2984.932861 7647.602539 6739564.878211 -978.167725 437.60376
21761.738281 9400.028076 2820.06958 2997.939453 1694043.340109 9.929199 43.216553 16344.234619 9362.174683 -2597.434082 2960.08606 1550877.329056 -26.037598 -28.21228 24717.338867 12472.001953 5775.670166 6069.91333 7020221.370126 41.831055 93.479004 14184.333496 13156.071777 -4757.335205 6753.983154 6824852.6702 -22.833252 -28.289795 21041.650391 10729.177246 2099.981689 4327.088623 2313361.904774 55.236816 57.612305 15552.028809 12590.756836 -3389.639893 6188.668213 4978927.28506 -136.312256 8.757324 18524.553223 11008.894043 -417.115479 4606.80542 2139664.149944 508.996582 509.443359 16982.220459 10468.066406 -1959.448242 4065.977783 2037161.274731 71.622314 62.62207 17502.875977 10645.262451 -1438.792725 4243.173828 2007464.864007 -6.97998 83.238525 17783.685303 13731.072998 -1157.983398 7328.984375 5505493.752005 -210.819092 141.618652 17229.082031 14942.335205 -1712.58667 8540.246582 7586876.478389 465.67749 30.380859 16215.948486 14865.284424 -2725.720215 8463.195801 7905523.385197 267.766113 793.531494
21751.962891 9424.901733 2827.751465 3043.12439 1725678.43978 -9.775391 24.873657 16283.145752 9378.085938 -2641.065674 2996.308594 1595309.308245 -61.088867 15.911255 24632.06543 12502.006836 5707.854004 6120.229492 7003680.636695 -85.273438 30.004883 14265.855713 13168.731689 -4658.355713 6786.954346 6776302.723848 81.522217 12.659912 21063.671875 10798.492432 2139.460449 4416.715088 2408466.318137 22.021484 69.315186 15736.156006 12675.374756 -3188.05542 6293.597412 4977306.57462 184.127197 84.61792 19194.616699 11687.972412 270.405273 5306.195068 2822882.511538 670.063477 679.078369 17010.679932 10569.47998 -1913.531494 4187.702637 2119845.615265 28.459473 101.413574 17492.220459 10778.95874 -1431.990967 4397.181396 2138580.236258 -10.655518 133.696289 18224.208984 13590.689697 -700.002441 7208.912354 5245842.073864 440.523682 -140.383301 17864.178467 14750.887451 -1060.032959 8369.110107 7116567.386428 635.096436 -191.447754 16751.965332 15157.657471 -2172.246094 8775.880127 8173472.509446 536.016846 292.373047
21699.70459 9528.424072 2822.923584 3158.717041 1794639.090622 -52.258301 103.522339 16331.865234 9345.378418 -2544.915771 2975.671387 1533121.648569 48.719482 -32.70752 24524.404297 12613.725586 5647.623291 6244.018555 7088341.65485 -107.661133 111.71875 14448.15918 13255.67627 -4428.621826 6885.969238 6702926.36298 182.303467 86.94458 21025.76416 10918.737793 2148.983154 4549.030762 2531180.946852 -37.907715 120.245361 16131.187744 12727.911377 -2745.593262 6358.204346 4796504.486051 395.031738 52.536621 19523.623047 11883.533936 646.842041 5513.826904 3082069.175657 329.006348 195.561523 17000.091553 10666.099854 -1876.689453 4296.392822 2198095.458669 -10.588379 96.619873 17668.238525 10982.325439 -1208.54248 4612.618408 2273682.350679 176.018066 203.366699 18641.412354 13361.889648 -235.368652 6992.182617 4894601.615461 417.203369 -228.800049 18895.484619 14280.333252 18.703613 7910.626221 6257835.702883 1031.306152 -470.554199 18059.519043 14898.939209 -817.261963 8529.232178 7341571.865769 1307.553711 -258.718262
21605.622559 9536.324463 2780.668945 3155.744629 1769084.39463 -94.082031 7.900391 16318.122559 9424.450684 -2506.831055 3043.87085 1554935.168585 -13.742676 79.072266 24464.987793 12766.849365 5640.03418 6386.269531 7259442.407382 -59.416504 153.123779 14597.921143 13466.82251 -4227.032471 7086.242676 6808263.876844 149.761963 211.14624 20931.25 11063.201904 2106.296387 4682.62207 2636343.392208 -94.51416 144.464111 16564.87793 12730.494385 -2260.075684 6349.914551 4542935.68978 433.690186 2.583008 18910.097656 11575.344238 85.144043 5194.764404 2699282.67242 -613.525391 -308.189697 17126.893311 10863.349609 -1698.060303 4482.769775 2297863.365088 126.801758 197.249756 17940.316162 11275.551758 -884.637451 4894.971924 2474333.355508 272.077637 293.226318 19176.607666 12883.502197 351.654053 6502.922363 4241165.983567 535.195312 -478.387451 19623.029785 13871.767578 798.076172 7491.187744 5675481.939408 727.545166 -408.565674 18678.083496 14418.911133 -146.870117 8038.331299 6463634.090104 618.564453 -480.028076
21568.845215 9565.822144 2771.478271 3136.390381 1751803.643046 -36.777344 29.497681 16303.963623 9458.161011 -2493.40332 3028.729248 1539026.097572 -14.158936 33.710327 24425.571289 12872.166748 5628.204346 6442.734985 7318551.824846 -39.416504 105.317383 14640.058594 13606.960449 -4157.30835 7177.528687 6880013.07596 42.137451 140.137939 20737.133789 11144.309082 1939.766846 4714.877319 2599276.355208 -194.116211 81.107178 16921.738281 12783.603516 -1875.628662 6354.171753 4389348.154386 356.860352 53.109131 18036.539307 11084.824219 -760.827637 4655.392456 2225153.761269 -873.55835 -490.52002 16900.134277 10879.814453 -1897.232666 4450.38269 2340539.788027 -226.759033 16.464844 17590.651855 11192.475586 -1206.715088 4763.043823 2414274.776547 -349.664307 -83.076172 19597.381592 12672.080078 800.014648 6242.648315 3961068.142785 420.773926 -211.422119 20167.364502 13816.04126 1369.997559 7386.609497 5643889.317276 544.334717 -55.726318 19117.911377 13991.950684 320.544434 7562.518921 5729444.116285 439.827881 -426.960449
21542.084961 9546.96228 2770.241699 3086.827393 1720274.242366 -26.760254 -18.859863 16264.155273 9508.034058 -2507.687988 3047.89917 1557818.839658 -39.80835 49.873047 24389.511719 12929.910889 5617.668457 6469.776001 7341620.039594 -36.05957 57.744141 14666.611328 13752.215576 -4105.231934 7292.080688 7002736.999585 26.552734 145.255127 20581.035156 11182.877197 1809.191895 4722.74231 2557747.023384 -156.098633 38.568115 16980.322266 12934.996338 -1791.520996 6474.86145 4513337.827867 58.583984 151.392822 17568.575439 10796.732178 -1203.267822 4336.59729 2025392.950807 -467.963867 -288.092041 17074.486084 11036.964111 -1697.357178 4576.829224 2382838.713111 174.351807 157.149658 17633.037109 11489.736328 -1138.806152 5029.60144 2659377.010219 42.385254 297.260742 19426.748047 12797.526855 654.904785 6337.391968 4059143.723082 -170.633545 125.446777 20458.702393 13322.973633 1686.859131 6862.838745 4994404.936885 291.337891 -493.067627 19262.485352 13755.866699 490.64209 7295.731812 5346843.2326 144.573975 -236.083984
21504.697266 9530.786133 2750.646973 3044.523315 1683518.098638 -37.387695 -16.176147 16247.58667 9484.663696 -2506.463623 2998.400879 1527276.772428 -16.568604 -23.370361 24383.693848 12912.734375 5629.643555 6426.471558 7299242.32337 -5.817871 -17.176514 14816.966553 13767.382812 -3937.08374 7281.119995 6851533.676091 150.355225 15.167236 20581.210938 11199.014893 1827.160645 4712.752075 2554854.814318 0.175781 16.137695 16885.161133 13171.951904 -1868.88916 6685.689087 4819118.525983 -95.161133 236.955566 18006.832275 10819.130859 -747.218018 4332.868042 1933208.023511 438.256836 22.398682 17089.412842 11011.452637 -1664.637451 4525.189819 2324836.074487 14.926758 -25.511475 17709.237061 11553.225098 -1044.813232 5066.96228 2676574.144036 76.199951 63.48877 19296.547852 12626.314697 542.497559 6140.05188 3799454.068873 -130.200195 -171.212158 20271.009521 13057.67334 1516.959229 6571.410522 4548460.155569 -187.692871 -265.300293 19691.519775 13400.063477 937.469482 6913.800659 4867948.858535 429.034424 -355.803223
21469.04541 9514.958496 2726.867676 3068.81958 1685346.093629 -35.651855 -15.827637 16235.251465 9455.301514 -2506.92627 3009.162598 1533973.886 -12.335205 -29.362183 24415.849609 12871.107178 5673.671875 6424.968262 7347076.970926 32.155762 -41.627197 14817.437744 13747.457275 -3924.73999 7301.318359 6871283.377589 0.471191 -19.925537 20612.836914 11173.110352 1870.65918 4726.971436 2584362.471903 31.625977 -25.904541 16678.364258 13347.091064 -2063.813477 6900.952148 5188246.662107 -206.796875 175.13916 17894.787598 11049.677734 -847.390137 4603.538818 2191063.969595 -112.044678 230.546875 16937.061768 11025.784912 -1805.115967 4579.645996 2423160.110312 -152.351074 14.332275 17910.405273 11933.197021 -831.772461 5487.058105 3079965.207956 201.168213 379.971924 19586.867676 12930.428467 844.689941 6484.289551 4275951.207548 290.319824 304.11377 20175.999756 12926.743164 1433.822021 6480.604248 4405407.70091 -95.009766 -130.930176 18466.755371 14133.023682 -275.422363 7686.884766 5916405.487819 -1224.764404 732.960205
21557.731934 9551.473389 2792.801514 3114.821167 1750185.119711 88.686523 36.514893 16269.903564 9449.01123 -2495.026855 3012.359009 1529946.580734 34.6521 -6.290283 24476.345215 12837.8125 5711.414795 6401.160278 7359511.18684 60.495605 -33.294678 14788.122559 13536.278076 -3976.807861 7099.625854 6621968.80397 -29.315186 -211.179199 20758.129883 11185.085449 1993.199463 4748.433228 2652046.221526 145.292969 11.975098 16131.094971 13414.89624 -2633.835449 6978.244019 5563297.875606 -547.269287 67.805176 19482.075195 11994.150391 717.144775 5557.498169 3140008.25267 1587.287598 944.472656 19292.763672 12156.103516 527.833252 5719.451294 3299073.104568 2355.701904 1130.318604 19251.533203 12263.708496 486.602783 5827.056274 3419136.709381 1341.12793 330.511475 18468.936768 14457.298584 -295.993652 8020.646362 6441838.031138 -1117.930908 1526.870117 17297.167969 15216.589355 -1467.762451 8779.937134 7924162.268636 -2878.831787 2289.846191 16295.072021 14698.201904 -2469.858398 8261.549683 7435340.366668 -2171.68335 565.178223
21503.603516 9528.850708 2743.111572 3065.172119 1691994.121785 -54.128418 -22.622681 16242.601318 9456.972046 -2517.890625 2993.293457 1529957.891937 -27.302246 7.960815 24487.944336 12838.881836 5727.452393 6375.203247 7344692.73507 11.599121 1.069336 14634.472656 13436.113281 -4126.019287 6972.434692 6563888.069714 -153.649902 -100.164795 20842.468262 11223.800049 2081.976318 4760.12146 2699338.170379 84.338379 38.7146 15980.316162 13472.441406 -2780.175781 7008.762817 5685213.360498 -150.778809 57.545166 19943.375244 12381.82373 1182.883301 5918.145142 3642365.482033 461.300049 387.67334 17991.069336 11322.109375 -769.422607 4858.430786 2419636.085245 -1301.694336 -833.994141 19183.510742 12030.050049 423.018799 5566.37146 3116343.613443 -68.022461 -233.658447 18134.56543 14652.368164 -625.926514 8188.689575 6744642.095943 -334.371338 195.06958 17341.524658 15909.034424 -1418.967285 9445.355835 9122821.500537 44.356689 692.445068 16163.677979 15442.904053 -2596.813965 8979.225464 8736993.269897 -131.394043 744.702148
21530.583496 9548.782349 2766.818848 3126.945801 1743307.657677 26.97998 19.931641 16205.411377 9451.992798 -2558.353271 3030.15625 1572701.836113 -37.189941 -4.979248 24594.306641 12878.074951 5830.541992 6456.238403 7567823.424317 106.362305 39.193115 14496.21582 13447.498779 -4267.548828 7025.662231 6757190.279079 -138.256836 11.385498 20989.296875 11278.773193 2225.532227 4856.936646 2854282.726994 146.828613 54.973145 15824.281006 13521.271973 -2939.483643 7099.435425 5904254.743596 -156.035156 48.830566 19436.37085 11958.972168 672.606201 5537.13562 3111226.997743 -507.004395 -422.851562 17718.439941 11198.216553 -1045.324707 4776.380005 2390650.969417 -272.629395 -123.892822 19212.994385 12016.970215 449.229736 5595.133667 3150732.810751 29.483643 -13.079834 18060.251465 14758.565674 -703.513184 8336.729126 6999598.33194 -74.313965 106.19751 17838.212891 15516.966553 -925.551758 9095.130005 8357803.586211 496.688232 -392.067871 16637.526855 15754.300537 -2126.237793 9332.463989 9161577.126304 473.848877 311.396484
21545.786133 9593.334351 2822.841797 3202.731323 1822592.373906 15.202637 44.552002 16161.390381 9442.851562 -2561.553955 3052.248535 1587777.978514 -44.020996 -9.141235 24603.505859 12937.412109 5880.561523 6546.809082 7744171.29875 9.199219 59.337158 14492.027588 13263.779297 -4230.916748 6873.17627 6514120.856095 -4.188232 -183.719482 21185.788574 11493.608398 2462.844238 5103.005371 3210626.555945 196.491699 214.835205 15924.418945 13472.5 -2798.525391 7081.896973 5798500.909329 100.137939 -48.771973 19498.620605 12172.349854 775.67627 5781.746826 3403027.003706 62.249756 213.377686 17065.313721 11170.915527 -1657.630615 4780.3125 2559912.685422 -653.126221 -27.301025 19266.151123 12165.559082 543.206787 5774.956055 3364519.104713 53.156738 148.588867 18403.286133 14532.116699 -319.658203 8141.513672 6638642.623615 343.034668 -226.448975 18047.178955 15733.699951 -675.765381 9343.096924 8775011.897801 208.966064 216.733398 16802.044678 15579.807129 -1920.899658 9189.204102 8813132.751706 164.517822 -174.493408
21492.399902 9528.880005 2765.664062 3138.704224 1750036.191005 -53.38623 -64.454346 16126.490479 9468.552246 -2600.245361 3078.376465 1623767.759841 -34.899902 25.700684 24679.482422 13111.350098 5952.746582 6721.174316 8060937.60614 75.976562 173.937988 14502.716064 13361.097412 -4224.019775 6970.921631 6643609.144647 10.688477 97.318115 21253.518066 11815.430908 2526.782227 5425.255127 3581802.1613 67.729492 321.82251 16061.861572 13401.832275 -2664.874268 7011.656494 5626488.165382 137.442627 -70.667725 18792.595215 12111.850586 65.859375 5721.674805 3274190.002787 -706.025391 -60.499268 17260.889893 11637.774658 -1465.845947 5247.598877 2968599.831451 195.576172 466.859131 19214.47998 12326.328125 487.744141 5936.152344 3547579.899492 -51.671143 160.769043 18673.707275 14151.68335 -53.028564 7761.507568 6024381.176235 270.421143 -380.43335 18327.102051 15658.121338 -399.633789 9267.945557 8605452.200622 279.923096 -75.578613 17064.361572 15475.198975 -1662.374268 9085.023193 8530113.462938 262.316895 -104.608154
21487.128906 9573.987427 2783.933105 3186.398926 1790342.164994 -5.270996 45.107422 16157.165527 9477.070923 -2546.030273 3089.482422 1602717.178833 30.675049 8.518677 24486.533203 13166.392822 5783.337402 6778.804321 7939917.953568 -192.949219 55.042725 14537.849121 13376.907959 -4165.34668 6989.319458 6620069.944807 35.133057 15.810547 21312.836914 12120.177002 2609.641113 5732.588501 3967279.766166 59.318848 304.746094 16053.682861 13404.135742 -2649.512939 7016.547241 5625185.400447 -8.178711 2.303467 18088.409424 11845.554199 -614.786377 5457.965698 3016735.185248 -704.185791 -266.296387 17839.489746 12841.763916 -863.706055 6454.175415 4240236.8437 578.599854 1203.989258 19278.039551 12934.138184 574.84375 6546.549683 4318775.808389 63.55957 607.810059 18740.688477 14770.004883 37.492676 8382.416382 7026631.009921 66.981201 618.321533 18611.090088 15213.428955 -92.105713 8825.840454 7790394.31836 283.988037 -444.692383 17296.63208 15149.371338 -1406.563721 8761.782837 7874725.998164 232.270508 -325.827637
21489.32373 9529.164429 2808.537598 3176.470337 1797784.723874 2.194824 -44.822998 16116.761475 9585.698242 -2564.024658 3233.00415 1702653.828432 -40.404053 108.627319 24409.726562 13379.918213 5728.94043 7027.224121 8220263.729499 -76.806641 213.525391 14602.149658 13603.737793 -4078.636475 7251.043701 6921291.024832 64.300537 226.829834 21642.294922 12488.391113 2961.508789 6135.697021 4641731.224715 329.458008 368.214111 15902.661133 13348.35083 -2778.125 6995.656738 5665719.171548 -151.021729 -55.784912 18901.090088 12233.649902 220.303955 5880.955811 3463417.507823 812.680664 388.095703 17909.051514 12694.320068 -771.734619 6341.625977 4081179.434899 69.561768 -147.443848 18850.257568 13175.81665 169.471436 6823.122559 4658372.201706 -427.781982 241.678467 18621.345215 13403.024902 -59.440918 7050.330811 4971069.776088 -119.343262 -1366.97998 18829.060059 14477.998047 148.273926 8125.303955 6604254.951947 217.969971 -735.430908 17614.874268 14803.565674 -1065.911865 8450.871582 7255339.860043 318.242188 -345.805664
21487.858887 9555.690308 2802.219238 3194.009399 1805412.870294 -1.464844 26.525879 16156.386719 9698.115234 -2529.25293 3336.434326 1752891.439519 39.625244 112.416992 24115.007324 13639.985352 5429.367676 7278.304443 8245174.892904 -294.719238 260.067139 14644.036865 13723.026123 -4041.602783 7361.345215 7052395.64293 41.887207 119.28833 21708.254395 12914.503174 3022.614746 6552.822266 5207567.954817 65.959473 426.112061 15923.322754 13321.560059 -2762.316895 6959.87915 5607031.241385 20.661621 -26.790771 19470.102539 12253.129883 784.462891 5891.448975 3532455.304719 569.012451 19.47998 18614.462891 12924.51416 -71.176758 6562.833252 4307584.642379 705.411377 230.194092 19678.099365 13755.328369 992.459717 7393.647461 5565099.906609 827.841797 579.511719 18482.653809 13042.365723 -202.98584 6680.684814 4467275.284124 -138.691406 -360.65918 18531.507568 13628.486328 -154.13208 7266.80542 5283021.770912 -297.55249 -849.511719 17257.520752 14142.913818 -1428.118896 7781.23291 6258710.918459 -357.353516 -660.651855
21516.977539 9546.651611 2853.514404 3200.360107 1838484.927271 29.118652 -9.038696 16132.1875 9775.930786 -2531.275635 3429.639282 1816978.194535 -24.199219 77.815552 23911.120605 13811.030273 5247.657471 7464.73877 8326023.382717 -203.886719 171.044922 14869.296875 13795.611572 -3794.16626 7449.320068 6988806.708761 225.26001 72.585449 21364.926758 12933.798828 2701.463623 6587.507324 5069315.845328 -343.327637 19.295654 15872.011719 13298.731689 -2791.451416 6952.440186 5612862.554158 -51.311035 -22.828369 18582.495117 12155.324707 -80.968018 5809.033203 3375142.257488 -887.607422 -97.805176 18307.272949 12869.058838 -356.190186 6522.767334 4267336.514157 -307.189941 -55.455322 19590.78125 13646.323242 927.318115 7300.031738 5415038.226676 -87.318115 -109.005127 17789.605713 12447.044678 -873.857422 6100.753174 3798281.608174 -693.048096 -595.321045 17669.475098 13155.286865 -993.988037 6808.995361 4735043.00485 -862.032471 -473.199463 16740.177002 13605.817871 -1923.286133 7259.526367 5639975.262456 -517.34375 -537.095947
21548.220215 9553.87207 2898.258057 3223.566895 1879128.32864 31.242676 7.220459 16135.22583 9772.809448 -2514.736328 3442.504272 1817473.44659 3.03833 -3.121338 23695.493164 13912.749023 5045.531006 7582.443848 8295083.783395 -215.627441 101.71875 14999.523926 14017.617188 -3650.438232 7687.312012 7242046.525424 130.227051 222.005615 21005.383301 12550.750732 2355.421143 6220.445557 4424195.168203 -359.543457 -383.048096 16392.653809 13022.524414 -2257.30835 6692.219238 4988123.931844 520.64209 -276.207275 18300.987549 11414.682617 -348.974609 5084.377441 2597267.724467 -281.507568 -740.64209 18042.868652 11913.007812 -607.093506 5582.702637 3153513.125488 -264.404297 -956.051025 19163.884277 12615.388184 513.922119 6285.083008 3976638.435964 -426.896973 -1030.935059 17636.97998 11588.511963 -1012.982178 5258.206787 2867487.150841 -152.625732 -858.532715 17296.644287 11525.238037 -1353.317871 5194.932861 2881879.669393 -372.830811 -1630.048828 16909.049072 12407.855225 -1740.913086 6077.550049 3996739.29688 168.87207 -1197.962646
21541.352539 9585.493164 2871.749268 3262.763062 1889256.665148 -6.867676 31.621094 16177.259521 9687.700195 -2492.34375 3364.970093 1753480.109342 42.033691 -85.109253 23431.386719 13955.428467 4761.783447 7632.698364 8093266.59184 -264.106445 42.679443 15041.459961 14100.621338 -3628.143311 7777.891235 7365901.595082 41.936035 83.00415 20348.183594 11975.178223 1678.580322 5652.44812 3476780.164891 -657.199707 -575.57251 16629.143066 12708.863525 -2040.460205 6386.133423 4494617.794297 236.489258 -313.660889 17951.97876 10624.075928 -717.624512 4301.345825 1901656.084774 -349.008789 -790.606689 17662.06543 10504.6875 -1007.537842 4181.957397 1850390.017683 -380.803223 -1408.320312 18086.907959 11401.773682 -582.695312 5079.043579 2613621.750562 -1076.976318 -1213.614502 17136.037598 10803.441162 -1533.565674 4480.71106 2242859.52753 -500.942383 -785.070801 16496.816406 10550.628662 -2172.786865 4227.89856 2259612.899175 -799.827881 -974.609375 17268.664551 11229.910889 -1400.938721 4907.180786 2604305.256696 359.615479 -1177.944336
21560.949707 9512.46521 2883.323975 3140.519409 1817641.930199 19.597168 -73.027954 16215.620117 9682.947998 -2462.005615 3311.002197 1702420.719974 38.360596 -4.752197 23040.610352 13818.526611 4362.984619 7446.580811 7448720.055486 -390.776367 -136.901855 15086.590576 14178.455811 -3591.035156 7806.51001 7383713.202599 45.130615 77.834473 19672.244873 11200.406494 994.619141 4828.460693 2430329.990221 -675.938721 -774.771729 16629.187012 12424.338379 -2048.438721 6052.392578 4082755.711222 0.043945 -284.525146 17488.880615 10185.336304 -1188.745117 3813.390503 1595506.208147 -463.098145 -438.739624 17437.052002 9456.332397 -1240.57373 3084.386597 1105246.385851 -225.013428 -1048.355103 17703.616943 9990.323486 -974.008789 3618.377686 1404135.019643 -383.291016 -1411.450195 17192.949219 10303.702393 -1484.676514 3931.756592 1766297.424739 56.911621 -499.73877 16408.378906 9881.026001 -2269.246826 3509.0802 1746312.500949 -88.4375 -669.602661 17364.228516 10644.952393 -1313.397217 4273.006592 1998359.758263 95.563965 -584.958496
21542.763672 9522.682495 2870.603027 3095.681763 1782360.731648 -18.186035 10.217285 16197.097168 9724.588013 -2475.063477 3297.58728 1700002.108403 -18.522949 41.640015 22670.505371 13597.351074 3998.344727 7170.350342 6740068.457654 -370.10498 -221.175537 15305.793457 14050.078125 -3366.367188 7623.077393 6944373.697431 219.202881 -128.377686 19127.631836 10358.729248 455.471191 3931.728516 1566594.312678 -544.613037 -841.677246 16749.420166 11760.714111 -1922.740479 5333.713379 3214542.935605 120.233154 -663.624268 17163.73291 9404.611206 -1508.427734 2977.610474 1114151.836252 -325.147705 -780.725098 17302.078857 8283.925171 -1370.081787 1856.924438 532529.247358 -134.973145 -1172.407227 17469.581299 9013.579102 -1202.579346 2586.578369 813658.474242 -234.035645 -976.744385 17278.959961 9613.031006 -1393.200684 3186.030273 1209179.704803 86.010742 -690.671387 16555.456543 8972.496338 -2116.704102 2545.495605 1095998.413103 147.077637 -908.529663 16890.826416 9158.033447 -1781.334229 2731.032715 1063169.132323 -473.4021 -1486.918945
21513.671875 9429.263916 2819.317627 2973.981323 1679311.679264 -29.091797 -93.418579 16188.121338 9655.091553 -2506.23291 3199.80896 1651998.07802 -8.97583 -69.49646 22404.428711 13410.633545 3710.074463 6955.350952 6214155.938775 -266.07666 -186.717529 15342.126465 13927.044678 -3352.227783 7471.762085 6706465.976474 36.333008 -123.033447 18849.927979 9724.061279 155.57373 3268.778687 1070911.728708 -277.703857 -634.667969 17014.285889 11028.864746 -1680.068359 4573.582153 2374028.340534 264.865723 -731.849365 16948.572998 8443.917847 -1745.78125 1988.635254 700242.234593 -215.159912 -960.693359 17185.970459 7299.945068 -1508.383789 844.662476 298867.635277 -116.108398 -983.980103 17393.880615 8673.147583 -1300.473633 2217.86499 661015.678455 -75.700684 -340.431519 17116.341553 8732.911987 -1578.012695 2277.629395 767771.97254 -162.618408 -880.119019 16824.217529 7748.737793 -1870.136719 1293.4552 517043.770173 268.760986 -1223.758545 17006.844482 8634.387207 -1687.509766 2179.104614 759618.612896 116.018066 -523.64624
21549.331055 9418.447266 2878.942871 2889.589233 1663803.799279 35.65918 -10.81665 16232.001953 9602.764282 -2438.38623 3073.90625 1539462.704273 43.880615 -52.327271 22187.03125 13085.740967 3516.643066 6556.882935 5535949.227416 -217.397461 -324.892578 15239.436035 13855.39917 -3430.952148 7326.541138 6544963.768721 -102.69043 -71.645508 18838.448486 9293.508911 168.060303 2764.650879 767153.874759 -11.479492 -430.552368 17145.804443 10515.332031 -1524.58374 3986.473999 1821633.052588 131.518555 -513.532715 17294.049072 8243.881836 -1376.339111 1715.023804 483561.599667 345.476074 -200.036011 16796.268311 7066.931152 -1874.119873 538.07312 380184.798114 -389.702148 -233.013916 17091.390381 7585.479126 -1578.997803 1056.621094 360968.21968 -302.490234 -1087.668457 17296.21582 8403.204346 -1374.172363 1874.346313 540152.378685 179.874268 -329.707642 16584.282227 7559.520264 -2086.105957 1030.662231 541410.269929 -239.935303 -189.217529 16932.58667 7588.187866 -1737.801514 1059.329834 414213.379809 -74.257812 -1046.199341
21509.020996 9314.120483 2813.066406 2757.996216 1551988.573245 -40.310059 -104.326782 16316.859131 9490.71228 -2379.095459 2934.588013 1427190.200722 84.857178 -112.052002 22050.151367 12704.783936 3354.196777 6148.659668 4905665.173365 -136.879883 -380.957031 15171.484375 13869.682617 -3524.470215 7313.55835 6591002.602846 -67.95166 14.283447 18895.913086 9025.097656 199.958496 2468.973389 613581.299413 57.4646 -268.411255 17146.052246 9982.216187 -1549.902344 3426.091919 1414030.311222 0.247803 -533.115845 17516.276855 7918.115234 -1179.677734 1361.990967 324665.895062 222.227783 -325.766602 16753.253174 6739.75708 -1942.701416 183.632812 380780.980162 -43.015137 -327.174072 17363.052979 7010.05188 -1332.901611 453.927612 198267.698269 271.662598 -575.427246 17512.423096 8206.464233 -1183.531494 1650.339966 412436.880041 216.207275 -196.740112 16662.220459 6889.458008 -2033.734131 333.33374 424718.58974 77.938232 -670.062256 17223.023682 7122.166748 -1472.930908 566.04248 248992.955004 290.437012 -466.021118
21509.787598 9284.586182 2832.808838 2643.718262 1501405.215938 0.766602 -29.534302 16336.009521 9439.955444 -2340.969238 2799.087524 1331502.794391 19.150391 -50.756836 21948.037109 12376.387939 3271.05835 5735.52002 4359601.262099 -102.114258 -328.395996 15165.828857 13663.793945 -3511.149902 7022.926025 6164966.359484 -5.655518 -205.888672 18846.396484 8843.676758 169.417725 2202.808838 488106.91417 -49.516602 -181.420898 17252.896729 9682.36084 -1424.082031 3041.49292 1127868.881366 106.844482 -299.855347 17676.799316 7317.867432 -1000.179443 676.999512 145868.725779 160.522461 -600.247803 16911.254883 6524.055176 -1765.723877 -116.812744 313142.602684 158.001709 -215.701904 17209.504395 6606.973267 -1467.474365 -33.894653 215462.986014 -153.548584 -403.078613 17679.758301 7894.254761 -997.220459 1253.386841 256542.721656 167.335205 -312.209473 16699.934082 6690.524292 -1977.044678 49.656372 391117.141305 37.713623 -198.933716 17331.135254 6892.643433 -1345.843506 251.775513 187468.565106 108.111572 -229.523315
21501.11084 9227.427368 2882.132568 2573.761597 1493093.689814 -8.676758 -57.158813 16374.880371 9434.263306 -2244.0979 2780.597534 1276769.803362 38.87085 -5.692139 21795.700684 12160.395508 3176.722412 5506.729736 4041563.767256 -152.336426 -215.992432 15134.211426 13614.119873 -3484.766846 6960.454102 6059152.126887 -31.617432 -49.674072 18815.484619 8759.154053 196.506348 2105.488281 447169.564715 -30.911865 -84.522705 17349.852295 9452.284546 -1269.125977 2798.618774 944294.778889 96.955566 -230.076294 17623.164062 7099.356079 -995.814209 445.690308 119028.578912 -53.635254 -218.511353 17152.139893 6468.26416 -1466.838379 -185.401611 218598.858732 240.88501 -55.791016 17393.990479 6588.481445 -1224.987793 -65.184326 150484.40893 184.486084 -18.491821 17820.439453 7551.52771 -798.538818 897.861938 144382.030499 140.681152 -342.727051 16899.421387 6499.181519 -1719.556885 -154.484253 298074.126435 199.487305 -191.342773 17615.164795 6796.2146 -1003.813477 142.548828 102796.166413 284.029541 -96.428833
21507.561035 9198.721313 2930.960693 2515.252075 1491702.358779 6.450195 -28.706055 16367.114258 9431.915894 -2209.486084 2748.446655 1243578.77722 -7.766113 -2.347412 21821.196289 12112.906494 3244.595947 5429.437256 4000619.177633 25.495605 -47.489014 15179.448242 13524.692383 -3397.1521 6841.223145 5834297.650115 45.236816 -89.42749 18731.800537 8742.805176 155.200195 2059.335938 426495.16041 -83.684082 -16.348877 17445.05127 9354.048462 -1131.549072 2670.579224 841239.669264 95.198975 -98.236084 17713.342285 7035.74585 -863.258057 352.276611 86931.328324 90.178223 -63.610229 17139.586182 6347.824707 -1437.01416 -335.644531 217766.694785 -12.553711 -120.439453 17415.795898 6504.799805 -1160.804443 -178.669434 137938.972222 21.80542 -83.681641 17627.927246 7419.972534 -948.673096 736.503296 144241.774738 -192.512207 -131.555176 16944.155273 6411.854248 -1632.445068 -271.61499 273865.160413 44.733887 -87.327271 17740.794678 6792.825928 -835.805664 109.356689 71052.999361 125.629883 -3.388672
21504.318848 9221.845703 2933.863525 2545.783691 1508856.978905 -3.242188 23.12439 16356.152344 9447.645264 -2214.302979 2771.583252 1258481.140317 -10.961914 15.72937 21810.603027 12119.851074 3240.147705 5443.789062 4013339.650772 -10.593262 6.94458 15201.182861 13512.935791 -3369.272461 6836.873779 5809483.999007 21.734619 -11.756592 18708.4021 8767.597046 137.946777 2091.535034 439354.811258 -23.398438 24.79187 17518.276367 9357.427368 -1052.178955 2681.365356 829680.072825 73.225098 3.378906 17672.404785 7109.660645 -898.050537 433.598633 99450.254158 -40.9375 73.914795 17139.595947 6416.212769 -1430.859375 -259.849243 211488.01802 0.009766 68.388062 17317.125244 6469.375 -1253.330078 -206.687012 161355.580555 -98.670654 -35.424805 17510.894775 7478.861694 -1059.560547 802.799683 176715.58829 -117.032471 58.88916 16930.385742 6467.768555 -1640.06958 -208.293457 273321.439174 -13.769531 55.914307 17700.863037 6825.800781 -869.592285 149.73877 77861.24415 -39.931641 32.974854
21499.057617 9232.802124 2943.568115 2550.775757 1517105.021069 -5.26123 10.956421 16417.294922 9427.74231 -2138.19458 2745.715942 1211083.209853 61.142578 -19.902954 21882.329102 12166.025391 3326.8396 5483.999023 4114210.701059 71.726074 46.174316 15199.655762 13549.111328 -3355.83374 6867.084961 5841847.595283 -1.5271 36.175537 18693.184814 8765.221558 137.695312 2083.19519 435866.220051 -15.217285 -2.375488 17494.73999 9473.299561 -1060.749512 2791.273193 891639.556658 -23.536377 115.872192 17546.868896 7100.305176 -1008.620605 418.278809 119227.268749 -125.535889 -9.355469 17120.15625 6455.541992 -1435.333252 -226.484375 211147.671628 -19.439697 39.329224 17202.147217 6475.525513 -1353.342285 -206.500854 187417.79437 -114.978027 6.150513 17617.593994 7603.487549 -937.895508 921.461182 172873.869285 106.699219 124.625854 16916.090088 6575.797119 -1639.399414 -106.229248 269891.509197 -14.295654 108.028564 17620.274658 6862.44873 -935.214844 180.422363 90717.903314 -80.588379 36.647949
21496.437988 9245.776367 2978.238525 2570.518188 1547746.847141 -2.619629 12.974243 16374.732666 9432.699585 -2143.466797 2757.441406 1219793.301821 -42.562256 4.957275 22033.00293 12255.12207 3514.803467 5579.863892 4348872.445901 150.673828 89.09668 15218.227539 13636.862793 -3299.971924 6961.604614 5935375.350331 18.571777 87.751465 18699.967041 8862.385254 181.767578 2187.127075 481656.429551 6.782227 97.163696 17470.616455 9512.439575 -1047.583008 2837.181396 914702.843481 -24.123535 39.140015 17527.276611 7067.988281 -990.922852 392.730103 113616.503119 -19.592285 -32.316895 17206.264648 6468.008423 -1311.934814 -207.249756 176412.541868 86.108398 12.466431 17320.117188 6458.798828 -1198.082275 -216.459351 148225.578906 117.969971 -16.726685 17741.384277 7494.550171 -776.815186 819.291992 127468.120096 123.790283 -108.937378 16978.267822 6557.873535 -1539.931641 -117.384644 238516.861234 62.177734 -17.923584 17622.718506 6814.450684 -895.480957 139.192505 82126.069782 2.443848 -47.998047
21491.05957 9285.717163 2948.220215 2611.2323 1551053.655876 -5.378418 39.940796 16307.879639 9478.727417 -2234.959717 2804.242554 1285882.123575 -66.853027 46.027832 22191.640625 12502.723389 3648.80127 5828.238525 4728211.501338 158.637695 247.601318 15262.318115 13675.655518 -3280.52124 7001.170654 5977821.013822 44.090576 38.792725 18764.714355 8947.233276 221.875 2272.748413 521461.386481 64.747314 84.848022 17412.105713 9599.567871 -1130.733643 2925.083008 983466.917305 -58.510742 87.128296 17848.730469 7208.90625 -694.108887 534.421387 76739.33652 321.453857 140.917969 17231.204834 6542.538452 -1311.634521 -131.946411 173779.497336 24.940186 74.530029 17354.605713 6610.131836 -1188.233643 -64.353027 141604.050148 34.488525 151.333008 17935.13916 7680.881348 -607.700195 1006.396484 138213.341115 193.754883 186.331177 16973.52417 6546.846924 -1569.315186 -127.637939 247904.159518 -4.743652 -11.026611 17627.982178 6841.801147 -914.857178 167.316284 86495.83946 5.263672 27.350464
21449.763184 9264.719238 2918.834229 2641.687622 1549810.674615 -41.296387 -20.997925 16273.114014 9460.34729 -2257.814941 2837.315674 1314808.854259 -34.765625 -18.380127 22347.617188 12812.557373 3816.688232 6189.525757 5287733.815804 155.976562 309.833984 15123.127441 13828.19458 -3407.801514 7205.162964 6352748.449247 -139.190674 152.539062 18814.389648 9236.543579 283.460693 2613.511963 691079.474485 49.675293 289.310303 17196.239014 10070.610962 -1334.689941 3447.579346 1366720.058461 -215.866699 471.043091 17619.926758 7740.719604 -911.002197 1117.687988 207915.144257 -228.803711 531.813354 17128.756104 6667.69165 -1402.172852 44.660034 196808.322431 -102.44873 125.153198 17446.66626 7000.762329 -1084.262695 377.730713 131830.608391 92.060547 390.630493 17670.275879 8003.905029 -860.653076 1380.873413 264753.510049 -264.863281 323.023682 16984.259033 6669.465332 -1546.669922 46.433716 239434.39372 10.734863 122.618408 17448.342285 6923.942871 -1082.58667 300.911255 126254.148121 -179.639893 82.141724
21514.912109 9395.176392 3026.307373 2748.864136 1671479.035293 65.148926 130.457153 16261.223145 9528.842773 -2227.381592 2882.530518 1327021.094024 -11.890869 68.495483 22555.185547 13136.968994 4066.580811 6490.656738 5866570.43829 207.568359 324.411621 15126.604004 13717.313232 -3362.000732 7071.000977 6130210.373535 3.476562 -110.881348 18802.722168 9510.679321 314.117432 2864.367065 830326.844638 -11.66748 274.135742 16997.807617 10523.875732 -1490.797119 3877.563477 1725797.456521 -198.431396 453.264771 17347.727051 7912.325439 -1140.877686 1266.013184 290439.127441 -272.199707 171.605835 17092.369385 6857.463379 -1396.235352 211.151123 199405.795372 -36.386719 189.771729 17326.361084 7486.896973 -1162.243652 840.584717 205739.297353 -120.305176 486.134644 17397.301025 8140.133057 -1091.303711 1493.820801 342244.437435 -272.974854 136.228027 17053.675537 7087.387695 -1434.929199 441.075439 225356.935006 69.416504 417.922363 17443.358154 7707.11731 -1045.246582 1060.805054 221784.777923 -4.984131 783.174438
21567.072754 9400.321655 3053.395996 2774.100952 1701886.320167 52.160645 5.145264 16146.309814 9641.039429 -2367.366943 3014.818726 1469355.819265 -114.91333 112.196655 22759.760742 13365.501709 4246.083984 6739.281006 6344713.76783 204.575195 228.532715 14831.057129 13873.282471 -3682.619629 7247.061768 6608159.15943 -295.546875 155.969238 18844.998779 9909.318237 331.322021 3283.097534 1088850.370086 42.276611 398.638916 16608.481445 10905.581055 -1905.195312 4279.360352 2194269.41973 -389.326172 381.705322 17270.075684 8773.029175 -1243.601074 2146.808472 615533.024587 -77.651367 860.703735 17065.432129 7565.259399 -1448.244629 939.038696 297920.617828 -26.937256 707.796021 17474.047852 8310.274658 -1039.628906 1684.053955 391686.598632 147.686768 823.377686 17453.979492 8969.701538 -1059.697266 2343.480835 661486.07186 56.678467 829.568481 16984.333496 7637.975464 -1529.343262 1011.754761 336253.850805 -69.342041 550.587769 17445.800781 8551.858521 -1067.875977 1925.637817 484844.010505 2.442627 844.741211
21609.265137 9498.313599 3127.711182 2902.213135 1820541.831537 42.192383 97.991943 16357.01416 9578.578491 -2124.539795 2982.478027 1340884.452379 210.704346 -62.460938 23134.387207 13695.605469 4652.833252 7099.505005 7205182.858484 374.626465 330.10376 14740.976562 13964.603271 -3740.577393 7368.502808 6828675.285573 -90.080566 91.320801 19425.206299 10809.572754 943.652344 4213.47229 1864382.848479 580.20752 900.254517 16040.211182 11616.12915 -2441.342773 5020.028687 3116084.255093 -568.270264 710.548096 17279.620361 9827.840576 -1201.933594 3231.740112 1188878.851726 9.544678 1054.811401 17083.55835 8677.677002 -1397.995605 2081.576538 628735.259682 18.126221 1112.417603 17310.737305 9476.216431 -1170.81665 2880.115967 966587.961103 -163.310547 1165.941772 17399.550781 9779.414062 -1082.003174 3183.313599 1130421.633541 -54.428711 809.712524 17123.612061 8889.827271 -1357.941895 2293.726807 710518.885242 139.278564 1251.851807 17152.718506 9020.004272 -1328.835449 2423.903809 764111.332442 -293.082275 468.145752
21677.348633 9671.933594 3190.898438 3123.602905 1993872.794827 68.083496 173.619995 16405.496826 9588.424683 -2080.953369 3040.093994 1357253.841775 48.482666 9.846191 23411.152344 13981.640625 4924.702148 7433.309937 7950678.786324 276.765137 286.035156 14605.90332 13879.625244 -3880.546875 7331.294556 6880652.391098 -135.073242 -84.978027 19727.244873 11638.857422 1240.794678 5090.526733 2745303.385574 302.038574 829.284668 16358.658447 11539.20166 -2127.791748 4990.870972 2943629.077901 318.447266 -76.92749 17757.803955 10935.480957 -728.64624 4387.150269 1977801.282229 478.183594 1107.640381 17564.018555 10018.585205 -922.431641 3470.254517 1289354.654162 480.460205 1340.908203 18052.781982 10498.054199 -433.668213 3949.723511 1578838.393018 742.044678 1021.837769 17461.600342 10426.650391 -1024.849854 3878.319702 1609168.093432 62.049561 647.236328 17632.453613 9222.911377 -853.996582 2674.580688 788269.202129 508.841553 333.084106 17811.154785 10147.127075 -675.29541 3598.796387 1340735.932404 658.436279 1127.122803
21596.757812 9664.509888 3133.804932 3177.532959 1991744.905501 -80.59082 -7.423706 16245.67627 9720.338135 -2217.276611 3233.361206 1537094.025996 -159.820557 131.913452 23561.45752 14108.980713 5098.504639 7622.003784 8408969.123661 150.305176 127.340088 15270.228271 12688.73291 -3192.724609 6201.755981 4865526.76847 664.324951 -1190.892334 20812.766113 12836.806641 2349.813232 6349.829712 4584195.959757 1085.52124 1197.949219 14623.745117 13495.877686 -3839.207764 7008.900757 6386420.607181 -1734.91333 1956.676025 18655.140381 12133.69751 192.1875 5646.720581 3192238.935566 897.336426 1198.216553 18097.498779 12149.383545 -365.454102 5662.406616 3219640.538766 533.480225 2130.79834 19167.484131 12054.01001 704.53125 5567.033081 3148822.160778 1114.702148 1555.955811 14269.72168 14749.375 -4193.231201 8262.398071 8585040.979492 -3191.878662 4322.724609 13006.269531 15200.185547 -5456.68335 8713.208618 10569539.760155 -4626.184082 5977.27417 13345.826416 15080.942383 -5117.126465 8593.965454 10004122.54835 -4465.328369 4933.815308
21598.347168 9741.260376 3159.262695 3264.772949 2063968.318794 1.589355 76.750488 16273.564453 9759.169922 -2165.52002 3282.682495 1546548.131874 27.888184 38.831787 23688.444824 14128.131104 5249.360352 7651.643677 8610343.505662 126.987305 19.150391 15086.838379 13031.071777 -3352.246094 6554.584351 5420012.988201 -183.389893 342.338867 21228.149414 13680.986328 2789.064941 7204.498901 5968368.766718 415.383301 844.179688 13917.337646 14656.166992 -4521.746826 8179.679565 8735335.21531 -706.407471 1160.289307 18950.327148 13605.203857 511.242676 7128.716431 5107996.702236 295.186768 1471.506348 19665.819092 14590.106201 1226.734619 8113.618774 6733568.744232 1568.320312 2440.722656 20758.203125 14970.592041 2319.118652 8494.104614 7752812.45216 1590.718994 2916.582031 13039.434814 15899.215088 -5399.649658 9422.727661 11794401.300721 -1230.286865 1149.840088 11784.230957 16465.214844 -6654.853516 9988.727417 14406175.07254 -1222.038574 1265.029297 11766.207275 16394.748535 -6672.877197 9918.261108 14289919.350416 -1579.619141 1313.806152
21547.131348 9775.631714 3161.522217 3288.09082 2080676.396992 -51.21582 34.371338 16306.868896 9688.949585 -2078.740234 3201.408691 1457017.857142 33.304443 -70.220337 23604.997559 14112.890625 5219.388428 7625.349731 8538797.408642 -83.447266 -15.240479 15142.243652 13079.156494 -3243.365479 6591.615601 5396881.585311 55.405273 48.084717 21613.293457 14048.669434 3227.684326 7561.12854 6758861.090841 385.144043 367.683105 13508.924561 15273.933105 -4876.68457 8786.392212 10098274.049991 -408.413086 617.766113 19577.670898 15512.783203 1192.061768 9025.24231 8287601.000418 627.34375 1907.579346 20641.899414 16133.83667 2256.290283 9646.295776 9814186.804724 976.080322 1543.730469 22124.450684 16061.221924 3738.841553 9573.68103 10563430.462587 1366.247559 1090.629883 12260.700684 16936.831055 -6124.908447 10449.290161 14670216.835893 -778.734131 1037.615967 10834.106445 17413.259277 -7551.502686 10925.718384 17639651.501169 -950.124512 948.044434 11351.040039 17130.604248 -7034.569092 10643.063354 16275995.9875 -415.167236 735.855713
21550.002441 9741.488037 3142.526855 3263.966064 2052894.950724 2.871094 -34.143677 16243.36792 9669.0625 -2164.107666 3191.540527 1486929.292779 -63.500977 -19.887085 23564.299316 14013.013916 5156.82373 7535.491943 8337646.981556 -40.698242 -99.876709 14997.954102 13419.689941 -3409.521484 6942.167969 5981853.285875 -144.289551 340.533447 21887.409668 14580.075684 3479.934082 8102.553711 7776131.785391 274.116211 531.40625 12931.335449 15998.64624 -5476.140137 9521.124268 12063991.811565 -577.589111 724.713135 19918.566895 16154.854736 1511.091309 9677.332764 9593416.636174 340.895996 642.071533 21595.524902 16842.341309 3188.049316 10364.819336 11759313.831046 953.625488 708.504639 22893.103027 16674.67041 4485.627441 10197.148438 12410268.979951 768.652344 613.448486 11550.134277 17539.838867 -6857.341309 11062.316895 16939798.489758 -710.566406 603.007812 10240.009766 17991.303711 -8167.46582 11513.781738 19927466.784275 -594.09668 578.044434 10808.862305 17924.100342 -7598.613281 11446.578369 18876308.015887 -542.177734 793.496094
21589.116211 9730.076294 3221.729736 3309.703369 2133367.888564 39.11377 -11.411743 16285.233154 9652.598267 -2082.15332 3232.225342 1478264.310944 41.865234 -16.464233 23648.891602 13942.773438 5281.505127 7522.400513 8448080.587943 84.592285 -70.240479 14917.583008 13440.345459 -3449.803467 7019.972534 6118115.834016 -80.371094 20.655518 22279.230957 14817.064209 3911.844482 8396.691284 8580695.177647 391.821289 236.988525 12728.125 16208.598633 -5639.261475 9788.225708 12761063.248992 -203.210449 209.952393 20159.442139 16526.990967 1792.055664 10106.618042 10535519.174982 240.875244 372.13623 21698.520508 17397.32666 3331.134033 10976.953735 13158996.725521 102.995605 554.985352 23145.043945 17072.424316 4777.657471 10652.051392 13629220.975669 251.940918 397.753906 11646.14502 17828.708496 -6721.241455 11408.335571 17532520.72046 96.010742 288.869629 10111.064453 18181.672363 -8256.322021 11761.299438 20649501.780396 -128.945312 190.368652 10282.956543 17821.011963 -8084.429932 11400.639038 19533257.779634 -525.905762 -103.088379
21556.049805 9761.373291 3236.998291 3372.744141 2185356.097416 -33.066406 31.296997 16253.155518 9682.629395 -2065.895996 3294.000244 1511836.387507 -32.077637 30.031128 23697.202148 13854.530029 5378.150635 7465.900879 8466418.018388 48.310547 -88.243408 14945.599365 13426.181641 -3373.452148 7037.55249 6090732.44506 28.016357 -14.163818 22542.353516 15060.921631 4223.302002 8672.29248 9304493.66665 263.122559 243.857422 12630.267334 16356.983643 -5688.78418 9968.354492 13173035.672498 -97.857666 148.38501 20620.217285 16944.703369 2301.165771 10556.074219 11672606.681961 460.775146 417.712402 21893.034668 17591.031494 3573.983154 11202.402344 13826717.385845 194.51416 193.704834 23348.041992 17579.494629 5028.990479 11190.865479 15052621.539123 202.998047 507.070312 11382.969971 18156.611328 -6936.081543 11767.982178 18659463.170619 -263.175049 327.902832 10038.867798 18243.133545 -8280.183716 11854.504395 20909071.68077 -72.196655 61.461182 10210.661621 17899.080811 -8108.389893 11510.45166 19823648.407086 -72.294922 78.068848
21474.348145 9722.957764 3168.041992 3326.784058 2110398.223028 -81.70166 -38.415527 16222.491455 9696.596069 -2083.814697 3300.422363 1523507.146859 -30.664062 13.966675 23661.723633 13741.027832 5355.41748 7344.854126 8262737.852199 -35.478516 -113.502197 14907.122803 13643.345947 -3399.18335 7247.172241 6407595.293804 -38.476562 217.164307 22611.12793 15244.415283 4304.821777 8848.241577 9682286.954227 68.774414 183.493652 12546.291504 16528.696289 -5760.014648 10132.522583 13584578.264538 -83.97583 171.712646 20479.364014 17048.896484 2173.057861 10652.722778 11820268.306042 -140.853271 104.193115 21847.587891 17532.623291 3541.281738 11136.449585 13656118.570826 -45.446777 -58.408203 23495.009766 17767.705078 5188.703613 11371.531372 15623437.093246 146.967773 188.210449 11267.261963 18200.90332 -7039.044189 11804.729614 18889978.436681 -115.708008 44.291992 10136.04126 18416.217041 -8170.264893 12020.043335 21123467.018923 97.173462 173.083496 10120.307007 18073.800049 -8185.999146 11677.626343 20337753.901169 -90.354614 174.719238
21442.297363 9748.792725 3172.608643 3344.671631 2125227.391724 -32.050781 25.834961 16212.454834 9704.298706 -2057.233887 3300.177612 1512338.353742 -10.036621 7.702637 23645.158691 13690.9729 5375.469971 7286.851807 8199388.665787 -16.564941 -50.054932 14910.270996 13693.369141 -3359.417725 7289.248047 6441882.453729 3.148193 50.023193 22619.587402 15404.008789 4349.898682 8999.887695 9991959.706878 8.459473 159.593506 12563.760986 16542.524414 -5705.927734 10138.40332 13534483.319523 17.469482 13.828125 20487.382812 17061.627197 2217.694092 10657.506104 11850060.343126 8.018799 12.730713 21725.668945 17519.63623 3455.980225 11115.515137 13549847.606751 -121.918945 -12.987061 23531.843262 17938.547363 5262.154541 11534.42627 16073325.978078 36.833496 170.842285 11280.507812 18193.319092 -6989.180908 11789.197998 18783383.920474 13.24585 -7.584229 10108.497314 18475.334473 -8161.191406 12071.213379 21231923.760853 -27.543945 59.117432 10177.922363 18169.67041 -8091.766357 11765.549316 20390483.349989 57.615356 95.870361
21370.529785 9705.114136 3127.799072 3294.887695 2063941.196119 -71.767578 -43.678589 16201.671143 9687.313232 -2041.05957 3277.086792 1490522.201181 -10.783691 -16.985474 23626.26709 13651.054688 5383.536377 7240.828247 8141205.762555 -18.891602 -39.918213 14943.452148 13684.753418 -3299.278564 7274.526978 6380398.17928 33.181152 -8.615723 22591.37207 15503.337402 4348.641357 9093.110962 10159534.862116 -28.215332 99.328613 12564.023438 16560.020752 -5678.707275 10149.794312 13526604.088581 0.262451 17.496338 20377.412109 17047.939453 2134.681396 10637.713013 11771780.280496 -109.970703 -13.687744 21770.734863 17631.696777 3528.00415 11221.470337 13836820.980742 45.065918 112.060547 23585.842285 17922.926025 5343.111572 11512.699585 16109109.300724 53.999023 -15.621338 11206.262207 18259.075928 -7036.468506 11848.849487 18990712.320675 -74.245605 65.756836 10169.942017 18567.105713 -8072.788696 12156.879272 21295963.098012 61.444702 91.77124 10362.510986 18143.781738 -7880.219727 11733.555298 19977418.286665 184.588623 -25.888672
21378.557129 9701.297607 3169.467773 3283.909912 2082959.027771 8.027344 -3.816528 16209.434814 9684.058838 -1999.654541 3266.671143 1466975.863716 7.763672 -3.254395 23620.563965 13625.332031 5411.474609 7207.944336 8123851.899788 -5.703125 -25.722656 14954.584961 13693.754883 -3254.504395 7276.367188 6353731.830135 11.132812 9.001465 22586.71875 15444.882812 4377.629395 9027.495117 10065930.720671 -4.65332 -58.45459 12571.066895 16615.820312 -5638.022461 10198.432617 13579532.511735 7.043457 55.799561 20410.986328 17073.952637 2201.896973 10656.564941 11841072.66286 33.574219 26.013184 21645.488281 17591.318359 3436.398926 11173.930664 13666556.406239 -125.246582 -40.378418 23541.967773 17938.731689 5332.878418 11521.343994 16118095.965216 -43.874512 15.805664 11229.899902 18258.057861 -6979.189453 11840.670166 18891055.540298 23.637695 -1.018066 10276.036377 18623.143311 -7933.052979 12205.755615 21191379.969876 106.09436 56.037598 10397.659912 18176.634521 -7811.429443 11759.246826 19929831.586742 35.148926 32.852783
21343.725586 9717.902832 3150.457764 3284.594116 2071394.262893 -34.831543 16.605225 16157.203369 9691.998901 -2036.064453 3258.690186 1476462.018266 -52.231445 7.940063 23664.069824 13682.984619 5470.802002 7249.675903 8248747.524776 43.505859 57.652588 14948.718262 13720.548096 -3244.549561 7287.23938 6363095.963056 -5.866699 26.793213 22527.084961 15344.654541 4333.817139 8911.345825 9819405.540767 -59.633789 -100.228271 12626.102295 16561.730957 -5567.165527 10128.422241 13357826.91051 55.0354 -54.089355 20423.962402 17112.514648 2230.69458 10679.205933 11902143.766084 12.976074 38.562012 21511.931152 17584.051514 3318.66333 11150.742798 13535259.124224 -133.557129 -7.266846 23434.482422 17844.442139 5241.2146 11411.133423 15768429.647328 -107.485352 -94.289551 11230.527344 18299.349365 -6962.740479 11866.040649 18928267.566471 0.627441 41.291504 10278.521729 18613.145752 -7914.746094 12179.837036 21099163.595528 2.485352 -9.997559 10647.172852 18329.453125 -7546.094971 11896.144409 19846180.111093 249.512939 152.818604
21294.509277 9668.334961 3100.112305 3247.454224 2015665.523627 -49.216309 -49.567871 16173.234863 9680.169067 -2021.162109 3259.28833 1470805.669096 16.031494 -11.829834 23664.631348 13714.173584 5470.234375 7293.292847 8311558.466486 0.561523 31.188965 14915.299072 13665.928955 -3279.0979 7245.048218 6324320.671821 -33.419189 -54.619141 22433.886719 15349.230957 4239.489746 8928.35022 9768871.095333 -93.198242 4.576416 12646.307373 16559.56665 -5548.0896 10138.685913 13357425.02495 20.205078 -2.164307 20342.753906 17204.306641 2148.356934 10783.425903 12089771.172652 -81.208496 91.791992 21533.603516 17684.847412 3339.206543 11263.966675 13802724.558772 21.672363 100.795898 23463.046875 17883.442383 5268.649902 11462.561646 15914899.127053 28.564453 39.000244 11335.41748 18185.578613 -6858.979492 11764.697876 18545371.578726 104.890137 -113.770752 10494.061279 18659.649658 -7700.335693 12238.768921 20908263.448957 215.539551 46.503906 10459.32251 18306.094971 -7735.074463 11885.214233 20108969.432024 -187.850342 -23.358154
21264.63623 9669.939575 3086.16333 3234.978638 1998949.088626 -29.873047 1.604614 16167.382812 9661.18042 -2011.090088 3226.219482 1445297.549037 -5.852051 -18.988647 23658.913574 13744.289551 5480.440674 7309.328613 8346151.475628 -5.717773 30.115967 14884.633789 13769.293213 -3293.839111 7334.332275 6464180.601715 -30.665283 103.364258 22376.616211 15275.397949 4198.143311 8840.437012 9577773.381406 -57.270508 -73.833008 12606.413574 16631.075439 -5572.059326 10196.114502 13500859.607132 -39.893799 71.508789 20230.155029 17263.946533 2051.682129 10828.985596 12147632.859002 -112.598877 59.639893 21300.471191 17724.212646 3121.998291 11289.251709 13719407.747791 -233.132324 39.365234 23437.365723 17874.58252 5258.892822 11439.621582 15852089.565615 -25.681152 -8.859863 11285.788574 18348.569336 -6892.684326 11913.608398 18944316.229158 -49.628906 162.990723 10507.730713 18697.738037 -7670.742188 12262.7771 20921598.79018 13.669434 38.088379 10353.293457 18268.775635 -7825.179443 11833.814697 20127260.360999 -106.029053 -37.319336
21256.193848 9695.13916 3078.214111 3234.977417 1994048.100363 -8.442383 25.199585 16124.371338 9666.31897 -2053.608398 3206.157227 1449675.161557 -43.011475 5.13855 23582.563477 13745.9375 5404.58374 7285.775757 8229205.37841 -76.350098 1.647949 14849.885254 13824.890137 -3328.094482 7364.728394 6531543.719476 -34.748535 55.596924 22280.812988 15342.507324 4102.833252 8882.345581 9572930.371461 -95.803223 67.109375 12626.990967 16632.733154 -5550.98877 10172.571411 13429468.543406 20.577393 1.657715 20176.628418 17386.015625 1998.648682 10925.853882 12336887.959985 -53.526611 122.069092 21232.338867 17822.144775 3054.359131 11361.983032 13842376.812487 -68.132324 97.932129 23423.461914 17919.876709 5245.482178 11459.714966 15884015.037478 -13.903809 45.294189 11197.487793 18342.086182 -6980.491943 11881.924438 18990739.613297 -88.300781 -6.483154 10431.553955 18683.123779 -7746.425781 12222.962036 20940791.332116 -76.176758 -14.614258 10428.239746 18302.460938 -7749.73999 11842.299194 20029852.012441 74.946289 33.685303
]