Naoki.b_u_l_l_e_t.1419 [ 2.842170943040401e-14 0.3106095777566308 0.3289604118090246 0.4008116565498566 0.4193012834822054 0.4773342625735959 0.4096823902617258 0.41287002011882606 0.4303084660050271 0.5063242566942401 0.4957288971962919 0.48004610469898673 0.45623937170650924 0.4302745992648502 0.47502878381140284 0.4772353985124652
2.842170943040401e-14 0.3106095777566308 0.3289604118090246 0.4008116565498566 0.4193012834822054 0.4773342625735959 0.4096823902617258 0.41287002011882606 0.4303084660050271 0.5063242566942401 0.4957288971962919 0.48004610469898673 0.45623937170650924 0.4302745992648502 0.47502878381140284 0.4772353985124652
2.842170943040401e-14 0.3106095777566308 0.3289604118090246 0.4008116565498566 0.4193012834822054 0.4773342625735959 0.4096823902617258 0.41287002011882606 0.4303084660050271 0.5063242566942401 0.4957288971962919 0.48004610469898673 0.45623937170650924 0.4302745992648502 0.47502878381140284 0.4772353985124652
2.842170943040401e-14 0.3106095777566308 0.3289604118090246 0.4008116565498566 0.4193012834822054 0.4773342625735959 0.4096823902617258 0.41287002011882606 0.4303084660050271 0.5063242566942401 0.4957288971962919 0.48004610469898673 0.45623937170650924 0.4302745992648502 0.47502878381140284 0.4772353985124652
2.842170943040401e-14 0.3106095777566308 0.3289604118090246 0.4008116565498566 0.4193012834822054 0.4773342625735959 0.4096823902617258 0.41287002011882606 0.4303084660050271 0.5063242566942401 0.4957288971962919 0.48004610469898673 0.45623937170650924 0.4302745992648502 0.47502878381140284 0.4772353985124652
2.842170943040401e-14 0.3106095777566308 0.3289604118090246 0.4008116565498566 0.4193012834822054 0.4773342625735959 0.4096823902617258 0.41287002011882606 0.4303084660050271 0.5063242566942401 0.4957288971962919 0.48004610469898673 0.45623937170650924 0.4302745992648502 0.47502878381140284 0.4772353985124652
2.842170943040401e-14 0.3106095777566308 0.3289604118090246 0.4008116565498566 0.4193012834822054 0.4773342625735959 0.4096823902617258 0.41287002011882606 0.4303084660050271 0.5063242566942401 0.4957288971962919 0.48004610469898673 0.45623937170650924 0.4302745992648502 0.47502878381140284 0.4772353985124652
2.842170943040401e-14 0.3106095777566308 0.3289604118090246 0.4008116565498566 0.4193012834822054 0.4773342625735959 0.4096823902617258 0.41287002011882606 0.4303084660050271 0.5063242566942401 0.4957288971962919 0.48004610469898673 0.45623937170650924 0.4302745992648502 0.47502878381140284 0.4772353985124652
2.842170943040401e-14 0.3106095777566308 0.3289604118090246 0.4008116565498566 0.4193012834822054 0.4773342625735959 0.4096823902617258 0.41287002011882606 0.4303084660050271 0.5063242566942401 0.4957288971962919 0.48004610469898673 0.45623937170650924 0.4302745992648502 0.47502878381140284 0.4772353985124652
2.842170943040401e-14 0.3106095777566308 0.3289604118090246 0.4008116565498566 0.4193012834822054 0.4773342625735959 0.4096823902617258 0.41287002011882606 0.4303084660050271 0.5063242566942401 0.4957288971962919 0.48004610469898673 0.45623937170650924 0.4302745992648502 0.47502878381140284 0.4772353985124652
2.842170943040401e-14 0.3106095777566308 0.3289604118090246 0.4008116565498566 0.4193012834822054 0.4773342625735959 0.4096823902617258 0.41287002011882606 0.4303084660050271 0.5063242566942401 0.4957288971962919 0.48004610469898673 0.45623937170650924 0.4302745992648502 0.47502878381140284 0.4772353985124652
2.842170943040401e-14 0.3106095777566308 0.3289604118090246 0.4008116565498566 0.4193012834822054 0.4773342625735959 0.4096823902617258 0.41287002011882606 0.4303084660050271 0.5063242566942401 0.4957288971962919 0.48004610469898673 0.45623937170650924 0.4302745992648502 0.47502878381140284 0.4772353985124652
2.842170943040401e-14 0.3106095777566308 0.3289604118090246 0.4008116565498566 0.4193012834822054 0.4773342625735959 0.4096823902617258 0.41287002011882606 0.4303084660050271 0.5063242566942401 0.4957288971962919 0.48004610469898673 0.45623937170650924 0.4302745992648502 0.47502878381140284 0.4772353985124652
2.842170943040401e-14 0.3106095777566308 0.3289604118090246 0.4008116565498566 0.4193012834822054 0.4773342625735959 0.4096823902617258 0.41287002011882606 0.4303084660050271 0.5063242566942401 0.4957288971962919 0.48004610469898673 0.45623937170650924 0.4302745992648502 0.47502878381140284 0.4772353985124652
2.842170943040401e-14 0.3106095777566308 0.3289604118090246 0.4008116565498566 0.4193012834822054 0.4773342625735959 0.4096823902617258 0.41287002011882606 0.4303084660050271 0.5063242566942401 0.4957288971962919 0.48004610469898673 0.45623937170650924 0.4302745992648502 0.47502878381140284 0.4772353985124652
2.842170943040401e-14 0.3106095777566308 0.3289604118090246 0.4008116565498566 0.4193012834822054 0.4773342625735959 0.4096823902617258 0.41287002011882606 0.4303084660050271 0.5063242566942401 0.4957288971962919 0.48004610469898673 0.45623937170650924 0.4302745992648502 0.47502878381140284 0.4772353985124652
2.842170943040401e-14 0.3106095777566308 0.3289604118090246 0.4008116565498566 0.4193012834822054 0.4773342625735959 0.4096823902617258 0.41287002011882606 0.4303084660050271 0.5063242566942401 0.4957288971962919 0.48004610469898673 0.45623937170650924 0.4302745992648502 0.47502878381140284 0.4772353985124652
2.842170943040401e-14 0.3106095777566308 0.3289604118090246 0.4008116565498566 0.4193012834822054 0.4773342625735959 0.4096823902617258 0.41287002011882606 0.4303084660050271 0.5063242566942401 0.4957288971962919 0.48004610469898673 0.45623937170650924 0.4302745992648502 0.47502878381140284 0.4772353985124652
2.842170943040401e-14 0.3106095777566308 0.3289604118090246 0.4008116565498566 0.4193012834822054 0.4773342625735959 0.4096823902617258 0.41287002011882606 0.4303084660050271 0.5063242566942401 0.4957288971962919 0.48004610469898673 0.45623937170650924 0.4302745992648502 0.47502878381140284 0.4772353985124652
2.842170943040401e-14 0.3106095777566308 0.3289604118090246 0.4008116565498566 0.4193012834822054 0.4773342625735959 0.4096823902617258 0.41287002011882606 0.4303084660050271 0.5063242566942401 0.4957288971962919 0.48004610469898673 0.45623937170650924 0.4302745992648502 0.47502878381140284 0.4772353985124652
2.842170943040401e-14 0.3106095777566308 0.3289604118090246 0.4008116565498566 0.4193012834822054 0.4773342625735959 0.4096823902617258 0.41287002011882606 0.4303084660050271 0.5063242566942401 0.4957288971962919 0.48004610469898673 0.45623937170650924 0.4302745992648502 0.47502878381140284 0.4772353985124652
2.842170943040401e-14 0.3106095777566308 0.3289604118090246 0.4008116565498566 0.4193012834822054 0.4773342625735959 0.4096823902617258 0.41287002011882606 0.4303084660050271 0.5063242566942401 0.4957288971962919 0.48004610469898673 0.45623937170650924 0.4302745992648502 0.47502878381140284 0.4772353985124652
2.842170943040401e-14 0.3106095777566308 0.3289604118090246 0.4008116565498566 0.4193012834822054 0.4773342625735959 0.4096823902617258 0.41287002011882606 0.4303084660050271 0.5063242566942401 0.4957288971962919 0.48004610469898673 0.45623937170650924 0.4302745992648502 0.47502878381140284 0.4772353985124652
2.842170943040401e-14 0.3106095777566308 0.3289604118090246 0.4008116565498566 0.4193012834822054 0.4773342625735959 0.4096823902617258 0.41287002011882606 0.4303084660050271 0.5063242566942401 0.4957288971962919 0.48004610469898673 0.45623937170650924 0.4302745992648502 0.47502878381140284 0.4772353985124652
2.842170943040401e-14 0.3106095777566308 0.3289604118090246 0.4008116565498566 0.4193012834822054 0.4773342625735959 0.4096823902617258 0.41287002011882606 0.4303084660050271 0.5063242566942401 0.4957288971962919 0.48004610469898673 0.45623937170650924 0.4302745992648502 0.47502878381140284 0.4772353985124652
2.842170943040401e-14 0.3106095777566308 0.3289604118090246 0.4008116565498566 0.4193012834822054 0.4773342625735959 0.4096823902617258 0.41287002011882606 0.4303084660050271 0.5063242566942401 0.4957288971962919 0.48004610469898673 0.45623937170650924 0.4302745992648502 0.47502878381140284 0.4772353985124652
2.842170943040401e-14 0.3106095777566308 0.3289604118090246 0.4008116565498566 0.4193012834822054 0.4773342625735959 0.4096823902617258 0.41287002011882606 0.4303084660050271 0.5063242566942401 0.4957288971962919 0.48004610469898673 0.45623937170650924 0.4302745992648502 0.47502878381140284 0.4772353985124652
2.842170943040401e-14 0.3106095777566308 0.3289604118090246 0.4008116565498566 0.4193012834822054 0.4773342625735959 0.4096823902617258 0.41287002011882606 0.4303084660050271 0.5063242566942401 0.4957288971962919 0.48004610469898673 0.45623937170650924 0.4302745992648502 0.47502878381140284 0.4772353985124652
2.842170943040401e-14 0.3106095777566308 0.3289604118090246 0.4008116565498566 0.4193012834822054 0.4773342625735959 0.4096823902617258 0.41287002011882606 0.4303084660050271 0.5063242566942401 0.4957288971962919 0.48004610469898673 0.45623937170650924 0.4302745992648502 0.47502878381140284 0.4772353985124652
2.842170943040401e-14 0.3106095777566308 0.3289604118090246 0.4008116565498566 0.4193012834822054 0.4773342625735959 0.4096823902617258 0.41287002011882606 0.4303084660050271 0.5063242566942401 0.4957288971962919 0.48004610469898673 0.45623937170650924 0.4302745992648502 0.47502878381140284 0.4772353985124652
2.842170943040401e-14 0.3106095777566308 0.3289604118090246 0.4008116565498566 0.4193012834822054 0.4773342625735959 0.4096823902617258 0.41287002011882606 0.4303084660050271 0.5063242566942401 0.4957288971962919 0.48004610469898673 0.45623937170650924 0.4302745992648502 0.47502878381140284 0.4772353985124652
2.842170943040401e-14 0.3106095777566308 0.3289604118090246 0.4008116565498566 0.4193012834822054 0.4773342625735959 0.4096823902617258 0.41287002011882606 0.4303084660050271 0.5063242566942401 0.4957288971962919 0.48004610469898673 0.45623937170650924 0.4302745992648502 0.47502878381140284 0.4772353985124652
2.842170943040401e-14 0.3106095777566308 0.3289604118090246 0.4008116565498566 0.4193012834822054 0.4773342625735959 0.4096823902617258 0.41287002011882606 0.4303084660050271 0.5063242566942401 0.4957288971962919 0.48004610469898673 0.45623937170650924 0.4302745992648502 0.47502878381140284 0.4772353985124652
2.842170943040401e-14 0.3106095777566308 0.3289604118090246 0.4008116565498566 0.4193012834822054 0.4773342625735959 0.4096823902617258 0.41287002011882606 0.4303084660050271 0.5063242566942401 0.4957288971962919 0.48004610469898673 0.45623937170650924 0.4302745992648502 0.47502878381140284 0.4772353985124652
2.842170943040401e-14 0.3106095777566308 0.3289604118090246 0.4008116565498566 0.4193012834822054 0.4773342625735959 0.4096823902617258 0.41287002011882606 0.4303084660050271 0.5063242566942401 0.4957288971962919 0.48004610469898673 0.45623937170650924 0.4302745992648502 0.47502878381140284 0.4772353985124652
2.842170943040401e-14 0.3106095777566308 0.3289604118090246 0.4008116565498566 0.4193012834822054 0.4773342625735959 0.4096823902617258 0.41287002011882606 0.4303084660050271 0.5063242566942401 0.4957288971962919 0.48004610469898673 0.45623937170650924 0.4302745992648502 0.47502878381140284 0.4772353985124652
2.842170943040401e-14 0.3106095777566308 0.3289604118090246 0.4008116565498566 0.4193012834822054 0.4773342625735959 0.4096823902617258 0.41287002011882606 0.4303084660050271 0.5063242566942401 0.4957288971962919 0.48004610469898673 0.45623937170650924 0.4302745992648502 0.47502878381140284 0.4772353985124652
2.842170943040401e-14 0.3106095777566308 0.3289604118090246 0.4008116565498566 0.4193012834822054 0.4773342625735959 0.4096823902617258 0.41287002011882606 0.4303084660050271 0.5063242566942401 0.4957288971962919 0.48004610469898673 0.45623937170650924 0.4302745992648502 0.47502878381140284 0.4772353985124652
2.842170943040401e-14 0.3106095777566308 0.3289604118090246 0.4008116565498566 0.4193012834822054 0.4773342625735959 0.4096823902617258 0.41287002011882606 0.4303084660050271 0.5063242566942401 0.4957288971962919 0.48004610469898673 0.45623937170650924 0.4302745992648502 0.47502878381140284 0.4772353985124652
2.842170943040401e-14 0.3106095777566308 0.3289604118090246 0.4008116565498566 0.4193012834822054 0.4773342625735959 0.4096823902617258 0.41287002011882606 0.4303084660050271 0.5063242566942401 0.4957288971962919 0.48004610469898673 0.45623937170650924 0.4302745992648502 0.47502878381140284 0.4772353985124652
2.842170943040401e-14 0.3106095777566308 0.3289604118090246 0.4008116565498566 0.4193012834822054 0.4773342625735959 0.4096823902617258 0.41287002011882606 0.4303084660050271 0.5063242566942401 0.4957288971962919 0.48004610469898673 0.45623937170650924 0.4302745992648502 0.47502878381140284 0.4772353985124652
2.842170943040401e-14 0.3106095777566308 0.3289604118090246 0.4008116565498566 0.4193012834822054 0.4773342625735959 0.4096823902617258 0.41287002011882606 0.4303084660050271 0.5063242566942401 0.4957288971962919 0.48004610469898673 0.45623937170650924 0.4302745992648502 0.47502878381140284 0.4772353985124652
0.0005967697263312144 0.3118982335571919 0.3301632372744841 0.3987762356939496 0.42709211663358204 0.47958546383434186 0.4109305621734367 0.4140302674421826 0.43262942136826193 0.5107151700170929 0.49807519130446665 0.49128320925445534 0.46340039482859596 0.43819197395222287 0.46306433526953195 0.48408225636610125
0.0005967697263312144 0.3118982335571919 0.3301632372744841 0.3987762356939496 0.42709211663358204 0.47958546383434186 0.4109305621734367 0.4140302674421826 0.43262942136826193 0.5107151700170929 0.49807519130446665 0.49128320925445534 0.46340039482859596 0.43819197395222287 0.46306433526953195 0.48408225636610125
0.0005967697263312144 0.3118982335571919 0.3301632372744841 0.3987762356939496 0.42709211663358204 0.47958546383434186 0.4109305621734367 0.4140302674421826 0.43262942136826193 0.5107151700170929 0.49807519130446665 0.49128320925445534 0.46340039482859596 0.43819197395222287 0.46306433526953195 0.48408225636610125
0.0005967697263312144 0.3118982335571919 0.3301632372744841 0.3987762356939496 0.42709211663358204 0.47958546383434186 0.4109305621734367 0.4140302674421826 0.43262942136826193 0.5107151700170929 0.49807519130446665 0.49128320925445534 0.46340039482859596 0.43819197395222287 0.46306433526953195 0.48408225636610125
0.0007757278942025492 0.31300713194407687 0.3319832446427985 0.39723615277204044 0.42969442826060467 0.477201332165468 0.4185280482411552 0.41773277787667284 0.42858814149400126 0.5203719897876239 0.49757529429126185 0.48506430230967423 0.474886453839366 0.4563683724146173 0.4428959244288401 0.4830954277453958
0.0007757278942025492 0.31300713194407687 0.3319832446427985 0.39723615277204044 0.42969442826060467 0.477201332165468 0.4185280482411552 0.41773277787667284 0.42858814149400126 0.5203719897876239 0.49757529429126185 0.48506430230967423 0.474886453839366 0.4563683724146173 0.4428959244288401 0.4830954277453958
0.17033608572436174 0.602873947008306 0.2374722177127174 0.7022491134812715 0.5923268178766432 0.2965895481324189 0.41556425706826994 0.42990473916239647 0.34598346364137866 0.40212145411422073 0.5360501865758436 0.40756548013183014 0.5114215767426273 0.5183109353416304 0.4026323429852262 0.5187183423431587
0.3294676542583177 0.7989700029711717 0.1754055847183924 0.7326597343062498 0.4704114114302929 0.30071422268309145 0.41468623560577866 0.4722099452789781 0.5778560606226053 0.5495851336043451 0.48405437254958184 0.40535920452650465 0.64922676546026 0.44708254574721706 0.38145386276719023 0.49551469425905365
0.4891580587763636 0.8372554543298183 0.1485438702287405 0.4487776137018455 0.30921195334156804 0.5483578784326993 0.4169512876542622 0.394997572782957 0.49038245379914336 0.5672928402753089 0.41756146004884914 0.6593925952516398 0.4764227025243038 0.5808857385373506 0.4332698850913152 0.3893468208614741
0.5764821137011125 0.794269022382187 0.1515188642026477 0.2254442181969368 0.26992660182114303 0.618866908823004 0.40285802499476475 0.4676016030889935 0.3358961113625578 0.435112830407164 0.4953151910903909 0.5113148903600847 0.4048357012258037 0.5487206196491643 0.3947118877796961 0.5203425691603786
0.6080005441384349 0.7439177204428504 0.14247410066137536 0.15481468591293995 0.3198200584700548 0.6062504111093003 0.39649273959411807 0.523200980534341 0.29336100285114497 0.39809969021132213 0.5572913931680897 0.3912333735931941 0.44393219518873683 0.5028366455635774 0.42187944472113176 0.4755542992613154
0.6538365860980491 0.669048931753869 0.1658632844704937 0.12925434005560615 0.34518850696829506 0.5077628834722134 0.3535082137153946 0.5798913922243245 0.2447227583170585 0.3709360679250244 0.4652121455381216 0.522268645549362 0.523443596788876 0.47498960327390466 0.405749768412121 0.4413850351731368
0.680781156588729 0.6008139661839131 0.16477375853967 0.1362420491918142 0.4029995039438958 0.47306874025098505 0.31817775542434557 0.6511834340036007 0.25414878139539043 0.379421086509933 0.3458012532778485 0.628718296196752 0.5714810233794766 0.4740122496193318 0.43922272389816874 0.3622197156311928
0.7715771251322451 0.3651122087509867 0.10785166219271691 0.16749357292112177 0.5082469431425853 0.27094126717445915 0.3932807250264726 0.47598986941876287 0.43362124727536866 0.52481503140638 0.4697834805992183 0.6841103911416564 0.3521758675614713 0.3863906947987687 0.3472435515244079 0.3406451833241614
0.7864252063856687 0.3347764204146573 0.10233656087120885 0.14800640699160278 0.5312073506242987 0.2596380826692812 0.3980588121321378 0.4255292020860403 0.46168867682455117 0.4982102536289531 0.4863645118685486 0.6501691290738854 0.4152258449231034 0.4113694290863151 0.39096131986556903 0.3744957662490197
0.7864252063856687 0.3347764204146573 0.10233656087120885 0.14800640699160278 0.5312073506242987 0.2596380826692812 0.3980588121321378 0.4255292020860403 0.46168867682455117 0.4982102536289531 0.4863645118685486 0.6501691290738854 0.4152258449231034 0.4113694290863151 0.39096131986556903 0.3744957662490197
0.7864252063856687 0.3347764204146573 0.10233656087120885 0.14800640699160278 0.5312073506242987 0.2596380826692812 0.3980588121321378 0.4255292020860403 0.46168867682455117 0.4982102536289531 0.4863645118685486 0.6501691290738854 0.4152258449231034 0.4113694290863151 0.39096131986556903 0.3744957662490197
0.8006667977408208 0.30508155949515525 0.09509280064906322 0.1365683852928431 0.5498922919179731 0.25329319314841725 0.40903382134859745 0.3613624791583625 0.4943862568263494 0.47510771717154265 0.49841510994318505 0.6164220230343889 0.47043623666169004 0.44279686031877047 0.42703661919982416 0.43957699502431535
0.8006667977408208 0.30508155949515525 0.09509280064906322 0.1365683852928431 0.5498922919179731 0.25329319314841725 0.40903382134859745 0.3613624791583625 0.4943862568263494 0.47510771717154265 0.49841510994318505 0.6164220230343889 0.47043623666169004 0.44279686031877047 0.42703661919982416 0.43957699502431535
0.8006667977408208 0.30508155949515525 0.09509280064906322 0.1365683852928431 0.5498922919179731 0.25329319314841725 0.40903382134859745 0.3613624791583625 0.4943862568263494 0.47510771717154265 0.49841510994318505 0.6164220230343889 0.47043623666169004 0.44279686031877047 0.42703661919982416 0.43957699502431535
0.8006667977408208 0.30508155949515525 0.09509280064906322 0.1365683852928431 0.5498922919179731 0.25329319314841725 0.40903382134859745 0.3613624791583625 0.4943862568263494 0.47510771717154265 0.49841510994318505 0.6164220230343889 0.47043623666169004 0.44279686031877047 0.42703661919982416 0.43957699502431535
0.8175599685859036 0.24878526680222515 0.0880277311393689 0.23325464515222863 0.5116702178178493 0.2663398377484054 0.44027808767664983 0.4137804995954209 0.4739664031388815 0.5369232591280547 0.4874519656728329 0.6315368283842232 0.37930316808783426 0.4230922494730266 0.4798281794063232 0.45856608525646514
0.8175599685859036 0.24878526680222515 0.0880277311393689 0.23325464515222863 0.5116702178178493 0.2663398377484054 0.44027808767664983 0.4137804995954209 0.4739664031388815 0.5369232591280547 0.4874519656728329 0.6315368283842232 0.37930316808783426 0.4230922494730266 0.4798281794063232 0.45856608525646514
0.8241244785444626 0.22384918188965297 0.07932399526647671 0.280409642886606 0.46910450508681334 0.27251223531301105 0.4913175016489255 0.4205936315504924 0.4543662311822274 0.5145257898544834 0.4677199448183543 0.6463235944384995 0.37324376935424974 0.373849259769523 0.4892727028234403 0.4696417951046341
0.8548612716190647 0.19478429461648714 0.16645297320894173 0.38079275783381394 0.42949319223273597 0.3011649560435564 0.40273682877465705 0.3594031500285123 0.3825999772548856 0.5643645068338929 0.4120035362532522 0.5033930371353065 0.3899798196684391 0.3518108221241702 0.4747574669933959 0.5075380834016974
0.8612252754637713 0.17058636163425955 0.16395821316250786 0.43863788448332064 0.39553242780426107 0.3245608211834593 0.4368992247670338 0.3707474734203382 0.3753202826782299 0.5656962876656679 0.42327939496002837 0.5028717473108056 0.3555882908336067 0.36971853895144574 0.5256695221109262 0.49939417477745035
0.8708278289621358 0.149618099887664 0.18374502256008474 0.4828892028242106 0.4165503420130481 0.3720323457836824 0.42564658027242785 0.3789631675346236 0.381371989183109 0.5743275946730704 0.3710396192079246 0.41398026492540296 0.36508092397378894 0.369181681501191 0.5077422711374697 0.4913019794083201
0.8599095021900871 0.1590847504714903 0.1516408161200825 0.44185478753734553 0.4378061941120022 0.3593084137169907 0.45860527668641904 0.3999488131400831 0.4022485823330153 0.5575913011559193 0.4045105836105359 0.48187200444679673 0.3846352137155624 0.3523063249087287 0.5022380859593497 0.449228674209598
0.8599095021900871 0.1590847504714903 0.1516408161200825 0.44185478753734553 0.4378061941120022 0.3593084137169907 0.45860527668641904 0.3999488131400831 0.4022485823330153 0.5575913011559193 0.4045105836105359 0.48187200444679673 0.3846352137155624 0.3523063249087287 0.5022380859593497 0.449228674209598
0.842109742865943 0.17870273569096784 0.09894011750882675 0.3813400505086266 0.43079427894448274 0.3113035060828153 0.49904149357466976 0.4341765611078451 0.4205805526570022 0.5469191023859604 0.4215387450780157 0.6033315494221577 0.36260955810629425 0.42115423745064884 0.5450200765075299 0.5625466514397415
0.8241244785444626 0.22384918188965297 0.07932399526647671 0.280409642886606 0.46910450508681334 0.27251223531301105 0.4913175016489255 0.4205936315504924 0.4543662311822274 0.5145257898544834 0.4677199448183543 0.6463235944384995 0.37324376935424974 0.373849259769523 0.4892727028234403 0.4696417951046341
0.8072011979063513 0.2798822244026059 0.08709625435361146 0.18539347842656634 0.5079206740376119 0.25844928327711614 0.4554441547124161 0.3716560942961354 0.47272217414553924 0.46215420309181 0.47331315808852154 0.631821477093926 0.4550884929629996 0.39988019568264427 0.44329064337053 0.44395423543738877
0.8006667977408208 0.30508155949515525 0.09509280064906322 0.1365683852928431 0.5498922919179731 0.25329319314841725 0.40903382134859745 0.3613624791583625 0.4943862568263494 0.47510771717154265 0.49841510994318505 0.6164220230343889 0.47043623666169004 0.44279686031877047 0.42703661919982416 0.43957699502431535
0.7433069265400046 0.41598268487497153 0.06506385260468492 0.11180488480918482 0.5094886801001419 0.3771101128321709 0.47040250478750956 0.29158709634548585 0.5349284008186859 0.4061930981402374 0.6395324991027634 0.3796921300731839 0.4137912938165286 0.4931683802993045 0.4408127042989956 0.4661686109822949
0.7147193425096633 0.48193445359825854 0.06917857011578665 0.1199535532658918 0.4517369664221624 0.4422000363091958 0.49272710534138975 0.25315291601148293 0.533198592653735 0.3499673954246117 0.6185976359146581 0.29925333736746995 0.3866291212699875 0.5342694432910051 0.42092135980065104 0.5328077620476211
0.6869816413924998 0.5438766497757849 0.07420187764221531 0.1245851477543447 0.41868908010612105 0.5073607865550813 0.49185710910252034 0.22290822403731161 0.5368738985241488 0.31802685436361533 0.618910099882631 0.23655573101251612 0.41779806058592117 0.5683115419391884 0.463990857682968 0.5635803181393363
0.6095356201358035 0.658735769360477 0.06913456887738254 0.22449646006886964 0.42504052977221607 0.6546622386274719 0.5029930559620598 0.24825065000111726 0.49833391475660294 0.46789283021510797 0.6050628972603952 0.20708816492312582 0.4335662117646639 0.5032116957757966 0.45616891073736543 0.6450019837877841
0.5774610478330628 0.7040553098062158 0.07303482425430122 0.29088150773554 0.40226137420519753 0.669512951405413 0.5082818627036658 0.2610274300209972 0.5132802737861157 0.5435103767862393 0.5623822651242313 0.28981835743217843 0.3758230689225882 0.4806931478913751 0.4304743799767137 0.5681115814011745
0.5252110076313699 0.7324236421117039 0.0748620539973302 0.4295155872891717 0.43148195735487416 0.6421067232719408 0.5205128791747512 0.18661569771875722 0.5687963412203717 0.6325728984248672 0.48281708156182895 0.44485145908202084 0.4373542673614593 0.47421032177938005 0.4317236048003066 0.5412763851809866
0.46179413565434013 0.785197695766426 0.09145878335405314 0.5204143274981519 0.5016266970340398 0.6626833236898904 0.49717659987840346 0.26909853014973806 0.4565827039500061 0.6833785725622321 0.4381275851514753 0.525278395786356 0.5258859854545866 0.393158429455714 0.44306728555431285 0.48232607823051876
0.4082314817145599 0.7455820695537252 0.10180991710502746 0.5761279866031215 0.5846995422790731 0.6249869599718283 0.49058327510766264 0.25927737445855525 0.36306639803411833 0.6300646268501009 0.4704639522807803 0.556089282375851 0.43860489121251345 0.393917395122235 0.44496021768372873 0.4889730140384505
0.34189048821143947 0.7308816066990422 0.12708805872976278 0.6365442691116119 0.7050792649173012 0.6002786508661331 0.4563129861908052 0.29579629051420886 0.20853100301735625 0.5496604050098193 0.48814393978388576 0.5831375159703709 0.4558419673664572 0.40091120898590976 0.5174904590104572 0.4906059183091567
0.3064736461694961 0.722466692767251 0.13970787522938474 0.6990794853638096 0.7114009131173467 0.5343117624013397 0.44629051132065356 0.28272445314729167 0.20318142997626285 0.501084457272603 0.46516676660842476 0.6391563790886441 0.44316716339216977 0.4638024396158784 0.5093615715468202 0.4814440819779769
0.271342964161007 0.6823303294749679 0.15695532260754438 0.6959718343573824 0.7066997736167493 0.5027522279309036 0.4390913882010156 0.2960570655558088 0.2130495732063403 0.44478779767245313 0.46613334931978945 0.6101159352926107 0.4096497805652341 0.5185561965225987 0.5189051768432783 0.42526226896146374
0.23622422916105199 0.6300231315293109 0.17605091835506056 0.6617751160226188 0.7050866984933262 0.516466474608267 0.44098447175784444 0.2763698756776278 0.17153984124525626 0.4038885935779416 0.4592561493673082 0.643408146879869 0.34214833794765853 0.59676132905866 0.5147328639638318 0.3726101197167087
0.23622422916105199 0.6300231315293109 0.17605091835506056 0.6617751160226188 0.7050866984933262 0.516466474608267 0.44098447175784444 0.2763698756776278 0.17153984124525626 0.4038885935779416 0.4592561493673082 0.643408146879869 0.34214833794765853 0.59676132905866 0.5147328639638318 0.3726101197167087
0.16636182679248598 0.5665559790502726 0.21483957403329274 0.6745762973255174 0.662909152522865 0.4058491570795288 0.41800797403167217 0.3481931188842535 0.22894642575428906 0.31607846762274816 0.494921204614303 0.5205550898223804 0.2879873869488251 0.618265590227296 0.49253470650473047 0.36512656866495785
0.16636182679248598 0.5665559790502726 0.21483957403329274 0.6745762973255174 0.662909152522865 0.4058491570795288 0.41800797403167217 0.3481931188842535 0.22894642575428906 0.31607846762274816 0.494921204614303 0.5205550898223804 0.2879873869488251 0.618265590227296 0.49253470650473047 0.36512656866495785
0.14964216959252302 0.5679909634687177 0.2275761724241111 0.702291041982265 0.6271307112561292 0.33181351761988553 0.4034249891119075 0.40053798428927384 0.2806790128191192 0.30794874759231705 0.5288674307833267 0.4602182040035495 0.2620359068902082 0.5609434719162845 0.45193004959089944 0.42925513191022335
0.11655234355154648 0.5093878926305307 0.25002263148278053 0.6314926546346421 0.5807931121731811 0.3726513169500656 0.4009539139295515 0.3954165066482956 0.29394796326139694 0.3458995305351296 0.5202760142316044 0.5025645134789414 0.25184092519658724 0.5444593326053627 0.42525506124613 0.42494634825906735
0.09959434788208987 0.4813437096709947 0.2612331189449128 0.6019538673054575 0.5590247676864459 0.3809169157543501 0.40181946804211877 0.4030098502079211 0.32168761242344435 0.3635948278111613 0.5192546433104767 0.47075421228085035 0.30578569764523833 0.5185287895384091 0.4461500035624624 0.44458995686359454
0.0335596061514164 0.3687521333869698 0.3059790994271829 0.46992861549326065 0.4653924978438508 0.44273814609293893 0.4059860665032727 0.41206422737001136 0.3979660904815934 0.46028667326589384 0.5054227416878296 0.47056665799684244 0.4120872116947785 0.4478503597016508 0.4637977617763134 0.47548303428785416
0.0335596061514164 0.3687521333869698 0.3059790994271829 0.46992861549326065 0.4653924978438508 0.44273814609293893 0.4059860665032727 0.41206422737001136 0.3979660904815934 0.46028667326589384 0.5054227416878296 0.47056665799684244 0.4120872116947785 0.4478503597016508 0.4637977617763134 0.47548303428785416
0.0335596061514164 0.3687521333869698 0.3059790994271829 0.46992861549326065 0.4653924978438508 0.44273814609293893 0.4059860665032727 0.41206422737001136 0.3979660904815934 0.46028667326589384 0.5054227416878296 0.47056665799684244 0.4120872116947785 0.4478503597016508 0.4637977617763134 0.47548303428785416
0.016690517484757084 0.33935512322551736 0.31748691899969667 0.4350707199178924 0.4435708127471807 0.46154010789808597 0.40767602964923894 0.4095780771397449 0.4069324717999811 0.47956174232765586 0.5003870701630908 0.48552322651222857 0.41804291605902943 0.4481939064356245 0.4639300725741405 0.4698587293584267
0.016690517484757084 0.33935512322551736 0.31748691899969667 0.4350707199178924 0.4435708127471807 0.46154010789808597 0.40767602964923894 0.4095780771397449 0.4069324717999811 0.47956174232765586 0.5003870701630908 0.48552322651222857 0.41804291605902943 0.4481939064356245 0.4639300725741405 0.4698587293584267
0.016690517484757084 0.33935512322551736 0.31748691899969667 0.4350707199178924 0.4435708127471807 0.46154010789808597 0.40767602964923894 0.4095780771397449 0.4069324717999811 0.47956174232765586 0.5003870701630908 0.48552322651222857 0.41804291605902943 0.4481939064356245 0.4639300725741405 0.4698587293584267
0.016690517484757084 0.33935512322551736 0.31748691899969667 0.4350707199178924 0.4435708127471807 0.46154010789808597 0.40767602964923894 0.4095780771397449 0.4069324717999811 0.47956174232765586 0.5003870701630908 0.48552322651222857 0.41804291605902943 0.4481939064356245 0.4639300725741405 0.4698587293584267
0.016690517484757084 0.33935512322551736 0.31748691899969667 0.4350707199178924 0.4435708127471807 0.46154010789808597 0.40767602964923894 0.4095780771397449 0.4069324717999811 0.47956174232765586 0.5003870701630908 0.48552322651222857 0.41804291605902943 0.4481939064356245 0.4639300725741405 0.4698587293584267
0.016690517484757084 0.33935512322551736 0.31748691899969667 0.4350707199178924 0.4435708127471807 0.46154010789808597 0.40767602964923894 0.4095780771397449 0.4069324717999811 0.47956174232765586 0.5003870701630908 0.48552322651222857 0.41804291605902943 0.4481939064356245 0.4639300725741405 0.4698587293584267
0.016690517484757084 0.33935512322551736 0.31748691899969667 0.4350707199178924 0.4435708127471807 0.46154010789808597 0.40767602964923894 0.4095780771397449 0.4069324717999811 0.47956174232765586 0.5003870701630908 0.48552322651222857 0.41804291605902943 0.4481939064356245 0.4639300725741405 0.4698587293584267
0.016690517484757084 0.33935512322551736 0.31748691899969667 0.4350707199178924 0.4435708127471807 0.46154010789808597 0.40767602964923894 0.4095780771397449 0.4069324717999811 0.47956174232765586 0.5003870701630908 0.48552322651222857 0.41804291605902943 0.4481939064356245 0.4639300725741405 0.4698587293584267
0.016690517484757084 0.33935512322551736 0.31748691899969667 0.4350707199178924 0.4435708127471807 0.46154010789808597 0.40767602964923894 0.4095780771397449 0.4069324717999811 0.47956174232765586 0.5003870701630908 0.48552322651222857 0.41804291605902943 0.4481939064356245 0.4639300725741405 0.4698587293584267
2.842170943040401e-14 0.3106095777566308 0.3289604118090246 0.4008116565498566 0.4193012834822054 0.4773342625735959 0.4096823902617258 0.41287002011882606 0.4303084660050271 0.5063242566942401 0.4957288971962919 0.48004610469898673 0.45623937170650924 0.4302745992648502 0.47502878381140284 0.4772353985124652
2.842170943040401e-14 0.3106095777566308 0.3289604118090246 0.4008116565498566 0.4193012834822054 0.4773342625735959 0.4096823902617258 0.41287002011882606 0.4303084660050271 0.5063242566942401 0.4957288971962919 0.48004610469898673 0.45623937170650924 0.4302745992648502 0.47502878381140284 0.4772353985124652
2.842170943040401e-14 0.3106095777566308 0.3289604118090246 0.4008116565498566 0.4193012834822054 0.4773342625735959 0.4096823902617258 0.41287002011882606 0.4303084660050271 0.5063242566942401 0.4957288971962919 0.48004610469898673 0.45623937170650924 0.4302745992648502 0.47502878381140284 0.4772353985124652
2.842170943040401e-14 0.3106095777566308 0.3289604118090246 0.4008116565498566 0.4193012834822054 0.4773342625735959 0.4096823902617258 0.41287002011882606 0.4303084660050271 0.5063242566942401 0.4957288971962919 0.48004610469898673 0.45623937170650924 0.4302745992648502 0.47502878381140284 0.4772353985124652
2.842170943040401e-14 0.3106095777566308 0.3289604118090246 0.4008116565498566 0.4193012834822054 0.4773342625735959 0.4096823902617258 0.41287002011882606 0.4303084660050271 0.5063242566942401 0.4957288971962919 0.48004610469898673 0.45623937170650924 0.4302745992648502 0.47502878381140284 0.4772353985124652
0.0009102294860640625 0.3118538397623718 0.33625709225503864 0.3991974909564848 0.43857649313673597 0.49148778277874594 0.4183320167039908 0.42583424526038366 0.45660691003962467 0.4877841079809601 0.4851702280398788 0.5019798030833083 0.4306081378417695 0.4281654886066982 0.47590428587832095 0.49851846343208417
0.0009102294860640625 0.3118538397623718 0.33625709225503864 0.3991974909564848 0.43857649313673597 0.49148778277874594 0.4183320167039908 0.42583424526038366 0.45660691003962467 0.4877841079809601 0.4851702280398788 0.5019798030833083 0.4306081378417695 0.4281654886066982 0.47590428587832095 0.49851846343208417
0.01622953361425028 0.3321095759045821 0.44091203720179895 0.3932804032964743 0.5718775524651919 0.5825930757730156 0.44454638231154187 0.47795939956165795 0.6045845019319775 0.3762003784191752 0.47511215480639607 0.6697962600850755 0.343286278447152 0.4262341093555759 0.511638179009595 0.7259357226164502
0.04516977844462611 0.374922528755055 0.5065384324886751 0.4142411002407458 0.6614065419545949 0.6309725816806149 0.4694278655868453 0.49384311675948644 0.6971309019273884 0.2918103469813852 0.4787652304330896 0.7188549062007181 0.2820753055528755 0.3411146182462383 0.5304959002329692 0.7285713545055659
0.04516977844462611 0.374922528755055 0.5065384324886751 0.4142411002407458 0.6614065419545949 0.6309725816806149 0.4694278655868453 0.49384311675948644 0.6971309019273884 0.2918103469813852 0.4787652304330896 0.7188549062007181 0.2820753055528755 0.3411146182462383 0.5304959002329692 0.7285713545055659
0.056047957637099244 0.41166299063379075 0.5987866703227189 0.3857193885466339 0.6805396395527017 0.5864907541395403 0.5577637879795204 0.4919151937657424 0.7023186662619956 0.2973136879447304 0.5044563224154764 0.7930651379892237 0.2551090190354549 0.31219798003718013 0.6237025639681254 0.7925880352285822
0.056047957637099244 0.41166299063379075 0.5987866703227189 0.3857193885466339 0.6805396395527017 0.5864907541395403 0.5577637879795204 0.4919151937657424 0.7023186662619956 0.2973136879447304 0.5044563224154764 0.7930651379892237 0.2551090190354549 0.31219798003718013 0.6237025639681254 0.7925880352285822
0.040816684806672276 0.3802658707014458 0.48951325194759987 0.3879102432389582 0.6412313086528567 0.5886829024207046 0.5315883573278737 0.48582346759425904 0.6478692974028102 0.3093564230060688 0.4289527089150531 0.6296482123237388 0.24309348919503734 0.22880079716421775 0.5469813196112101 0.6034225938935002
0.011435224047512849 0.3393094261722637 0.4224870559484828 0.36064280079239575 0.537334955444613 0.5193428082496304 0.5250894068171038 0.4552726807938772 0.521968216716865 0.4149965848725614 0.4228708374191815 0.5292624173593701 0.3136091875525244 0.2867326416919306 0.5477181700691657 0.5452854406195744
2.842170943040401e-14 0.3106095777566308 0.3289604118090246 0.4008116565498566 0.4193012834822054 0.4773342625735959 0.4096823902617258 0.41287002011882606 0.4303084660050271 0.5063242566942401 0.4957288971962919 0.48004610469898673 0.45623937170650924 0.4302745992648502 0.47502878381140284 0.4772353985124652
2.842170943040401e-14 0.3106095777566308 0.3289604118090246 0.4008116565498566 0.4193012834822054 0.4773342625735959 0.4096823902617258 0.41287002011882606 0.4303084660050271 0.5063242566942401 0.4957288971962919 0.48004610469898673 0.45623937170650924 0.4302745992648502 0.47502878381140284 0.4772353985124652
2.842170943040401e-14 0.3106095777566308 0.3289604118090246 0.4008116565498566 0.4193012834822054 0.4773342625735959 0.4096823902617258 0.41287002011882606 0.4303084660050271 0.5063242566942401 0.4957288971962919 0.48004610469898673 0.45623937170650924 0.4302745992648502 0.47502878381140284 0.4772353985124652
2.842170943040401e-14 0.3106095777566308 0.3289604118090246 0.4008116565498566 0.4193012834822054 0.4773342625735959 0.4096823902617258 0.41287002011882606 0.4303084660050271 0.5063242566942401 0.4957288971962919 0.48004610469898673 0.45623937170650924 0.4302745992648502 0.47502878381140284 0.4772353985124652
2.842170943040401e-14 0.3106095777566308 0.3289604118090246 0.4008116565498566 0.4193012834822054 0.4773342625735959 0.4096823902617258 0.41287002011882606 0.4303084660050271 0.5063242566942401 0.4957288971962919 0.48004610469898673 0.45623937170650924 0.4302745992648502 0.47502878381140284 0.4772353985124652
2.842170943040401e-14 0.3106095777566308 0.3289604118090246 0.4008116565498566 0.4193012834822054 0.4773342625735959 0.4096823902617258 0.41287002011882606 0.4303084660050271 0.5063242566942401 0.4957288971962919 0.48004610469898673 0.45623937170650924 0.4302745992648502 0.47502878381140284 0.4772353985124652
2.842170943040401e-14 0.3106095777566308 0.3289604118090246 0.4008116565498566 0.4193012834822054 0.4773342625735959 0.4096823902617258 0.41287002011882606 0.4303084660050271 0.5063242566942401 0.4957288971962919 0.48004610469898673 0.45623937170650924 0.4302745992648502 0.47502878381140284 0.4772353985124652
2.842170943040401e-14 0.3106095777566308 0.3289604118090246 0.4008116565498566 0.4193012834822054 0.4773342625735959 0.4096823902617258 0.41287002011882606 0.4303084660050271 0.5063242566942401 0.4957288971962919 0.48004610469898673 0.45623937170650924 0.4302745992648502 0.47502878381140284 0.4772353985124652
2.842170943040401e-14 0.3106095777566308 0.3289604118090246 0.4008116565498566 0.4193012834822054 0.4773342625735959 0.4096823902617258 0.41287002011882606 0.4303084660050271 0.5063242566942401 0.4957288971962919 0.48004610469898673 0.45623937170650924 0.4302745992648502 0.47502878381140284 0.4772353985124652
2.842170943040401e-14 0.3106095777566308 0.3289604118090246 0.4008116565498566 0.4193012834822054 0.4773342625735959 0.4096823902617258 0.41287002011882606 0.4303084660050271 0.5063242566942401 0.4957288971962919 0.48004610469898673 0.45623937170650924 0.4302745992648502 0.47502878381140284 0.4772353985124652
2.842170943040401e-14 0.3106095777566308 0.3289604118090246 0.4008116565498566 0.4193012834822054 0.4773342625735959 0.4096823902617258 0.41287002011882606 0.4303084660050271 0.5063242566942401 0.4957288971962919 0.48004610469898673 0.45623937170650924 0.4302745992648502 0.47502878381140284 0.4772353985124652
2.842170943040401e-14 0.3106095777566308 0.3289604118090246 0.4008116565498566 0.4193012834822054 0.4773342625735959 0.4096823902617258 0.41287002011882606 0.4303084660050271 0.5063242566942401 0.4957288971962919 0.48004610469898673 0.45623937170650924 0.4302745992648502 0.47502878381140284 0.4772353985124652
2.842170943040401e-14 0.3106095777566308 0.3289604118090246 0.4008116565498566 0.4193012834822054 0.4773342625735959 0.4096823902617258 0.41287002011882606 0.4303084660050271 0.5063242566942401 0.4957288971962919 0.48004610469898673 0.45623937170650924 0.4302745992648502 0.47502878381140284 0.4772353985124652
2.842170943040401e-14 0.3106095777566308 0.3289604118090246 0.4008116565498566 0.4193012834822054 0.4773342625735959 0.4096823902617258 0.41287002011882606 0.4303084660050271 0.5063242566942401 0.4957288971962919 0.48004610469898673 0.45623937170650924 0.4302745992648502 0.47502878381140284 0.4772353985124652
2.842170943040401e-14 0.3106095777566308 0.3289604118090246 0.4008116565498566 0.4193012834822054 0.4773342625735959 0.4096823902617258 0.41287002011882606 0.4303084660050271 0.5063242566942401 0.4957288971962919 0.48004610469898673 0.45623937170650924 0.4302745992648502 0.47502878381140284 0.4772353985124652
0.009402736289374602 0.3483357232321037 0.415443574060522 0.36936595197789934 0.42301858957716293 0.40970193449824965 0.5292200350091153 0.41619062349008806 0.4207598928795901 0.552933619238027 0.5232102410068796 0.5221862949068046 0.4325601896814721 0.47654563251237436 0.5690689590215137 0.5351374242253389
0.022956992292432976 0.39462360706954025 0.5454758694582312 0.29993832182703584 0.5420702378863408 0.3813361909314703 0.7887770106526122 0.4892623886894366 0.45351519964873144 0.597474582808576 0.457199361105308 0.46240975896264436 0.35462592312981284 0.5370539067256938 0.5723710345277998 0.5565513014180867
0.03543808355957584 0.42450624349669136 0.6388203714147129 0.2812837876424668 0.5814652379221847 0.37759111038162285 0.839223286262295 0.4783190553801562 0.46990044296487166 0.5614575659437463 0.4764083965718857 0.5284093282783201 0.3297868561222204 0.44789664004891455 0.611112567919893 0.5968374119787297
0.03543808355957584 0.42450624349669136 0.6388203714147129 0.2812837876424668 0.5814652379221847 0.37759111038162285 0.839223286262295 0.4783190553801562 0.46990044296487166 0.5614575659437463 0.4764083965718857 0.5284093282783201 0.3297868561222204 0.44789664004891455 0.611112567919893 0.5968374119787297
0.03188808996185771 0.4055277167087142 0.5953908573037361 0.30641664613508435 0.5786827851788963 0.4375745004839177 0.7216909772356637 0.4528509677404372 0.5257371803993779 0.44999550493812973 0.4597456318538907 0.5957385206187855 0.25667558731247997 0.2799422413238841 0.6904797779349235 0.5970382108992617
0.03188808996185771 0.4055277167087142 0.5953908573037361 0.30641664613508435 0.5786827851788963 0.4375745004839177 0.7216909772356637 0.4528509677404372 0.5257371803993779 0.44999550493812973 0.4597456318538907 0.5957385206187855 0.25667558731247997 0.2799422413238841 0.6904797779349235 0.5970382108992617
0.022485353672511754 0.3678015712332414 0.5089076950522388 0.3378623507070414 0.5749654790839384 0.5052068285592642 0.6021533324882742 0.44953036436917515 0.5352857535248147 0.403386142394343 0.43226428804330297 0.5535983304109672 0.2803547693375168 0.2336712080763599 0.5964396027248129 0.539136185186388
0.0019841851205132377 0.31625831658877496 0.348525953838121 0.38606943745208316 0.45157910598940504 0.4792708077923653 0.46310404118135867 0.4275485464538446 0.4435389282767087 0.5088756963412787 0.47064582458492665 0.4487488708892114 0.43118490935042547 0.41632225325366934 0.49052538788991323 0.4394692601214627
2.842170943040401e-14 0.3106095777566308 0.3289604118090246 0.4008116565498566 0.4193012834822054 0.4773342625735959 0.4096823902617258 0.41287002011882606 0.4303084660050271 0.5063242566942401 0.4957288971962919 0.48004610469898673 0.45623937170650924 0.4302745992648502 0.47502878381140284 0.4772353985124652
2.842170943040401e-14 0.3106095777566308 0.3289604118090246 0.4008116565498566 0.4193012834822054 0.4773342625735959 0.4096823902617258 0.41287002011882606 0.4303084660050271 0.5063242566942401 0.4957288971962919 0.48004610469898673 0.45623937170650924 0.4302745992648502 0.47502878381140284 0.4772353985124652
2.842170943040401e-14 0.3106095777566308 0.3289604118090246 0.4008116565498566 0.4193012834822054 0.4773342625735959 0.4096823902617258 0.41287002011882606 0.4303084660050271 0.5063242566942401 0.4957288971962919 0.48004610469898673 0.45623937170650924 0.4302745992648502 0.47502878381140284 0.4772353985124652
0.09994619325485099 0.48523268372212797 0.26202782583142875 0.605637215321768 0.5434620895636812 0.35822731962909254 0.41105406497977065 0.4377912798478764 0.4197855688171205 0.4119230073374921 0.5189561304968783 0.33317430417856725 0.5290823321301239 0.4349046111857123 0.5467204405239586 0.5052789808995856
0.2906846316641814 0.7504654033999447 0.17055624808730507 0.7564733004662085 0.5181925423311021 0.3022896425474928 0.4075279069940753 0.4590182555070327 0.581231494946012 0.46092931069578646 0.4521648863741005 0.3475086998339991 0.615866454489734 0.4484959495454046 0.49469478963891317 0.43027508597679986
0.3626509694350682 0.8054248372716277 0.155189039025184 0.684782452514138 0.42673174844622214 0.36112597286058346 0.4035277815062686 0.4569798219111328 0.5973016661212578 0.5120777121328369 0.43979031827949316 0.4638591675818166 0.5232352048065628 0.4742637254331497 0.45954013679031924 0.4242783013574898
0.4875174400936214 0.8391634959118373 0.1202796195412803 0.4403645215649687 0.3407675548890692 0.6405810925093749 0.4276058744658828 0.40164622935228106 0.5002795277230535 0.6424199340697602 0.44216351240518853 0.5930303789935102 0.40337342377024676 0.48618460478609415 0.4787745386845377 0.39197788388865457
0.573998359867878 0.7848358807589804 0.13674197976751837 0.22943668211110158 0.2785205762153118 0.6372441205091208 0.39992499056252967 0.477215531952689 0.3710875928647909 0.41010371374120125 0.4705615882188193 0.47346401403404975 0.35075813879753737 0.538087264122346 0.46624161794865776 0.45055925559902926
0.621828496329478 0.7088276451486228 0.13251262735536007 0.13591720669941915 0.35943088202153883 0.5975559663728919 0.37829167698218436 0.5764765203268418 0.30407210928757106 0.36463547371041194 0.5163430651544413 0.40017298480520863 0.45103198167665914 0.4960736678022734 0.4761047706101834 0.40730408461409934
0.7591410292060645 0.40668484598349175 0.106198172534476 0.13333404456459674 0.46744938482721893 0.3418884399082546 0.4329525846757659 0.35500076035067274 0.4623871228733522 0.3674808265093641 0.42320668035324993 0.5291494180884387 0.4714102996063968 0.5124543204127912 0.3442083206396701 0.4890280562143462
0.8006667977408208 0.30508155949515525 0.09509280064906322 0.1365683852928431 0.5498922919179731 0.25329319314841725 0.40903382134859745 0.3613624791583625 0.4943862568263494 0.47510771717154265 0.49841510994318505 0.6164220230343889 0.47043623666169004 0.44279686031877047 0.42703661919982416 0.43957699502431535
0.8072011979063513 0.2798822244026059 0.08709625435361146 0.18539347842656634 0.5079206740376119 0.25844928327711614 0.4554441547124161 0.3716560942961354 0.47272217414553924 0.46215420309181 0.47331315808852154 0.631821477093926 0.4550884929629996 0.39988019568264427 0.44329064337053 0.44395423543738877
0.8276779822743736 0.20991419787622753 0.07400020489033093 0.3143391351092948 0.43721293876660405 0.2901080758493583 0.5368383323415907 0.43091161547028617 0.44035001508787286 0.46778429954437845 0.48045160347442495 0.6751835509615574 0.43460361409656145 0.3287094625752648 0.46970473640819066 0.4828731523387938
0.8372805357727382 0.18894593612963195 0.0937870142879079 0.3585904534501848 0.4582308529753914 0.33757960044958113 0.5255856878469848 0.43912730958457163 0.44640172159275193 0.47641560655178095 0.428211827722321 0.5862920685761551 0.44409624723674385 0.3281726051250103 0.45177748543473434 0.4747809569696637
0.8404974758162931 0.17538746281016698 0.0902870894805787 0.3970446363143784 0.4262912026043684 0.3593583513025049 0.5625448151626634 0.4554657409717447 0.4301530600014809 0.4396429879986792 0.4370704750322148 0.6035612908667145 0.49666497499296386 0.2989418072237259 0.43689911101041157 0.46920709097511976
0.8635162275141582 0.14312198859316055 0.1424861724299339 0.47745664290166107 0.4009364073950526 0.3832794044455373 0.5106754039459279 0.4312626022076798 0.3766202503781169 0.476167122543793 0.33427180283663976 0.4926145251427525 0.5041273192277907 0.29673094516403564 0.40849401579552835 0.5710484290354563
0.8698802313588647 0.11892405561093305 0.13999141238350007 0.5353017695511677 0.3669756429665776 0.40667526958544026 0.544837799938305 0.44260692559950554 0.3693405558014612 0.477498903375568 0.345547661543416 0.4920932353182519 0.46973579039295843 0.3146386619913111 0.45940607091305913 0.5629045204112093
0.8851296083195248 0.09783250146438166 0.17809849611648 0.6083117690608751 0.3489211320379733 0.44831075311608876 0.49670702929524346 0.43878435588024894 0.3563105362350059 0.5192255432255432 0.41747622910156174 0.4375843236244803 0.44669604900397875 0.33342243202214067 0.4503983268576237 0.46269294412523704
0.89045222314116 0.07709856783477381 0.17495948144720289 0.661033510788435 0.3140741164884881 0.47515775768642726 0.5371217724627517 0.45384366251930774 0.3487898913292964 0.49709994418793924 0.4356887912199061 0.4508267059489886 0.4472512622160298 0.34119741539067994 0.48486924688707994 0.4646710861664342
0.8788309626643864 0.09804708105123144 0.15284859915841917 0.6179482298159209 0.31842357820234335 0.45976235205652594 0.5635601765293844 0.4516050563537807 0.375295875277866 0.46603841248823735 0.4931458496670209 0.4932974611408297 0.4234939446291522 0.31180015453682963 0.48003392832052116 0.3636223212070804
0.8717787915295061 0.12048891172490084 0.14765540463911803 0.5612016489940421 0.3224720900896798 0.41866025155982983 0.582507374778801 0.41298418399099 0.36394221801545534 0.4263526644008187 0.45642889639349915 0.5152383102446425 0.4590667084872178 0.2247053294143342 0.4641869328012322 0.358608115632039
0.8635815857037262 0.11913863519778284 0.11474151542543928 0.5449382303062134 0.3364780891309477 0.4181268685258773 0.611690947172446 0.45542762607303755 0.3883258948443213 0.4243117726382622 0.4212172821088754 0.5478063728346015 0.44653368601813204 0.29301638450599987 0.48904167237595625 0.4638338974930523
0.8603813003084145 0.13180587272544975 0.11756720397854661 0.5238749233792737 0.34347742358514033 0.41013460404669877 0.6079383819289038 0.43942592892058163 0.39096904369024965 0.4208900615554068 0.5017705101419596 0.5837143207767631 0.475361681839268 0.25631345232787506 0.49742734658267457 0.35781554253105685
0.8521840944826349 0.13045559619833164 0.08465331476486784 0.5076115046914449 0.35748342262640825 0.4096012210127462 0.6371219543225487 0.481869371002629 0.4153527205191157 0.4188491697928504 0.46655889585733556 0.6162823833667218 0.46282865937018225 0.3246245074195406 0.5222820861573984 0.46304132439207013
0.8372805357727382 0.18894593612963195 0.0937870142879079 0.3585904534501848 0.4582308529753914 0.33757960044958113 0.5255856878469848 0.43912730958457163 0.44640172159275193 0.47641560655178095 0.428211827722321 0.5862920685761551 0.44409624723674385 0.3281726051250103 0.45177748543473434 0.4747809569696637
0.8474174454580186 0.19832112645180475 0.14742523280086253 0.36131357606318093 0.4628513613346938 0.3272899273085495 0.5544078386662 0.4114099033179701 0.42357987608371356 0.4977073851552065 0.449946206066237 0.5320203868598131 0.4432772630495457 0.2850010424175378 0.433272962149922 0.37210974770133415
0.866295303739431 0.2704552655425817 0.332516461854093 0.3015110399813857 0.5747099740953858 0.3275576267596875 0.5770162024078191 0.3838179312285591 0.5067542893014104 0.44723563309123504 0.41471876379601175 0.6672883444696919 0.41932858326045863 0.3623533139865123 0.5478526232535652 0.7036182271954843
0.9290610532907151 0.316137447998285 0.6827689686675431 0.36122947016392115 0.8045987404607555 0.5187154581212956 0.5641837899601491 0.3474597364214856 0.7032441809582392 0.2960760862602745 0.3477693320996148 0.5587152025668586 0.23780114531622576 0.16503233140289275 0.43752927676145587 0.5876530943042195
0.922526653125185 0.3413367830908343 0.6907655149629948 0.31240437703019763 0.8465703583411172 0.5135593679925968 0.5177734565963303 0.33716612128371287 0.7249082636390494 0.3090296003400071 0.37287128395427793 0.5433157485073214 0.2531488890149163 0.20794899603901854 0.42127525259075 0.583275853891146
0.922526653125185 0.3413367830908343 0.6907655149629948 0.31240437703019763 0.8465703583411172 0.5135593679925968 0.5177734565963303 0.33716612128371287 0.7249082636390494 0.3090296003400071 0.37287128395427793 0.5433157485073214 0.2531488890149163 0.20794899603901854 0.42127525259075 0.583275853891146
0.9183247627879498 0.3262343322762515 0.656130139868627 0.3192497963869839 0.8564416609239651 0.5417308800457336 0.49584533918066054 0.34652376446347577 0.7273200923311365 0.2966266437343472 0.342936878219267 0.5054018719896364 0.25403462010678035 0.19667299360126847 0.36622729978506113 0.5713529401144597
0.9122136873498035 0.3023663756096205 0.5969856722654834 0.34546424719552665 0.8235778425916286 0.5670381758627929 0.3895861854066757 0.3208812927708936 0.7081583927298885 0.2809603865095005 0.35594860930010347 0.47924185991518276 0.3024593049046935 0.16378707344964638 0.3263595753137215 0.5040907632586531
0.8959569444082685 0.28695114120804677 0.5043225871573002 0.33265733228964417 0.7699962692089053 0.5270798086623768 0.3794898389220309 0.315623811886325 0.6387196641009343 0.32386679031380317 0.3687623024407781 0.4474074030410172 0.3808043142388993 0.1746807693914681 0.30107218190987084 0.44975570072975674
0.8519043242176971 0.24860347233584493 0.24988424601866976 0.2992180290718609 0.6080442809298435 0.40674929167036666 0.30418701922547736 0.3121879953942471 0.48657610894208647 0.4663952094651496 0.37346829106075724 0.3558384303940177 0.5242782502266445 0.3186209955569734 0.26946321126023454 0.34823286838690726
0.8585463288630057 0.21756964622615793 0.2297208820124192 0.3442187609854082 0.5665944708594883 0.3754023907264999 0.28289911163570114 0.33899624880456397 0.43817918351928165 0.5779810531819133 0.39416776204912507 0.3414954933630555 0.46222757377508206 0.358991724702015 0.33534537522771857 0.3806208896741979
0.8585463288630057 0.21756964622615793 0.2297208820124192 0.3442187609854082 0.5665944708594883 0.3754023907264999 0.28289911163570114 0.33899624880456397 0.43817918351928165 0.5779810531819133 0.39416776204912507 0.3414954933630555 0.46222757377508206 0.358991724702015 0.33534537522771857 0.3806208896741979
0.840222818965609 0.24304965567474818 0.178813176706648 0.2822710146619927 0.5396484173702694 0.3177143027670129 0.32800053027447756 0.3428173915602942 0.4502716898209103 0.5660115748231582 0.4501841423115559 0.42620181881720437 0.40038159404374274 0.3655528786536915 0.387551750905995 0.3416634407142304
0.8288253277445177 0.25436661667529736 0.14872497604607648 0.24494428904722387 0.5606537508657297 0.30918865525388206 0.35343153742458056 0.3692591364898861 0.47729851549570484 0.5605489719777462 0.4955257560600166 0.49467782934932486 0.41667656739579284 0.39716100156723233 0.4207921646874372 0.340870867613248
0.8271926318772969 0.2280802552356068 0.1071073509595053 0.2758358680937727 0.5320940371759618 0.314827669784535 0.43365452379050085 0.4185157105270048 0.48208202036791675 0.5361106109416184 0.44058212092091376 0.5420326579935598 0.3980841461931224 0.41622906695539436 0.45509142767927785 0.45717235932243055
0.8353898377030766 0.2294305317627249 0.14002124017318418 0.2920992867816014 0.518088038134694 0.3153610528184875 0.4044709513968562 0.37607226844495734 0.45769834353905076 0.5381515027041749 0.47579373520553786 0.5094645954036013 0.41061716866220827 0.3479180118637287 0.4302366881045542 0.35194657746141733
0.8175900783789325 0.24904851698220232 0.0873205415619285 0.23158454975288248 0.5110761229671744 0.267356145184312 0.4449071682851068 0.4103000164127195 0.4760303138630376 0.527479303934216 0.4928218966730177 0.6309241403789626 0.38859151305293993 0.4167659244056491 0.4730186786527345 0.46526455469156075
0.8175900783789325 0.24904851698220232 0.0873205415619285 0.23158454975288248 0.5110761229671744 0.267356145184312 0.4449071682851068 0.4103000164127195 0.4760303138630376 0.527479303934216 0.4928218966730177 0.6309241403789626 0.38859151305293993 0.4167659244056491 0.4730186786527345 0.46526455469156075
0.8175900783789325 0.24904851698220232 0.0873205415619285 0.23158454975288248 0.5110761229671744 0.267356145184312 0.4449071682851068 0.4103000164127195 0.4760303138630376 0.527479303934216 0.4928218966730177 0.6309241403789626 0.38859151305293993 0.4167659244056491 0.4730186786527345 0.46526455469156075
0.8175900783789325 0.24904851698220232 0.0873205415619285 0.23158454975288248 0.5110761229671744 0.267356145184312 0.4449071682851068 0.4103000164127195 0.4760303138630376 0.527479303934216 0.4928218966730177 0.6309241403789626 0.38859151305293993 0.4167659244056491 0.4730186786527345 0.46526455469156075
0.8175900783789325 0.24904851698220232 0.0873205415619285 0.23158454975288248 0.5110761229671744 0.267356145184312 0.4449071682851068 0.4103000164127195 0.4760303138630376 0.527479303934216 0.4928218966730177 0.6309241403789626 0.38859151305293993 0.4167659244056491 0.4730186786527345 0.46526455469156075
0.8175900783789325 0.24904851698220232 0.0873205415619285 0.23158454975288248 0.5110761229671744 0.267356145184312 0.4449071682851068 0.4103000164127195 0.4760303138630376 0.527479303934216 0.4928218966730177 0.6309241403789626 0.38859151305293993 0.4167659244056491 0.4730186786527345 0.46526455469156075
0.8175900783789325 0.24904851698220232 0.0873205415619285 0.23158454975288248 0.5110761229671744 0.267356145184312 0.4449071682851068 0.4103000164127195 0.4760303138630376 0.527479303934216 0.4928218966730177 0.6309241403789626 0.38859151305293993 0.4167659244056491 0.4730186786527345 0.46526455469156075
0.80723130769938 0.2801454745825829 0.08638906477617089 0.18372338302722035 0.5073265791869372 0.2594655907130228 0.4600732353208731 0.3681756111134337 0.47478608486969537 0.4527102478979713 0.47868308908870627 0.6312087890886651 0.4643768379281053 0.3935538706152667 0.4364811426169411 0.45065270487248454
0.80723130769938 0.2801454745825829 0.08638906477617089 0.18372338302722035 0.5073265791869372 0.2594655907130228 0.4600732353208731 0.3681756111134337 0.47478608486969537 0.4527102478979713 0.47868308908870627 0.6312087890886651 0.4643768379281053 0.3935538706152667 0.4364811426169411 0.45065270487248454
0.80723130769938 0.2801454745825829 0.08638906477617089 0.18372338302722035 0.5073265791869372 0.2594655907130228 0.4600732353208731 0.3681756111134337 0.47478608486969537 0.4527102478979713 0.47868308908870627 0.6312087890886651 0.4643768379281053 0.3935538706152667 0.4364811426169411 0.45065270487248454
0.80723130769938 0.2801454745825829 0.08638906477617089 0.18372338302722035 0.5073265791869372 0.2594655907130228 0.4600732353208731 0.3681756111134337 0.47478608486969537 0.4527102478979713 0.47868308908870627 0.6312087890886651 0.4643768379281053 0.3935538706152667 0.4364811426169411 0.45065270487248454
0.8006667977408208 0.30508155949515525 0.09509280064906322 0.1365683852928431 0.5498922919179731 0.25329319314841725 0.40903382134859745 0.3613624791583625 0.4943862568263494 0.47510771717154265 0.49841510994318505 0.6164220230343889 0.47043623666169004 0.44279686031877047 0.42703661919982416 0.43957699502431535
0.8006667977408208 0.30508155949515525 0.09509280064906322 0.1365683852928431 0.5498922919179731 0.25329319314841725 0.40903382134859745 0.3613624791583625 0.4943862568263494 0.47510771717154265 0.49841510994318505 0.6164220230343889 0.47043623666169004 0.44279686031877047 0.42703661919982416 0.43957699502431535
0.7873724673165523 0.339323260167511 0.09744801376959422 0.12385255298846698 0.5234410130421763 0.2840211178174953 0.42457262209832236 0.3328786139888883 0.4931304380617226 0.41088697975678695 0.4766854745497081 0.567861871925903 0.49587543003596624 0.48026244710852706 0.40824157426503116 0.4635156271981634
0.7296064619923668 0.45058019934100907 0.0690555401351873 0.10823072757900543 0.4813532554024858 0.41080180520196397 0.47844306647273815 0.2865683120448391 0.5250732275185174 0.3600591266075833 0.6109028485911202 0.3396289069062947 0.4249940267533679 0.5251139582988412 0.4166104431226013 0.49037637684884633
0.655148143087978 0.5849305320444078 0.06836586065339972 0.17023628398671953 0.43243914706734315 0.5642042149483576 0.5038602844335259 0.24254203893182105 0.5177990902041832 0.39588831541178693 0.6202306012959271 0.21397660301650528 0.4006223255752744 0.5177363905920979 0.4205964365934983 0.5848737590351527
0.545612007681031 0.7432809764783511 0.08041209950537165 0.35398002543619544 0.39002287522537166 0.6604367251982282 0.5018886555780655 0.2952180566640239 0.5237300005103529 0.5998983752113449 0.5144726287774906 0.38537008865019173 0.3467605800885435 0.46000553731200405 0.4130041283623409 0.45101305057396107
0.45030448145298546 0.821321268151666 0.10900957811735598 0.5205159125517101 0.48080989074598784 0.6558690252362798 0.45383070721407215 0.350656254878129 0.46895713102875874 0.6832411662487898 0.42802255013078666 0.5587158120624365 0.5526369419387447 0.4177823812137617 0.5166715382716336 0.37803878541393915
0.288242829585277 0.7100518867083643 0.14752392910553475 0.7252489978470908 0.7124325998233043 0.4773769873400747 0.4389777966989241 0.310857522306207 0.2502807621030668 0.43768265120654465 0.45220344131962653 0.5566744067431798 0.49543956576250375 0.5206826481123998 0.5474666871331839 0.4085619471839154
0.288242829585277 0.7100518867083643 0.14752392910553475 0.7252489978470908 0.7124325998233043 0.4773769873400747 0.4389777966989241 0.310857522306207 0.2502807621030668 0.43768265120654465 0.45220344131962653 0.5566744067431798 0.49543956576250375 0.5206826481123998 0.5474666871331839 0.4085619471839154
0.20093018859111778 0.6213662797622641 0.19459100712825847 0.7226993049549142 0.6762180791436022 0.3761803510536441 0.41548584591266646 0.3734848848267376 0.27270573149531097 0.33505829381961627 0.5044702547796364 0.44222098320915565 0.3887019799624024 0.5366417578033069 0.5185527810560363 0.4277787127359307
0.11644993133525194 0.510380259790135 0.2502146875109032 0.632889438372954 0.5783026621133918 0.3666786537354688 0.40445318131472713 0.40392800835471593 0.3149947993288743 0.35683705033820406 0.520282874710389 0.4760091908042781 0.2931532597856864 0.531354327787009 0.44249623274263583 0.43681818137436257
0.03286015998880509 0.3696083872516496 0.3060665703080887 0.4757352914655235 0.47073277917836637 0.4332566490860484 0.4100907014301423 0.41664801330185103 0.4050798656978128 0.452676407161394 0.5067461076399203 0.439145063430113 0.44101549256948425 0.4577048366133349 0.49238121593320494 0.4754851315016321
0.0335596061514164 0.3687521333869698 0.3059790994271829 0.46992861549326065 0.4653924978438508 0.44273814609293893 0.4059860665032727 0.41206422737001136 0.3979660904815934 0.46028667326589384 0.5054227416878296 0.47056665799684244 0.4120872116947785 0.4478503597016508 0.4637977617763134 0.47548303428785416
0.016690517484757084 0.33935512322551736 0.31748691899969667 0.4350707199178924 0.4435708127471807 0.46154010789808597 0.40767602964923894 0.4095780771397449 0.4069324717999811 0.47956174232765586 0.5003870701630908 0.48552322651222857 0.41804291605902943 0.4481939064356245 0.4639300725741405 0.4698587293584267
0.016690517484757084 0.33935512322551736 0.31748691899969667 0.4350707199178924 0.4435708127471807 0.46154010789808597 0.40767602964923894 0.4095780771397449 0.4069324717999811 0.47956174232765586 0.5003870701630908 0.48552322651222857 0.41804291605902943 0.4481939064356245 0.4639300725741405 0.4698587293584267
2.842170943040401e-14 0.3106095777566308 0.3289604118090246 0.4008116565498566 0.4193012834822054 0.4773342625735959 0.4096823902617258 0.41287002011882606 0.4303084660050271 0.5063242566942401 0.4957288971962919 0.48004610469898673 0.45623937170650924 0.4302745992648502 0.47502878381140284 0.4772353985124652
2.842170943040401e-14 0.3106095777566308 0.3289604118090246 0.4008116565498566 0.4193012834822054 0.4773342625735959 0.4096823902617258 0.41287002011882606 0.4303084660050271 0.5063242566942401 0.4957288971962919 0.48004610469898673 0.45623937170650924 0.4302745992648502 0.47502878381140284 0.4772353985124652
2.842170943040401e-14 0.3106095777566308 0.3289604118090246 0.4008116565498566 0.4193012834822054 0.4773342625735959 0.4096823902617258 0.41287002011882606 0.4303084660050271 0.5063242566942401 0.4957288971962919 0.48004610469898673 0.45623937170650924 0.4302745992648502 0.47502878381140284 0.4772353985124652
2.842170943040401e-14 0.3106095777566308 0.3289604118090246 0.4008116565498566 0.4193012834822054 0.4773342625735959 0.4096823902617258 0.41287002011882606 0.4303084660050271 0.5063242566942401 0.4957288971962919 0.48004610469898673 0.45623937170650924 0.4302745992648502 0.47502878381140284 0.4772353985124652
0.016690517484757084 0.33935512322551736 0.31748691899969667 0.4350707199178924 0.4435708127471807 0.46154010789808597 0.40767602964923894 0.4095780771397449 0.4069324717999811 0.47956174232765586 0.5003870701630908 0.48552322651222857 0.41804291605902943 0.4481939064356245 0.4639300725741405 0.4698587293584267
0.016690517484757084 0.33935512322551736 0.31748691899969667 0.4350707199178924 0.4435708127471807 0.46154010789808597 0.40767602964923894 0.4095780771397449 0.4069324717999811 0.47956174232765586 0.5003870701630908 0.48552322651222857 0.41804291605902943 0.4481939064356245 0.4639300725741405 0.4698587293584267
2.842170943040401e-14 0.3106095777566308 0.3289604118090246 0.4008116565498566 0.4193012834822054 0.4773342625735959 0.4096823902617258 0.41287002011882606 0.4303084660050271 0.5063242566942401 0.4957288971962919 0.48004610469898673 0.45623937170650924 0.4302745992648502 0.47502878381140284 0.4772353985124652
0.016690517484757084 0.33935512322551736 0.31748691899969667 0.4350707199178924 0.4435708127471807 0.46154010789808597 0.40767602964923894 0.4095780771397449 0.4069324717999811 0.47956174232765586 0.5003870701630908 0.48552322651222857 0.41804291605902943 0.4481939064356245 0.4639300725741405 0.4698587293584267
2.842170943040401e-14 0.3106095777566308 0.3289604118090246 0.4008116565498566 0.4193012834822054 0.4773342625735959 0.4096823902617258 0.41287002011882606 0.4303084660050271 0.5063242566942401 0.4957288971962919 0.48004610469898673 0.45623937170650924 0.4302745992648502 0.47502878381140284 0.4772353985124652
0.016690517484757084 0.33935512322551736 0.31748691899969667 0.4350707199178924 0.4435708127471807 0.46154010789808597 0.40767602964923894 0.4095780771397449 0.4069324717999811 0.47956174232765586 0.5003870701630908 0.48552322651222857 0.41804291605902943 0.4481939064356245 0.4639300725741405 0.4698587293584267
2.842170943040401e-14 0.3106095777566308 0.3289604118090246 0.4008116565498566 0.4193012834822054 0.4773342625735959 0.4096823902617258 0.41287002011882606 0.4303084660050271 0.5063242566942401 0.4957288971962919 0.48004610469898673 0.45623937170650924 0.4302745992648502 0.47502878381140284 0.4772353985124652
2.842170943040401e-14 0.3106095777566308 0.3289604118090246 0.4008116565498566 0.4193012834822054 0.4773342625735959 0.4096823902617258 0.41287002011882606 0.4303084660050271 0.5063242566942401 0.4957288971962919 0.48004610469898673 0.45623937170650924 0.4302745992648502 0.47502878381140284 0.4772353985124652
2.842170943040401e-14 0.3106095777566308 0.3289604118090246 0.4008116565498566 0.4193012834822054 0.4773342625735959 0.4096823902617258 0.41287002011882606 0.4303084660050271 0.5063242566942401 0.4957288971962919 0.48004610469898673 0.45623937170650924 0.4302745992648502 0.47502878381140284 0.4772353985124652
2.842170943040401e-14 0.3106095777566308 0.3289604118090246 0.4008116565498566 0.4193012834822054 0.4773342625735959 0.4096823902617258 0.41287002011882606 0.4303084660050271 0.5063242566942401 0.4957288971962919 0.48004610469898673 0.45623937170650924 0.4302745992648502 0.47502878381140284 0.4772353985124652
2.842170943040401e-14 0.3106095777566308 0.3289604118090246 0.4008116565498566 0.4193012834822054 0.4773342625735959 0.4096823902617258 0.41287002011882606 0.4303084660050271 0.5063242566942401 0.4957288971962919 0.48004610469898673 0.45623937170650924 0.4302745992648502 0.47502878381140284 0.4772353985124652
2.842170943040401e-14 0.3106095777566308 0.3289604118090246 0.4008116565498566 0.4193012834822054 0.4773342625735959 0.4096823902617258 0.41287002011882606 0.4303084660050271 0.5063242566942401 0.4957288971962919 0.48004610469898673 0.45623937170650924 0.4302745992648502 0.47502878381140284 0.4772353985124652
2.842170943040401e-14 0.3106095777566308 0.3289604118090246 0.4008116565498566 0.4193012834822054 0.4773342625735959 0.4096823902617258 0.41287002011882606 0.4303084660050271 0.5063242566942401 0.4957288971962919 0.48004610469898673 0.45623937170650924 0.4302745992648502 0.47502878381140284 0.4772353985124652
2.842170943040401e-14 0.3106095777566308 0.3289604118090246 0.4008116565498566 0.4193012834822054 0.4773342625735959 0.4096823902617258 0.41287002011882606 0.4303084660050271 0.5063242566942401 0.4957288971962919 0.48004610469898673 0.45623937170650924 0.4302745992648502 0.47502878381140284 0.4772353985124652
2.842170943040401e-14 0.3106095777566308 0.3289604118090246 0.4008116565498566 0.4193012834822054 0.4773342625735959 0.4096823902617258 0.41287002011882606 0.4303084660050271 0.5063242566942401 0.4957288971962919 0.48004610469898673 0.45623937170650924 0.4302745992648502 0.47502878381140284 0.4772353985124652
2.842170943040401e-14 0.3106095777566308 0.3289604118090246 0.4008116565498566 0.4193012834822054 0.4773342625735959 0.4096823902617258 0.41287002011882606 0.4303084660050271 0.5063242566942401 0.4957288971962919 0.48004610469898673 0.45623937170650924 0.4302745992648502 0.47502878381140284 0.4772353985124652
2.842170943040401e-14 0.3106095777566308 0.3289604118090246 0.4008116565498566 0.4193012834822054 0.4773342625735959 0.4096823902617258 0.41287002011882606 0.4303084660050271 0.5063242566942401 0.4957288971962919 0.48004610469898673 0.45623937170650924 0.4302745992648502 0.47502878381140284 0.4772353985124652
2.842170943040401e-14 0.3106095777566308 0.3289604118090246 0.4008116565498566 0.4193012834822054 0.4773342625735959 0.4096823902617258 0.41287002011882606 0.4303084660050271 0.5063242566942401 0.4957288971962919 0.48004610469898673 0.45623937170650924 0.4302745992648502 0.47502878381140284 0.4772353985124652
]