Naoki.c_o_m_m_e_n_t.1295 [ 2.842170943040401e-14 0.3106095777566308 0.3289604118090246 0.4008116565498566 0.4193012834822054 0.4773342625735959 0.4096823902617258 0.41287002011882606 0.4303084660050271 0.5063242566942401 0.4957288971962919 0.48004610469898673 0.45623937170650924 0.4302745992648502 0.47502878381140284 0.4772353985124652
2.842170943040401e-14 0.3106095777566308 0.3289604118090246 0.4008116565498566 0.4193012834822054 0.4773342625735959 0.4096823902617258 0.41287002011882606 0.4303084660050271 0.5063242566942401 0.4957288971962919 0.48004610469898673 0.45623937170650924 0.4302745992648502 0.47502878381140284 0.4772353985124652
2.842170943040401e-14 0.3106095777566308 0.3289604118090246 0.4008116565498566 0.4193012834822054 0.4773342625735959 0.4096823902617258 0.41287002011882606 0.4303084660050271 0.5063242566942401 0.4957288971962919 0.48004610469898673 0.45623937170650924 0.4302745992648502 0.47502878381140284 0.4772353985124652
2.842170943040401e-14 0.3106095777566308 0.3289604118090246 0.4008116565498566 0.4193012834822054 0.4773342625735959 0.4096823902617258 0.41287002011882606 0.4303084660050271 0.5063242566942401 0.4957288971962919 0.48004610469898673 0.45623937170650924 0.4302745992648502 0.47502878381140284 0.4772353985124652
2.842170943040401e-14 0.3106095777566308 0.3289604118090246 0.4008116565498566 0.4193012834822054 0.4773342625735959 0.4096823902617258 0.41287002011882606 0.4303084660050271 0.5063242566942401 0.4957288971962919 0.48004610469898673 0.45623937170650924 0.4302745992648502 0.47502878381140284 0.4772353985124652
2.842170943040401e-14 0.3106095777566308 0.3289604118090246 0.4008116565498566 0.4193012834822054 0.4773342625735959 0.4096823902617258 0.41287002011882606 0.4303084660050271 0.5063242566942401 0.4957288971962919 0.48004610469898673 0.45623937170650924 0.4302745992648502 0.47502878381140284 0.4772353985124652
2.842170943040401e-14 0.3106095777566308 0.3289604118090246 0.4008116565498566 0.4193012834822054 0.4773342625735959 0.4096823902617258 0.41287002011882606 0.4303084660050271 0.5063242566942401 0.4957288971962919 0.48004610469898673 0.45623937170650924 0.4302745992648502 0.47502878381140284 0.4772353985124652
2.842170943040401e-14 0.3106095777566308 0.3289604118090246 0.4008116565498566 0.4193012834822054 0.4773342625735959 0.4096823902617258 0.41287002011882606 0.4303084660050271 0.5063242566942401 0.4957288971962919 0.48004610469898673 0.45623937170650924 0.4302745992648502 0.47502878381140284 0.4772353985124652
2.842170943040401e-14 0.3106095777566308 0.3289604118090246 0.4008116565498566 0.4193012834822054 0.4773342625735959 0.4096823902617258 0.41287002011882606 0.4303084660050271 0.5063242566942401 0.4957288971962919 0.48004610469898673 0.45623937170650924 0.4302745992648502 0.47502878381140284 0.4772353985124652
2.842170943040401e-14 0.3106095777566308 0.3289604118090246 0.4008116565498566 0.4193012834822054 0.4773342625735959 0.4096823902617258 0.41287002011882606 0.4303084660050271 0.5063242566942401 0.4957288971962919 0.48004610469898673 0.45623937170650924 0.4302745992648502 0.47502878381140284 0.4772353985124652
2.842170943040401e-14 0.3106095777566308 0.3289604118090246 0.4008116565498566 0.4193012834822054 0.4773342625735959 0.4096823902617258 0.41287002011882606 0.4303084660050271 0.5063242566942401 0.4957288971962919 0.48004610469898673 0.45623937170650924 0.4302745992648502 0.47502878381140284 0.4772353985124652
2.842170943040401e-14 0.3106095777566308 0.3289604118090246 0.4008116565498566 0.4193012834822054 0.4773342625735959 0.4096823902617258 0.41287002011882606 0.4303084660050271 0.5063242566942401 0.4957288971962919 0.48004610469898673 0.45623937170650924 0.4302745992648502 0.47502878381140284 0.4772353985124652
2.842170943040401e-14 0.3106095777566308 0.3289604118090246 0.4008116565498566 0.4193012834822054 0.4773342625735959 0.4096823902617258 0.41287002011882606 0.4303084660050271 0.5063242566942401 0.4957288971962919 0.48004610469898673 0.45623937170650924 0.4302745992648502 0.47502878381140284 0.4772353985124652
2.842170943040401e-14 0.3106095777566308 0.3289604118090246 0.4008116565498566 0.4193012834822054 0.4773342625735959 0.4096823902617258 0.41287002011882606 0.4303084660050271 0.5063242566942401 0.4957288971962919 0.48004610469898673 0.45623937170650924 0.4302745992648502 0.47502878381140284 0.4772353985124652
2.842170943040401e-14 0.3106095777566308 0.3289604118090246 0.4008116565498566 0.4193012834822054 0.4773342625735959 0.4096823902617258 0.41287002011882606 0.4303084660050271 0.5063242566942401 0.4957288971962919 0.48004610469898673 0.45623937170650924 0.4302745992648502 0.47502878381140284 0.4772353985124652
2.842170943040401e-14 0.3106095777566308 0.3289604118090246 0.4008116565498566 0.4193012834822054 0.4773342625735959 0.4096823902617258 0.41287002011882606 0.4303084660050271 0.5063242566942401 0.4957288971962919 0.48004610469898673 0.45623937170650924 0.4302745992648502 0.47502878381140284 0.4772353985124652
2.842170943040401e-14 0.3106095777566308 0.3289604118090246 0.4008116565498566 0.4193012834822054 0.4773342625735959 0.4096823902617258 0.41287002011882606 0.4303084660050271 0.5063242566942401 0.4957288971962919 0.48004610469898673 0.45623937170650924 0.4302745992648502 0.47502878381140284 0.4772353985124652
2.842170943040401e-14 0.3106095777566308 0.3289604118090246 0.4008116565498566 0.4193012834822054 0.4773342625735959 0.4096823902617258 0.41287002011882606 0.4303084660050271 0.5063242566942401 0.4957288971962919 0.48004610469898673 0.45623937170650924 0.4302745992648502 0.47502878381140284 0.4772353985124652
2.842170943040401e-14 0.3106095777566308 0.3289604118090246 0.4008116565498566 0.4193012834822054 0.4773342625735959 0.4096823902617258 0.41287002011882606 0.4303084660050271 0.5063242566942401 0.4957288971962919 0.48004610469898673 0.45623937170650924 0.4302745992648502 0.47502878381140284 0.4772353985124652
2.842170943040401e-14 0.3106095777566308 0.3289604118090246 0.4008116565498566 0.4193012834822054 0.4773342625735959 0.4096823902617258 0.41287002011882606 0.4303084660050271 0.5063242566942401 0.4957288971962919 0.48004610469898673 0.45623937170650924 0.4302745992648502 0.47502878381140284 0.4772353985124652
2.842170943040401e-14 0.3106095777566308 0.3289604118090246 0.4008116565498566 0.4193012834822054 0.4773342625735959 0.4096823902617258 0.41287002011882606 0.4303084660050271 0.5063242566942401 0.4957288971962919 0.48004610469898673 0.45623937170650924 0.4302745992648502 0.47502878381140284 0.4772353985124652
2.842170943040401e-14 0.3106095777566308 0.3289604118090246 0.4008116565498566 0.4193012834822054 0.4773342625735959 0.4096823902617258 0.41287002011882606 0.4303084660050271 0.5063242566942401 0.4957288971962919 0.48004610469898673 0.45623937170650924 0.4302745992648502 0.47502878381140284 0.4772353985124652
2.842170943040401e-14 0.3106095777566308 0.3289604118090246 0.4008116565498566 0.4193012834822054 0.4773342625735959 0.4096823902617258 0.41287002011882606 0.4303084660050271 0.5063242566942401 0.4957288971962919 0.48004610469898673 0.45623937170650924 0.4302745992648502 0.47502878381140284 0.4772353985124652
2.842170943040401e-14 0.3106095777566308 0.3289604118090246 0.4008116565498566 0.4193012834822054 0.4773342625735959 0.4096823902617258 0.41287002011882606 0.4303084660050271 0.5063242566942401 0.4957288971962919 0.48004610469898673 0.45623937170650924 0.4302745992648502 0.47502878381140284 0.4772353985124652
2.842170943040401e-14 0.3106095777566308 0.3289604118090246 0.4008116565498566 0.4193012834822054 0.4773342625735959 0.4096823902617258 0.41287002011882606 0.4303084660050271 0.5063242566942401 0.4957288971962919 0.48004610469898673 0.45623937170650924 0.4302745992648502 0.47502878381140284 0.4772353985124652
2.842170943040401e-14 0.3106095777566308 0.3289604118090246 0.4008116565498566 0.4193012834822054 0.4773342625735959 0.4096823902617258 0.41287002011882606 0.4303084660050271 0.5063242566942401 0.4957288971962919 0.48004610469898673 0.45623937170650924 0.4302745992648502 0.47502878381140284 0.4772353985124652
2.842170943040401e-14 0.3106095777566308 0.3289604118090246 0.4008116565498566 0.4193012834822054 0.4773342625735959 0.4096823902617258 0.41287002011882606 0.4303084660050271 0.5063242566942401 0.4957288971962919 0.48004610469898673 0.45623937170650924 0.4302745992648502 0.47502878381140284 0.4772353985124652
2.842170943040401e-14 0.3106095777566308 0.3289604118090246 0.4008116565498566 0.4193012834822054 0.4773342625735959 0.4096823902617258 0.41287002011882606 0.4303084660050271 0.5063242566942401 0.4957288971962919 0.48004610469898673 0.45623937170650924 0.4302745992648502 0.47502878381140284 0.4772353985124652
2.842170943040401e-14 0.3106095777566308 0.3289604118090246 0.4008116565498566 0.4193012834822054 0.4773342625735959 0.4096823902617258 0.41287002011882606 0.4303084660050271 0.5063242566942401 0.4957288971962919 0.48004610469898673 0.45623937170650924 0.4302745992648502 0.47502878381140284 0.4772353985124652
2.842170943040401e-14 0.3106095777566308 0.3289604118090246 0.4008116565498566 0.4193012834822054 0.4773342625735959 0.4096823902617258 0.41287002011882606 0.4303084660050271 0.5063242566942401 0.4957288971962919 0.48004610469898673 0.45623937170650924 0.4302745992648502 0.47502878381140284 0.4772353985124652
2.842170943040401e-14 0.3106095777566308 0.3289604118090246 0.4008116565498566 0.4193012834822054 0.4773342625735959 0.4096823902617258 0.41287002011882606 0.4303084660050271 0.5063242566942401 0.4957288971962919 0.48004610469898673 0.45623937170650924 0.4302745992648502 0.47502878381140284 0.4772353985124652
2.842170943040401e-14 0.3106095777566308 0.3289604118090246 0.4008116565498566 0.4193012834822054 0.4773342625735959 0.4096823902617258 0.41287002011882606 0.4303084660050271 0.5063242566942401 0.4957288971962919 0.48004610469898673 0.45623937170650924 0.4302745992648502 0.47502878381140284 0.4772353985124652
2.842170943040401e-14 0.3106095777566308 0.3289604118090246 0.4008116565498566 0.4193012834822054 0.4773342625735959 0.4096823902617258 0.41287002011882606 0.4303084660050271 0.5063242566942401 0.4957288971962919 0.48004610469898673 0.45623937170650924 0.4302745992648502 0.47502878381140284 0.4772353985124652
2.842170943040401e-14 0.3106095777566308 0.3289604118090246 0.4008116565498566 0.4193012834822054 0.4773342625735959 0.4096823902617258 0.41287002011882606 0.4303084660050271 0.5063242566942401 0.4957288971962919 0.48004610469898673 0.45623937170650924 0.4302745992648502 0.47502878381140284 0.4772353985124652
2.842170943040401e-14 0.3106095777566308 0.3289604118090246 0.4008116565498566 0.4193012834822054 0.4773342625735959 0.4096823902617258 0.41287002011882606 0.4303084660050271 0.5063242566942401 0.4957288971962919 0.48004610469898673 0.45623937170650924 0.4302745992648502 0.47502878381140284 0.4772353985124652
2.842170943040401e-14 0.3106095777566308 0.3289604118090246 0.4008116565498566 0.4193012834822054 0.4773342625735959 0.4096823902617258 0.41287002011882606 0.4303084660050271 0.5063242566942401 0.4957288971962919 0.48004610469898673 0.45623937170650924 0.4302745992648502 0.47502878381140284 0.4772353985124652
2.842170943040401e-14 0.3106095777566308 0.3289604118090246 0.4008116565498566 0.4193012834822054 0.4773342625735959 0.4096823902617258 0.41287002011882606 0.4303084660050271 0.5063242566942401 0.4957288971962919 0.48004610469898673 0.45623937170650924 0.4302745992648502 0.47502878381140284 0.4772353985124652
2.842170943040401e-14 0.3106095777566308 0.3289604118090246 0.4008116565498566 0.4193012834822054 0.4773342625735959 0.4096823902617258 0.41287002011882606 0.4303084660050271 0.5063242566942401 0.4957288971962919 0.48004610469898673 0.45623937170650924 0.4302745992648502 0.47502878381140284 0.4772353985124652
2.842170943040401e-14 0.3106095777566308 0.3289604118090246 0.4008116565498566 0.4193012834822054 0.4773342625735959 0.4096823902617258 0.41287002011882606 0.4303084660050271 0.5063242566942401 0.4957288971962919 0.48004610469898673 0.45623937170650924 0.4302745992648502 0.47502878381140284 0.4772353985124652
2.842170943040401e-14 0.3106095777566308 0.3289604118090246 0.4008116565498566 0.4193012834822054 0.4773342625735959 0.4096823902617258 0.41287002011882606 0.4303084660050271 0.5063242566942401 0.4957288971962919 0.48004610469898673 0.45623937170650924 0.4302745992648502 0.47502878381140284 0.4772353985124652
0.033427721695387824 0.36916960904834967 0.3065495454674564 0.46958355612376096 0.45879466247961037 0.43572914416787656 0.4092477277726932 0.4249037240878847 0.4356577080965929 0.47834308736418624 0.5021144125865399 0.4182190808560862 0.5000140716229261 0.42064466605256967 0.4989399827351155 0.48800660803903917
0.051095225996541094 0.3932832109319408 0.2989066439801253 0.4793570404963884 0.44516293371498633 0.4287737389728452 0.40895397656114146 0.4390135466747642 0.4837888392084387 0.5056807238176767 0.4867206227256323 0.4006035411443954 0.5716872615699948 0.40465012198595546 0.5076124849398143 0.4770588185408069
0.13571191197234078 0.5122665121204643 0.2608870121716738 0.5636921855144934 0.43663312666837 0.37000842414475105 0.4165015938682083 0.4333402750810976 0.5800623220303592 0.43929963712854103 0.42495987328974666 0.33657570208405896 0.6600802514529374 0.5381185323150255 0.5534514621871824 0.37015140205817254
0.2222034177550309 0.6495155834514278 0.20909557555869107 0.6833155973706422 0.4858014197715779 0.31936955941482026 0.4136793536631215 0.4580073326768769 0.612968457917551 0.46787094402531965 0.43928616778112806 0.2930742120628569 0.7316597897004533 0.44172495775850135 0.5570660771872289 0.4422791809867667
0.3105346771827579 0.7622647528848175 0.16979545202667212 0.7096721636016521 0.4509716541284938 0.32689265023203196 0.4056642073898508 0.49122375625561576 0.661192287355144 0.5447833871829234 0.4604966958826662 0.32159316175030983 0.6756669305442834 0.36887615476154045 0.5115636864317298 0.4618190542900105
0.3998238759262295 0.8158815201218291 0.16131504806694671 0.5891951833602147 0.29997239217843685 0.3582398826947376 0.3811748935191753 0.5503947618388927 0.6792456862103473 0.5022610515377081 0.49352195615119526 0.3570447057844799 0.4072910007036388 0.4651503179826998 0.4614855697338866 0.38660101163443433
0.3998238759262295 0.8158815201218291 0.16131504806694671 0.5891951833602147 0.29997239217843685 0.3582398826947376 0.3811748935191753 0.5503947618388927 0.6792456862103473 0.5022610515377081 0.49352195615119526 0.3570447057844799 0.4072910007036388 0.4651503179826998 0.4614855697338866 0.38660101163443433
0.4520104288237601 0.8118135080059494 0.17577332424711417 0.5145286652846113 0.22075943930671096 0.33316234856165994 0.3648874906439582 0.5156478389078781 0.636157145261183 0.38374314098751433 0.4147703015147314 0.5108234875624942 0.3741540083894813 0.5719534428986284 0.4460302096092066 0.36175146258737034
0.494021797154347 0.8374073215358102 0.20197807483885172 0.4511165801327925 0.17444419851921467 0.40176455537120703 0.3717122665851869 0.47641253181596577 0.5789907995405549 0.4825948217104924 0.49130026277062466 0.5939958208921816 0.33850215369304015 0.5314489158010206 0.4555691740390691 0.39909311885105936
0.5440897231794797 0.7963238187136172 0.22335903388057937 0.35957520449507746 0.1403426478026505 0.3758717039799086 0.3448792837283938 0.5248461674646377 0.47911815526599694 0.3758872506376236 0.487415460853383 0.5385085847071459 0.2941775865915991 0.5036043483691608 0.41246208484575514 0.5077261204148278
0.5939700352747798 0.7683692639444021 0.343651665420097 0.362093478473556 0.14811413959203562 0.29624370849274456 0.2826543910875418 0.5438654841106556 0.4367571834222722 0.362958327812532 0.48974189110364563 0.679085271121294 0.37987128826970507 0.5128901539076276 0.502596719474925 0.48616575519722527
0.6476829900446728 0.7613739408378737 0.5512375389846865 0.48659867266644774 0.07125810331759935 0.27257439017387425 0.23363662796192816 0.4255589863311771 0.28975367997403834 0.4661198026880258 0.4496021982811806 0.49843914202078166 0.406203360029811 0.45402888837314803 0.44587918049106046 0.5509426947469859
0.6610943972022262 0.7858527622720626 0.6428669943961164 0.4882479928699753 0.09650842241452368 0.2754290652145349 0.22942015204454919 0.4065136823833746 0.2992500638685386 0.4439279114391915 0.5138145189338696 0.6201105198541337 0.4364431304488095 0.4370387992487426 0.4638147408587624 0.7023276923080262
0.6884050828862167 0.7776766119473411 0.6912598314202782 0.4473046167061878 0.18472301777301003 0.38305205190586233 0.24861114507039367 0.4080994382281382 0.2971484896109958 0.402921401953543 0.5194083767588503 0.5274730476679395 0.46382621350801284 0.3261302295680247 0.43471163255132256 0.6502557922559276
0.7055033905301016 0.7572888134786953 0.725019560976726 0.4429465713094585 0.21613042414886183 0.33965798554836624 0.2718734223280441 0.43239804817815275 0.28084788497346347 0.4357722768073473 0.475120571229042 0.6040661351869605 0.4962259272331123 0.2962992089832408 0.4242125095406777 0.6515113140386353
0.7299930635111693 0.7049662974748503 0.7446833403937037 0.4754750639634619 0.2667646273379721 0.35573127904135765 0.24633673896478658 0.4740291383257943 0.27877422634312493 0.45449531499772156 0.41518600815340045 0.5555502223403824 0.5440834658566746 0.28660686654082235 0.4019743418891716 0.6009877334707305
0.7791457152433303 0.6510092312607395 0.7254444023947384 0.3641651599234669 0.35657790447419696 0.42019709710040515 0.25653590696188133 0.4971737179852808 0.19753129250808024 0.4436438541023696 0.46729739224700195 0.4610249318693779 0.6165129301996598 0.26069176392602167 0.45753370404159727 0.5257208755858659
0.7958653724432934 0.6495742468422944 0.7127078040039203 0.3364504152667192 0.39235634574093275 0.4942327365600485 0.27111889188164606 0.44482885258026056 0.1457987054432498 0.4517735741328008 0.43335116607797824 0.521361817688209 0.6424644102582766 0.3180138822370334 0.4981383609554284 0.4615923123406003
0.8107134536967169 0.6192384585059649 0.7071927026824121 0.3169632493372004 0.41531675322264633 0.48292955205487015 0.27589697898731125 0.39436818524753814 0.17386613499243253 0.42516879635537386 0.44993219734730877 0.48742055562043834 0.7055143876199089 0.3429926165245799 0.5418561292965894 0.4954428952654585
0.8564971150732321 0.5224746940734701 0.7139300988973645 0.308045845948622 0.5335085307600111 0.46091856355911764 0.27711562711584126 0.34686054871587213 0.27834883006320643 0.42674239134696934 0.5020009110961801 0.5149411196812629 0.7572188009270251 0.31954949030789126 0.6072128380829143 0.5175046572490603
0.8838239574042817 0.44970072215585466 0.721936247342333 0.3816138832536367 0.5886959084070095 0.4731930786394944 0.22904974779715748 0.4063295766715728 0.3328404254106805 0.5416443479764619 0.593890334273922 0.6004609258862381 0.6896954818289518 0.3903159843503276 0.6459211650870926 0.5256652186102091
0.8931332907165912 0.42810339429237476 0.7418084949073287 0.4380855240578512 0.6207125494395478 0.5413658427576742 0.2075748670327991 0.4641047610194358 0.38745903948246496 0.5572679498669398 0.6283850594780874 0.621342927155603 0.6379885172235131 0.49357581171442955 0.6639160089348071 0.5787445284125128
0.8908513484297242 0.41654082623292543 0.7181354270063445 0.44727904873771884 0.633100655794331 0.5750497473871218 0.17016790710989702 0.4643239580479888 0.4196797279391504 0.5156390259126835 0.6066401316457164 0.6174970726173655 0.6069830961325602 0.44036482771651386 0.6855148505859747 0.5438598954899097
0.8876295260113971 0.4046242107083567 0.6884419098932166 0.46033959088294046 0.6249553355997162 0.5919667650421978 0.13151742209876682 0.4664058833792836 0.432015655392145 0.5091874164768031 0.6082043193146603 0.6088376569908458 0.6118851581279505 0.47019266005821003 0.6818802575191755 0.5197497105091365
0.9325451660377448 0.21265870598906675 0.5509863874448762 0.5736978062794345 0.5918421801159593 0.5413729552547735 0.18387078985063715 0.30614516689393645 0.5879824460029901 0.5420967604476652 0.6453861503041929 0.5199071550734069 0.37206691944775705 0.5432057486092752 0.5172534784912909 0.4940298660695609
0.9378677808593798 0.191924772359459 0.547847372775599 0.6264195480069943 0.5569951645664741 0.5682199598251121 0.22428553301814536 0.3212044735329952 0.5804618010972806 0.5199711614100613 0.6635987124225373 0.5331495373979149 0.3726221326598081 0.5509807319778142 0.5517243985207468 0.496008008110758
0.9417509347137225 0.17632487603294766 0.547256511486053 0.6737414838809604 0.5283237254913056 0.5969836731650433 0.24622195735420593 0.33198509549206073 0.5707690003292436 0.5130397777687856 0.6931698189254327 0.5257230711312237 0.37213320557855784 0.5764635914306866 0.5786569453706839 0.4624000165828658
0.9318911901848659 0.14214521843322042 0.45799554410688725 0.7068584737214336 0.4614118338046262 0.6018008300670245 0.22918210006260914 0.3341153117841413 0.5089362078541709 0.5263666816214869 0.694280350437837 0.45639782812115837 0.4553164029804517 0.60332869787036 0.5176567411900439 0.3980370415319747
0.9296340280074371 0.14130071562303081 0.44331649106119253 0.7071334137390974 0.4253466808847506 0.5747301664455412 0.23170978257755034 0.3149609997990694 0.46567125104479734 0.5504288278184282 0.6965025785071931 0.4135749777479799 0.47145060372782427 0.5871636956287536 0.5155088928616179 0.34997193730471204
0.9235984419127141 0.1340755393811292 0.4077443218584771 0.7000845462879766 0.4241600657321019 0.5732561885314147 0.24372662972055478 0.34336828483400184 0.47296241068103206 0.5591531158192693 0.6683533508647517 0.4125903263679316 0.467123585743922 0.6554449230278364 0.5355139466973381 0.4021930314191038
0.9177906665108104 0.1230319452510295 0.37205388506009734 0.6925122598798722 0.44407992780237643 0.5949925522399402 0.24563877649039018 0.36430321657188863 0.4767948877460516 0.5391190740084392 0.6123927080260988 0.3887643919485407 0.4527773488925253 0.6308116391137468 0.47943188411818766 0.4587058673936459
0.8937794820743614 0.12236587410297661 0.26211523367818595 0.6302313513343281 0.4062806215339545 0.5132463411515813 0.33335282431346075 0.4188194866478511 0.4309498918847507 0.5827847980873734 0.49057873957057324 0.37085306181816663 0.38598881942857977 0.6648623460220423 0.5537695526354186 0.6007597898683787
0.8695015563509945 0.14173489147021961 0.17702812167896947 0.5411228040510304 0.38806503385962166 0.43236096758466774 0.4118054888644831 0.4421837625651268 0.40405244699405446 0.5840688868691941 0.49687895500710844 0.44798833309188973 0.35981046966874525 0.609702323846965 0.5620183543858056 0.5654011186455424
0.8343334475634886 0.20810422206648152 0.11250138500789342 0.33808170136808524 0.4804845940063943 0.32682202295984975 0.4420064894060833 0.43212912065406023 0.45432416238875717 0.5601444867016606 0.48458527990550193 0.5863877116328523 0.38457191375062 0.5210888751588175 0.5537924489491627 0.5490718432196958
0.788644032921632 0.34007816620109954 0.10372869383914649 0.12034545750951708 0.5400704216078703 0.2891310857110313 0.3916476250183186 0.37361915078964003 0.4712602322677213 0.430321162952746 0.4801865546609065 0.589277799662016 0.5556215017717258 0.4727919620450956 0.4647661613441025 0.4650357921765278
0.7318051170682851 0.455217792816834 0.08925933853778673 0.11191650299187472 0.501269448353301 0.41735700046203217 0.4140746633286555 0.37458579665850383 0.45388012132317795 0.4069729502307126 0.5797010061887082 0.4212025021380067 0.5473262828866664 0.5036185786075185 0.5246889653315822 0.5245577036990754
0.6169630082169045 0.6818717379253793 0.10277796185023139 0.17148334997346465 0.41170425559419244 0.6429289478935042 0.42878383926249486 0.3563792176331498 0.43624311794234166 0.40831742558407136 0.5899445481107221 0.29335176295047705 0.5293861418971054 0.5347324571715839 0.6016418932774091 0.562561473680949
0.5151472627506051 0.754811185429747 0.09322432351564161 0.39292918544442923 0.4973641538823369 0.6948202706565346 0.4669258482504027 0.27054680437592993 0.45946709270714475 0.6252509577437306 0.5156992278766571 0.42464137616999337 0.6072855634528695 0.4302023945080598 0.5553979102919311 0.5814134980083557
0.3967785189789608 0.8016717945487366 0.11554912282161894 0.6145669935770468 0.5788111983204007 0.6111910646253786 0.4484851290900093 0.3251884906106843 0.34810013416867935 0.6684926866518901 0.4482680129288624 0.6391050989038313 0.5310127868258055 0.37507318419366453 0.4740994536690121 0.49485244040216586
0.3064736461694961 0.722466692767251 0.13970787522938474 0.6990794853638096 0.7114009131173467 0.5343117624013397 0.44629051132065356 0.28272445314729167 0.20318142997626285 0.501084457272603 0.46516676660842476 0.6391563790886441 0.44316716339216977 0.4638024396158784 0.5093615715468202 0.4814440819779769
0.18457387838933315 0.5800788665028265 0.20822548447665995 0.6515406086164787 0.6520100234704554 0.46356493815697175 0.42771365557832025 0.29873992789250814 0.19884613452641328 0.3721226231404999 0.4622893464232709 0.6626329367465402 0.2697510440285551 0.6400948701442941 0.4617975111965443 0.3598379117302427
0.09837744739824106 0.48265041562197436 0.2604970790522326 0.6129762982782174 0.5766926349986596 0.3750103335330185 0.4063512132927429 0.3917207830654547 0.2890724227268545 0.32975201721603 0.5158618125743863 0.4995027779377979 0.2408628197391219 0.5951323609749628 0.4414400149609524 0.38928570026042614
0.09837744739824106 0.48265041562197436 0.2604970790522326 0.6129762982782174 0.5766926349986596 0.3750103335330185 0.4063512132927429 0.3917207830654547 0.2890724227268545 0.32975201721603 0.5158618125743863 0.4995027779377979 0.2408628197391219 0.5951323609749628 0.4414400149609524 0.38928570026042614
0.01627026507448248 0.3367727878328933 0.31797365269730093 0.4293317740905282 0.44473270355115063 0.47191717837964614 0.40817389797770015 0.39976762757139356 0.3862050006489822 0.47646006667916796 0.4950328680048408 0.5321801780939275 0.36423558518344973 0.4796712362613139 0.43661710115651686 0.44213455354086456
0.01627026507448248 0.3367727878328933 0.31797365269730093 0.4293317740905282 0.44473270355115063 0.47191717837964614 0.40817389797770015 0.39976762757139356 0.3862050006489822 0.47646006667916796 0.4950328680048408 0.5321801780939275 0.36423558518344973 0.4796712362613139 0.43661710115651686 0.44213455354086456
0.01627026507448248 0.3367727878328933 0.31797365269730093 0.4293317740905282 0.44473270355115063 0.47191717837964614 0.40817389797770015 0.39976762757139356 0.3862050006489822 0.47646006667916796 0.4950328680048408 0.5321801780939275 0.36423558518344973 0.4796712362613139 0.43661710115651686 0.44213455354086456
0.01627026507448248 0.3367727878328933 0.31797365269730093 0.4293317740905282 0.44473270355115063 0.47191717837964614 0.40817389797770015 0.39976762757139356 0.3862050006489822 0.47646006667916796 0.4950328680048408 0.5321801780939275 0.36423558518344973 0.4796712362613139 0.43661710115651686 0.44213455354086456
0.01627026507448248 0.3367727878328933 0.31797365269730093 0.4293317740905282 0.44473270355115063 0.47191717837964614 0.40817389797770015 0.39976762757139356 0.3862050006489822 0.47646006667916796 0.4950328680048408 0.5321801780939275 0.36423558518344973 0.4796712362613139 0.43661710115651686 0.44213455354086456
0.01627026507448248 0.3367727878328933 0.31797365269730093 0.4293317740905282 0.44473270355115063 0.47191717837964614 0.40817389797770015 0.39976762757139356 0.3862050006489822 0.47646006667916796 0.4950328680048408 0.5321801780939275 0.36423558518344973 0.4796712362613139 0.43661710115651686 0.44213455354086456
0.01627026507448248 0.3367727878328933 0.31797365269730093 0.4293317740905282 0.44473270355115063 0.47191717837964614 0.40817389797770015 0.39976762757139356 0.3862050006489822 0.47646006667916796 0.4950328680048408 0.5321801780939275 0.36423558518344973 0.4796712362613139 0.43661710115651686 0.44213455354086456
0.01627026507448248 0.3367727878328933 0.31797365269730093 0.4293317740905282 0.44473270355115063 0.47191717837964614 0.40817389797770015 0.39976762757139356 0.3862050006489822 0.47646006667916796 0.4950328680048408 0.5321801780939275 0.36423558518344973 0.4796712362613139 0.43661710115651686 0.44213455354086456
0.03226133639659995 0.3663745871664596 0.3065876307688789 0.4693975134308269 0.47434251415064155 0.44664152669724555 0.4102721722920829 0.40105947052415203 0.3699427816601555 0.442087286208084 0.5010144069237304 0.5062357053404399 0.3549674104106757 0.5074450203437723 0.4541018440761462 0.43475998160060403
0.08205161439008685 0.422547370621992 0.27099020061165696 0.5113215697687721 0.5611600428956429 0.4888444137445036 0.4237612685276658 0.34014376308951555 0.27172457205447653 0.3951070093285744 0.4725220070495107 0.581302168065365 0.3072876852220223 0.6213028278598379 0.48377002910592654 0.33651551626325205
0.11647499434502545 0.4663540769749064 0.25210056379727536 0.5340940384583238 0.5847126849858002 0.5161861443939101 0.42954969974502716 0.29236357349208586 0.21547765576944217 0.39978525257382636 0.4514097561143579 0.6887625566180922 0.2630483168724065 0.6560206177512785 0.4555424743019113 0.34211523620990514
0.11647499434502545 0.4663540769749064 0.25210056379727536 0.5340940384583238 0.5847126849858002 0.5161861443939101 0.42954969974502716 0.29236357349208586 0.21547765576944217 0.39978525257382636 0.4514097561143579 0.6887625566180922 0.2630483168724065 0.6560206177512785 0.4555424743019113 0.34211523620990514
0.13334408301168468 0.4957510871363589 0.24059274422476157 0.5689519340336919 0.6065343700824701 0.4973841825887631 0.4278597365990609 0.2948497237223524 0.20651127445105458 0.38051018351206445 0.45644542763909673 0.6738059881027062 0.2570926125081554 0.6556770710173047 0.45541016350408403 0.3477395411393326
0.15044283773054387 0.5247523586409797 0.22953230709451417 0.5996845820410162 0.6232621585659276 0.4818220349409834 0.4282325374670341 0.29867935841057225 0.20950454299760365 0.3769321810403359 0.4590553052719292 0.657404151380802 0.27655576897455064 0.6443874262457682 0.464600408929224 0.359422896730749
0.23724471062903452 0.6464163987178613 0.18085511010070654 0.6744367388398946 0.6652069757653595 0.49079572689608575 0.43248126617781313 0.2871427019592695 0.18634249442307343 0.43593289881497915 0.46885056974702033 0.6930168666564074 0.30344214382340806 0.5528183528361689 0.45029515999691927 0.4513644589520323
0.2721225500464244 0.6665515394717887 0.16059196299157955 0.6453790879119647 0.6904232830227448 0.5664458444745005 0.4480034351680221 0.26234662910559203 0.17257164023029825 0.49462803609749056 0.4568256847951988 0.7082745795136427 0.36154912552439344 0.5238865764955245 0.4853002505821667 0.43454446501253763
0.30343689037354754 0.6654941947313546 0.14269356356878057 0.6630320453024476 0.721560099209047 0.5425001226242492 0.4593644915981205 0.20768951259697263 0.22162720451106863 0.4740070880255552 0.47052639187103024 0.6396400757532235 0.4628111469562007 0.5324517302603372 0.535913394834015 0.5143786134084604
0.3388608974168132 0.6958232041342949 0.1295712369781032 0.6426404201879424 0.7114412110858299 0.5691450765987245 0.4591893673421781 0.2230995736931639 0.20877126883150218 0.5029844885126658 0.500403374812861 0.6008278304424878 0.46091371044920354 0.4619835392757143 0.5229752229458386 0.5989509095956176
0.3747519542591708 0.7390356042405839 0.11620190986579784 0.639068226626073 0.6686110528694669 0.5751536998660322 0.45786808426093506 0.25211323833138016 0.2950651936687966 0.5789573941085022 0.4885660907182088 0.5879617519907147 0.5393281723071499 0.407999740381933 0.5173547314917359 0.5958147680841035
0.37888410786246735 0.7837015398122373 0.11920921459035605 0.6247693971396266 0.6172467708994902 0.605785177552669 0.4460807175569722 0.32483174654813884 0.2803449936113448 0.6447849657354388 0.4853498407838548 0.6365372681321524 0.460781233983776 0.3481220673238918 0.4674675925768493 0.5374125512343626
0.3605103629040183 0.768730465160086 0.12344567008794333 0.650506248324833 0.6499261115757926 0.5814985893868958 0.44689307504447545 0.31627996125905816 0.26236761366699834 0.6020599305659127 0.4765154926435723 0.6217088580302115 0.4841177805685634 0.3765723091494776 0.48127943215748076 0.5307335393088077
0.34347291133548236 0.7736248852354213 0.13484267001109568 0.6891511992249244 0.6177971242398564 0.5066674748748908 0.4315767935584449 0.3498950063682756 0.303396394353865 0.5802891645882756 0.488726604735844 0.6073897362897941 0.4579458333105981 0.3645208123660639 0.4409231784046197 0.5680589851482452
0.3086075942433548 0.7720084973673208 0.15047214643104995 0.7618669873587793 0.6006633262983117 0.39145363169699876 0.41506996183361544 0.3976980282997457 0.38223672256525437 0.5471568768603712 0.4994868207750679 0.5516342930776226 0.4694581979335342 0.34044502562767176 0.42278016942602503 0.5797619495511657
0.29094008994220144 0.7478948954837294 0.15811504791838119 0.752093502986152 0.6142950550629358 0.39840903689203017 0.4153637130451671 0.3835882057128662 0.3341055914534086 0.5198192404068807 0.5148806106359755 0.5692498327893136 0.39778500798646554 0.35643956969428586 0.4141076672213263 0.5907097390493982
0.29094008994220144 0.7478948954837294 0.15811504791838119 0.752093502986152 0.6142950550629358 0.39840903689203017 0.4153637130451671 0.3835882057128662 0.3341055914534086 0.5198192404068807 0.5148806106359755 0.5692498327893136 0.39778500798646554 0.35643956969428586 0.4141076672213263 0.5907097390493982
0.29094008994220144 0.7478948954837294 0.15811504791838119 0.752093502986152 0.6142950550629358 0.39840903689203017 0.4153637130451671 0.3835882057128662 0.3341055914534086 0.5198192404068807 0.5148806106359755 0.5692498327893136 0.39778500798646554 0.35643956969428586 0.4141076672213263 0.5907097390493982
0.3086075942433548 0.7720084973673208 0.15047214643104995 0.7618669873587793 0.6006633262983117 0.39145363169699876 0.41506996183361544 0.3976980282997457 0.38223672256525437 0.5471568768603712 0.4994868207750679 0.5516342930776226 0.4694581979335342 0.34044502562767176 0.42278016942602503 0.5797619495511657
0.3086075942433548 0.7720084973673208 0.15047214643104995 0.7618669873587793 0.6006633262983117 0.39145363169699876 0.41506996183361544 0.3976980282997457 0.38223672256525437 0.5471568768603712 0.4994868207750679 0.5516342930776226 0.4694581979335342 0.34044502562767176 0.42278016942602503 0.5797619495511657
0.3086075942433548 0.7720084973673208 0.15047214643104995 0.7618669873587793 0.6006633262983117 0.39145363169699876 0.41506996183361544 0.3976980282997457 0.38223672256525437 0.5471568768603712 0.4994868207750679 0.5516342930776226 0.4694581979335342 0.34044502562767176 0.42278016942602503 0.5797619495511657
0.3267532541355193 0.7750598696538666 0.14757926840191393 0.7168659438816722 0.5820186829731209 0.4326318354152474 0.41699380863868024 0.4022398717732959 0.35512898141869526 0.5721594445578445 0.5226728309048677 0.5470528504709633 0.4319943532519816 0.30719869405505235 0.4003185214907887 0.6321875483935107
0.3619961121609832 0.7872923504342453 0.1344657176839929 0.6571549908883297 0.5769036069334654 0.5177220774042863 0.4355002599239557 0.3751641530719805 0.33486210781647563 0.6182826710151785 0.49736385327746496 0.5952209531685484 0.44175637702204945 0.36999895339789435 0.41138823344065734 0.5591185547756032
0.39826426823592576 0.8202336798228961 0.12656917041766852 0.6212157361405435 0.5057886936780736 0.5474145526427691 0.4370923139694896 0.3840726824236067 0.4205946283181566 0.6847154271011561 0.4691163735627551 0.6126171940421682 0.4886513832792917 0.3684998284420814 0.40420825495218876 0.523237455868961
0.43305120955092413 0.8277899117901246 0.11535681626000913 0.5620846852399621 0.48712120785879154 0.6257192323496188 0.4573718246327478 0.34162712694514247 0.4520587635818911 0.7074599346399605 0.41677667407228586 0.6183224115114402 0.567895079513814 0.42903323519820763 0.45646072230617146 0.4377872648774795
0.43305120955092413 0.8277899117901246 0.11535681626000913 0.5620846852399621 0.48712120785879154 0.6257192323496188 0.4573718246327478 0.34162712694514247 0.4520587635818911 0.7074599346399605 0.41677667407228586 0.6183224115114402 0.567895079513814 0.42903323519820763 0.45646072230617146 0.4377872648774795
0.45439742045625453 0.8480291499106998 0.13810176083929568 0.5179181264405252 0.4248169762942093 0.6067370278606277 0.47389298970821864 0.3526250902672821 0.41494188634852175 0.7667420505346371 0.4647561224534326 0.6264444278143426 0.5946553947336941 0.4698037152842049 0.33607984164455607 0.5091166157458427
0.5034397501090253 0.7981195989476577 0.12383109471357756 0.4056300704221688 0.45993225652572867 0.6688161140702671 0.4913362035736618 0.3166024589398357 0.3716789389399289 0.710294730704402 0.5320864262093791 0.4701243722181381 0.6296514156311488 0.4655893500607746 0.37597197438136737 0.6275653349175178
0.502365123771985 0.7944003579756066 0.114133491175134 0.40891922539378095 0.46062125048210045 0.6831109105459763 0.47143010973298005 0.3139358059560909 0.3898459464182335 0.6821307586347984 0.5210256083575189 0.47897750306354925 0.6026381844081868 0.42611603952235355 0.43194644948298777 0.6095125421705054
0.5532948351067476 0.7670626424351112 0.11406791106372413 0.30663225655883586 0.3824584350567568 0.6707285812669729 0.4515120379575154 0.3043887545050604 0.4475715729981751 0.5799860398052084 0.548482156193862 0.429382833100102 0.5483359613355133 0.5096649546896561 0.5028191581354203 0.6072136416929008
0.5532948351067476 0.7670626424351112 0.11406791106372413 0.30663225655883586 0.3824584350567568 0.6707285812669729 0.4515120379575154 0.3043887545050604 0.4475715729981751 0.5799860398052084 0.548482156193862 0.429382833100102 0.5483359613355133 0.5096649546896561 0.5028191581354203 0.6072136416929008
0.5532948351067476 0.7670626424351112 0.11406791106372413 0.30663225655883586 0.3824584350567568 0.6707285812669729 0.4515120379575154 0.3043887545050604 0.4475715729981751 0.5799860398052084 0.548482156193862 0.429382833100102 0.5483359613355133 0.5096649546896561 0.5028191581354203 0.6072136416929008
0.5514078509998156 0.7589181566124656 0.10049385209405412 0.3085892996170936 0.39884324260230214 0.6913569942138359 0.4498271754369912 0.3151629306921123 0.4850840098636433 0.5593678364620983 0.5260748474304652 0.40276906132953527 0.5014194220293334 0.5069489738502102 0.5623844397625104 0.5442771859851877
0.5514078509998156 0.7589181566124656 0.10049385209405412 0.3085892996170936 0.39884324260230214 0.6913569942138359 0.4498271754369912 0.3151629306921123 0.4850840098636433 0.5593678364620983 0.5260748474304652 0.40276906132953527 0.5014194220293334 0.5069489738502102 0.5623844397625104 0.5442771859851877
0.5514078509998156 0.7589181566124656 0.10049385209405412 0.3085892996170936 0.39884324260230214 0.6913569942138359 0.4498271754369912 0.3151629306921123 0.4850840098636433 0.5593678364620983 0.5260748474304652 0.40276906132953527 0.5014194220293334 0.5069489738502102 0.5623844397625104 0.5442771859851877
0.5514078509998156 0.7589181566124656 0.10049385209405412 0.3085892996170936 0.39884324260230214 0.6913569942138359 0.4498271754369912 0.3151629306921123 0.4850840098636433 0.5593678364620983 0.5260748474304652 0.40276906132953527 0.5014194220293334 0.5069489738502102 0.5623844397625104 0.5442771859851877
0.5002991814971818 0.7851469737660763 0.09873942483714965 0.41241635137394805 0.4744037464006234 0.7061234551617129 0.4621477611447375 0.32100747170865235 0.43139966315796213 0.6518557355211572 0.4991181966073271 0.4585826382377639 0.5442355860912375 0.40522366022051354 0.5116801419507699 0.5475629150834976
0.451256851844411 0.8350565247291188 0.11301009096286779 0.5247044073923041 0.4392884661691035 0.6440443689520741 0.4447045472792942 0.3570301030360988 0.474662610566555 0.7083030553513926 0.4317878928513805 0.6149026938339678 0.5092395651937824 0.4094380254439436 0.47178800921395847 0.4291141959118223
0.4328722513830529 0.8266810134032396 0.11353680889169465 0.5636247681618713 0.48451889623176875 0.6281033640184928 0.44977433856502935 0.3379246165106521 0.4561000434561518 0.6978031148694295 0.41727657108549093 0.6245413184562213 0.5564090205030439 0.4108568367358133 0.4766291331468634 0.43877409349818497
0.41512276163659056 0.814230361360676 0.11335216312620194 0.5841108681623612 0.5353153693869871 0.624629798823648 0.44481110938780166 0.346755126879899 0.38360712750555065 0.696829373308262 0.45740515848368807 0.6331552227273667 0.5033372715264869 0.3623749267631006 0.4647329195457415 0.486898838650229
0.4328722513830529 0.8266810134032396 0.11353680889169465 0.5636247681618713 0.48451889623176875 0.6281033640184928 0.44977433856502935 0.3379246165106521 0.4561000434561518 0.6978031148694295 0.41727657108549093 0.6245413184562213 0.5564090205030439 0.4108568367358133 0.4766291331468634 0.43877409349818497
0.4328722513830529 0.8266810134032396 0.11353680889169465 0.5636247681618713 0.48451889623176875 0.6281033640184928 0.44977433856502935 0.3379246165106521 0.4561000434561518 0.6978031148694295 0.41727657108549093 0.6245413184562213 0.5564090205030439 0.4108568367358133 0.4766291331468634 0.43877409349818497
0.4328722513830529 0.8266810134032396 0.11353680889169465 0.5636247681618713 0.48451889623176875 0.6281033640184928 0.44977433856502935 0.3379246165106521 0.4561000434561518 0.6978031148694295 0.41727657108549093 0.6245413184562213 0.5564090205030439 0.4108568367358133 0.4766291331468634 0.43877409349818497
0.4860575901420292 0.8148418346855786 0.10598318505929519 0.42385437307270807 0.45571880510694923 0.7124683446825766 0.45117275192827777 0.38517419463633046 0.398702083156164 0.6749582719785678 0.4870675985326905 0.4923297442772609 0.4890251943526509 0.373796228988058 0.4756048426165148 0.48248168630820176
0.5002991814971818 0.7851469737660763 0.09873942483714965 0.41241635137394805 0.4744037464006234 0.7061234551617129 0.4621477611447375 0.32100747170865235 0.43139966315796213 0.6518557355211572 0.4991181966073271 0.4585826382377639 0.5442355860912375 0.40522366022051354 0.5116801419507699 0.5475629150834976
0.5367387279142634 0.79036284333568 0.1078289607838766 0.3265363826247033 0.37848514674761136 0.7002760470501401 0.45264657439904443 0.369326108459325 0.4529753004402 0.5956294340100562 0.5089939191479299 0.43049141645252487 0.44985550367847127 0.5001466380250584 0.49849826058065744 0.5094397744396244
0.5515868091676868 0.7600270549993505 0.10231385946236848 0.30704921669518437 0.4014455542293248 0.6889728625449619 0.4574246615047096 0.31886544112660264 0.4810427299893827 0.5690246562326293 0.5255749504172603 0.3965501543847542 0.5129054810401035 0.5251253723126049 0.5422160289218186 0.5432903573644824
0.5515868091676868 0.7600270549993505 0.10231385946236848 0.30704921669518437 0.4014455542293248 0.6889728625449619 0.4574246615047096 0.31886544112660264 0.4810427299893827 0.5690246562326293 0.5255749504172603 0.3965501543847542 0.5129054810401035 0.5251253723126049 0.5422160289218186 0.5432903573644824
0.5686343420491331 0.7439344045030563 0.10210869803864356 0.261691417879942 0.3986619906876071 0.6878094659410728 0.4397602815897198 0.35284681800495477 0.4420702212849479 0.5103550676683939 0.5521744482972986 0.3539801308882535 0.4961125875097768 0.5044887874470855 0.544361202182001 0.5873170054469391
0.5851295099123826 0.7229256201940024 0.0969419448614158 0.21713448620583958 0.4254543225554144 0.6997723762867806 0.4407870145935005 0.37601303252765916 0.417168309622376 0.48617888663224296 0.5912650495240186 0.2707726349544658 0.5122104068864586 0.48415730582449334 0.5582474721879396 0.5838549145767657
0.5851295099123826 0.7229256201940024 0.0969419448614158 0.21713448620583958 0.4254543225554144 0.6997723762867806 0.4407870145935005 0.37601303252765916 0.417168309622376 0.48617888663224296 0.5912650495240186 0.2707726349544658 0.5122104068864586 0.48415730582449334 0.5582474721879396 0.5838549145767657
0.5851295099123826 0.7229256201940024 0.0969419448614158 0.21713448620583958 0.4254543225554144 0.6997723762867806 0.4407870145935005 0.37601303252765916 0.417168309622376 0.48617888663224296 0.5912650495240186 0.2707726349544658 0.5122104068864586 0.48415730582449334 0.5582474721879396 0.5838549145767657
0.5996604834752325 0.690161548844059 0.0921834736270366 0.20407883739953012 0.4533105260727154 0.6755967465658144 0.4404476137012856 0.3488721018652282 0.43805645151057804 0.4834510683470118 0.6161141932088335 0.2694218656250412 0.5478782702528671 0.4839110105197656 0.5980784646369065 0.582550251427134
0.6341141739025532 0.6710323758441517 0.11405789381225773 0.1408989140024109 0.37481446037580773 0.6073833271078204 0.41636541899622026 0.35861342555256204 0.427838832641402 0.33349240018498194 0.563132962474321 0.3212173806635699 0.520784190640846 0.5739156527150278 0.5997519480789792 0.5447243132793781
0.6614628009734769 0.6121790806685234 0.09619807425067886 0.11876999019059115 0.39993743785886643 0.5666322199780983 0.4465738270770352 0.3252127541220672 0.44582247233400574 0.31068113344607595 0.5897952040902532 0.25708586609426054 0.5144873212373169 0.563484103462108 0.545085057757616 0.5524467884919967
0.7184428367546656 0.48589130498603617 0.08307320108219213 0.09114967567115367 0.4862703552090085 0.4455322014895503 0.4335868132267735 0.34537999721147145 0.46862067402593166 0.3501399874888341 0.6045565491077053 0.3478881700428902 0.5534781915680324 0.5301868649771502 0.513541613782337 0.49943915131031374
0.7595335615171384 0.3889515251544643 0.0797628532697636 0.10462595865969349 0.5442821919146551 0.353374573260035 0.4192201196904612 0.36646496345715196 0.48893645842208605 0.428331237846291 0.58875361357795 0.4662378083347526 0.5311895557285788 0.48743971066383424 0.48537868131446943 0.47431457532449384
0.7854328115618848 0.3216505044553052 0.07519317252300006 0.12955138319151144 0.5773661484059944 0.2910596319950012 0.42121810826725986 0.3805888271071841 0.5080978057961765 0.4995170574830117 0.5642585509993641 0.5613157035996265 0.48330606633903284 0.45744142069442145 0.43351542309274643 0.42600111497421617
0.8006667977408208 0.30508155949515525 0.09509280064906322 0.1365683852928431 0.5498922919179731 0.25329319314841725 0.40903382134859745 0.3613624791583625 0.4943862568263494 0.47510771717154265 0.49841510994318505 0.6164220230343889 0.47043623666169004 0.44279686031877047 0.42703661919982416 0.43957699502431535
0.8292766970452741 0.204116650370367 0.0816867668462175 0.34215141812994854 0.4422683429892135 0.3175990148945539 0.5194843074449915 0.43670364644360443 0.46122997438067265 0.5066854857283873 0.5223103174981384 0.6436452328789695 0.3547551974301578 0.44244862460146356 0.5584016537997208 0.459098788108511
0.8377280630159467 0.17137332326611165 0.07142221689151307 0.41158795634913825 0.3828583015189986 0.337178656231621 0.5910941177446603 0.4550777997056384 0.43553673863548703 0.4627031110074821 0.5220265591197363 0.6863803738215613 0.38655696368273174 0.3903004903991955 0.5678382696411656 0.4655332116005775
0.8529028272226313 0.13648982603622856 0.08820930880415098 0.4886027295443413 0.3466172734849343 0.3701699023978697 0.610176544370693 0.4676343897909591 0.39501453859256275 0.4470231523970792 0.477301159328692 0.6727695751527782 0.4716741260119214 0.3745579540587878 0.5531056217924751 0.5798133337940912
0.8779734190274584 0.07542297513275686 0.12141592366657933 0.6721598443912447 0.2607018200524521 0.4745383991541125 0.6171662013590244 0.5123886698945292 0.35955014034575905 0.45974119180727196 0.5189769020123914 0.5927797425514406 0.46862687308705164 0.47478019732533355 0.5865109749154986 0.5877189870454186
0.8989734637469142 0.04313775238561235 0.17129093372472748 0.7537378883469037 0.26071440076577945 0.5305355712674662 0.5804825497143158 0.49416261907922265 0.3385750211758437 0.4738351016600859 0.4213955125118273 0.4354122496339173 0.4618245328751844 0.4426352169615381 0.5353433101605998 0.5804193647772704
0.9090654300180889 0.04004344361390444 0.2065245549183603 0.7951082291704028 0.22941929683987372 0.5470756610910648 0.562093070932247 0.46997164506832495 0.3344360427883825 0.45520358418265594 0.4484583032054693 0.4121445734092311 0.48368120453783003 0.443181063006074 0.5386322918129208 0.5331666755659908
0.9090654300180889 0.04004344361390444 0.2065245549183603 0.7951082291704028 0.22941929683987372 0.5470756610910648 0.562093070932247 0.46997164506832495 0.3344360427883825 0.45520358418265594 0.4484583032054693 0.4121445734092311 0.48368120453783003 0.443181063006074 0.5386322918129208 0.5331666755659908
0.9090654300180889 0.04004344361390444 0.2065245549183603 0.7951082291704028 0.22941929683987372 0.5470756610910648 0.562093070932247 0.46997164506832495 0.3344360427883825 0.45520358418265594 0.4484583032054693 0.4121445734092311 0.48368120453783003 0.443181063006074 0.5386322918129208 0.5331666755659908
0.916293882121376 0.03468542207423514 0.23756193779188772 0.833723363054222 0.24286586563861506 0.5983675510414749 0.5348650072062033 0.4796329144482524 0.37053300854617743 0.4194531460391114 0.5119500099250284 0.4877487254094069 0.5444247648836977 0.5047355372340476 0.4761977996717828 0.5884853577144914
0.916293882121376 0.03468542207423514 0.23756193779188772 0.833723363054222 0.24286586563861506 0.5983675510414749 0.5348650072062033 0.4796329144482524 0.37053300854617743 0.4194531460391114 0.5119500099250284 0.4877487254094069 0.5444247648836977 0.5047355372340476 0.4761977996717828 0.5884853577144914
0.916293882121376 0.03468542207423514 0.23756193779188772 0.833723363054222 0.24286586563861506 0.5983675510414749 0.5348650072062033 0.4796329144482524 0.37053300854617743 0.4194531460391114 0.5119500099250284 0.4877487254094069 0.5444247648836977 0.5047355372340476 0.4761977996717828 0.5884853577144914
0.9244910879471555 0.03603569860135314 0.27047582700556666 0.849986781742051 0.22885986659734717 0.5989009340754273 0.5056814348125587 0.43718947236620487 0.3461493317173112 0.4214940378016677 0.5471616242096524 0.4551806628194481 0.5569577873527839 0.4364244821423821 0.45134306009705927 0.4832595758534781
0.9244910879471555 0.03603569860135314 0.27047582700556666 0.849986781742051 0.22885986659734717 0.5989009340754273 0.5056814348125587 0.43718947236620487 0.3461493317173112 0.4214940378016677 0.5471616242096524 0.4551806628194481 0.5569577873527839 0.4364244821423821 0.45134306009705927 0.4832595758534781
0.9244910879471555 0.03603569860135314 0.27047582700556666 0.849986781742051 0.22885986659734717 0.5989009340754273 0.5056814348125587 0.43718947236620487 0.3461493317173112 0.4214940378016677 0.5471616242096524 0.4551806628194481 0.5569577873527839 0.4364244821423821 0.45134306009705927 0.4832595758534781
0.9244910879471555 0.03603569860135314 0.27047582700556666 0.849986781742051 0.22885986659734717 0.5989009340754273 0.5056814348125587 0.43718947236620487 0.3461493317173112 0.4214940378016677 0.5471616242096524 0.4551806628194481 0.5569577873527839 0.4364244821423821 0.45134306009705927 0.4832595758534781
0.914576508241242 0.04089482905564168 0.23536008729556285 0.8110977229928659 0.24757167612545466 0.57462212108878 0.5292642625643053 0.468314491698921 0.35673085928345927 0.4398645196153409 0.48522556502395325 0.46889483936733667 0.5221581104943723 0.48928170277409827 0.5255157289212103 0.6189195595536204
0.9090654300180889 0.04004344361390444 0.2065245549183603 0.7951082291704028 0.22941929683987372 0.5470756610910648 0.562093070932247 0.46997164506832495 0.3344360427883825 0.45520358418265594 0.4484583032054693 0.4121445734092311 0.48368120453783003 0.443181063006074 0.5386322918129208 0.5331666755659908
0.9081377577487633 0.04388561132322738 0.20775570394916446 0.7826056234668477 0.23975969494574417 0.5364029602364417 0.5461113380258411 0.46423980241706553 0.337125943066584 0.47925877043817783 0.4305678110089119 0.3904181947874915 0.44003334353829415 0.452231456818846 0.55813832227538 0.5381173473816077
0.8623833526385805 0.13271685704738545 0.12056551312397537 0.5053180100736439 0.34305036357932817 0.36427199870263194 0.5595460602847406 0.43311210673710576 0.3720168659821437 0.4835146158836636 0.4071413521039704 0.5769578777376031 0.40822964270860707 0.3521813007113893 0.5266826163402945 0.5785487238160805
0.80723130769938 0.2801454745825829 0.08638906477617089 0.18372338302722035 0.5073265791869372 0.2594655907130228 0.4600732353208731 0.3681756111134337 0.47478608486969537 0.4527102478979713 0.47868308908870627 0.6312087890886651 0.4643768379281053 0.3935538706152667 0.4364811426169411 0.45065270487248454
0.8006667977408208 0.30508155949515525 0.09509280064906322 0.1365683852928431 0.5498922919179731 0.25329319314841725 0.40903382134859745 0.3613624791583625 0.4943862568263494 0.47510771717154265 0.49841510994318505 0.6164220230343889 0.47043623666169004 0.44279686031877047 0.42703661919982416 0.43957699502431535
0.6497342062029285 0.6429785140144304 0.11138270891367238 0.11279089253660946 0.4057064183082886 0.5850551203091554 0.4102215725035038 0.39220683579856164 0.41252659115579604 0.3250463543481437 0.5883648574334746 0.29558046438593494 0.5509438883491836 0.5562805349394057 0.6010687864726052 0.5102449921041244
0.5731910029894554 0.7721169073686059 0.12098073836709605 0.2174752378630647 0.3469191785616422 0.6818748295271386 0.41261549800510106 0.49287463070747184 0.3479990147704554 0.4610611754679909 0.5358218345436504 0.3663266207748264 0.3853480865299808 0.46693433584793537 0.47656445931409375 0.4670859424750406
0.5223181783912396 0.8189488058682972 0.11325271363770781 0.3395144872453725 0.3571978938269146 0.7090050682398777 0.4340740791148663 0.4297903209525128 0.4243190003126624 0.6090751506969355 0.49744321808649844 0.47045742943680285 0.3831590529291149 0.45054280833020854 0.4825913720870942 0.4453453742850338
0.4875174400936214 0.8391634959118373 0.1202796195412803 0.4403645215649687 0.3407675548890692 0.6405810925093749 0.4276058744658828 0.40164622935228106 0.5002795277230535 0.6424199340697602 0.44216351240518853 0.5930303789935102 0.40337342377024676 0.48618460478609415 0.4787745386845377 0.39197788388865457
0.45376033132512245 0.8454929004056178 0.14441321785525077 0.5067242171218079 0.2728601262863972 0.49171433853772645 0.39770660806008756 0.4876061398665186 0.5930408954747503 0.612519448061692 0.4883208506664838 0.5183743714342617 0.3512499964536648 0.4168109896916688 0.39781362801784553 0.4934318929733576
0.45376033132512245 0.8454929004056178 0.14441321785525077 0.5067242171218079 0.2728601262863972 0.49171433853772645 0.39770660806008756 0.4876061398665186 0.5930408954747503 0.612519448061692 0.4883208506664838 0.5183743714342617 0.3512499964536648 0.4168109896916688 0.39781362801784553 0.4934318929733576
0.5058214705493224 0.816832921653077 0.16615412301154725 0.39188379772279325 0.18791761827564163 0.43892203480778086 0.36904261126416305 0.5273235598385038 0.5396759698795389 0.4292753179319669 0.4711986582040757 0.5083652612942741 0.298008013937102 0.4960758112338471 0.3808820637400362 0.5076232568775194
0.5423385916635098 0.8814835894057877 0.32622478744690375 0.299568031433034 0.21604697336359846 0.3635254453057496 0.6358299045317676 0.5040737495169633 0.4317775456448287 0.6325274638492004 0.5530840508906079 0.510588270152954 0.3803754453054211 0.7440194716874835 0.49495657277898025 0.45701694934710524
0.6875023372310183 0.8922986005003319 0.6913813137707104 0.1455703748950778 0.390611223958669 0.46515961156438246 0.8186738391781022 0.41535889198589077 0.2735244649556657 0.5337734718338975 0.530922487985539 0.30749921970477573 0.2634979849145738 0.5017405661517423 0.600794912751904 0.29389774355438425
0.7260135025443926 0.8520523909192864 0.7783835968801359 0.17322282423544966 0.47630372349298555 0.5185923935478802 0.7944639053578306 0.43443361325375457 0.277073022380048 0.5030451598906092 0.5167536018287199 0.1763558801085624 0.3287299542146832 0.4388535458408147 0.4265105400859425 0.1983963007595249
0.7837886579002005 0.7463066240204623 0.8136051809129606 0.17802350572284992 0.5507515031655876 0.44667240418235304 0.7202160462258034 0.5478865566923576 0.19383956162785523 0.5384472794484296 0.3811270652799783 0.28618093251905075 0.5096817163774204 0.4647075148959759 0.39777192763094393 0.26517257879807127
0.827030086374397 0.6622608895854989 0.8595758083440931 0.2295150695610836 0.6283534571715292 0.48165895431194683 0.6642763008037301 0.5292047180624695 0.24396788162922103 0.5271430962061614 0.3371656706466498 0.2767950213610152 0.6508419854341797 0.5273294685708323 0.40827661457136494 0.34698232928972833
0.8582864051256338 0.6092350989392601 0.862350461322697 0.2010289351418497 0.6663006275883359 0.4327612233839997 0.6778449435602101 0.4282831356086646 0.26236212201698794 0.5263218581294826 0.398819015277673 0.2795480223181286 0.7957978029674416 0.5691439600253784 0.4126531761856252 0.48054220847674145
0.8852812000975403 0.5403958838008669 0.8560035606716639 0.21731892467640535 0.7208873311617889 0.36834160634512836 0.6542655811252563 0.46178578507878565 0.2734731140817833 0.6366765670768925 0.449178301182793 0.36817139659350356 0.7591558766563263 0.49973279523608505 0.45565048229681293 0.43239581043634207
0.8852812000975403 0.5403958838008669 0.8560035606716639 0.21731892467640535 0.7208873311617889 0.36834160634512836 0.6542655811252563 0.46178578507878565 0.2734731140817833 0.6366765670768925 0.449178301182793 0.36817139659350356 0.7591558766563263 0.49973279523608505 0.45565048229681293 0.43239581043634207
0.8973039649167291 0.5053992770949227 0.8473676674815804 0.233541852459731 0.7307092014718914 0.3325037137825142 0.6716517774555353 0.4495291134475083 0.29659913864041176 0.681463121295689 0.4674068564650718 0.3953156199658767 0.6739706115462901 0.46973769350975986 0.41792094015253467 0.4069370132841299
0.9101452898828792 0.47048726368980237 0.8379942121941566 0.23797413381443633 0.7441056560529224 0.2999195176877486 0.6910812726859925 0.40799288421280033 0.33978084087453747 0.6927296777282956 0.4841542511778513 0.39997535662379785 0.6194689789048224 0.4627143105582396 0.38292157281347183 0.3991252701083233
0.9101452898828792 0.47048726368980237 0.8379942121941566 0.23797413381443633 0.7441056560529224 0.2999195176877486 0.6910812726859925 0.40799288421280033 0.33978084087453747 0.6927296777282956 0.4841542511778513 0.39997535662379785 0.6194689789048224 0.4627143105582396 0.38292157281347183 0.3991252701083233
0.9101452898828792 0.47048726368980237 0.8379942121941566 0.23797413381443633 0.7441056560529224 0.2999195176877486 0.6910812726859925 0.40799288421280033 0.33978084087453747 0.6927296777282956 0.4841542511778513 0.39997535662379785 0.6194689789048224 0.4627143105582396 0.38292157281347183 0.3991252701083233
0.9101452898828792 0.47048726368980237 0.8379942121941566 0.23797413381443633 0.7441056560529224 0.2999195176877486 0.6910812726859925 0.40799288421280033 0.33978084087453747 0.6927296777282956 0.4841542511778513 0.39997535662379785 0.6194689789048224 0.4627143105582396 0.38292157281347183 0.3991252701083233
0.9098166904999985 0.4679376262142176 0.830882615844625 0.24457118728854732 0.736953661581838 0.3096871051136503 0.6566808910293339 0.39573466027007426 0.34838909274998703 0.6632261210874213 0.48854407608532546 0.43418964201972776 0.6002939742712452 0.41133453763139727 0.4057131832824993 0.4218794927510869
0.886903170742974 0.4571156089281903 0.7322319216316496 0.2894715977654635 0.6895522951302893 0.4614037753151545 0.3789328910972669 0.35817416524701784 0.44162412457119593 0.39553483134192147 0.44262546423576304 0.5186821163099652 0.5308767868315287 0.1501373239361139 0.6722043881153499 0.39994177557596605
0.886903170742974 0.4571156089281903 0.7322319216316496 0.2894715977654635 0.6895522951302893 0.4614037753151545 0.3789328910972669 0.35817416524701784 0.44162412457119593 0.39553483134192147 0.44262546423576304 0.5186821163099652 0.5308767868315287 0.1501373239361139 0.6722043881153499 0.39994177557596605
0.8821478550417619 0.372916093676871 0.5823854191359092 0.32221958841366927 0.659890589942792 0.48212152322341284 0.27075326368813446 0.29681289047740544 0.439649461792169 0.3937520819761975 0.4159982343665162 0.41166137566480276 0.5892478624091098 0.17950319599891812 0.44364432341498905 0.432945032570595
0.8616045350873359 0.3414611735350584 0.44317171805064903 0.3283261365950148 0.555398618091556 0.42770194840830855 0.2420438981933574 0.2910645330857994 0.36421375470165057 0.4746158956451226 0.37361406488679266 0.265565287055886 0.5893818515623817 0.26370013955037247 0.4495366861640199 0.29066697887494264
0.8609131761418893 0.28187207087370003 0.3576825557326506 0.39896775340603163 0.5215176382324683 0.44972848256996356 0.14981390548642082 0.33893125480978714 0.3521404468870428 0.560995394159586 0.37835942184698246 0.24094472529458696 0.5468509449022244 0.33997362695632527 0.4373527895441662 0.31142808412720524
0.8612674498092747 0.20675271911521373 0.22891119923874267 0.36898975758444463 0.5593446178018024 0.38759293975923875 0.27912398761535484 0.36045404528115194 0.4416862671982413 0.5926764549365079 0.3254851833618899 0.306171816431621 0.4301402615642229 0.4441781363861432 0.3657042999805625 0.5279199767339335
0.8612674498092747 0.20675271911521373 0.22891119923874267 0.36898975758444463 0.5593446178018024 0.38759293975923875 0.27912398761535484 0.36045404528115194 0.4416862671982413 0.5926764549365079 0.3254851833618899 0.306171816431621 0.4301402615642229 0.4441781363861432 0.3657042999805625 0.5279199767339335
0.8545652003886517 0.21128421534734632 0.20011437622175504 0.3501272922335429 0.5280491025987278 0.34530025742965353 0.29778700218749876 0.3665137942024093 0.4272727895513005 0.6117685082774548 0.324044505177206 0.34840738669392857 0.3920515994197608 0.48013655119166987 0.42274599422539766 0.5900112927333195
0.843646873616603 0.22075086593117244 0.16801016978175284 0.30909287694667786 0.5493049546976818 0.33257632536296183 0.3307456986014897 0.3874994398078688 0.4481493827012068 0.5950322147603037 0.3575154695798173 0.41629912621532195 0.4116058891615342 0.46326119459920767 0.41724180904727753 0.5479379875345977
0.843646873616603 0.22075086593117244 0.16801016978175284 0.30909287694667786 0.5493049546976818 0.33257632536296183 0.3307456986014897 0.3874994398078688 0.4481493827012068 0.5950322147603037 0.3575154695798173 0.41629912621532195 0.4116058891615342 0.46326119459920767 0.41724180904727753 0.5479379875345977
0.8489694884382382 0.20001693230156464 0.16487115511247563 0.36181461867423775 0.5144579391481967 0.35942332993330045 0.37116044176899793 0.4025587464469276 0.4406287377954973 0.5729066157226997 0.3757280316981615 0.4295415085398298 0.41216110237358533 0.4710361779677467 0.4517127290767334 0.5499161295757948
0.8553334922829445 0.17581899931933698 0.16237639506604176 0.4196597453237443 0.4804971747197216 0.3828191950732033 0.4053228377613746 0.41390306983875375 0.4333490432188417 0.5742383965544748 0.3870038904049377 0.42902021871532925 0.37776957353875285 0.48894389479502215 0.5026247841942639 0.5417722209515478
0.8437122318061712 0.1967675125357947 0.14026551277725802 0.3765744643512301 0.484846636433577 0.3674237894433018 0.4317612418280072 0.4116644636732269 0.4598550271674113 0.5431768648547729 0.44446094885205256 0.4714909739071708 0.35401225595187535 0.4595466339411719 0.497789465627705 0.44072345599219365
0.8341096783078066 0.21773577428239027 0.12047870337968108 0.33232314601033985 0.4638287222247895 0.31995226484307915 0.4430138863226131 0.4034487695589415 0.4538033206625323 0.5345455578473703 0.49670072460415654 0.5603824562925729 0.3445196228116926 0.4600834913914265 0.5157167166011616 0.448815651361324
0.8341096783078066 0.21773577428239027 0.12047870337968108 0.33232314601033985 0.4638287222247895 0.31995226484307915 0.4430138863226131 0.4034487695589415 0.4538033206625323 0.5345455578473703 0.49670072460415654 0.5603824562925729 0.3445196228116926 0.4600834913914265 0.5157167166011616 0.448815651361324
0.8227121870867151 0.2290527352829394 0.09039050271910973 0.29499642039557117 0.4848340557202496 0.31142661732994836 0.46844489347271595 0.4298905144885332 0.48083014633732674 0.5290829550019585 0.5420423383526171 0.6288584668246933 0.3608145961637427 0.4916916143049671 0.5489571303826035 0.4480230782603417
0.8227121870867151 0.2290527352829394 0.09039050271910973 0.29499642039557117 0.4848340557202496 0.31142661732994836 0.46844489347271595 0.4298905144885332 0.48083014633732674 0.5290829550019585 0.5420423383526171 0.6288584668246933 0.3608145961637427 0.4916916143049671 0.5489571303826035 0.4480230782603417
0.8227121870867151 0.2290527352829394 0.09039050271910973 0.29499642039557117 0.4848340557202496 0.31142661732994836 0.46844489347271595 0.4298905144885332 0.48083014633732674 0.5290829550019585 0.5420423383526171 0.6288584668246933 0.3608145961637427 0.4916916143049671 0.5489571303826035 0.4480230782603417
0.8227121870867151 0.2290527352829394 0.09039050271910973 0.29499642039557117 0.4848340557202496 0.31142661732994836 0.46844489347271595 0.4298905144885332 0.48083014633732674 0.5290829550019585 0.5420423383526171 0.6288584668246933 0.3608145961637427 0.4916916143049671 0.5489571303826035 0.4480230782603417
0.805989412562456 0.2843476258655473 0.09195378597978598 0.1892901270204026 0.5150452763684877 0.28014019771875587 0.44944856451610565 0.37642178579742136 0.48686561192064004 0.45298211813393874 0.5166276720615294 0.6296644053588968 0.4709914498737408 0.45057184368730946 0.46150753922928006 0.44155513706551236
0.8006667977408208 0.30508155949515525 0.09509280064906322 0.1365683852928431 0.5498922919179731 0.25329319314841725 0.40903382134859745 0.3613624791583625 0.4943862568263494 0.47510771717154265 0.49841510994318505 0.6164220230343889 0.47043623666169004 0.44279686031877047 0.42703661919982416 0.43957699502431535
0.8006667977408208 0.30508155949515525 0.09509280064906322 0.1365683852928431 0.5498922919179731 0.25329319314841725 0.40903382134859745 0.3613624791583625 0.4943862568263494 0.47510771717154265 0.49841510994318505 0.6164220230343889 0.47043623666169004 0.44279686031877047 0.42703661919982416 0.43957699502431535
0.8006667977408208 0.30508155949515525 0.09509280064906322 0.1365683852928431 0.5498922919179731 0.25329319314841725 0.40903382134859745 0.3613624791583625 0.4943862568263494 0.47510771717154265 0.49841510994318505 0.6164220230343889 0.47043623666169004 0.44279686031877047 0.42703661919982416 0.43957699502431535
0.8006667977408208 0.30508155949515525 0.09509280064906322 0.1365683852928431 0.5498922919179731 0.25329319314841725 0.40903382134859745 0.3613624791583625 0.4943862568263494 0.47510771717154265 0.49841510994318505 0.6164220230343889 0.47043623666169004 0.44279686031877047 0.42703661919982416 0.43957699502431535
0.8006667977408208 0.30508155949515525 0.09509280064906322 0.1365683852928431 0.5498922919179731 0.25329319314841725 0.40903382134859745 0.3613624791583625 0.4943862568263494 0.47510771717154265 0.49841510994318505 0.6164220230343889 0.47043623666169004 0.44279686031877047 0.42703661919982416 0.43957699502431535
0.8006667977408208 0.30508155949515525 0.09509280064906322 0.1365683852928431 0.5498922919179731 0.25329319314841725 0.40903382134859745 0.3613624791583625 0.4943862568263494 0.47510771717154265 0.49841510994318505 0.6164220230343889 0.47043623666169004 0.44279686031877047 0.42703661919982416 0.43957699502431535
0.8006667977408208 0.30508155949515525 0.09509280064906322 0.1365683852928431 0.5498922919179731 0.25329319314841725 0.40903382134859745 0.3613624791583625 0.4943862568263494 0.47510771717154265 0.49841510994318505 0.6164220230343889 0.47043623666169004 0.44279686031877047 0.42703661919982416 0.43957699502431535
0.7753497024973635 0.3743198668734552 0.10608390695967754 0.1076296252051413 0.5136191427320735 0.31985901038010944 0.40718642576804337 0.34513528562016593 0.47000441350309435 0.36610042553799027 0.45845691926742954 0.5407176485535302 0.5810606951460022 0.5102575488348522 0.4459711164093092 0.4889744243503756
0.7614732172718057 0.40662428086666996 0.10201769451635764 0.09892712845664903 0.49035705655083706 0.3463360590825292 0.4225746335215236 0.31875475033885614 0.4739690906876322 0.33970116012006607 0.501180537128294 0.47278397666102895 0.5437589194255124 0.5102607370779398 0.46010483248675393 0.511829087548441
0.7328856332414647 0.472576049589957 0.10613241202745935 0.10707579691335573 0.4326053428728574 0.41142598255955415 0.44489923407540377 0.28032057000485355 0.4722392825226816 0.2834754574044403 0.4802456739401888 0.39234518395531526 0.5165967468789712 0.5513618000696403 0.44021348798840915 0.5784682386137671
0.6898552527243245 0.5518430737093231 0.08718791859329378 0.09929834412786098 0.42851864153102903 0.5106221249665752 0.4559114137806536 0.3069458168774685 0.466890865860981 0.29391428477320836 0.5836216859195998 0.2674493773371761 0.5263160190214912 0.5712879279688508 0.4936502692839924 0.5660783023756402
0.6352032326400789 0.6757425853643737 0.11614118014805169 0.12584654134291873 0.37785021479098774 0.6092307500301215 0.41056097339571873 0.41934776646099264 0.3916384492675939 0.32777417263337505 0.5635157137486595 0.29693123371536 0.5152760249827755 0.5565268302441332 0.5612377940236386 0.511549655253756
0.6195832003397033 0.7037964471940947 0.11881636504663712 0.15395456280872005 0.34695825685850673 0.6315589568287864 0.41670481988843516 0.38575435621499327 0.4069506907531999 0.3362202184702133 0.5382838187895059 0.32256814999299505 0.48511632727443765 0.5741619480197555 0.5599209556300129 0.5460289764290096
0.5733423620454787 0.774666458531154 0.12029529462826424 0.21546418640805293 0.34220270330150365 0.6847526516405122 0.4133701438325849 0.49814753855598115 0.35458996650315877 0.46075255810413973 0.5364637750819403 0.36239090038716915 0.3754579094304785 0.47857258695630994 0.4820178331530262 0.46493432513042676
0.5223181783912396 0.8189488058682972 0.11325271363770781 0.3395144872453725 0.3571978938269146 0.7090050682398777 0.4340740791148663 0.4297903209525128 0.4243190003126624 0.6090751506969355 0.49744321808649844 0.47045742943680285 0.3831590529291149 0.45054280833020854 0.4825913720870942 0.4453453742850338
0.5047107295943605 0.8284796116209308 0.1133862286666325 0.3911749832472678 0.36364433614076275 0.6935839525118292 0.4386558812057256 0.39981422466786143 0.46746630703869796 0.6423606126646306 0.4615841798143943 0.5322620546153193 0.4093069558336566 0.46128262898329286 0.5011964198069763 0.3933280722331161
0.4328722513830529 0.8266810134032396 0.11353680889169465 0.5636247681618713 0.48451889623176875 0.6281033640184928 0.44977433856502935 0.3379246165106521 0.4561000434561518 0.6978031148694295 0.41727657108549093 0.6245413184562213 0.5564090205030439 0.4108568367358133 0.4766291331468634 0.43877409349818497
0.396977101744426 0.8111789890741299 0.11624504115533787 0.6291119116394682 0.5539600127121778 0.5834515951053995 0.4428872625827368 0.3422132834063489 0.4107148686521098 0.6718268056107888 0.4342191483538885 0.637736665334026 0.5408011162080394 0.39562125833571987 0.4871945674809779 0.4344732398078842
0.3786328590867963 0.7986204222621908 0.11844200085075501 0.6595680370541539 0.5974558416455917 0.5700128609071301 0.4465612822849445 0.3206466471371343 0.37520787531523847 0.6434901189544169 0.4250820027990625 0.6436865415104907 0.5684766315073582 0.40831951576628384 0.4965611016042488 0.44242684155982087
0.28904576586559494 0.7399758676129625 0.15005478184271204 0.773481248719344 0.6733909324088172 0.40336487589447945 0.42386740271707224 0.3532915396709643 0.31856746928402474 0.4528362565337819 0.4646007805523485 0.5432938761195804 0.5012026529475587 0.4676478782049281 0.5017592702127095 0.4663928449232953
0.2366110104712206 0.6597722507461559 0.1795752938633151 0.714129272199704 0.6627187722758014 0.4301759941723463 0.42619688967756486 0.32486077320377915 0.2609149527813345 0.40299164988924313 0.4539057346149273 0.6022038306169688 0.3951414987177868 0.5786823510568692 0.4864399583214706 0.3863048129815907
0.16719410769113077 0.5950902062163119 0.21772358767187858 0.7198329270409529 0.6294003442711656 0.32879258104302433 0.4057219260423459 0.4050826463349356 0.29980762795020394 0.33503373388370783 0.5236561054954411 0.46542538646730125 0.2958941063652951 0.5431119916449735 0.45285954276705936 0.4257430054954433
0.16719410769113077 0.5950902062163119 0.21772358767187858 0.7198329270409529 0.6294003442711656 0.32879258104302433 0.4057219260423459 0.4050826463349356 0.29980762795020394 0.33503373388370783 0.5236561054954411 0.46542538646730125 0.2958941063652951 0.5431119916449735 0.45285954276705936 0.4257430054954433
0.13234529078375945 0.5410486972880476 0.23792882234947144 0.6785668418609095 0.6152421085787869 0.34064622408009193 0.40503405101474976 0.3980365679839411 0.28309930995501587 0.30689894568253967 0.5235073617319576 0.4681443727005078 0.2543702718412662 0.5834991694694524 0.45049794958826506 0.40659336078126973
0.09948513079498306 0.4820498877930289 0.2608226638504073 0.6036432069452425 0.5638106128826259 0.3847238375676395 0.40462573984633327 0.3942585748009162 0.3083279102622302 0.3605467952153855 0.512490151288329 0.5090454139693813 0.269594150978291 0.5560689321209676 0.43314551746646307 0.40834362779210287
0.08238637607612381 0.4530486162884082 0.27188310098065466 0.5729105589379183 0.5470828243991684 0.40028598521541925 0.40425293897836007 0.39042894011269635 0.3053346417156813 0.3641247976871141 0.5098802736554968 0.5254472506912853 0.2501309945118957 0.5673585768925044 0.4239552720413231 0.39666027220068656
0.06560695158859803 0.4256558980214381 0.28305926167960105 0.5439706038160659 0.522866635744128 0.4055437768900668 0.40543489055744797 0.4038003768816695 0.34748390376438715 0.3893075402679681 0.5092364012923088 0.4732032591645664 0.3363165182437754 0.5231651799208028 0.45581661479709057 0.42930485488867953
0.04925197886520932 0.39573338290878735 0.29481548882051584 0.5042896833314043 0.49582513163935105 0.4295480629663984 0.4062556002601193 0.40127627933166937 0.35849264595179337 0.4197702979834971 0.5045009949032558 0.5001428852865446 0.3385934480205795 0.5099328356654407 0.44644326079097124 0.43328656498273255
0.0331393537411418 0.36616979799434585 0.30646583312478715 0.4641896696658965 0.4665543886478208 0.45311521657449905 0.4064839348317339 0.40225377780166 0.37723861933059455 0.457184997617406 0.5000685395295796 0.5172236095785414 0.3582798808191988 0.47932768952734023 0.4364847903586897 0.44775885847029195
0.01627026507448248 0.3367727878328933 0.31797365269730093 0.4293317740905282 0.44473270355115063 0.47191717837964614 0.40817389797770015 0.39976762757139356 0.3862050006489822 0.47646006667916796 0.4950328680048408 0.5321801780939275 0.36423558518344973 0.4796712362613139 0.43661710115651686 0.44213455354086456
0.01627026507448248 0.3367727878328933 0.31797365269730093 0.4293317740905282 0.44473270355115063 0.47191717837964614 0.40817389797770015 0.39976762757139356 0.3862050006489822 0.47646006667916796 0.4950328680048408 0.5321801780939275 0.36423558518344973 0.4796712362613139 0.43661710115651686 0.44213455354086456
2.842170943040401e-14 0.3106095777566308 0.3289604118090246 0.4008116565498566 0.4193012834822054 0.4773342625735959 0.4096823902617258 0.41287002011882606 0.4303084660050271 0.5063242566942401 0.4957288971962919 0.48004610469898673 0.45623937170650924 0.4302745992648502 0.47502878381140284 0.4772353985124652
2.842170943040401e-14 0.3106095777566308 0.3289604118090246 0.4008116565498566 0.4193012834822054 0.4773342625735959 0.4096823902617258 0.41287002011882606 0.4303084660050271 0.5063242566942401 0.4957288971962919 0.48004610469898673 0.45623937170650924 0.4302745992648502 0.47502878381140284 0.4772353985124652
2.842170943040401e-14 0.3106095777566308 0.3289604118090246 0.4008116565498566 0.4193012834822054 0.4773342625735959 0.4096823902617258 0.41287002011882606 0.4303084660050271 0.5063242566942401 0.4957288971962919 0.48004610469898673 0.45623937170650924 0.4302745992648502 0.47502878381140284 0.4772353985124652
2.842170943040401e-14 0.3106095777566308 0.3289604118090246 0.4008116565498566 0.4193012834822054 0.4773342625735959 0.4096823902617258 0.41287002011882606 0.4303084660050271 0.5063242566942401 0.4957288971962919 0.48004610469898673 0.45623937170650924 0.4302745992648502 0.47502878381140284 0.4772353985124652
2.842170943040401e-14 0.3106095777566308 0.3289604118090246 0.4008116565498566 0.4193012834822054 0.4773342625735959 0.4096823902617258 0.41287002011882606 0.4303084660050271 0.5063242566942401 0.4957288971962919 0.48004610469898673 0.45623937170650924 0.4302745992648502 0.47502878381140284 0.4772353985124652
]