Naoki.n_e_e_d_s.1414 [ 2.842170943040401e-14 0.3106095777566308 0.3289604118090246 0.4008116565498566 0.4193012834822054 0.4773342625735959 0.4096823902617258 0.41287002011882606 0.4303084660050271 0.5063242566942401 0.4957288971962919 0.48004610469898673 0.45623937170650924 0.4302745992648502 0.47502878381140284 0.4772353985124652
2.842170943040401e-14 0.3106095777566308 0.3289604118090246 0.4008116565498566 0.4193012834822054 0.4773342625735959 0.4096823902617258 0.41287002011882606 0.4303084660050271 0.5063242566942401 0.4957288971962919 0.48004610469898673 0.45623937170650924 0.4302745992648502 0.47502878381140284 0.4772353985124652
2.842170943040401e-14 0.3106095777566308 0.3289604118090246 0.4008116565498566 0.4193012834822054 0.4773342625735959 0.4096823902617258 0.41287002011882606 0.4303084660050271 0.5063242566942401 0.4957288971962919 0.48004610469898673 0.45623937170650924 0.4302745992648502 0.47502878381140284 0.4772353985124652
2.842170943040401e-14 0.3106095777566308 0.3289604118090246 0.4008116565498566 0.4193012834822054 0.4773342625735959 0.4096823902617258 0.41287002011882606 0.4303084660050271 0.5063242566942401 0.4957288971962919 0.48004610469898673 0.45623937170650924 0.4302745992648502 0.47502878381140284 0.4772353985124652
2.842170943040401e-14 0.3106095777566308 0.3289604118090246 0.4008116565498566 0.4193012834822054 0.4773342625735959 0.4096823902617258 0.41287002011882606 0.4303084660050271 0.5063242566942401 0.4957288971962919 0.48004610469898673 0.45623937170650924 0.4302745992648502 0.47502878381140284 0.4772353985124652
2.842170943040401e-14 0.3106095777566308 0.3289604118090246 0.4008116565498566 0.4193012834822054 0.4773342625735959 0.4096823902617258 0.41287002011882606 0.4303084660050271 0.5063242566942401 0.4957288971962919 0.48004610469898673 0.45623937170650924 0.4302745992648502 0.47502878381140284 0.4772353985124652
2.842170943040401e-14 0.3106095777566308 0.3289604118090246 0.4008116565498566 0.4193012834822054 0.4773342625735959 0.4096823902617258 0.41287002011882606 0.4303084660050271 0.5063242566942401 0.4957288971962919 0.48004610469898673 0.45623937170650924 0.4302745992648502 0.47502878381140284 0.4772353985124652
2.842170943040401e-14 0.3106095777566308 0.3289604118090246 0.4008116565498566 0.4193012834822054 0.4773342625735959 0.4096823902617258 0.41287002011882606 0.4303084660050271 0.5063242566942401 0.4957288971962919 0.48004610469898673 0.45623937170650924 0.4302745992648502 0.47502878381140284 0.4772353985124652
2.842170943040401e-14 0.3106095777566308 0.3289604118090246 0.4008116565498566 0.4193012834822054 0.4773342625735959 0.4096823902617258 0.41287002011882606 0.4303084660050271 0.5063242566942401 0.4957288971962919 0.48004610469898673 0.45623937170650924 0.4302745992648502 0.47502878381140284 0.4772353985124652
2.842170943040401e-14 0.3106095777566308 0.3289604118090246 0.4008116565498566 0.4193012834822054 0.4773342625735959 0.4096823902617258 0.41287002011882606 0.4303084660050271 0.5063242566942401 0.4957288971962919 0.48004610469898673 0.45623937170650924 0.4302745992648502 0.47502878381140284 0.4772353985124652
2.842170943040401e-14 0.3106095777566308 0.3289604118090246 0.4008116565498566 0.4193012834822054 0.4773342625735959 0.4096823902617258 0.41287002011882606 0.4303084660050271 0.5063242566942401 0.4957288971962919 0.48004610469898673 0.45623937170650924 0.4302745992648502 0.47502878381140284 0.4772353985124652
2.842170943040401e-14 0.3106095777566308 0.3289604118090246 0.4008116565498566 0.4193012834822054 0.4773342625735959 0.4096823902617258 0.41287002011882606 0.4303084660050271 0.5063242566942401 0.4957288971962919 0.48004610469898673 0.45623937170650924 0.4302745992648502 0.47502878381140284 0.4772353985124652
2.842170943040401e-14 0.3106095777566308 0.3289604118090246 0.4008116565498566 0.4193012834822054 0.4773342625735959 0.4096823902617258 0.41287002011882606 0.4303084660050271 0.5063242566942401 0.4957288971962919 0.48004610469898673 0.45623937170650924 0.4302745992648502 0.47502878381140284 0.4772353985124652
2.842170943040401e-14 0.3106095777566308 0.3289604118090246 0.4008116565498566 0.4193012834822054 0.4773342625735959 0.4096823902617258 0.41287002011882606 0.4303084660050271 0.5063242566942401 0.4957288971962919 0.48004610469898673 0.45623937170650924 0.4302745992648502 0.47502878381140284 0.4772353985124652
2.842170943040401e-14 0.3106095777566308 0.3289604118090246 0.4008116565498566 0.4193012834822054 0.4773342625735959 0.4096823902617258 0.41287002011882606 0.4303084660050271 0.5063242566942401 0.4957288971962919 0.48004610469898673 0.45623937170650924 0.4302745992648502 0.47502878381140284 0.4772353985124652
2.842170943040401e-14 0.3106095777566308 0.3289604118090246 0.4008116565498566 0.4193012834822054 0.4773342625735959 0.4096823902617258 0.41287002011882606 0.4303084660050271 0.5063242566942401 0.4957288971962919 0.48004610469898673 0.45623937170650924 0.4302745992648502 0.47502878381140284 0.4772353985124652
2.842170943040401e-14 0.3106095777566308 0.3289604118090246 0.4008116565498566 0.4193012834822054 0.4773342625735959 0.4096823902617258 0.41287002011882606 0.4303084660050271 0.5063242566942401 0.4957288971962919 0.48004610469898673 0.45623937170650924 0.4302745992648502 0.47502878381140284 0.4772353985124652
2.842170943040401e-14 0.3106095777566308 0.3289604118090246 0.4008116565498566 0.4193012834822054 0.4773342625735959 0.4096823902617258 0.41287002011882606 0.4303084660050271 0.5063242566942401 0.4957288971962919 0.48004610469898673 0.45623937170650924 0.4302745992648502 0.47502878381140284 0.4772353985124652
2.842170943040401e-14 0.3106095777566308 0.3289604118090246 0.4008116565498566 0.4193012834822054 0.4773342625735959 0.4096823902617258 0.41287002011882606 0.4303084660050271 0.5063242566942401 0.4957288971962919 0.48004610469898673 0.45623937170650924 0.4302745992648502 0.47502878381140284 0.4772353985124652
2.842170943040401e-14 0.3106095777566308 0.3289604118090246 0.4008116565498566 0.4193012834822054 0.4773342625735959 0.4096823902617258 0.41287002011882606 0.4303084660050271 0.5063242566942401 0.4957288971962919 0.48004610469898673 0.45623937170650924 0.4302745992648502 0.47502878381140284 0.4772353985124652
2.842170943040401e-14 0.3106095777566308 0.3289604118090246 0.4008116565498566 0.4193012834822054 0.4773342625735959 0.4096823902617258 0.41287002011882606 0.4303084660050271 0.5063242566942401 0.4957288971962919 0.48004610469898673 0.45623937170650924 0.4302745992648502 0.47502878381140284 0.4772353985124652
2.842170943040401e-14 0.3106095777566308 0.3289604118090246 0.4008116565498566 0.4193012834822054 0.4773342625735959 0.4096823902617258 0.41287002011882606 0.4303084660050271 0.5063242566942401 0.4957288971962919 0.48004610469898673 0.45623937170650924 0.4302745992648502 0.47502878381140284 0.4772353985124652
2.842170943040401e-14 0.3106095777566308 0.3289604118090246 0.4008116565498566 0.4193012834822054 0.4773342625735959 0.4096823902617258 0.41287002011882606 0.4303084660050271 0.5063242566942401 0.4957288971962919 0.48004610469898673 0.45623937170650924 0.4302745992648502 0.47502878381140284 0.4772353985124652
2.842170943040401e-14 0.3106095777566308 0.3289604118090246 0.4008116565498566 0.4193012834822054 0.4773342625735959 0.4096823902617258 0.41287002011882606 0.4303084660050271 0.5063242566942401 0.4957288971962919 0.48004610469898673 0.45623937170650924 0.4302745992648502 0.47502878381140284 0.4772353985124652
2.842170943040401e-14 0.3106095777566308 0.3289604118090246 0.4008116565498566 0.4193012834822054 0.4773342625735959 0.4096823902617258 0.41287002011882606 0.4303084660050271 0.5063242566942401 0.4957288971962919 0.48004610469898673 0.45623937170650924 0.4302745992648502 0.47502878381140284 0.4772353985124652
2.842170943040401e-14 0.3106095777566308 0.3289604118090246 0.4008116565498566 0.4193012834822054 0.4773342625735959 0.4096823902617258 0.41287002011882606 0.4303084660050271 0.5063242566942401 0.4957288971962919 0.48004610469898673 0.45623937170650924 0.4302745992648502 0.47502878381140284 0.4772353985124652
2.842170943040401e-14 0.3106095777566308 0.3289604118090246 0.4008116565498566 0.4193012834822054 0.4773342625735959 0.4096823902617258 0.41287002011882606 0.4303084660050271 0.5063242566942401 0.4957288971962919 0.48004610469898673 0.45623937170650924 0.4302745992648502 0.47502878381140284 0.4772353985124652
2.842170943040401e-14 0.3106095777566308 0.3289604118090246 0.4008116565498566 0.4193012834822054 0.4773342625735959 0.4096823902617258 0.41287002011882606 0.4303084660050271 0.5063242566942401 0.4957288971962919 0.48004610469898673 0.45623937170650924 0.4302745992648502 0.47502878381140284 0.4772353985124652
2.842170943040401e-14 0.3106095777566308 0.3289604118090246 0.4008116565498566 0.4193012834822054 0.4773342625735959 0.4096823902617258 0.41287002011882606 0.4303084660050271 0.5063242566942401 0.4957288971962919 0.48004610469898673 0.45623937170650924 0.4302745992648502 0.47502878381140284 0.4772353985124652
2.842170943040401e-14 0.3106095777566308 0.3289604118090246 0.4008116565498566 0.4193012834822054 0.4773342625735959 0.4096823902617258 0.41287002011882606 0.4303084660050271 0.5063242566942401 0.4957288971962919 0.48004610469898673 0.45623937170650924 0.4302745992648502 0.47502878381140284 0.4772353985124652
0.06638850425457044 0.4240783645934988 0.2840892935464049 0.5323627370324684 0.508495611813531 0.41451790529841676 0.4057328748761806 0.40850938856137115 0.368178248535502 0.42171638298253 0.5060765563618876 0.47583027606426886 0.36981382945238683 0.4879606102198077 0.44942958884296713 0.4455290939133999
0.13488224629060366 0.5363493859717763 0.24309937364618783 0.6426879444718778 0.5511580583648319 0.34610312226172973 0.40439140194349654 0.4427744709417237 0.42169640100112343 0.41154989543185216 0.5101083498692183 0.3627591201827782 0.4998885625113948 0.4387083501601645 0.5024947395550818 0.48043497111622024
0.15099487141467124 0.5659129708862178 0.23144902934191658 0.6827879581373856 0.5804288013563621 0.3225359686536292 0.40416306737188196 0.441796972471733 0.40295042762232236 0.37413519579794324 0.5145408052428946 0.34567839589078153 0.4802021297127753 0.469313496298265 0.5124532099873634 0.4659626776286609
0.23675285834656815 0.7013201303181171 0.17907367142455888 0.803095288082414 0.6452420583954503 0.2853743480435099 0.40128373846328064 0.44130567943879323 0.37591305193475194 0.3763414075866404 0.5241312034828735 0.38003513244444603 0.4493590511480579 0.4345105502973082 0.483634620033245 0.49703956716792647
0.23675285834656815 0.7013201303181171 0.17907367142455888 0.803095288082414 0.6452420583954503 0.2853743480435099 0.40128373846328064 0.44130567943879323 0.37591305193475194 0.3763414075866404 0.5241312034828735 0.38003513244444603 0.4493590511480579 0.4345105502973082 0.483634620033245 0.49703956716792647
0.27248765731191543 0.7443199458838792 0.16654743246984693 0.8024801844919959 0.59989380573781 0.2915992381826292 0.4038940375004963 0.45048139575687884 0.470926118986178 0.43697349980796624 0.4872356027683311 0.3835415543329428 0.5515256384331078 0.4204783940430226 0.48491531795779413 0.474984908235672
0.27248765731191543 0.7443199458838792 0.16654743246984693 0.8024801844919959 0.59989380573781 0.2915992381826292 0.4038940375004963 0.45048139575687884 0.470926118986178 0.43697349980796624 0.4872356027683311 0.3835415543329428 0.5515256384331078 0.4204783940430226 0.48491531795779413 0.474984908235672
0.27248765731191543 0.7443199458838792 0.16654743246984693 0.8024801844919959 0.59989380573781 0.2915992381826292 0.4038940375004963 0.45048139575687884 0.470926118986178 0.43697349980796624 0.4872356027683311 0.3835415543329428 0.5515256384331078 0.4204783940430226 0.48491531795779413 0.474984908235672
0.2907112098531198 0.7634187441065772 0.16082100684487283 0.7891345065574991 0.5706953762860711 0.30456326664496813 0.40286650563080506 0.46538523780821545 0.5090889127116267 0.485608768950312 0.49079210853458677 0.3882910155928603 0.5582669103439852 0.38248913921585576 0.4706223242989925 0.48279655622239076
0.2907112098531198 0.7634187441065772 0.16082100684487283 0.7891345065574991 0.5706953762860711 0.30456326664496813 0.40286650563080506 0.46538523780821545 0.5090889127116267 0.485608768950312 0.49079210853458677 0.3882910155928603 0.5582669103439852 0.38248913921585576 0.4706223242989925 0.48279655622239076
0.2907112098531198 0.7634187441065772 0.16082100684487283 0.7891345065574991 0.5706953762860711 0.30456326664496813 0.40286650563080506 0.46538523780821545 0.5090889127116267 0.485608768950312 0.49079210853458677 0.3882910155928603 0.5582669103439852 0.38248913921585576 0.4706223242989925 0.48279655622239076
0.2907112098531198 0.7634187441065772 0.16082100684487283 0.7891345065574991 0.5706953762860711 0.30456326664496813 0.40286650563080506 0.46538523780821545 0.5090889127116267 0.485608768950312 0.49079210853458677 0.3882910155928603 0.5582669103439852 0.38248913921585576 0.4706223242989925 0.48279655622239076
0.32683444455803123 0.7908404708012924 0.1567691971127782 0.7429115553718031 0.48721956245455045 0.33232342000558607 0.4070173773205296 0.46510651272804926 0.5995592086065742 0.5293075456810055 0.4594978692766717 0.3945055214236563 0.5880021127357549 0.4025208073629826 0.468706698319483 0.4413508229959014
0.36356328767701895 0.8117745489391102 0.15404551948853418 0.6735350691875502 0.39849330345847156 0.3617031591374365 0.3982735663325867 0.5057786355227104 0.6536287690538486 0.5681441728193405 0.4831463365973872 0.37891702062493793 0.513157142127175 0.3884037386405492 0.4544990402633073 0.4237373236576022
0.43422116392527454 0.8390708302741072 0.13077300737827938 0.5659337498918687 0.37623764945472277 0.5280572527815364 0.41878847160419214 0.40737272616665 0.555332283354332 0.6299288430415004 0.4254285388774306 0.5951440341626711 0.46905034770635873 0.468186988620821 0.457362956286685 0.39229402794735885
0.4875174400936214 0.8391634959118373 0.1202796195412803 0.4403645215649687 0.3407675548890692 0.6405810925093749 0.4276058744658828 0.40164622935228106 0.5002795277230535 0.6424199340697602 0.44216351240518853 0.5930303789935102 0.40337342377024676 0.48618460478609415 0.4787745386845377 0.39197788388865457
0.5047107295943605 0.8284796116209308 0.1133862286666325 0.3911749832472678 0.36364433614076275 0.6935839525118292 0.4386558812057256 0.39981422466786143 0.46746630703869796 0.6423606126646306 0.4615841798143943 0.5322620546153193 0.4093069558336566 0.46128262898329286 0.5011964198069763 0.3933280722331161
0.57326703668181 0.7788108485593357 0.1299603806457014 0.23177763217415065 0.30549415999781415 0.6527545591275914 0.41101861741358164 0.462697859162551 0.3891994697809146 0.4349403014987548 0.4835525885787061 0.4390454485415439 0.37216279269377556 0.5202159689028787 0.4981511255351056 0.4040573452671047
0.671910503807593 0.8789207449169947 0.6030538883981527 0.14017284417464743 0.39305158995025585 0.523943770671902 0.6884287882534699 0.3968176063870941 0.3613136009018179 0.3699323329458415 0.5530323340151578 0.4835887380745378 0.188605769575793 0.2659525003706834 0.7058616287935373 0.2803493504205986
0.703597573616036 0.8491960466997123 0.7021618117605358 0.25151847744660616 0.4107128079543752 0.6373666975502363 0.5667843242371953 0.3438769193624458 0.38372492193853514 0.3033429170667016 0.47949784214062013 0.36399103664438903 0.1655183550949979 0.14968942317899736 0.611567460970866 0.28057121640424176
0.7422778836660304 0.7550163995916002 0.7093021362089391 0.29985159659005134 0.5350244506831081 0.7482063399038726 0.49226242257573394 0.3694138608367422 0.504060375624059 0.1753573147769465 0.3840094447467678 0.3949553857090613 0.1784016646769196 0.1579748973418959 0.45562547200588066 0.5216051007967564
0.8029688405081191 0.5777092501324974 0.6344039649441127 0.3023426941102966 0.6626082869038208 0.7889749852503305 0.3898706290364042 0.36650543858589735 0.5596670179053423 0.09198171176137365 0.24750755685775044 0.2621466388868216 0.3797510083550371 0.2375211956501274 0.4402249774425704 0.666309069692277
0.8336454207624377 0.4669336149859996 0.5542923160812876 0.2757442192835415 0.7312966459143215 0.7230975217150047 0.39163406345307983 0.3565369705201175 0.6570191228962042 0.08693228794561053 0.2433819876829456 0.2998902143199949 0.40396518872120235 0.3381091242151988 0.4508703669858272 0.722633891047257
0.8239329191011202 0.4076666902801141 0.41491809477512015 0.28588854455239937 0.6541191874918446 0.6468512101806072 0.29472191175529805 0.38759907490181744 0.5740828808515798 0.1759970659492775 0.24098352393529793 0.4126220727546074 0.5787896425782424 0.49005657172841627 0.39054468484560445 0.8052521207962671
0.7862802841089358 0.3942890948362399 0.22637153342089847 0.22812929798146367 0.5430250237882243 0.5249005488216746 0.33961434347852537 0.40454544801049686 0.4652365991731849 0.29759270629513257 0.24515183613766173 0.3361452456722346 0.611208516031439 0.5709764887282681 0.4165457873053548 0.6627094274299897
0.7488079129835754 0.4438293947446132 0.11944904977760379 0.09962318662025627 0.4720872634533865 0.3861348988446679 0.3957974922228149 0.38165273055422727 0.41696753796880015 0.3086998975727296 0.41307987404300683 0.49599468872871993 0.6467650607243088 0.5492265097859091 0.456768222571978 0.5209939333927337
0.7349314277580178 0.4761338087378278 0.115382837334284 0.0909206898717641 0.4488251772721501 0.4126119475470875 0.41118569997629506 0.35527219527291753 0.42093221515333795 0.2823006321548055 0.4558034919038712 0.42806101683621894 0.6094632850038193 0.5492296980289968 0.4709019386494228 0.5438485965907991
0.7477727527241678 0.44122179533270744 0.10600938204686006 0.0953529712264693 0.46222163185318094 0.3800277514523222 0.43061519520675223 0.31373596603820963 0.46411391738746377 0.29356718858741204 0.4725508866166508 0.43272075349414013 0.5549616523623517 0.5422063150774764 0.43590257131035964 0.5360368534149922
0.7325387665452319 0.45779074029285755 0.08610975392079692 0.08833596912513786 0.4896954883412021 0.4177941902989062 0.44279948212541465 0.3329623139870313 0.47782546635729084 0.31797652889888117 0.5383943276728298 0.37761443405937734 0.5678314820396944 0.5568508754531274 0.44238137520328175 0.5224609733648929
0.7325387665452319 0.45779074029285755 0.08610975392079692 0.08833596912513786 0.4896954883412021 0.4177941902989062 0.44279948212541465 0.3329623139870313 0.47782546635729084 0.31797652889888117 0.5383943276728298 0.37761443405937734 0.5678314820396944 0.5568508754531274 0.44238137520328175 0.5224609733648929
0.7462392310928696 0.42319322582682 0.08211806639029465 0.09191012635531731 0.5178309130388584 0.3841024979291131 0.43475892044018605 0.33798109828767786 0.4876806396574591 0.36411050043153526 0.567023978184473 0.4176776572262666 0.5566287491028554 0.5249052974535908 0.46658363637967615 0.4982532074983417
0.7889863152917959 0.3077155204418798 0.06986938214685437 0.16348087541420014 0.545474582085785 0.30865547253134856 0.4667389389599252 0.3909068110269778 0.4940815897018219 0.4527755671729068 0.5769902096554347 0.590175660122684 0.5446659110813445 0.41230162350016336 0.4139474566774967 0.4392324722083759
0.80723130769938 0.2801454745825829 0.08638906477617089 0.18372338302722035 0.5073265791869372 0.2594655907130228 0.4600732353208731 0.3681756111134337 0.47478608486969537 0.4527102478979713 0.47868308908870627 0.6312087890886651 0.4643768379281053 0.3935538706152667 0.4364811426169411 0.45065270487248454
0.80723130769938 0.2801454745825829 0.08638906477617089 0.18372338302722035 0.5073265791869372 0.2594655907130228 0.4600732353208731 0.3681756111134337 0.47478608486969537 0.4527102478979713 0.47868308908870627 0.6312087890886651 0.4643768379281053 0.3935538706152667 0.4364811426169411 0.45065270487248454
0.8107848114292908 0.26621049056915747 0.08106527440002512 0.2176528752499092 0.4754350128667279 0.27706143124937027 0.5055940660135384 0.3784935950332273 0.4607698687753409 0.4059687575878664 0.491414747744777 0.6600687456117227 0.5257366826704168 0.3484140734210086 0.41691317620169155 0.46388406210664435
0.8295949480795161 0.20237020586452165 0.07173220123107812 0.3349505801947607 0.4197745151767498 0.30453162705772674 0.5620378092774404 0.4389921535945478 0.43632086202349757 0.4367554389032061 0.5052697969506862 0.7025192378446119 0.4817531240478253 0.3194779930091228 0.46288732807892957 0.4849303354177868
0.8295949480795161 0.20237020586452165 0.07173220123107812 0.3349505801947607 0.4197745151767498 0.30453162705772674 0.5620378092774404 0.4389921535945478 0.43632086202349757 0.4367554389032061 0.5052697969506862 0.7025192378446119 0.4817531240478253 0.3194779930091228 0.46288732807892957 0.4849303354177868
0.8497557634214796 0.14712928569899125 0.0872041440432555 0.46921178575902805 0.3486383875423862 0.36855278811089065 0.6129732756939946 0.4726284977863065 0.3860455715779474 0.40891875301220243 0.47488394793180944 0.6905600872678379 0.5586343826029736 0.3274194393302278 0.4873151922506218 0.5823833764237941
0.863171938401067 0.10048952204309414 0.08990257851612307 0.5838034932304135 0.31062911122657455 0.43305075374748964 0.6281884734369549 0.5225936935409232 0.39011953426370233 0.44993628193139645 0.5228767599121074 0.6680979483395251 0.4886700899100754 0.43242198127999876 0.5540742428874414 0.5792536733745887
0.8727744918994316 0.0795212602964987 0.10968938791369981 0.6280548115713036 0.3316470254353619 0.48052227834771255 0.6169358289423489 0.5308093876552087 0.3961712407685814 0.4585675889387988 0.4706369841600034 0.5792064659541222 0.49816272305025794 0.43188512382974403 0.5361469919139847 0.5711614780054581
0.8841719831205228 0.06820429929594968 0.1397775885742712 0.665381537186072 0.3106416919399016 0.48904792586084356 0.5915048217922461 0.5043676427256168 0.36914441509378704 0.46403019178421046 0.4252953704115433 0.5107304554220018 0.4818677496982078 0.4002770009162035 0.5029065781325426 0.5719540511064407
0.8841719831205228 0.06820429929594968 0.1397775885742712 0.665381537186072 0.3106416919399016 0.48904792586084356 0.5915048217922461 0.5043676427256168 0.36914441509378704 0.46403019178421046 0.4252953704115433 0.5107304554220018 0.4818677496982078 0.4002770009162035 0.5029065781325426 0.5719540511064407
0.8841719831205228 0.06820429929594968 0.1397775885742712 0.665381537186072 0.3106416919399016 0.48904792586084356 0.5915048217922461 0.5043676427256168 0.36914441509378704 0.46403019178421046 0.4252953704115433 0.5107304554220018 0.4818677496982078 0.4002770009162035 0.5029065781325426 0.5719540511064407
0.8841719831205228 0.06820429929594968 0.1397775885742712 0.665381537186072 0.3106416919399016 0.48904792586084356 0.5915048217922461 0.5043676427256168 0.36914441509378704 0.46403019178421046 0.4252953704115433 0.5107304554220018 0.4818677496982078 0.4002770009162035 0.5029065781325426 0.5719540511064407
0.8841719831205228 0.06820429929594968 0.1397775885742712 0.665381537186072 0.3106416919399016 0.48904792586084356 0.5915048217922461 0.5043676427256168 0.36914441509378704 0.46403019178421046 0.4252953704115433 0.5107304554220018 0.4818677496982078 0.4002770009162035 0.5029065781325426 0.5719540511064407
0.8841719831205228 0.06820429929594968 0.1397775885742712 0.665381537186072 0.3106416919399016 0.48904792586084356 0.5915048217922461 0.5043676427256168 0.36914441509378704 0.46403019178421046 0.4252953704115433 0.5107304554220018 0.4818677496982078 0.4002770009162035 0.5029065781325426 0.5719540511064407
0.8841719831205228 0.06820429929594968 0.1397775885742712 0.665381537186072 0.3106416919399016 0.48904792586084356 0.5915048217922461 0.5043676427256168 0.36914441509378704 0.46403019178421046 0.4252953704115433 0.5107304554220018 0.4818677496982078 0.4002770009162035 0.5029065781325426 0.5719540511064407
0.8841719831205228 0.06820429929594968 0.1397775885742712 0.665381537186072 0.3106416919399016 0.48904792586084356 0.5915048217922461 0.5043676427256168 0.36914441509378704 0.46403019178421046 0.4252953704115433 0.5107304554220018 0.4818677496982078 0.4002770009162035 0.5029065781325426 0.5719540511064407
0.8841719831205228 0.06820429929594968 0.1397775885742712 0.665381537186072 0.3106416919399016 0.48904792586084356 0.5915048217922461 0.5043676427256168 0.36914441509378704 0.46403019178421046 0.4252953704115433 0.5107304554220018 0.4818677496982078 0.4002770009162035 0.5029065781325426 0.5719540511064407
0.8841719831205228 0.06820429929594968 0.1397775885742712 0.665381537186072 0.3106416919399016 0.48904792586084356 0.5915048217922461 0.5043676427256168 0.36914441509378704 0.46403019178421046 0.4252953704115433 0.5107304554220018 0.4818677496982078 0.4002770009162035 0.5029065781325426 0.5719540511064407
0.8841719831205228 0.06820429929594968 0.1397775885742712 0.665381537186072 0.3106416919399016 0.48904792586084356 0.5915048217922461 0.5043676427256168 0.36914441509378704 0.46403019178421046 0.4252953704115433 0.5107304554220018 0.4818677496982078 0.4002770009162035 0.5029065781325426 0.5719540511064407
0.8841719831205228 0.06820429929594968 0.1397775885742712 0.665381537186072 0.3106416919399016 0.48904792586084356 0.5915048217922461 0.5043676427256168 0.36914441509378704 0.46403019178421046 0.4252953704115433 0.5107304554220018 0.4818677496982078 0.4002770009162035 0.5029065781325426 0.5719540511064407
0.8841719831205228 0.06820429929594968 0.1397775885742712 0.665381537186072 0.3106416919399016 0.48904792586084356 0.5915048217922461 0.5043676427256168 0.36914441509378704 0.46403019178421046 0.4252953704115433 0.5107304554220018 0.4818677496982078 0.4002770009162035 0.5029065781325426 0.5719540511064407
0.8841719831205228 0.06820429929594968 0.1397775885742712 0.665381537186072 0.3106416919399016 0.48904792586084356 0.5915048217922461 0.5043676427256168 0.36914441509378704 0.46403019178421046 0.4252953704115433 0.5107304554220018 0.4818677496982078 0.4002770009162035 0.5029065781325426 0.5719540511064407
0.8841719831205228 0.06820429929594968 0.1397775885742712 0.665381537186072 0.3106416919399016 0.48904792586084356 0.5915048217922461 0.5043676427256168 0.36914441509378704 0.46403019178421046 0.4252953704115433 0.5107304554220018 0.4818677496982078 0.4002770009162035 0.5029065781325426 0.5719540511064407
0.8841719831205228 0.06820429929594968 0.1397775885742712 0.665381537186072 0.3106416919399016 0.48904792586084356 0.5915048217922461 0.5043676427256168 0.36914441509378704 0.46403019178421046 0.4252953704115433 0.5107304554220018 0.4818677496982078 0.4002770009162035 0.5029065781325426 0.5719540511064407
0.8841719831205228 0.06820429929594968 0.1397775885742712 0.665381537186072 0.3106416919399016 0.48904792586084356 0.5915048217922461 0.5043676427256168 0.36914441509378704 0.46403019178421046 0.4252953704115433 0.5107304554220018 0.4818677496982078 0.4002770009162035 0.5029065781325426 0.5719540511064407
0.8841719831205228 0.06820429929594968 0.1397775885742712 0.665381537186072 0.3106416919399016 0.48904792586084356 0.5915048217922461 0.5043676427256168 0.36914441509378704 0.46403019178421046 0.4252953704115433 0.5107304554220018 0.4818677496982078 0.4002770009162035 0.5029065781325426 0.5719540511064407
0.8841719831205228 0.06820429929594968 0.1397775885742712 0.665381537186072 0.3106416919399016 0.48904792586084356 0.5915048217922461 0.5043676427256168 0.36914441509378704 0.46403019178421046 0.4252953704115433 0.5107304554220018 0.4818677496982078 0.4002770009162035 0.5029065781325426 0.5719540511064407
0.8841719831205228 0.06820429929594968 0.1397775885742712 0.665381537186072 0.3106416919399016 0.48904792586084356 0.5915048217922461 0.5043676427256168 0.36914441509378704 0.46403019178421046 0.4252953704115433 0.5107304554220018 0.4818677496982078 0.4002770009162035 0.5029065781325426 0.5719540511064407
0.8841719831205228 0.06820429929594968 0.1397775885742712 0.665381537186072 0.3106416919399016 0.48904792586084356 0.5915048217922461 0.5043676427256168 0.36914441509378704 0.46403019178421046 0.4252953704115433 0.5107304554220018 0.4818677496982078 0.4002770009162035 0.5029065781325426 0.5719540511064407
0.8841719831205228 0.06820429929594968 0.1397775885742712 0.665381537186072 0.3106416919399016 0.48904792586084356 0.5915048217922461 0.5043676427256168 0.36914441509378704 0.46403019178421046 0.4252953704115433 0.5107304554220018 0.4818677496982078 0.4002770009162035 0.5029065781325426 0.5719540511064407
0.8841719831205228 0.06820429929594968 0.1397775885742712 0.665381537186072 0.3106416919399016 0.48904792586084356 0.5915048217922461 0.5043676427256168 0.36914441509378704 0.46403019178421046 0.4252953704115433 0.5107304554220018 0.4818677496982078 0.4002770009162035 0.5029065781325426 0.5719540511064407
0.8841719831205228 0.06820429929594968 0.1397775885742712 0.665381537186072 0.3106416919399016 0.48904792586084356 0.5915048217922461 0.5043676427256168 0.36914441509378704 0.46403019178421046 0.4252953704115433 0.5107304554220018 0.4818677496982078 0.4002770009162035 0.5029065781325426 0.5719540511064407
0.8754845735419146 0.10324174864054597 0.15086930741699908 0.5723864170137237 0.391911332220988 0.43524978326320385 0.4838253868480525 0.4696306892943882 0.403438445843788 0.5785731612885895 0.37888687096931767 0.4372655897253298 0.3207896672484119 0.48387906557788807 0.5441703273013762 0.562239376787832
0.8754845735419146 0.10324174864054597 0.15086930741699908 0.5723864170137237 0.391911332220988 0.43524978326320385 0.4838253868480525 0.4696306892943882 0.403438445843788 0.5785731612885895 0.37888687096931767 0.4372655897253298 0.3207896672484119 0.48387906557788807 0.5441703273013762 0.562239376787832
0.8754845735419146 0.10324174864054597 0.15086930741699908 0.5723864170137237 0.391911332220988 0.43524978326320385 0.4838253868480525 0.4696306892943882 0.403438445843788 0.5785731612885895 0.37888687096931767 0.4372655897253298 0.3207896672484119 0.48387906557788807 0.5441703273013762 0.562239376787832
0.8616173715235322 0.18884238467367692 0.20530757074105627 0.40687387305542155 0.5240005907113913 0.3864023579263496 0.2788398039380818 0.4051346665652002 0.4386264468137112 0.6514542563648734 0.36076145845072755 0.3264665375901155 0.35647883556169535 0.5672313763141652 0.4385929897446864 0.5950254983083609
0.9217991088124189 0.289471320521017 0.6077107670672357 0.3796318247937698 0.709415535324728 0.3913965795786696 0.5523646361437508 0.3896123856407343 0.5476345520276614 0.6460302864309351 0.4299918876202167 0.30337007456655596 0.2678246594170527 0.49505345103982806 0.5546830016791001 0.4040237682149091
0.9496888267115071 0.33896286164058465 0.7965511679170011 0.36109718953371833 0.7758496751303484 0.3701789628491876 0.6702792945167236 0.37377274217850787 0.5354698505023394 0.6755022442370499 0.49918368805664465 0.3446281744151411 0.29368333951043724 0.4837620347312987 0.4802332985514346 0.43927830176438604
0.9496888267115071 0.33896286164058465 0.7965511679170011 0.36109718953371833 0.7758496751303484 0.3701789628491876 0.6702792945167236 0.37377274217850787 0.5354698505023394 0.6755022442370499 0.49918368805664465 0.3446281744151411 0.29368333951043724 0.4837620347312987 0.4802332985514346 0.43927830176438604
0.9388738763723357 0.31667555943022324 0.7136750933196564 0.3742897498766 0.726833185548605 0.37571804132115716 0.5845992606309633 0.34581496541896656 0.5275009788404214 0.6368923585455342 0.47255087753774067 0.3250400201450816 0.25311423503381447 0.35721063210390275 0.5327454473470536 0.340728659803191
0.9350891353351833 0.3065568640117562 0.676079496225968 0.3987807062089028 0.6639018806411255 0.3739486196818093 0.47986948020799464 0.2988785115041728 0.5048781146186568 0.5990896387813425 0.506450171278108 0.38550969149650505 0.2557043909097232 0.26466620662895446 0.5870675816151075 0.3818144573826102
0.9181429145974938 0.2562359844596829 0.5392266574715193 0.43471500842960303 0.6214754129988627 0.42259496230250737 0.3309459988326064 0.2906151118983764 0.47338829491095846 0.5863121740085803 0.4793461214470303 0.3145603484373902 0.33829861234073266 0.26240780746680453 0.4420006288308224 0.32321070116801576
0.8835195010407275 0.19228392362106111 0.3061413331851961 0.46165294097738885 0.53552801524708 0.4360364071390363 0.21378873053445901 0.34074481594685335 0.44429968671515735 0.6290615838011773 0.3995236627749369 0.24022156386143118 0.37710332635317045 0.4725879739668635 0.38434125377891115 0.43841107079891933
0.9083050298311586 0.09721663700410399 0.28380727630114133 0.6681999002225556 0.38218290465772203 0.49760776454258243 0.3858156170304383 0.3842551930705823 0.3882350925953281 0.5729167822420446 0.3841781108909158 0.2831288764752518 0.321859868298113 0.40611101982304837 0.4954227765137208 0.44769825447711253
0.8931051497345863 0.08924360182458713 0.21177033687398888 0.6322832976514905 0.4019509953251087 0.49026639765948055 0.43220367586191755 0.4425852947676716 0.39697533034082255 0.5762174014647937 0.34685658475139014 0.32713827994162925 0.3393240396511006 0.4647960073648235 0.49263281823466126 0.5422213659871679
0.8864029003139633 0.09377509805671991 0.18297351385700136 0.613420832300589 0.37065548012203414 0.4479737153298952 0.45086669043406147 0.4486450436889288 0.38256185269388177 0.5953094548057406 0.3454159065667063 0.36937385020393665 0.30123537750663865 0.5007544221703504 0.5496745124794963 0.604312681986554
0.8899564040438741 0.07984011404329433 0.17764972348085556 0.6473503245232776 0.3387639138018249 0.4655695558662425 0.49638752112672674 0.4589630276087226 0.36854563659952716 0.5485679644956357 0.3581475652227768 0.39823380672699427 0.36259522224895047 0.4556146249760922 0.5301065460642466 0.6175440392207137
0.8790380772718256 0.08930676462712067 0.14554551704085333 0.6063159092364125 0.3600197659007788 0.45284562379955107 0.5293462175407178 0.47994867321418205 0.38942222974943347 0.5318316709784846 0.3916185296253883 0.46612554624838765 0.38214951199072367 0.43873926838362987 0.5246023608861264 0.5754707340219916
0.8841719831205228 0.06820429929594968 0.1397775885742712 0.665381537186072 0.3106416919399016 0.48904792586084356 0.5915048217922461 0.5043676427256168 0.36914441509378704 0.46403019178421046 0.4252953704115433 0.5107304554220018 0.4818677496982078 0.4002770009162035 0.5029065781325426 0.5719540511064407
0.8841719831205228 0.06820429929594968 0.1397775885742712 0.665381537186072 0.3106416919399016 0.48904792586084356 0.5915048217922461 0.5043676427256168 0.36914441509378704 0.46403019178421046 0.4252953704115433 0.5107304554220018 0.4818677496982078 0.4002770009162035 0.5029065781325426 0.5719540511064407
0.8841719831205228 0.06820429929594968 0.1397775885742712 0.665381537186072 0.3106416919399016 0.48904792586084356 0.5915048217922461 0.5043676427256168 0.36914441509378704 0.46403019178421046 0.4252953704115433 0.5107304554220018 0.4818677496982078 0.4002770009162035 0.5029065781325426 0.5719540511064407
0.8841719831205228 0.06820429929594968 0.1397775885742712 0.665381537186072 0.3106416919399016 0.48904792586084356 0.5915048217922461 0.5043676427256168 0.36914441509378704 0.46403019178421046 0.4252953704115433 0.5107304554220018 0.4818677496982078 0.4002770009162035 0.5029065781325426 0.5719540511064407
0.8841719831205228 0.06820429929594968 0.1397775885742712 0.665381537186072 0.3106416919399016 0.48904792586084356 0.5915048217922461 0.5043676427256168 0.36914441509378704 0.46403019178421046 0.4252953704115433 0.5107304554220018 0.4818677496982078 0.4002770009162035 0.5029065781325426 0.5719540511064407
0.8841719831205228 0.06820429929594968 0.1397775885742712 0.665381537186072 0.3106416919399016 0.48904792586084356 0.5915048217922461 0.5043676427256168 0.36914441509378704 0.46403019178421046 0.4252953704115433 0.5107304554220018 0.4818677496982078 0.4002770009162035 0.5029065781325426 0.5719540511064407
0.8841719831205228 0.06820429929594968 0.1397775885742712 0.665381537186072 0.3106416919399016 0.48904792586084356 0.5915048217922461 0.5043676427256168 0.36914441509378704 0.46403019178421046 0.4252953704115433 0.5107304554220018 0.4818677496982078 0.4002770009162035 0.5029065781325426 0.5719540511064407
0.8841719831205228 0.06820429929594968 0.1397775885742712 0.665381537186072 0.3106416919399016 0.48904792586084356 0.5915048217922461 0.5043676427256168 0.36914441509378704 0.46403019178421046 0.4252953704115433 0.5107304554220018 0.4818677496982078 0.4002770009162035 0.5029065781325426 0.5719540511064407
0.8841719831205228 0.06820429929594968 0.1397775885742712 0.665381537186072 0.3106416919399016 0.48904792586084356 0.5915048217922461 0.5043676427256168 0.36914441509378704 0.46403019178421046 0.4252953704115433 0.5107304554220018 0.4818677496982078 0.4002770009162035 0.5029065781325426 0.5719540511064407
0.8822550173153805 0.0757482913076557 0.1420455922335241 0.644770092100606 0.32808011552975563 0.4746243746524751 0.5663053448563964 0.4962871046013553 0.37317356815816244 0.49505905242538284 0.4004771769352821 0.48339476853894703 0.4347182397469436 0.4095084704823455 0.5097239864618037 0.5698968680274477
0.8719859061369448 0.11174859530079001 0.14035232252155214 0.549569328414534 0.36406827778811524 0.411743523302855 0.5482934157901345 0.4413278008513911 0.3780685724870228 0.4921459228910659 0.3549015763518667 0.48806639535220026 0.4177222758487891 0.35164444326113464 0.5087553653668377 0.5704565284469506
0.8471432302423277 0.19158370767264638 0.13152307821583203 0.3608216494738886 0.4437497098774975 0.29643328845604333 0.43944809043219 0.39639049278642746 0.4008334215588635 0.5510499243995972 0.3649212726227792 0.5353768287145377 0.38070611358907663 0.37163839770983276 0.46086760760855733 0.5714831331649708
0.8186287989204712 0.26882851358203397 0.11647726543674242 0.22105010864198915 0.4863212456914771 0.26799123822615356 0.43464222817077036 0.3417338661838419 0.447759259194901 0.458172850743383 0.4333414753402461 0.5627327785565445 0.44808186457605526 0.3619457477017261 0.4032407288354991 0.4514452779734669
0.7736720027689143 0.37392077463354845 0.10143970130009669 0.12027839575828747 0.4953055883445201 0.31771281018728836 0.43261318378355096 0.3278598296882416 0.4832752647615542 0.3647530082241329 0.44805582403806476 0.5277986487590139 0.5070781629728055 0.5122080251080636 0.3840393130886366 0.48772339306471457
0.6748433290424358 0.5949837895706984 0.10823343229008128 0.1402255173072805 0.3499625655197681 0.526354173524229 0.4605827278456155 0.27235903598562883 0.45909250543199404 0.28507877590477076 0.5114701204288572 0.2883530831187822 0.42376200018363763 0.5609366598197858 0.4526804286801419 0.5862726045148741
0.5388133462544892 0.7979400215592434 0.10808596046048005 0.2949575555712699 0.3839902256947216 0.7209679785855856 0.4351008121186469 0.4529565354752172 0.39941708865009073 0.5848989696607845 0.5365338193132183 0.38724993350301473 0.39925687230579626 0.4302113267076164 0.49647764209303247 0.4418832834148605
0.486597564886714 0.8265438981944111 0.10958973855134332 0.43309821719696934 0.4125987747171616 0.6970694310142443 0.4470786066351303 0.3764675198465633 0.4543825408365509 0.6766428553114814 0.4558241043241645 0.5441133889182388 0.4636919823461811 0.4220901780288138 0.4976794432267482 0.4087443692947279
0.37815879629205434 0.7919722760820569 0.12435307224122191 0.6524276149881607 0.5758577979421124 0.5605223976396358 0.4525520433318635 0.29691229471655073 0.40953799754039105 0.5958285913732384 0.3813969096346097 0.6303231759794278 0.6148071085730378 0.49479068056616365 0.522750308864172 0.386490448421058
0.29022051978212543 0.759381106767907 0.15913128846479332 0.7909935898135118 0.5991769185629918 0.3347351235075457 0.4116888293303446 0.4059931491385303 0.43805519690618966 0.4684142574198025 0.46146517886637944 0.48552482107242834 0.5454827257309716 0.4372768767636888 0.4677864743910413 0.48796129733636384
0.254485720816778 0.716381291202145 0.17165752741950513 0.7916086934039301 0.6445251712206325 0.3285102333684262 0.40907853029312896 0.39681743282044457 0.3430421298547636 0.40778216519847654 0.4983607795809218 0.4820183991839314 0.4433161384459218 0.45130903301797454 0.46650577646649205 0.5100159562686183
0.23675285834656815 0.7013201303181171 0.17907367142455888 0.803095288082414 0.6452420583954503 0.2853743480435099 0.40128373846328064 0.44130567943879323 0.37591305193475194 0.3763414075866404 0.5241312034828735 0.38003513244444603 0.4493590511480579 0.4345105502973082 0.483634620033245 0.49703956716792647
0.25464726946306154 0.7192903850546166 0.17541357965582183 0.7928928845198344 0.6068064858163611 0.2907802351162194 0.40368814999631786 0.441662423501339 0.4436681924920867 0.400049128503092 0.48704937562788087 0.3826029632161252 0.5195906039900876 0.46146166716708065 0.49026648112540777 0.4544794563357294
0.2729402682496143 0.7298283317457728 0.1770847281607002 0.7582698843701506 0.5372087299052496 0.3039055098376802 0.4104663285805664 0.43914946908229935 0.5458393320726758 0.4368974394593563 0.44174694631876466 0.3828538187587561 0.5969317523607227 0.4915160015689033 0.4953794315562816 0.4041983919546742
0.2729402682496143 0.7298283317457728 0.1770847281607002 0.7582698843701506 0.5372087299052496 0.3039055098376802 0.4104663285805664 0.43914946908229935 0.5458393320726758 0.4368974394593563 0.44174694631876466 0.3828538187587561 0.5969317523607227 0.4915160015689033 0.4953794315562816 0.4041983919546742
0.2902371470583779 0.756770597926443 0.16673207823533975 0.7819940844915061 0.549097332582592 0.29507280337747377 0.4088572666777241 0.44165088538763203 0.5434190349367791 0.4379472413691337 0.4471070153701335 0.37492765006179785 0.6045973874096651 0.46896030401573513 0.4968115315589158 0.4268601630836276
0.32699549247818493 0.7801171839044733 0.16196890480892545 0.7173368725367325 0.47118756184362426 0.3353003964768283 0.4029751179044857 0.4693081572021592 0.5799589819915287 0.49117221702062264 0.470452685276306 0.3801174355414848 0.5340913855156163 0.43909125089828027 0.47815856804537943 0.42387927742282033
0.3875184866204869 0.8249894008254092 0.19320899475003744 0.6386907037180206 0.3290069686845612 0.33998899748862715 0.38768547217874466 0.5061131252797078 0.6623294429431806 0.5565773359953889 0.5437225234996184 0.3927219745067905 0.4760222640675603 0.45059115094231006 0.5140506557328088 0.34550447272150375
0.3917203769577219 0.840091851639992 0.2278443698444054 0.6318452843612344 0.31913566610171307 0.31181748543549037 0.4096135895944145 0.4967554820999448 0.6599176142510934 0.5689802926010487 0.5736569292346296 0.4306358510244756 0.4751365329756965 0.46186715338006035 0.5690986085384977 0.35742738649819006
0.45138298753180217 0.8153671169627492 0.2992851902722209 0.5952223516617547 0.1848628699988732 0.24088733626978254 0.3422169452915981 0.47318723022967674 0.6494364680732144 0.4408873530217314 0.4959342765293638 0.45676239902298654 0.37748853619267947 0.5351944793596402 0.587041848142154 0.29544779168944335
0.48918826767336254 0.8212859166136202 0.4082529169753723 0.5939159118677606 0.1144207482396366 0.1889519180093181 0.32971775756197136 0.43386589437515977 0.6243207350662687 0.36555834064032305 0.4714879026035075 0.4851199498676702 0.3299620963444456 0.5549820862608053 0.6195971046260625 0.3271828243647874
0.538396466094871 0.8590495374706107 0.5566312809283898 0.631762880526623 0.060193041704724115 0.18990295581813543 0.3151833495568778 0.27994211430444527 0.4833049486273737 0.46177002622277785 0.5244634232596829 0.5117062672351601 0.36540652784209626 0.47239780127757725 0.54408646345785 0.253028973363397
0.5509874206988712 0.8834138847010488 0.6464230782522571 0.6261712719935293 0.10063615801400105 0.1990728491051424 0.3351944024578331 0.27619484872672084 0.5038381513560936 0.4329406376723279 0.5600004170421259 0.6218047138739604 0.3775680638680847 0.4584567056149994 0.5630839646103194 0.43516545815321317
0.5509874206988712 0.8834138847010488 0.6464230782522571 0.6261712719935293 0.10063615801400105 0.1990728491051424 0.3351944024578331 0.27619484872672084 0.5038381513560936 0.4329406376723279 0.5600004170421259 0.6218047138739604 0.3775680638680847 0.4584567056149994 0.5630839646103194 0.43516545815321317
0.5906061603901825 0.9050033342991273 0.6634267969274372 0.5445705972366188 0.10828307820049848 0.30173886398250216 0.3707353260270428 0.2673719828231358 0.4668024514803568 0.48990314184490336 0.565302247690457 0.6915175352385614 0.310930861171579 0.34327071553091265 0.522057571275988 0.5376891779942706
0.5973084098108056 0.9004718380669947 0.6922236199444247 0.5634330625875205 0.13957859340357287 0.3440315463120877 0.3520723114548988 0.2613122339018785 0.48121592912729766 0.4708110885039565 0.5667429258751409 0.6492819649762536 0.34901952331604114 0.30731230072538573 0.46501587703115255 0.47559786199488396
0.5991953939177377 0.9086163238896401 0.7057976789140947 0.5614760195292625 0.12319378585802726 0.3234031333652248 0.35375717397542294 0.25053805771482673 0.44370349226182965 0.49142929184706663 0.5891502346385379 0.6758957367468202 0.39593606262222053 0.31002828156483175 0.4054505954040626 0.5385343177025976
0.5977199510146103 0.9096020074863771 0.7000326033315485 0.5585520266514176 0.10777799435487856 0.30025263283095316 0.3849588963301373 0.25578658407983246 0.4289671548017853 0.5325353134275083 0.5909404864667387 0.6438256951661327 0.39922316711460476 0.38521595302141437 0.4062841068790173 0.5324196626924549
0.6093412114913839 0.8886534942699197 0.7221434856203321 0.6016373076239316 0.10342853264102314 0.3156480384608545 0.3585204922635048 0.2580251902453593 0.40246117085321587 0.5635968451272101 0.533483428019624 0.6013549399742915 0.4229804847014819 0.4146132138752647 0.4111194254455763 0.6334684276518092
0.6093412114913839 0.8886534942699197 0.7221434856203321 0.6016373076239316 0.10342853264102314 0.3156480384608545 0.3585204922635048 0.2580251902453593 0.40246117085321587 0.5635968451272101 0.533483428019624 0.6013549399742915 0.4229804847014819 0.4146132138752647 0.4111194254455763 0.6334684276518092
0.6250089564287622 0.8710977747222315 0.7012856412921313 0.5635171076968692 0.07835558292660483 0.3418922103638872 0.29593296695978555 0.27327525071456477 0.35775203280735274 0.5110604963186456 0.5828197022324362 0.561253933922158 0.41018458845322436 0.3787339008379873 0.38616416143578225 0.6829311571110432
0.6250089564287622 0.8710977747222315 0.7012856412921313 0.5635171076968692 0.07835558292660483 0.3418922103638872 0.29593296695978555 0.27327525071456477 0.35775203280735274 0.5110604963186456 0.5828197022324362 0.561253933922158 0.41018458845322436 0.3787339008379873 0.38616416143578225 0.6829311571110432
0.6250089564287622 0.8710977747222315 0.7012856412921313 0.5635171076968692 0.07835558292660483 0.3418922103638872 0.29593296695978555 0.27327525071456477 0.35775203280735274 0.5110604963186456 0.5828197022324362 0.561253933922158 0.41018458845322436 0.3787339008379873 0.38616416143578225 0.6829311571110432
0.6183067070081392 0.8756292709543644 0.6724888182751438 0.5446546423459674 0.047060067723530274 0.2995995280343021 0.3145959815319295 0.27933499963582176 0.3433385551604121 0.5301525496595922 0.5813790240477527 0.603489504184465 0.37209592630876176 0.41469231564351433 0.4432058556806173 0.7450224731104298
0.6183067070081392 0.8756292709543644 0.6724888182751438 0.5446546423459674 0.047060067723530274 0.2995995280343021 0.3145959815319295 0.27933499963582176 0.3433385551604121 0.5301525496595922 0.5813790240477527 0.603489504184465 0.37209592630876176 0.41469231564351433 0.4432058556806173 0.7450224731104298
0.6355331980574566 0.8606455188449549 0.6741036642197331 0.49775676060881596 0.046878815808835184 0.2960519997615392 0.30452908768465814 0.3170188869486642 0.3003247665817164 0.48113978086588793 0.6074786249145857 0.5547005737431833 0.3667890917892058 0.41223212924038927 0.425182618100108 0.7880622925721807
0.6336462139505246 0.8525010330223093 0.6605296052500633 0.4997138036670738 0.06326362335438068 0.31668041270840186 0.3028442251641339 0.32779306313571627 0.3378372034471845 0.4605215775227781 0.5850713161511889 0.5280868019726173 0.31987255248302593 0.4095161484009435 0.4847478997271986 0.7251258368644677
0.622024953473751 0.873449546238767 0.6384187229612795 0.45662852269456 0.06761308506823666 0.30128500707849987 0.3292826292307667 0.3255544569701895 0.3643431873957539 0.42946004582307606 0.6425283745983037 0.5705575571644594 0.29611523489614944 0.3801188875470933 0.47991258116063973 0.6240770719051131
0.5992946977192395 0.8649541147641581 0.5834372920025781 0.5257804712568008 0.07203712314310007 0.35543345763578665 0.2632920781440054 0.29017169201719467 0.45191359188412944 0.43039228122664375 0.5962480335680432 0.6068412174409833 0.2753187103201432 0.35919592229399877 0.5159000673255172 0.5220424345399857
0.5866644234409565 0.8379076021924536 0.4922155539339847 0.5293715267850106 0.04477722575120219 0.35798430654092916 0.24232770613532095 0.29388482152804496 0.42774303745559245 0.4507177601157163 0.5481226781003713 0.4794722536121866 0.2676965565756531 0.33345364718929904 0.4678951531253367 0.32059159538743887
0.5824625331037214 0.8228051513778705 0.457580178839617 0.5362169461417968 0.05464852833405015 0.38615581859406584 0.2203995887196513 0.30324246470780786 0.4301548661476797 0.43831480351005647 0.5181882723653606 0.44155837709450163 0.268582287667517 0.3221776447515491 0.41284720031964806 0.3086686816107528
0.5322069989800994 0.8005759569097447 0.28565412626522213 0.5330191752485619 0.11092416574470543 0.400660899749207 0.27245433520413775 0.37931311193123474 0.5162521470228274 0.45107860297425306 0.36853847790904043 0.4792380779390485 0.28573294694444723 0.4018481333633818 0.3577081663256103 0.3224466087200062
0.43564716661747604 0.8435571869790985 0.14061672773996173 0.5486474510715095 0.321814564862796 0.4951998170401416 0.40612933348949226 0.4642594350452204 0.5799571292726032 0.6468016907085425 0.48256077517625423 0.530225705737181 0.40563502296618953 0.37761853873719 0.39429665143761716 0.5088481900349693
0.3809694827223894 0.8299590456104742 0.1405632852348011 0.6749855071958176 0.4352561109542878 0.43805840632859555 0.4179512253541693 0.4193426835513396 0.5759691523544077 0.642900061163888 0.4402478992169862 0.5544667535036326 0.5417494378680145 0.3747295532140073 0.41812987041540794 0.48780250374054296
0.3261935620697921 0.7909305570331686 0.153589508605312 0.7571618118785254 0.519182015956035 0.3511727171647291 0.4156245266378811 0.41206648082062003 0.5487109065822394 0.5180232681233157 0.42489309723443747 0.4816603780612011 0.6052957466184065 0.4477695319092346 0.46538969433336164 0.44764820017103835
0.272461079122977 0.7313666051772469 0.17628267371227915 0.769818978400705 0.5473909717828408 0.289325614085154 0.4085554388637666 0.4441144134556961 0.5430687012205633 0.41229404155344074 0.4486083806078449 0.34275923857408147 0.6091251825788561 0.4864852043725715 0.5089877832977149 0.4224634379900811
0.2368171782600212 0.7009456983981838 0.1797581197155235 0.8005074819637747 0.6366230175171481 0.28044616181759996 0.4011877981535017 0.45258817976239735 0.4028206447126276 0.38761257907582175 0.5258187958610352 0.3488053120735477 0.4858218807602693 0.4110521775300863 0.4904597086044304 0.5131482939743224
0.14973839123737456 0.5689196676239741 0.22825522204940893 0.7027284519835693 0.6144513941866536 0.3167777408112157 0.4041866812799485 0.4260077355852664 0.34144874886302823 0.3310506641336839 0.5308270726240557 0.36721587107741793 0.3899330821576931 0.4974844895228528 0.49545421286925095 0.47313658635123623
0.09932069034516028 0.4860818102698648 0.26097924929518773 0.6147410205049274 0.5586725338190641 0.355530036554086 0.40948410777094774 0.42575576027979123 0.3802667900704682 0.37621509042088064 0.5197964574787372 0.36426916890193944 0.45232616487044786 0.48565325867236625 0.524474730274904 0.4704664290485972
0.0822479413731898 0.45744429409079657 0.2716338884958412 0.5856500414156851 0.5462206589264366 0.37313086888347324 0.4090980605573091 0.4162461538607327 0.363908805791496 0.37373350203540545 0.518146348477542 0.3991565666228622 0.40627453517722745 0.5085155361400089 0.5099368853573107 0.4557135094279702
0.01611262512409628 0.34017316267107234 0.3173100675047533 0.4409116702153645 0.4485720264737357 0.45376710896549527 0.4094540556901113 0.41189252164883544 0.4115624926262259 0.46890955706033116 0.5001613525699681 0.4629653804069899 0.4365529389078899 0.4608797454029506 0.48498725424368444 0.4627631050249058
0.01611262512409628 0.34017316267107234 0.3173100675047533 0.4409116702153645 0.4485720264737357 0.45376710896549527 0.4094540556901113 0.41189252164883544 0.4115624926262259 0.46890955706033116 0.5001613525699681 0.4629653804069899 0.4365529389078899 0.4608797454029506 0.48498725424368444 0.4627631050249058
0.01611262512409628 0.34017316267107234 0.3173100675047533 0.4409116702153645 0.4485720264737357 0.45376710896549527 0.4094540556901113 0.41189252164883544 0.4115624926262259 0.46890955706033116 0.5001613525699681 0.4629653804069899 0.4365529389078899 0.4608797454029506 0.48498725424368444 0.4627631050249058
2.842170943040401e-14 0.3106095777566308 0.3289604118090246 0.4008116565498566 0.4193012834822054 0.4773342625735959 0.4096823902617258 0.41287002011882606 0.4303084660050271 0.5063242566942401 0.4957288971962919 0.48004610469898673 0.45623937170650924 0.4302745992648502 0.47502878381140284 0.4772353985124652
2.842170943040401e-14 0.3106095777566308 0.3289604118090246 0.4008116565498566 0.4193012834822054 0.4773342625735959 0.4096823902617258 0.41287002011882606 0.4303084660050271 0.5063242566942401 0.4957288971962919 0.48004610469898673 0.45623937170650924 0.4302745992648502 0.47502878381140284 0.4772353985124652
2.842170943040401e-14 0.3106095777566308 0.3289604118090246 0.4008116565498566 0.4193012834822054 0.4773342625735959 0.4096823902617258 0.41287002011882606 0.4303084660050271 0.5063242566942401 0.4957288971962919 0.48004610469898673 0.45623937170650924 0.4302745992648502 0.47502878381140284 0.4772353985124652
2.842170943040401e-14 0.3106095777566308 0.3289604118090246 0.4008116565498566 0.4193012834822054 0.4773342625735959 0.4096823902617258 0.41287002011882606 0.4303084660050271 0.5063242566942401 0.4957288971962919 0.48004610469898673 0.45623937170650924 0.4302745992648502 0.47502878381140284 0.4772353985124652
2.842170943040401e-14 0.3106095777566308 0.3289604118090246 0.4008116565498566 0.4193012834822054 0.4773342625735959 0.4096823902617258 0.41287002011882606 0.4303084660050271 0.5063242566942401 0.4957288971962919 0.48004610469898673 0.45623937170650924 0.4302745992648502 0.47502878381140284 0.4772353985124652
2.842170943040401e-14 0.3106095777566308 0.3289604118090246 0.4008116565498566 0.4193012834822054 0.4773342625735959 0.4096823902617258 0.41287002011882606 0.4303084660050271 0.5063242566942401 0.4957288971962919 0.48004610469898673 0.45623937170650924 0.4302745992648502 0.47502878381140284 0.4772353985124652
2.842170943040401e-14 0.3106095777566308 0.3289604118090246 0.4008116565498566 0.4193012834822054 0.4773342625735959 0.4096823902617258 0.41287002011882606 0.4303084660050271 0.5063242566942401 0.4957288971962919 0.48004610469898673 0.45623937170650924 0.4302745992648502 0.47502878381140284 0.4772353985124652
2.842170943040401e-14 0.3106095777566308 0.3289604118090246 0.4008116565498566 0.4193012834822054 0.4773342625735959 0.4096823902617258 0.41287002011882606 0.4303084660050271 0.5063242566942401 0.4957288971962919 0.48004610469898673 0.45623937170650924 0.4302745992648502 0.47502878381140284 0.4772353985124652
2.842170943040401e-14 0.3106095777566308 0.3289604118090246 0.4008116565498566 0.4193012834822054 0.4773342625735959 0.4096823902617258 0.41287002011882606 0.4303084660050271 0.5063242566942401 0.4957288971962919 0.48004610469898673 0.45623937170650924 0.4302745992648502 0.47502878381140284 0.4772353985124652
2.842170943040401e-14 0.3106095777566308 0.3289604118090246 0.4008116565498566 0.4193012834822054 0.4773342625735959 0.4096823902617258 0.41287002011882606 0.4303084660050271 0.5063242566942401 0.4957288971962919 0.48004610469898673 0.45623937170650924 0.4302745992648502 0.47502878381140284 0.4772353985124652
2.842170943040401e-14 0.3106095777566308 0.3289604118090246 0.4008116565498566 0.4193012834822054 0.4773342625735959 0.4096823902617258 0.41287002011882606 0.4303084660050271 0.5063242566942401 0.4957288971962919 0.48004610469898673 0.45623937170650924 0.4302745992648502 0.47502878381140284 0.4772353985124652
2.842170943040401e-14 0.3106095777566308 0.3289604118090246 0.4008116565498566 0.4193012834822054 0.4773342625735959 0.4096823902617258 0.41287002011882606 0.4303084660050271 0.5063242566942401 0.4957288971962919 0.48004610469898673 0.45623937170650924 0.4302745992648502 0.47502878381140284 0.4772353985124652
2.842170943040401e-14 0.3106095777566308 0.3289604118090246 0.4008116565498566 0.4193012834822054 0.4773342625735959 0.4096823902617258 0.41287002011882606 0.4303084660050271 0.5063242566942401 0.4957288971962919 0.48004610469898673 0.45623937170650924 0.4302745992648502 0.47502878381140284 0.4772353985124652
2.842170943040401e-14 0.3106095777566308 0.3289604118090246 0.4008116565498566 0.4193012834822054 0.4773342625735959 0.4096823902617258 0.41287002011882606 0.4303084660050271 0.5063242566942401 0.4957288971962919 0.48004610469898673 0.45623937170650924 0.4302745992648502 0.47502878381140284 0.4772353985124652
2.842170943040401e-14 0.3106095777566308 0.3289604118090246 0.4008116565498566 0.4193012834822054 0.4773342625735959 0.4096823902617258 0.41287002011882606 0.4303084660050271 0.5063242566942401 0.4957288971962919 0.48004610469898673 0.45623937170650924 0.4302745992648502 0.47502878381140284 0.4772353985124652
2.842170943040401e-14 0.3106095777566308 0.3289604118090246 0.4008116565498566 0.4193012834822054 0.4773342625735959 0.4096823902617258 0.41287002011882606 0.4303084660050271 0.5063242566942401 0.4957288971962919 0.48004610469898673 0.45623937170650924 0.4302745992648502 0.47502878381140284 0.4772353985124652
2.842170943040401e-14 0.3106095777566308 0.3289604118090246 0.4008116565498566 0.4193012834822054 0.4773342625735959 0.4096823902617258 0.41287002011882606 0.4303084660050271 0.5063242566942401 0.4957288971962919 0.48004610469898673 0.45623937170650924 0.4302745992648502 0.47502878381140284 0.4772353985124652
2.842170943040401e-14 0.3106095777566308 0.3289604118090246 0.4008116565498566 0.4193012834822054 0.4773342625735959 0.4096823902617258 0.41287002011882606 0.4303084660050271 0.5063242566942401 0.4957288971962919 0.48004610469898673 0.45623937170650924 0.4302745992648502 0.47502878381140284 0.4772353985124652
2.842170943040401e-14 0.3106095777566308 0.3289604118090246 0.4008116565498566 0.4193012834822054 0.4773342625735959 0.4096823902617258 0.41287002011882606 0.4303084660050271 0.5063242566942401 0.4957288971962919 0.48004610469898673 0.45623937170650924 0.4302745992648502 0.47502878381140284 0.4772353985124652
2.842170943040401e-14 0.3106095777566308 0.3289604118090246 0.4008116565498566 0.4193012834822054 0.4773342625735959 0.4096823902617258 0.41287002011882606 0.4303084660050271 0.5063242566942401 0.4957288971962919 0.48004610469898673 0.45623937170650924 0.4302745992648502 0.47502878381140284 0.4772353985124652
2.842170943040401e-14 0.3106095777566308 0.3289604118090246 0.4008116565498566 0.4193012834822054 0.4773342625735959 0.4096823902617258 0.41287002011882606 0.4303084660050271 0.5063242566942401 0.4957288971962919 0.48004610469898673 0.45623937170650924 0.4302745992648502 0.47502878381140284 0.4772353985124652
]