Naoki.m_a_n_y.1535 [ 0.0  0.3323147355008087  0.4535388505285417  0.3507532968586308  0.44155069246321926  0.42011775922009226  0.45422247678997535  0.46701248434897547  0.499443092203253  0.435951456965589  0.5056884107576229  0.439701452707016  0.44112898552446095  0.4542854924337379  0.4163013136007501  0.49654122591279165
0.0  0.3323147355008087  0.4535388505285417  0.3507532968586308  0.44155069246321926  0.42011775922009226  0.45422247678997535  0.46701248434897547  0.499443092203253  0.435951456965589  0.5056884107576229  0.439701452707016  0.44112898552446095  0.4542854924337379  0.4163013136007501  0.49654122591279165
0.0  0.3323147355008087  0.4535388505285417  0.3507532968586308  0.44155069246321926  0.42011775922009226  0.45422247678997535  0.46701248434897547  0.499443092203253  0.435951456965589  0.5056884107576229  0.439701452707016  0.44112898552446095  0.4542854924337379  0.4163013136007501  0.49654122591279165
0.0  0.3323147355008087  0.4535388505285417  0.3507532968586308  0.44155069246321926  0.42011775922009226  0.45422247678997535  0.46701248434897547  0.499443092203253  0.435951456965589  0.5056884107576229  0.439701452707016  0.44112898552446095  0.4542854924337379  0.4163013136007501  0.49654122591279165
0.0  0.3323147355008087  0.4535388505285417  0.3507532968586308  0.44155069246321926  0.42011775922009226  0.45422247678997535  0.46701248434897547  0.499443092203253  0.435951456965589  0.5056884107576229  0.439701452707016  0.44112898552446095  0.4542854924337379  0.4163013136007501  0.49654122591279165
0.0  0.3323147355008087  0.4535388505285417  0.3507532968586308  0.44155069246321926  0.42011775922009226  0.45422247678997535  0.46701248434897547  0.499443092203253  0.435951456965589  0.5056884107576229  0.439701452707016  0.44112898552446095  0.4542854924337379  0.4163013136007501  0.49654122591279165
0.0  0.3323147355008087  0.4535388505285417  0.3507532968586308  0.44155069246321926  0.42011775922009226  0.45422247678997535  0.46701248434897547  0.499443092203253  0.435951456965589  0.5056884107576229  0.439701452707016  0.44112898552446095  0.4542854924337379  0.4163013136007501  0.49654122591279165
0.0  0.3323147355008087  0.4535388505285417  0.3507532968586308  0.44155069246321926  0.42011775922009226  0.45422247678997535  0.46701248434897547  0.499443092203253  0.435951456965589  0.5056884107576229  0.439701452707016  0.44112898552446095  0.4542854924337379  0.4163013136007501  0.49654122591279165
0.0  0.3323147355008087  0.4535388505285417  0.3507532968586308  0.44155069246321926  0.42011775922009226  0.45422247678997535  0.46701248434897547  0.499443092203253  0.435951456965589  0.5056884107576229  0.439701452707016  0.44112898552446095  0.4542854924337379  0.4163013136007501  0.49654122591279165
0.0  0.3323147355008087  0.4535388505285417  0.3507532968586308  0.44155069246321926  0.42011775922009226  0.45422247678997535  0.46701248434897547  0.499443092203253  0.435951456965589  0.5056884107576229  0.439701452707016  0.44112898552446095  0.4542854924337379  0.4163013136007501  0.49654122591279165
0.0  0.3323147355008087  0.4535388505285417  0.3507532968586308  0.44155069246321926  0.42011775922009226  0.45422247678997535  0.46701248434897547  0.499443092203253  0.435951456965589  0.5056884107576229  0.439701452707016  0.44112898552446095  0.4542854924337379  0.4163013136007501  0.49654122591279165
0.0  0.3323147355008087  0.4535388505285417  0.3507532968586308  0.44155069246321926  0.42011775922009226  0.45422247678997535  0.46701248434897547  0.499443092203253  0.435951456965589  0.5056884107576229  0.439701452707016  0.44112898552446095  0.4542854924337379  0.4163013136007501  0.49654122591279165
0.0  0.3323147355008087  0.4535388505285417  0.3507532968586308  0.44155069246321926  0.42011775922009226  0.45422247678997535  0.46701248434897547  0.499443092203253  0.435951456965589  0.5056884107576229  0.439701452707016  0.44112898552446095  0.4542854924337379  0.4163013136007501  0.49654122591279165
0.0  0.3323147355008087  0.4535388505285417  0.3507532968586308  0.44155069246321926  0.42011775922009226  0.45422247678997535  0.46701248434897547  0.499443092203253  0.435951456965589  0.5056884107576229  0.439701452707016  0.44112898552446095  0.4542854924337379  0.4163013136007501  0.49654122591279165
0.0  0.3323147355008087  0.4535388505285417  0.3507532968586308  0.44155069246321926  0.42011775922009226  0.45422247678997535  0.46701248434897547  0.499443092203253  0.435951456965589  0.5056884107576229  0.439701452707016  0.44112898552446095  0.4542854924337379  0.4163013136007501  0.49654122591279165
0.0  0.3323147355008087  0.4535388505285417  0.3507532968586308  0.44155069246321926  0.42011775922009226  0.45422247678997535  0.46701248434897547  0.499443092203253  0.435951456965589  0.5056884107576229  0.439701452707016  0.44112898552446095  0.4542854924337379  0.4163013136007501  0.49654122591279165
0.0  0.3323147355008087  0.4535388505285417  0.3507532968586308  0.44155069246321926  0.42011775922009226  0.45422247678997535  0.46701248434897547  0.499443092203253  0.435951456965589  0.5056884107576229  0.439701452707016  0.44112898552446095  0.4542854924337379  0.4163013136007501  0.49654122591279165
0.0  0.3323147355008087  0.4535388505285417  0.3507532968586308  0.44155069246321926  0.42011775922009226  0.45422247678997535  0.46701248434897547  0.499443092203253  0.435951456965589  0.5056884107576229  0.439701452707016  0.44112898552446095  0.4542854924337379  0.4163013136007501  0.49654122591279165
0.0  0.3323147355008087  0.4535388505285417  0.3507532968586308  0.44155069246321926  0.42011775922009226  0.45422247678997535  0.46701248434897547  0.499443092203253  0.435951456965589  0.5056884107576229  0.439701452707016  0.44112898552446095  0.4542854924337379  0.4163013136007501  0.49654122591279165
0.0  0.3323147355008087  0.4535388505285417  0.3507532968586308  0.44155069246321926  0.42011775922009226  0.45422247678997535  0.46701248434897547  0.499443092203253  0.435951456965589  0.5056884107576229  0.439701452707016  0.44112898552446095  0.4542854924337379  0.4163013136007501  0.49654122591279165
0.0  0.3323147355008087  0.4535388505285417  0.3507532968586308  0.44155069246321926  0.42011775922009226  0.45422247678997535  0.46701248434897547  0.499443092203253  0.435951456965589  0.5056884107576229  0.439701452707016  0.44112898552446095  0.4542854924337379  0.4163013136007501  0.49654122591279165
0.0  0.3323147355008087  0.4535388505285417  0.3507532968586308  0.44155069246321926  0.42011775922009226  0.45422247678997535  0.46701248434897547  0.499443092203253  0.435951456965589  0.5056884107576229  0.439701452707016  0.44112898552446095  0.4542854924337379  0.4163013136007501  0.49654122591279165
0.0  0.3323147355008087  0.4535388505285417  0.3507532968586308  0.44155069246321926  0.42011775922009226  0.45422247678997535  0.46701248434897547  0.499443092203253  0.435951456965589  0.5056884107576229  0.439701452707016  0.44112898552446095  0.4542854924337379  0.4163013136007501  0.49654122591279165
0.0  0.3323147355008087  0.4535388505285417  0.3507532968586308  0.44155069246321926  0.42011775922009226  0.45422247678997535  0.46701248434897547  0.499443092203253  0.435951456965589  0.5056884107576229  0.439701452707016  0.44112898552446095  0.4542854924337379  0.4163013136007501  0.49654122591279165
0.0  0.3323147355008087  0.4535388505285417  0.3507532968586308  0.44155069246321926  0.42011775922009226  0.45422247678997535  0.46701248434897547  0.499443092203253  0.435951456965589  0.5056884107576229  0.439701452707016  0.44112898552446095  0.4542854924337379  0.4163013136007501  0.49654122591279165
0.0  0.3323147355008087  0.4535388505285417  0.3507532968586308  0.44155069246321926  0.42011775922009226  0.45422247678997535  0.46701248434897547  0.499443092203253  0.435951456965589  0.5056884107576229  0.439701452707016  0.44112898552446095  0.4542854924337379  0.4163013136007501  0.49654122591279165
0.0  0.3323147355008087  0.4535388505285417  0.3507532968586308  0.44155069246321926  0.42011775922009226  0.45422247678997535  0.46701248434897547  0.499443092203253  0.435951456965589  0.5056884107576229  0.439701452707016  0.44112898552446095  0.4542854924337379  0.4163013136007501  0.49654122591279165
0.0  0.3323147355008087  0.4535388505285417  0.3507532968586308  0.44155069246321926  0.42011775922009226  0.45422247678997535  0.46701248434897547  0.499443092203253  0.435951456965589  0.5056884107576229  0.439701452707016  0.44112898552446095  0.4542854924337379  0.4163013136007501  0.49654122591279165
0.0  0.3323147355008087  0.4535388505285417  0.3507532968586308  0.44155069246321926  0.42011775922009226  0.45422247678997535  0.46701248434897547  0.499443092203253  0.435951456965589  0.5056884107576229  0.439701452707016  0.44112898552446095  0.4542854924337379  0.4163013136007501  0.49654122591279165
0.0  0.3323147355008087  0.4535388505285417  0.3507532968586308  0.44155069246321926  0.42011775922009226  0.45422247678997535  0.46701248434897547  0.499443092203253  0.435951456965589  0.5056884107576229  0.439701452707016  0.44112898552446095  0.4542854924337379  0.4163013136007501  0.49654122591279165
0.0  0.3323147355008087  0.4535388505285417  0.3507532968586308  0.44155069246321926  0.42011775922009226  0.45422247678997535  0.46701248434897547  0.499443092203253  0.435951456965589  0.5056884107576229  0.439701452707016  0.44112898552446095  0.4542854924337379  0.4163013136007501  0.49654122591279165
0.0  0.3323147355008087  0.4535388505285417  0.3507532968586308  0.44155069246321926  0.42011775922009226  0.45422247678997535  0.46701248434897547  0.499443092203253  0.435951456965589  0.5056884107576229  0.439701452707016  0.44112898552446095  0.4542854924337379  0.4163013136007501  0.49654122591279165
0.0  0.3323147355008087  0.4535388505285417  0.3507532968586308  0.44155069246321926  0.42011775922009226  0.45422247678997535  0.46701248434897547  0.499443092203253  0.435951456965589  0.5056884107576229  0.439701452707016  0.44112898552446095  0.4542854924337379  0.4163013136007501  0.49654122591279165
0.0  0.3323147355008087  0.4535388505285417  0.3507532968586308  0.44155069246321926  0.42011775922009226  0.45422247678997535  0.46701248434897547  0.499443092203253  0.435951456965589  0.5056884107576229  0.439701452707016  0.44112898552446095  0.4542854924337379  0.4163013136007501  0.49654122591279165
0.0  0.3323147355008087  0.4535388505285417  0.3507532968586308  0.44155069246321926  0.42011775922009226  0.45422247678997535  0.46701248434897547  0.499443092203253  0.435951456965589  0.5056884107576229  0.439701452707016  0.44112898552446095  0.4542854924337379  0.4163013136007501  0.49654122591279165
0.0  0.3323147355008087  0.4535388505285417  0.3507532968586308  0.44155069246321926  0.42011775922009226  0.45422247678997535  0.46701248434897547  0.499443092203253  0.435951456965589  0.5056884107576229  0.439701452707016  0.44112898552446095  0.4542854924337379  0.4163013136007501  0.49654122591279165
0.0  0.3323147355008087  0.4535388505285417  0.3507532968586308  0.44155069246321926  0.42011775922009226  0.45422247678997535  0.46701248434897547  0.499443092203253  0.435951456965589  0.5056884107576229  0.439701452707016  0.44112898552446095  0.4542854924337379  0.4163013136007501  0.49654122591279165
0.0  0.3323147355008087  0.4535388505285417  0.3507532968586308  0.44155069246321926  0.42011775922009226  0.45422247678997535  0.46701248434897547  0.499443092203253  0.435951456965589  0.5056884107576229  0.439701452707016  0.44112898552446095  0.4542854924337379  0.4163013136007501  0.49654122591279165
0.0  0.3323147355008087  0.4535388505285417  0.3507532968586308  0.44155069246321926  0.42011775922009226  0.45422247678997535  0.46701248434897547  0.499443092203253  0.435951456965589  0.5056884107576229  0.439701452707016  0.44112898552446095  0.4542854924337379  0.4163013136007501  0.49654122591279165
0.0  0.3323147355008087  0.4535388505285417  0.3507532968586308  0.44155069246321926  0.42011775922009226  0.45422247678997535  0.46701248434897547  0.499443092203253  0.435951456965589  0.5056884107576229  0.439701452707016  0.44112898552446095  0.4542854924337379  0.4163013136007501  0.49654122591279165
0.0  0.3323147355008087  0.4535388505285417  0.3507532968586308  0.44155069246321926  0.42011775922009226  0.45422247678997535  0.46701248434897547  0.499443092203253  0.435951456965589  0.5056884107576229  0.439701452707016  0.44112898552446095  0.4542854924337379  0.4163013136007501  0.49654122591279165
0.0  0.3323147355008087  0.4535388505285417  0.3507532968586308  0.44155069246321926  0.42011775922009226  0.45422247678997535  0.46701248434897547  0.499443092203253  0.435951456965589  0.5056884107576229  0.439701452707016  0.44112898552446095  0.4542854924337379  0.4163013136007501  0.49654122591279165
0.0  0.3323147355008087  0.4535388505285417  0.3507532968586308  0.44155069246321926  0.42011775922009226  0.45422247678997535  0.46701248434897547  0.499443092203253  0.435951456965589  0.5056884107576229  0.439701452707016  0.44112898552446095  0.4542854924337379  0.4163013136007501  0.49654122591279165
0.0  0.3323147355008087  0.4535388505285417  0.3507532968586308  0.44155069246321926  0.42011775922009226  0.45422247678997535  0.46701248434897547  0.499443092203253  0.435951456965589  0.5056884107576229  0.439701452707016  0.44112898552446095  0.4542854924337379  0.4163013136007501  0.49654122591279165
0.0  0.3323147355008087  0.4535388505285417  0.3507532968586308  0.44155069246321926  0.42011775922009226  0.45422247678997535  0.46701248434897547  0.499443092203253  0.435951456965589  0.5056884107576229  0.439701452707016  0.44112898552446095  0.4542854924337379  0.4163013136007501  0.49654122591279165
0.0  0.3323147355008087  0.4535388505285417  0.3507532968586308  0.44155069246321926  0.42011775922009226  0.45422247678997535  0.46701248434897547  0.499443092203253  0.435951456965589  0.5056884107576229  0.439701452707016  0.44112898552446095  0.4542854924337379  0.4163013136007501  0.49654122591279165
0.0  0.3323147355008087  0.4535388505285417  0.3507532968586308  0.44155069246321926  0.42011775922009226  0.45422247678997535  0.46701248434897547  0.499443092203253  0.435951456965589  0.5056884107576229  0.439701452707016  0.44112898552446095  0.4542854924337379  0.4163013136007501  0.49654122591279165
0.0  0.3323147355008087  0.4535388505285417  0.3507532968586308  0.44155069246321926  0.42011775922009226  0.45422247678997535  0.46701248434897547  0.499443092203253  0.435951456965589  0.5056884107576229  0.439701452707016  0.44112898552446095  0.4542854924337379  0.4163013136007501  0.49654122591279165
0.0  0.3323147355008087  0.4535388505285417  0.3507532968586308  0.44155069246321926  0.42011775922009226  0.45422247678997535  0.46701248434897547  0.499443092203253  0.435951456965589  0.5056884107576229  0.439701452707016  0.44112898552446095  0.4542854924337379  0.4163013136007501  0.49654122591279165
0.0  0.3323147355008087  0.4535388505285417  0.3507532968586308  0.44155069246321926  0.42011775922009226  0.45422247678997535  0.46701248434897547  0.499443092203253  0.435951456965589  0.5056884107576229  0.439701452707016  0.44112898552446095  0.4542854924337379  0.4163013136007501  0.49654122591279165
0.0  0.3323147355008087  0.4535388505285417  0.3507532968586308  0.44155069246321926  0.42011775922009226  0.45422247678997535  0.46701248434897547  0.499443092203253  0.435951456965589  0.5056884107576229  0.439701452707016  0.44112898552446095  0.4542854924337379  0.4163013136007501  0.49654122591279165
0.0  0.3323147355008087  0.4535388505285417  0.3507532968586308  0.44155069246321926  0.42011775922009226  0.45422247678997535  0.46701248434897547  0.499443092203253  0.435951456965589  0.5056884107576229  0.439701452707016  0.44112898552446095  0.4542854924337379  0.4163013136007501  0.49654122591279165
0.040331164759507904  0.29135282027466675  0.47524434874342025  0.4121964882230682  0.39723164478692613  0.4473330331460989  0.38467625208295375  0.4072734915764475  0.46001561359239157  0.3959026607673072  0.43156458311390167  0.4146708351144225  0.4163528324889742  0.42336210338611535  0.4570429569025764  0.4957020345255866
0.08142632838376382  0.25221053558791506  0.49465073561293593  0.4618600163509592  0.3692057424897785  0.4529897595301062  0.3499080002715682  0.4161646905427975  0.43590956994802416  0.357743872120969  0.4292837206658975  0.4002229542241021  0.41232997615274897  0.5007276082223376  0.44810313958842973  0.4974187078107434
0.12252073752365288  0.2129828365833215  0.5127153578803681  0.511367613493179  0.34149962766325365  0.4614745142635078  0.3115099571637874  0.40137380551093127  0.4196431954699173  0.32718259378434617  0.42064455456639294  0.38988225419469863  0.39476218827714893  0.5653890855147016  0.4472982095948824  0.5130311923415763
0.1362451374138112  0.2011498763478597  0.5188612955002776  0.5233544537739291  0.3364058342058335  0.45069873712176656  0.31097040543353116  0.4379034832058145  0.4079389801987463  0.307494723536606  0.44432165778377414  0.3810009055932537  0.4165406028072128  0.5745333753384998  0.4459321661127405  0.4690371160034897
0.15012944902755448  0.18890817343755076  0.5241585239203768  0.535645026516446  0.33300667256361727  0.4491490834290341  0.3156200340485839  0.4555394496963668  0.4116041526291044  0.3106945576061031  0.46197839824773035  0.3857812903433915  0.41996509228152135  0.6163881755391294  0.4232626869290973  0.4947340655160923
0.16370690775512897  0.1754892141906486  0.5309605094992779  0.5549084141606364  0.3199100822552406  0.45981108384964775  0.29796477192297943  0.4314386694858993  0.4045325005783522  0.3123033828755084  0.43708776191385473  0.3839514580066176  0.4136989420729738  0.5840892910651304  0.4289169844679408  0.4998246717657783
0.19096210246000714  0.15156085524782525  0.5422665983061601  0.5803202514165511  0.3067590955973265  0.44912145304835555  0.2886245190355881  0.46263430973192393  0.39053845631619866  0.28772641113428254  0.45673595279604384  0.3711425763653382  0.43605439398046575  0.552462442180376  0.4401318985014592  0.4491981903303085
0.20486436674478012  0.14060646681585331  0.5462032984495384  0.5868488469157884  0.3100174239489861  0.4405889107185499  0.3063816157968105  0.49638043808118265  0.3980687489605127  0.2933589399459512  0.4845403712222677  0.37822125413172175  0.4388714849351228  0.5986464099255961  0.41697927281448194  0.47859768521573826
0.23202788695039603  0.11445759118925675  0.558282371639131  0.6214766927734808  0.28942621311213645  0.45748672146131797  0.2827243643377911  0.45981146084254576  0.3940556435578981  0.3048289101009951  0.4546941471144628  0.38190966859124165  0.4317764474938922  0.5506976193321844  0.4154757047384935  0.4888256627532922
0.23202788695039603  0.11445759118925675  0.558282371639131  0.6214766927734808  0.28942621311213645  0.45748672146131797  0.2827243643377911  0.45981146084254576  0.3940556435578981  0.3048289101009951  0.4546941471144628  0.38190966859124165  0.4317764474938922  0.5506976193321844  0.4154757047384935  0.4888256627532922
0.24585680957223346  0.10512470861363421  0.5612677053846489  0.6222359856275563  0.297568272480296  0.4411477107945941  0.3082007488200333  0.5053190833538367  0.3967814988029582  0.3038543632764855  0.4789251838582752  0.3844597744102133  0.43225318974364385  0.5806072304411192  0.4070320207969602  0.5090861911830977
0.24585680957223346  0.10512470861363421  0.5612677053846489  0.6222359856275563  0.297568272480296  0.4411477107945941  0.3082007488200333  0.5053190833538367  0.3967814988029582  0.3038543632764855  0.4789251838582752  0.3844597744102133  0.43225318974364385  0.5806072304411192  0.4070320207969602  0.5090861911830977
0.3027141498303391  0.06930673303963014  0.5689583490232661  0.6461278342131179  0.3270768409303129  0.4315255265458523  0.3759827026999947  0.5555016890015229  0.4589347551250704  0.38516076831360146  0.5771228039267821  0.4915991367519457  0.527158426618914  0.54895410535038  0.4201656788528607  0.49375568821264165
0.33014569298106605  0.05245999867147105  0.5684357236012286  0.6409535812968262  0.35373963562613153  0.417955816135528  0.43440956226963273  0.5916902240681159  0.4935543760417606  0.4240697904420786  0.6087591766521271  0.5141026925548304  0.5166882482688091  0.5870308640933488  0.4148996854118673  0.5316909383635126
0.3433330562847373  0.04477004412961877  0.5609862565964161  0.6393092630834808  0.3701000024402946  0.44374989522963326  0.4585733005953736  0.5535993084098556  0.5295750270276223  0.4851182606036165  0.6132310455551667  0.5326643615326617  0.5329034032888776  0.5620662533284763  0.403685917662084  0.5047862215095005
0.36966961243552166  0.03143983584492843  0.5484866061080389  0.6288215886448311  0.4030478365694993  0.47181452346620434  0.5027905607242492  0.4982199373252628  0.576384129536617  0.5601284435315659  0.5962366277763779  0.5587186646085374  0.5308327164134804  0.5225178956821068  0.41612280770752214  0.48151994127412706
0.3862545534262313  0.03408915951501085  0.5516594091163409  0.6373201737048996  0.43453945228091795  0.44575251953715544  0.5253375921559016  0.533773720195392  0.535391789089723  0.5752085747136118  0.6377135008941938  0.566215388475013  0.5301285177577204  0.5095206491570564  0.48402143594135827  0.47608093106632615
0.39947043230798096  0.028005634673552326  0.5438393428048881  0.6290258082544804  0.4558183261848563  0.46106995424919506  0.5535608682499509  0.5093215274314571  0.5615976226653729  0.6107531055949023  0.6311052624864648  0.5751807971790894  0.5226480053513811  0.5230520286629344  0.4902629808094288  0.4673958472008417
0.4033709180012004  0.03914312271343462  0.5490934696109028  0.641375633709222  0.4795324822901002  0.4623259493438549  0.5428734145340756  0.5034204678117855  0.5339024124397099  0.6333024798463651  0.6561993034509804  0.5900509065724086  0.5198403432732174  0.533060284513079  0.5233975035936669  0.44957960844561995
0.4073921858572571  0.049672862657541006  0.5541987575355863  0.6535206552896817  0.49931363886918123  0.4605478208424111  0.5356072851976363  0.4907555228828332  0.5113854228235251  0.6416483177154471  0.6853813133053183  0.6206132266295037  0.5109486615006535  0.54374893755875  0.5672442569759197  0.42147079759345035
0.4073921858572571  0.049672862657541006  0.5541987575355863  0.6535206552896817  0.49931363886918123  0.4605478208424111  0.5356072851976363  0.4907555228828332  0.5113854228235251  0.6416483177154471  0.6853813133053183  0.6206132266295037  0.5109486615006535  0.54374893755875  0.5672442569759197  0.42147079759345035
0.4073921858572571  0.049672862657541006  0.5541987575355863  0.6535206552896817  0.49931363886918123  0.4605478208424111  0.5356072851976363  0.4907555228828332  0.5113854228235251  0.6416483177154471  0.6853813133053183  0.6206132266295037  0.5109486615006535  0.54374893755875  0.5672442569759197  0.42147079759345035
0.4073921858572571  0.049672862657541006  0.5541987575355863  0.6535206552896817  0.49931363886918123  0.4605478208424111  0.5356072851976363  0.4907555228828332  0.5113854228235251  0.6416483177154471  0.6853813133053183  0.6206132266295037  0.5109486615006535  0.54374893755875  0.5672442569759197  0.42147079759345035
0.413524628827861  0.02536448041059347  0.5402566884825805  0.6093371424504195  0.4758049402172446  0.45819995979674993  0.5764243886789341  0.4947009684901844  0.5678918878408195  0.589062562759112  0.5810200129256219  0.5918257344538449  0.478247124277313  0.5558730010246657  0.5086469918566768  0.4569710407595926
0.413524628827861  0.02536448041059347  0.5402566884825805  0.6093371424504195  0.4758049402172446  0.45819995979674993  0.5764243886789341  0.4947009684901844  0.5678918878408195  0.589062562759112  0.5810200129256219  0.5918257344538449  0.478247124277313  0.5558730010246657  0.5086469918566768  0.4569710407595926
0.4095033609718043  0.014834740466487084  0.5351514005578969  0.5971921208699598  0.45602378363816354  0.4599780882981938  0.5836905180153734  0.5073659134191367  0.5904088774570044  0.5807167248900302  0.551838003071284  0.5612634143967498  0.4871388060498768  0.5451843479789946  0.46480023847442403  0.48507985161176215
0.4095033609718043  0.014834740466487084  0.5351514005578969  0.5971921208699598  0.45602378363816354  0.4599780882981938  0.5836905180153734  0.5073659134191367  0.5904088774570044  0.5807167248900302  0.551838003071284  0.5612634143967498  0.4871388060498768  0.5451843479789946  0.46480023847442403  0.48507985161176215
0.4074392917042918  0.010754536803696535  0.5346710142206919  0.5903940648079187  0.44883713020452043  0.45771054212820406  0.5860231818847754  0.5077797725963478  0.5971861080373592  0.5937127535707176  0.5539598976403882  0.5017093384126968  0.4484352795218787  0.5405767595631745  0.39978574608261735  0.4962395684296641
0.4074392917042918  0.010754536803696535  0.5346710142206919  0.5903940648079187  0.44883713020452043  0.45771054212820406  0.5860231818847754  0.5077797725963478  0.5971861080373592  0.5937127535707176  0.5539598976403882  0.5017093384126968  0.4484352795218787  0.5405767595631745  0.39978574608261735  0.4962395684296641
0.39443937486621816  0.014256311380481612  0.5416029235476569  0.6071407140761764  0.42846365086536875  0.4601125024092582  0.5606171983714913  0.5192476671974577  0.6039979202175546  0.597630434963114  0.6014398565715117  0.5033361478737909  0.48131857513556303  0.5133269530936491  0.3721084659216348  0.4780041584096404
0.3808214220497588  0.021276107340679418  0.540186153459381  0.6137291671323708  0.4171400570397946  0.4848644120082542  0.5333465006877005  0.47418160373853907  0.6093671936926217  0.6086690030935439  0.5917502839377533  0.5081299973285608  0.4846486774791431  0.5314416867721647  0.357349860183786  0.48399457422654457
0.3675735563981025  0.026261142465967835  0.5464039273661155  0.6262912896656195  0.39544670779827373  0.4829842349550925  0.5038021540604266  0.48518741787129827  0.5998231929351078  0.5961633915457084  0.6186707104101604  0.5024271214393294  0.5149831659045754  0.49668184528365217  0.33464782024997997  0.460608559579826
0.3675735563981025  0.026261142465967835  0.5464039273661155  0.6262912896656195  0.39544670779827373  0.4829842349550925  0.5038021540604266  0.48518741787129827  0.5998231929351078  0.5961633915457084  0.6186707104101604  0.5024271214393294  0.5149831659045754  0.49668184528365217  0.33464782024997997  0.460608559579826
0.34077256789598576  0.04103664261956494  0.5497824538906023  0.6333792351375391  0.37029690813246796  0.49222278956845444  0.4607508460073662  0.4478347165898482  0.5814435099837217  0.5791045132481042  0.5843016814405282  0.5046797241856558  0.49232343019720354  0.5148088266614921  0.318846036732131  0.5156078864701473
0.3269610761465969  0.04997974041349523  0.5478233394271396  0.6345111686545502  0.3602606392796685  0.5093252984856398  0.4334240206407692  0.4061512266910622  0.5752740077623602  0.5788828494758443  0.5585805086410159  0.5016637751492614  0.4924448885638001  0.5022494279157712  0.3211985595375451  0.5106586636243332
0.3269610761465969  0.04997974041349523  0.5478233394271396  0.6345111686545502  0.3602606392796685  0.5093252984856398  0.4334240206407692  0.4061512266910622  0.5752740077623602  0.5788828494758443  0.5585805086410159  0.5016637751492614  0.4924448885638001  0.5022494279157712  0.3211985595375451  0.5106586636243332
0.3269610761465969  0.04997974041349523  0.5478233394271396  0.6345111686545502  0.3602606392796685  0.5093252984856398  0.4334240206407692  0.4061512266910622  0.5752740077623602  0.5788828494758443  0.5585805086410159  0.5016637751492614  0.4924448885638001  0.5022494279157712  0.3211985595375451  0.5106586636243332
0.34077256789598576  0.04103664261956494  0.5497824538906023  0.6333792351375391  0.37029690813246796  0.49222278956845444  0.4607508460073662  0.4478347165898482  0.5814435099837217  0.5791045132481042  0.5843016814405282  0.5046797241856558  0.49232343019720354  0.5148088266614921  0.318846036732131  0.5156078864701473
0.35435767751635283  0.032344667307426356  0.5542239936775684  0.6345856551160388  0.37416783389433533  0.46766680024305285  0.4755788779663773  0.5096396106352331  0.5736173593594578  0.5606188606644179  0.6252789488178893  0.493461712735253  0.5224636783109146  0.4831504657777741  0.3284062753819094  0.46929364344531044
0.39443937486621816  0.014256311380481612  0.5416029235476569  0.6071407140761764  0.42846365086536875  0.4601125024092582  0.5606171983714913  0.5192476671974577  0.6039979202175546  0.597630434963114  0.6014398565715117  0.5033361478737909  0.48131857513556303  0.5133269530936491  0.3721084659216348  0.4780041584096404
0.39443937486621816  0.014256311380481612  0.5416029235476569  0.6071407140761764  0.42846365086536875  0.4601125024092582  0.5606171983714913  0.5192476671974577  0.6039979202175546  0.597630434963114  0.6014398565715117  0.5033361478737909  0.48131857513556303  0.5133269530936491  0.3721084659216348  0.4780041584096404
0.4074392917042918  0.010754536803696535  0.5346710142206919  0.5903940648079187  0.44883713020452043  0.45771054212820406  0.5860231818847754  0.5077797725963478  0.5971861080373592  0.5937127535707176  0.5539598976403882  0.5017093384126968  0.4484352795218787  0.5405767595631745  0.39978574608261735  0.4962395684296641
0.4435472024761043  0.007565089919156942  0.4879791284761488  0.5448957554226214  0.501279979865789  0.5121566268494031  0.5841274114391802  0.4660503445073219  0.616725703221881  0.5256419663404963  0.6275772933207752  0.47396112156517833  0.45851796169208214  0.4933474563497491  0.4381212417691851  0.49541183975152736
0.4435472024761043  0.007565089919156942  0.4879791284761488  0.5448957554226214  0.501279979865789  0.5121566268494031  0.5841274114391802  0.4660503445073219  0.616725703221881  0.5256419663404963  0.6275772933207752  0.47396112156517833  0.45851796169208214  0.4933474563497491  0.4381212417691851  0.49541183975152736
0.4806836568697199  0.00471174269279534  0.4592959577880885  0.4916034912985475  0.5446746440619353  0.5059995865527498  0.5964268970484988  0.4585316127030644  0.5706799502922026  0.4430849524848539  0.5816722129731082  0.44195811256962697  0.41906961923184805  0.4811196755717729  0.4707376367956284  0.49811626023004596
0.5048507409533327  0.004646978951345471  0.44071058804671615  0.45738576667713954  0.5628195094577513  0.49319351999379263  0.5910069208244166  0.4725275671915231  0.5344734373249291  0.3838507863830531  0.5652156764157992  0.43013798273102627  0.3974760495188396  0.4718387059888303  0.4683405979419221  0.519156618601962
0.5171644123359367  0.004916232526358977  0.43155027882203456  0.43546946464450254  0.5767211180760026  0.4892510880020132  0.6006761640813382  0.4534538268828293  0.5035204474278605  0.3684856001741817  0.5019674810586079  0.4201670202441438  0.38809394729497826  0.48209898375449006  0.47380818715039164  0.5092642046600447
0.5171644123359367  0.004916232526358977  0.43155027882203456  0.43546946464450254  0.5767211180760026  0.4892510880020132  0.6006761640813382  0.4534538268828293  0.5035204474278605  0.3684856001741817  0.5019674810586079  0.4201670202441438  0.38809394729497826  0.48209898375449006  0.47380818715039164  0.5092642046600447
0.5171644123359367  0.004916232526358977  0.43155027882203456  0.43546946464450254  0.5767211180760026  0.4892510880020132  0.6006761640813382  0.4534538268828293  0.5035204474278605  0.3684856001741817  0.5019674810586079  0.4201670202441438  0.38809394729497826  0.48209898375449006  0.47380818715039164  0.5092642046600447
0.5048507409533327  0.004646978951345471  0.44071058804671615  0.45738576667713954  0.5628195094577513  0.49319351999379263  0.5910069208244166  0.4725275671915231  0.5344734373249291  0.3838507863830531  0.5652156764157992  0.43013798273102627  0.3974760495188396  0.4718387059888303  0.4683405979419221  0.519156618601962
0.49382153955685637  0.0015981820070899433  0.4590259286644168  0.4752424246308897  0.5555219768703965  0.4752112354817543  0.613809538678866  0.4834649891512056  0.5484598314257909  0.42049261666547794  0.5574644928011072  0.4295517582360338  0.4056653674238457  0.42388878627818866  0.4949974687125238  0.4944435358841142
0.43200562007837906  0.007523684006403852  0.5062735597957849  0.5586928048718093  0.48731952777502613  0.4895559368248219  0.5970864352870869  0.47369558301154613  0.6037262240188211  0.5572649179631292  0.5674865533168233  0.48506238000754004  0.43570446658335527  0.5455873445579424  0.4294302445806886  0.4925717118266103
0.4074392917042918  0.010754536803696535  0.5346710142206919  0.5903940648079187  0.44883713020452043  0.45771054212820406  0.5860231818847754  0.5077797725963478  0.5971861080373592  0.5937127535707176  0.5539598976403882  0.5017093384126968  0.4484352795218787  0.5405767595631745  0.39978574608261735  0.4962395684296641
0.4074392917042918  0.010754536803696535  0.5346710142206919  0.5903940648079187  0.44883713020452043  0.45771054212820406  0.5860231818847754  0.5077797725963478  0.5971861080373592  0.5937127535707176  0.5539598976403882  0.5017093384126968  0.4484352795218787  0.5405767595631745  0.39978574608261735  0.4962395684296641
0.4074392917042918  0.010754536803696535  0.5346710142206919  0.5903940648079187  0.44883713020452043  0.45771054212820406  0.5860231818847754  0.5077797725963478  0.5971861080373592  0.5937127535707176  0.5539598976403882  0.5017093384126968  0.4484352795218787  0.5405767595631745  0.39978574608261735  0.4962395684296641
0.39443937486621816  0.014256311380481612  0.5416029235476569  0.6071407140761764  0.42846365086536875  0.4601125024092582  0.5606171983714913  0.5192476671974577  0.6039979202175546  0.597630434963114  0.6014398565715117  0.5033361478737909  0.48131857513556303  0.5133269530936491  0.3721084659216348  0.4780041584096404
0.39443937486621816  0.014256311380481612  0.5416029235476569  0.6071407140761764  0.42846365086536875  0.4601125024092582  0.5606171983714913  0.5192476671974577  0.6039979202175546  0.597630434963114  0.6014398565715117  0.5033361478737909  0.48131857513556303  0.5133269530936491  0.3721084659216348  0.4780041584096404
0.4074392917042918  0.010754536803696535  0.5346710142206919  0.5903940648079187  0.44883713020452043  0.45771054212820406  0.5860231818847754  0.5077797725963478  0.5971861080373592  0.5937127535707176  0.5539598976403882  0.5017093384126968  0.4484352795218787  0.5405767595631745  0.39978574608261735  0.4962395684296641
0.4205820025154995  0.0077079569202596065  0.5354382007218427  0.5744937491272933  0.45970316360613633  0.4264464082940802  0.6033752602315875  0.5359916213465961  0.5729954579612269  0.572185907122179  0.5291279578780171  0.48910535468152466  0.439171096350375  0.4854614162755322  0.42390724088742093  0.498816593348928
0.43371988520263594  0.0045943962345541545  0.535168171598171  0.5581326824596355  0.47055049641459745  0.3956580572230847  0.6207579018619549  0.5609249977947374  0.5507753390948151  0.5495935713028031  0.504920237706016  0.4766990003479315  0.4257668445423726  0.428230526981948  0.44816707280431634  0.4951438690029963
0.43371988520263594  0.0045943962345541545  0.535168171598171  0.5581326824596355  0.47055049641459745  0.3956580572230847  0.6207579018619549  0.5609249977947374  0.5507753390948151  0.5495935713028031  0.504920237706016  0.4766990003479315  0.4257668445423726  0.428230526981948  0.44816707280431634  0.4951438690029963
0.5194776600310747  0.1033304620167966  0.6788991783530209  0.5015066677709887  0.61137977454772  0.30876102663860927  0.5063340326412132  0.5641487194633023  0.6562114984593008  0.5077315864498284  0.3817500391716474  0.4600777891590264  0.30754334983772047  0.36071585552814067  0.15965523496311512  0.4475139812585934
0.5817780266491107  0.20338991593158412  0.8110869510593922  0.46331462309083454  0.6454235920836098  0.2722205260412971  0.43483473020068486  0.5184690472524244  0.6981834285493556  0.5650948299582204  0.48826514015218136  0.4734223366837196  0.2174115455721353  0.3668136940729209  0.2761942544664666  0.5187254094740008
0.6154923656249337  0.2034239525759797  0.8028923380874013  0.3741636104978774  0.5942276298683034  0.283797900065649  0.48948883518717734  0.4625057101991598  0.7137319916751066  0.47948000871687535  0.37358757750140587  0.40990310205563757  0.1809259118225312  0.40301782343662035  0.33360800193878826  0.46129014003357677
0.6417851389593501  0.19063188590199776  0.7465519118447833  0.297551251843454  0.5269703813808243  0.3373909359733951  0.5146696510892542  0.417175950937266  0.7324662993281417  0.41753758094109045  0.4416761307411247  0.3243728329605132  0.3451941470220424  0.33246301310324566  0.33519061533375494  0.4852467955915004
0.6454671741997481  0.163476757709741  0.6754953321395571  0.25720412360026623  0.47435857924354907  0.351345337540979  0.5352804383829606  0.3759834599951822  0.6341682588470205  0.4620776608120702  0.48451905765379105  0.29031402348635194  0.478367992942986  0.3427615238159795  0.37492766820489565  0.5908005902357121
0.619481330252004  0.11475129059099565  0.5993636480715422  0.26272374046535935  0.4179729209454924  0.349185601474896  0.5874714313676788  0.3524685338231534  0.5340856519917906  0.50896794103571  0.544272453342836  0.33125199122694804  0.5432884721713737  0.34736206591586066  0.5046251887938775  0.6608557462416695
0.54962104725427  0.02796660836851389  0.47960458750524365  0.3680373339024999  0.5112236526101751  0.3645784345777262  0.5958505240433692  0.4025708865495926  0.45516744208508864  0.4868321551930264  0.5153601300823333  0.4175995345872619  0.48872469073829405  0.3648991993858456  0.4094952153133154  0.5467633207764944
0.5396794245763176  0.00890860656621073  0.4113340542852668  0.4058314534918386  0.5829645519178404  0.4750601274428682  0.5676973268006189  0.4772243818957429  0.49014373932520355  0.3424875925306954  0.538178277298023  0.4007767153586608  0.40156289509119025  0.3661899343336406  0.46420146960700015  0.5165260104243257
0.5269105516485753  0.007242147012182454  0.4050460967506113  0.4330650315137635  0.5840639009762254  0.5168979113963769  0.5631948640914419  0.4935234721872149  0.5400910020032351  0.34719786268601094  0.6128904029012002  0.40095454803170466  0.40413418547110797  0.3554830270441883  0.5020822680155929  0.4801150573892809
0.4753788903237536  0.01993941354461265  0.42123690438008254  0.4898716796698549  0.5365382774593273  0.5730817625022766  0.509533722336354  0.4476969213459376  0.6210944461655873  0.4207145604998116  0.708281574712462  0.44524075544810826  0.42414393705862247  0.40795280614487656  0.4481384273292584  0.5615512810236541
0.4219237995534809  0.0438382402845828  0.4209193554494136  0.5227375414498463  0.49403363698788383  0.6501296427896435  0.42909563960599933  0.33136704243549975  0.6638078664125633  0.4733039905400388  0.7303759960907487  0.4729643976016284  0.43626836693725796  0.4725204530097652  0.3806175407750976  0.5979695383203157
0.35948138975089805  0.06425653118644445  0.46294796623385237  0.5551901697614146  0.44705321271375736  0.6206810133185555  0.4296453329884815  0.27223882844672176  0.6682012151905885  0.5735929936654345  0.6281016345586934  0.5028045468728835  0.43879404631101654  0.40984767669353483  0.3800990425302805  0.611838007088197
0.3187228562210406  0.09088773572886466  0.4614860663654697  0.5546321340981613  0.42241236754394756  0.6375797851765485  0.3816404381959727  0.23360531712747995  0.6598148762139365  0.5776410065415021  0.6242399604759938  0.4983726770831911  0.47614091038074174  0.31707938201586694  0.36317015200883246  0.5784663451335668
0.20029130127336126  0.16935539151999568  0.47229018819630014  0.508050087366867  0.4065100222667397  0.6024341283996351  0.3832695569318837  0.14700583364682102  0.6058691855149021  0.612394501945746  0.4375445087395792  0.4918119518929098  0.45781563633414846  0.18506785864187209  0.42867538944783284  0.4653028199212804
0.14820513247474612  0.20163112446927417  0.4861411438468435  0.4963062854387005  0.39110401635600556  0.5563631846097236  0.39770335104585863  0.19851634800312984  0.579299336299746  0.627560587874905  0.3990348543869935  0.5022557169928866  0.4569179168919543  0.19874779973861945  0.40686861790372847  0.4665400643525992
0.13448542935373864  0.21160545027022098  0.4864198155559747  0.4926275276276339  0.3820146562110133  0.5477464156975796  0.3749258406903835  0.21206717953623516  0.5464775582542354  0.5764923739535894  0.38327267528712206  0.47652928452308974  0.4516628216744819  0.19276111057842454  0.42995136050430643  0.4396664289869816
0.06689840798698371  0.269929633878033  0.4746376009519372  0.4320511320221059  0.39731052784858917  0.48554817289601454  0.38485238805527483  0.3283067204855348  0.4960868085086323  0.47215616716116793  0.413442187308832  0.43976127845219265  0.4357997201379501  0.2883941426990473  0.4531146898647434  0.4493823256829491
0.053440034588704305  0.2836604088073523  0.467171694145275  0.4113218904783213  0.41226668930496874  0.4774253333723877  0.4090792759330645  0.3452678256439977  0.5113097637589802  0.48894321740891244  0.4370775878071942  0.45045994192444033  0.44199111497949134  0.29867299756040355  0.43766362474404163  0.46074196922951133
0.026918771307693212  0.30565726924968706  0.46649601966528753  0.3890730160227538  0.4151572080298073  0.4433712726649452  0.41724905907394727  0.4082421546386171  0.4861221194443594  0.44175511801167044  0.4484720450466309  0.4377985925893584  0.4233762486657832  0.3737618665463437  0.43555069286101744  0.5064374110999842
0.013341312580118725  0.31907622849658923  0.4596940340863864  0.3698096283785633  0.428253798338184  0.43270927224433153  0.4349043211995518  0.4323429348490846  0.49319377149511157  0.44014629274226513  0.47336268138050647  0.43962842492613224  0.42964239887433076  0.4060607510203427  0.4298963953221739  0.5013468048502981
0.013341312580118725  0.31907622849658923  0.4596940340863864  0.3698096283785633  0.428253798338184  0.43270927224433153  0.4349043211995518  0.4323429348490846  0.49319377149511157  0.44014629274226513  0.47336268138050647  0.43962842492613224  0.42964239887433076  0.4060607510203427  0.4298963953221739  0.5013468048502981
0.013341312580118725  0.31907622849658923  0.4596940340863864  0.3698096283785633  0.428253798338184  0.43270927224433153  0.4349043211995518  0.4323429348490846  0.49319377149511157  0.44014629274226513  0.47336268138050647  0.43962842492613224  0.42964239887433076  0.4060607510203427  0.4298963953221739  0.5013468048502981
0.0  0.3323147355008087  0.4535388505285417  0.3507532968586308  0.44155069246321926  0.42011775922009226  0.45422247678997535  0.46701248434897547  0.499443092203253  0.435951456965589  0.5056884107576229  0.439701452707016  0.44112898552446095  0.4542854924337379  0.4163013136007501  0.49654122591279165
0.0  0.3323147355008087  0.4535388505285417  0.3507532968586308  0.44155069246321926  0.42011775922009226  0.45422247678997535  0.46701248434897547  0.499443092203253  0.435951456965589  0.5056884107576229  0.439701452707016  0.44112898552446095  0.4542854924337379  0.4163013136007501  0.49654122591279165
0.0  0.3323147355008087  0.4535388505285417  0.3507532968586308  0.44155069246321926  0.42011775922009226  0.45422247678997535  0.46701248434897547  0.499443092203253  0.435951456965589  0.5056884107576229  0.439701452707016  0.44112898552446095  0.4542854924337379  0.4163013136007501  0.49654122591279165
0.0  0.3323147355008087  0.4535388505285417  0.3507532968586308  0.44155069246321926  0.42011775922009226  0.45422247678997535  0.46701248434897547  0.499443092203253  0.435951456965589  0.5056884107576229  0.439701452707016  0.44112898552446095  0.4542854924337379  0.4163013136007501  0.49654122591279165
0.0  0.3323147355008087  0.4535388505285417  0.3507532968586308  0.44155069246321926  0.42011775922009226  0.45422247678997535  0.46701248434897547  0.499443092203253  0.435951456965589  0.5056884107576229  0.439701452707016  0.44112898552446095  0.4542854924337379  0.4163013136007501  0.49654122591279165
0.0  0.3323147355008087  0.4535388505285417  0.3507532968586308  0.44155069246321926  0.42011775922009226  0.45422247678997535  0.46701248434897547  0.499443092203253  0.435951456965589  0.5056884107576229  0.439701452707016  0.44112898552446095  0.4542854924337379  0.4163013136007501  0.49654122591279165
0.0  0.3323147355008087  0.4535388505285417  0.3507532968586308  0.44155069246321926  0.42011775922009226  0.45422247678997535  0.46701248434897547  0.499443092203253  0.435951456965589  0.5056884107576229  0.439701452707016  0.44112898552446095  0.4542854924337379  0.4163013136007501  0.49654122591279165
0.0  0.3323147355008087  0.4535388505285417  0.3507532968586308  0.44155069246321926  0.42011775922009226  0.45422247678997535  0.46701248434897547  0.499443092203253  0.435951456965589  0.5056884107576229  0.439701452707016  0.44112898552446095  0.4542854924337379  0.4163013136007501  0.49654122591279165
0.0  0.3323147355008087  0.4535388505285417  0.3507532968586308  0.44155069246321926  0.42011775922009226  0.45422247678997535  0.46701248434897547  0.499443092203253  0.435951456965589  0.5056884107576229  0.439701452707016  0.44112898552446095  0.4542854924337379  0.4163013136007501  0.49654122591279165
0.013341312580118725  0.31907622849658923  0.4596940340863864  0.3698096283785633  0.428253798338184  0.43270927224433153  0.4349043211995518  0.4323429348490846  0.49319377149511157  0.44014629274226513  0.47336268138050647  0.43962842492613224  0.42964239887433076  0.4060607510203427  0.4298963953221739  0.5013468048502981
0.09444418421555326  0.23747157223629745  0.5012006075928057  0.4887290409778949  0.34474758212757894  0.4844572914553956  0.3083823210157719  0.3116003310280819  0.42834142119464386  0.37906072391545154  0.3375910157114373  0.4015809636309047  0.3801793895153783  0.33193274736403466  0.4943531083611818  0.5029858683451534
0.16293810292320116  0.1748721941207489  0.5263160485859104  0.5610314784341466  0.3133758445490994  0.5073551108966157  0.2817499997743605  0.28984424133102804  0.4383849019802439  0.4006055835400258  0.350716447350248  0.41609117823722913  0.3957380019958756  0.3715331676962129  0.4502998248436566  0.5117139676570416
0.29951210212342133  0.06721625956334662  0.5473197455671219  0.6377941951997552  0.33549205406848975  0.5221315106455027  0.3768476019554859  0.3661385590119643  0.5440980338219715  0.5411700379441365  0.5284342719713709  0.47962606256379947  0.5023168662975568  0.44682245680958865  0.3325557141146578  0.45741210788947084
0.40733413686384323  0.012692992045547968  0.5416559746285771  0.587055871660542  0.4380098143646154  0.42456623124091847  0.5738309136043136  0.5469974354793553  0.5634514572037128  0.5596802955743436  0.5560483843504241  0.4834024787922933  0.46950558477580717  0.45070157478701955  0.4012052009536149  0.47543057870220945
0.44655074182754223  0.0011609841095996942  0.5243896674269859  0.542870176325011  0.4932415310015953  0.4060372924847902  0.6425979669457407  0.539660067821371  0.5503618126961667  0.5503462517537471  0.4729420648798353  0.47162251734173405  0.3997303436028859  0.4600014542878909  0.46988932894023927  0.4826136456221336
0.4829009932425857  0.0003106594877665958  0.48573291781458416  0.48742112540889004  0.5400093480389276  0.42779847179986863  0.6510894112635437  0.491103109664898  0.5124041172275501  0.48628459072037566  0.4208720858671654  0.43985941726696465  0.38579809081838967  0.4441810371563115  0.4987040962483964  0.454004517283446
0.5375813357197374  0.01065684530347255  0.38416610638167153  0.41807574929549673  0.5906731807863049  0.5401728540435802  0.5317923728119845  0.49804682264445843  0.5394013479709331  0.309009428995459  0.6520186159966338  0.39182717992527877  0.3999844696970861  0.37252998816582655  0.48307916082009383  0.49156618199647245
0.5711709997736232  0.018775032347574716  0.33566130328385624  0.36297957602098635  0.6124403838453285  0.5712114278009419  0.4828336304967447  0.47119450922169415  0.48380803139054374  0.2306466401389188  0.6195949201479035  0.37898461749650636  0.3677981204053548  0.46905909760823533  0.42948988040567787  0.49790060130712505
0.5831158145444439  0.021169014572995137  0.32820813111351244  0.33940667050719836  0.6161566321090087  0.5576283096202532  0.481281949890004  0.45214912386299594  0.4486455444828082  0.2250327635916058  0.5680650570075325  0.3713415674591611  0.3744081893525148  0.45832821935939383  0.41741687646614317  0.47674440060171713
0.595414970793697  0.022613424450270037  0.33067839940831467  0.3177497441364063  0.6153779997734459  0.5219882509173601  0.4780942568816579  0.45903590049812726  0.41953413163131087  0.22054170141986182  0.5441067591125709  0.36085323292739435  0.3841023952828843  0.3962047858170471  0.4009601990502729  0.48915333555923457
0.595414970793697  0.022613424450270037  0.33067839940831467  0.3177497441364063  0.6153779997734459  0.5219882509173601  0.4780942568816579  0.45903590049812726  0.41953413163131087  0.22054170141986182  0.5441067591125709  0.36085323292739435  0.3841023952828843  0.3962047858170471  0.4009601990502729  0.48915333555923457
0.595414970793697  0.022613424450270037  0.33067839940831467  0.3177497441364063  0.6153779997734459  0.5219882509173601  0.4780942568816579  0.45903590049812726  0.41953413163131087  0.22054170141986182  0.5441067591125709  0.36085323292739435  0.3841023952828843  0.3962047858170471  0.4009601990502729  0.48915333555923457
0.5831158145444439  0.021169014572995137  0.32820813111351244  0.33940667050719836  0.6161566321090087  0.5576283096202532  0.481281949890004  0.45214912386299594  0.4486455444828082  0.2250327635916058  0.5680650570075325  0.3713415674591611  0.3744081893525148  0.45832821935939383  0.41741687646614317  0.47674440060171713
0.5831158145444439  0.021169014572995137  0.32820813111351244  0.33940667050719836  0.6161566321090087  0.5576283096202532  0.481281949890004  0.45214912386299594  0.4486455444828082  0.2250327635916058  0.5680650570075325  0.3713415674591611  0.3744081893525148  0.45832821935939383  0.41741687646614317  0.47674440060171713
0.5831158145444439  0.021169014572995137  0.32820813111351244  0.33940667050719836  0.6161566321090087  0.5576283096202532  0.481281949890004  0.45214912386299594  0.4486455444828082  0.2250327635916058  0.5680650570075325  0.3713415674591611  0.3744081893525148  0.45832821935939383  0.41741687646614317  0.47674440060171713
0.5711709997736232  0.018775032347574716  0.33566130328385624  0.36297957602098635  0.6124403838453285  0.5712114278009419  0.4828336304967447  0.47119450922169415  0.48380803139054374  0.2306466401389188  0.6195949201479035  0.37898461749650636  0.3677981204053548  0.46905909760823533  0.42948988040567787  0.49790060130712505
0.5711709997736232  0.018775032347574716  0.33566130328385624  0.36297957602098635  0.6124403838453285  0.5712114278009419  0.4828336304967447  0.47119450922169415  0.48380803139054374  0.2306466401389188  0.6195949201479035  0.37898461749650636  0.3677981204053548  0.46905909760823533  0.42948988040567787  0.49790060130712505
0.4989870708387894  0.01654773229760148  0.392829258228874  0.472253433676417  0.5550582059579767  0.6061677709404789  0.48738840957788365  0.46397533775476274  0.6167651068105459  0.36849379747224514  0.7643064712881975  0.42680848047692654  0.43203500690045354  0.47461594298139326  0.42923024488992534  0.5025542953650577
0.4883162867676271  0.013133034006311384  0.4137092485978138  0.4872427158946837  0.5484489261478971  0.5828928282932756  0.518790900857341  0.4594519872975192  0.6174547608428479  0.40668223116279706  0.7251782581927639  0.4359358485833524  0.4361847226744754  0.45756898185975503  0.44823335208542436  0.4911031707578661
0.44076314162915864  0.01361482865851893  0.4722245449715438  0.5536613199090071  0.48792856670403795  0.5360076852742055  0.5289302836535229  0.4944020174862141  0.6392722201509168  0.5080527022611503  0.7352263463862752  0.4666859606725561  0.4951759991716088  0.41231203400172084  0.4172939214806813  0.4720293005382671
0.3675735563981025  0.026261142465967835  0.5464039273661155  0.6262912896656195  0.39544670779827373  0.4829842349550925  0.5038021540604266  0.48518741787129827  0.5998231929351078  0.5961633915457084  0.6186707104101604  0.5024271214393294  0.5149831659045754  0.49668184528365217  0.33464782024997997  0.460608559579826
0.3675735563981025  0.026261142465967835  0.5464039273661155  0.6262912896656195  0.39544670779827373  0.4829842349550925  0.5038021540604266  0.48518741787129827  0.5998231929351078  0.5961633915457084  0.6186707104101604  0.5024271214393294  0.5149831659045754  0.49668184528365217  0.33464782024997997  0.460608559579826
0.31272798100517096  0.0611327347218881  0.539499679255669  0.6294998297493359  0.35677092797242815  0.5374489453575423  0.40507087804953523  0.34168636624802945  0.5703038673976215  0.5767145688254272  0.521826033563642  0.4885914712678759  0.4948363538912175  0.4603538363154666  0.33879725898272833  0.4487270240239864
0.27191532753411646  0.08850132431486893  0.5383175437555362  0.6248960434754318  0.3322921918117283  0.549293929548501  0.34868118200779585  0.2778725693603247  0.5429094256932386  0.5516438432013303  0.46010194886369754  0.4812463843038998  0.4661466240927671  0.41922586543262463  0.3547448339511091  0.47925288942308597
0.2580034167427927  0.09918647763215818  0.5350553190238  0.6197548237320784  0.32687904413269664  0.5581792348926587  0.32864713301148873  0.24678230612304922  0.5308878753364588  0.5423524847137009  0.42944866952082206  0.4733661722218557  0.4605301766845014  0.39177387189163343  0.37308834793024936  0.46557209534310484
0.23109635031811396  0.11685075797495725  0.5427834577377437  0.6177203841343571  0.3014293171735414  0.5237683868864096  0.28170588433027277  0.2984240533144147  0.4620454463050866  0.43023580063084743  0.4092146215179111  0.4290780707742275  0.43905992644696057  0.4107517934963111  0.4073848582806106  0.4656031768314994
0.2172120387043707  0.12909246088526616  0.5374862293176446  0.6054298113918404  0.3048284788157576  0.5253180405791421  0.27705625571521997  0.28078808682386236  0.45838027387472857  0.4270359665613504  0.39155788105395484  0.4242976860240897  0.43563543697265195  0.36889699329568143  0.4300543374642538  0.4399062273188968
0.20348763881421236  0.140925421120728  0.5313402916977351  0.5934429711110901  0.30992227227317776  0.5360938177208834  0.27759580744547624  0.24425840912897917  0.4700844891458995  0.44672383680909056  0.3678807778365737  0.43317903462553464  0.41385702244258815  0.35975270347188326  0.43142038094639573  0.4839003036569835
0.20348763881421236  0.140925421120728  0.5313402916977351  0.5934429711110901  0.30992227227317776  0.5360938177208834  0.27759580744547624  0.24425840912897917  0.4700844891458995  0.44672383680909056  0.3678807778365737  0.43317903462553464  0.41385702244258815  0.35975270347188326  0.43142038094639573  0.4839003036569835
0.14930504946055806  0.18533520256552533  0.5264080747492079  0.554064949420232  0.30884888508787356  0.4904459535195139  0.26491407245672305  0.3251137280507155  0.4006044666357232  0.3294283221203071  0.3416438344075657  0.3851002980728723  0.3730240085637464  0.4489311618870529  0.47773413156595046  0.5157073146518945
0.12184017171099681  0.21103235917274732  0.514886435150667  0.524140477392273  0.3238104527549418  0.4917904578333722  0.28248034640574843  0.312535694441217  0.41156254155250016  0.3576772234652762  0.33024922550783875  0.3914200378765175  0.3830474504568495  0.36384919775682245  0.4888339176539791  0.4996661171682127
0.09444418421555326  0.23747157223629745  0.5012006075928057  0.4887290409778949  0.34474758212757894  0.4844572914553956  0.3083823210157719  0.3116003310280819  0.42834142119464386  0.37906072391545154  0.3375910157114373  0.4015809636309047  0.3801793895153783  0.33193274736403466  0.4943531083611818  0.5029858683451534
0.09444418421555326  0.23747157223629745  0.5012006075928057  0.4887290409778949  0.34474758212757894  0.4844572914553956  0.3083823210157719  0.3116003310280819  0.42834142119464386  0.37906072391545154  0.3375910157114373  0.4015809636309047  0.3801793895153783  0.33193274736403466  0.4943531083611818  0.5029858683451534
0.09444418421555326  0.23747157223629745  0.5012006075928057  0.4887290409778949  0.34474758212757894  0.4844572914553956  0.3083823210157719  0.3116003310280819  0.42834142119464386  0.37906072391545154  0.3375910157114373  0.4015809636309047  0.3801793895153783  0.33193274736403466  0.4943531083611818  0.5029858683451534
0.09444418421555326  0.23747157223629745  0.5012006075928057  0.4887290409778949  0.34474758212757894  0.4844572914553956  0.3083823210157719  0.3116003310280819  0.42834142119464386  0.37906072391545154  0.3375910157114373  0.4015809636309047  0.3801793895153783  0.33193274736403466  0.4943531083611818  0.5029858683451534
0.09444418421555326  0.23747157223629745  0.5012006075928057  0.4887290409778949  0.34474758212757894  0.4844572914553956  0.3083823210157719  0.3116003310280819  0.42834142119464386  0.37906072391545154  0.3375910157114373  0.4015809636309047  0.3801793895153783  0.33193274736403466  0.4943531083611818  0.5029858683451534
0.09444418421555326  0.23747157223629745  0.5012006075928057  0.4887290409778949  0.34474758212757894  0.4844572914553956  0.3083823210157719  0.3116003310280819  0.42834142119464386  0.37906072391545154  0.3375910157114373  0.4015809636309047  0.3801793895153783  0.33193274736403466  0.4943531083611818  0.5029858683451534
0.09444418421555326  0.23747157223629745  0.5012006075928057  0.4887290409778949  0.34474758212757894  0.4844572914553956  0.3083823210157719  0.3116003310280819  0.42834142119464386  0.37906072391545154  0.3375910157114373  0.4015809636309047  0.3801793895153783  0.33193274736403466  0.4943531083611818  0.5029858683451534
0.09444418421555326  0.23747157223629745  0.5012006075928057  0.4887290409778949  0.34474758212757894  0.4844572914553956  0.3083823210157719  0.3116003310280819  0.42834142119464386  0.37906072391545154  0.3375910157114373  0.4015809636309047  0.3801793895153783  0.33193274736403466  0.4943531083611818  0.5029858683451534
0.08081062046754736  0.25109767140027206  0.49444210501884095  0.4695584884180196  0.35774563979049834  0.4785267923628524  0.32795325829306676  0.3251789408097328  0.4390422810869255  0.3932356841410251  0.35346850360364923  0.40865809286196936  0.3876023962876558  0.3297990049822229  0.4865437443458362  0.5062120146963542
0.06723316173997287  0.2645166306471742  0.4876401194399398  0.45029510077382917  0.37084223009887496  0.46786479194223873  0.3456085204186713  0.3492797210202003  0.44611393313767767  0.3916268588716198  0.3783591399375248  0.4104879251987432  0.3938685464962034  0.3620978894562219  0.48088944680699264  0.5011214084466682
0.06723316173997287  0.2645166306471742  0.4876401194399398  0.45029510077382917  0.37084223009887496  0.46786479194223873  0.3456085204186713  0.3492797210202003  0.44611393313767767  0.3916268588716198  0.3783591399375248  0.4104879251987432  0.3938685464962034  0.3620978894562219  0.48088944680699264  0.5011214084466682
0.06723316173997287  0.2645166306471742  0.4876401194399398  0.45029510077382917  0.37084223009887496  0.46786479194223873  0.3456085204186713  0.3492797210202003  0.44611393313767767  0.3916268588716198  0.3783591399375248  0.4104879251987432  0.3938685464962034  0.3620978894562219  0.48088944680699264  0.5011214084466682
0.06723316173997287  0.2645166306471742  0.4876401194399398  0.45029510077382917  0.37084223009887496  0.46786479194223873  0.3456085204186713  0.3492797210202003  0.44611393313767767  0.3916268588716198  0.3783591399375248  0.4104879251987432  0.3938685464962034  0.3620978894562219  0.48088944680699264  0.5011214084466682
0.06723316173997287  0.2645166306471742  0.4876401194399398  0.45029510077382917  0.37084223009887496  0.46786479194223873  0.3456085204186713  0.3492797210202003  0.44611393313767767  0.3916268588716198  0.3783591399375248  0.4104879251987432  0.3938685464962034  0.3620978894562219  0.48088944680699264  0.5011214084466682
0.06723316173997287  0.2645166306471742  0.4876401194399398  0.45029510077382917  0.37084223009887496  0.46786479194223873  0.3456085204186713  0.3492797210202003  0.44611393313767767  0.3916268588716198  0.3783591399375248  0.4104879251987432  0.3938685464962034  0.3620978894562219  0.48088944680699264  0.5011214084466682
]