Naoki.s_t_y_l_e.827 [ 0.0  0.3323147355008087  0.4535388505285417  0.3507532968586308  0.44155069246321926  0.42011775922009226  0.45422247678997535  0.46701248434897547  0.499443092203253  0.435951456965589  0.5056884107576229  0.439701452707016  0.44112898552446095  0.4542854924337379  0.4163013136007501  0.49654122591279165
0.0  0.3323147355008087  0.4535388505285417  0.3507532968586308  0.44155069246321926  0.42011775922009226  0.45422247678997535  0.46701248434897547  0.499443092203253  0.435951456965589  0.5056884107576229  0.439701452707016  0.44112898552446095  0.4542854924337379  0.4163013136007501  0.49654122591279165
0.0  0.3323147355008087  0.4535388505285417  0.3507532968586308  0.44155069246321926  0.42011775922009226  0.45422247678997535  0.46701248434897547  0.499443092203253  0.435951456965589  0.5056884107576229  0.439701452707016  0.44112898552446095  0.4542854924337379  0.4163013136007501  0.49654122591279165
0.0  0.3323147355008087  0.4535388505285417  0.3507532968586308  0.44155069246321926  0.42011775922009226  0.45422247678997535  0.46701248434897547  0.499443092203253  0.435951456965589  0.5056884107576229  0.439701452707016  0.44112898552446095  0.4542854924337379  0.4163013136007501  0.49654122591279165
0.0  0.3323147355008087  0.4535388505285417  0.3507532968586308  0.44155069246321926  0.42011775922009226  0.45422247678997535  0.46701248434897547  0.499443092203253  0.435951456965589  0.5056884107576229  0.439701452707016  0.44112898552446095  0.4542854924337379  0.4163013136007501  0.49654122591279165
0.0  0.3323147355008087  0.4535388505285417  0.3507532968586308  0.44155069246321926  0.42011775922009226  0.45422247678997535  0.46701248434897547  0.499443092203253  0.435951456965589  0.5056884107576229  0.439701452707016  0.44112898552446095  0.4542854924337379  0.4163013136007501  0.49654122591279165
0.0  0.3323147355008087  0.4535388505285417  0.3507532968586308  0.44155069246321926  0.42011775922009226  0.45422247678997535  0.46701248434897547  0.499443092203253  0.435951456965589  0.5056884107576229  0.439701452707016  0.44112898552446095  0.4542854924337379  0.4163013136007501  0.49654122591279165
0.0  0.3323147355008087  0.4535388505285417  0.3507532968586308  0.44155069246321926  0.42011775922009226  0.45422247678997535  0.46701248434897547  0.499443092203253  0.435951456965589  0.5056884107576229  0.439701452707016  0.44112898552446095  0.4542854924337379  0.4163013136007501  0.49654122591279165
0.0  0.3323147355008087  0.4535388505285417  0.3507532968586308  0.44155069246321926  0.42011775922009226  0.45422247678997535  0.46701248434897547  0.499443092203253  0.435951456965589  0.5056884107576229  0.439701452707016  0.44112898552446095  0.4542854924337379  0.4163013136007501  0.49654122591279165
0.0  0.3323147355008087  0.4535388505285417  0.3507532968586308  0.44155069246321926  0.42011775922009226  0.45422247678997535  0.46701248434897547  0.499443092203253  0.435951456965589  0.5056884107576229  0.439701452707016  0.44112898552446095  0.4542854924337379  0.4163013136007501  0.49654122591279165
0.0  0.3323147355008087  0.4535388505285417  0.3507532968586308  0.44155069246321926  0.42011775922009226  0.45422247678997535  0.46701248434897547  0.499443092203253  0.435951456965589  0.5056884107576229  0.439701452707016  0.44112898552446095  0.4542854924337379  0.4163013136007501  0.49654122591279165
0.0  0.3323147355008087  0.4535388505285417  0.3507532968586308  0.44155069246321926  0.42011775922009226  0.45422247678997535  0.46701248434897547  0.499443092203253  0.435951456965589  0.5056884107576229  0.439701452707016  0.44112898552446095  0.4542854924337379  0.4163013136007501  0.49654122591279165
0.0  0.3323147355008087  0.4535388505285417  0.3507532968586308  0.44155069246321926  0.42011775922009226  0.45422247678997535  0.46701248434897547  0.499443092203253  0.435951456965589  0.5056884107576229  0.439701452707016  0.44112898552446095  0.4542854924337379  0.4163013136007501  0.49654122591279165
0.0  0.3323147355008087  0.4535388505285417  0.3507532968586308  0.44155069246321926  0.42011775922009226  0.45422247678997535  0.46701248434897547  0.499443092203253  0.435951456965589  0.5056884107576229  0.439701452707016  0.44112898552446095  0.4542854924337379  0.4163013136007501  0.49654122591279165
0.0  0.3323147355008087  0.4535388505285417  0.3507532968586308  0.44155069246321926  0.42011775922009226  0.45422247678997535  0.46701248434897547  0.499443092203253  0.435951456965589  0.5056884107576229  0.439701452707016  0.44112898552446095  0.4542854924337379  0.4163013136007501  0.49654122591279165
0.0  0.3323147355008087  0.4535388505285417  0.3507532968586308  0.44155069246321926  0.42011775922009226  0.45422247678997535  0.46701248434897547  0.499443092203253  0.435951456965589  0.5056884107576229  0.439701452707016  0.44112898552446095  0.4542854924337379  0.4163013136007501  0.49654122591279165
0.0  0.3323147355008087  0.4535388505285417  0.3507532968586308  0.44155069246321926  0.42011775922009226  0.45422247678997535  0.46701248434897547  0.499443092203253  0.435951456965589  0.5056884107576229  0.439701452707016  0.44112898552446095  0.4542854924337379  0.4163013136007501  0.49654122591279165
0.0  0.3323147355008087  0.4535388505285417  0.3507532968586308  0.44155069246321926  0.42011775922009226  0.45422247678997535  0.46701248434897547  0.499443092203253  0.435951456965589  0.5056884107576229  0.439701452707016  0.44112898552446095  0.4542854924337379  0.4163013136007501  0.49654122591279165
0.0  0.3323147355008087  0.4535388505285417  0.3507532968586308  0.44155069246321926  0.42011775922009226  0.45422247678997535  0.46701248434897547  0.499443092203253  0.435951456965589  0.5056884107576229  0.439701452707016  0.44112898552446095  0.4542854924337379  0.4163013136007501  0.49654122591279165
0.0  0.3323147355008087  0.4535388505285417  0.3507532968586308  0.44155069246321926  0.42011775922009226  0.45422247678997535  0.46701248434897547  0.499443092203253  0.435951456965589  0.5056884107576229  0.439701452707016  0.44112898552446095  0.4542854924337379  0.4163013136007501  0.49654122591279165
0.0  0.3323147355008087  0.4535388505285417  0.3507532968586308  0.44155069246321926  0.42011775922009226  0.45422247678997535  0.46701248434897547  0.499443092203253  0.435951456965589  0.5056884107576229  0.439701452707016  0.44112898552446095  0.4542854924337379  0.4163013136007501  0.49654122591279165
0.0  0.3323147355008087  0.4535388505285417  0.3507532968586308  0.44155069246321926  0.42011775922009226  0.45422247678997535  0.46701248434897547  0.499443092203253  0.435951456965589  0.5056884107576229  0.439701452707016  0.44112898552446095  0.4542854924337379  0.4163013136007501  0.49654122591279165
0.0  0.3323147355008087  0.4535388505285417  0.3507532968586308  0.44155069246321926  0.42011775922009226  0.45422247678997535  0.46701248434897547  0.499443092203253  0.435951456965589  0.5056884107576229  0.439701452707016  0.44112898552446095  0.4542854924337379  0.4163013136007501  0.49654122591279165
0.0  0.3323147355008087  0.4535388505285417  0.3507532968586308  0.44155069246321926  0.42011775922009226  0.45422247678997535  0.46701248434897547  0.499443092203253  0.435951456965589  0.5056884107576229  0.439701452707016  0.44112898552446095  0.4542854924337379  0.4163013136007501  0.49654122591279165
0.0  0.3323147355008087  0.4535388505285417  0.3507532968586308  0.44155069246321926  0.42011775922009226  0.45422247678997535  0.46701248434897547  0.499443092203253  0.435951456965589  0.5056884107576229  0.439701452707016  0.44112898552446095  0.4542854924337379  0.4163013136007501  0.49654122591279165
0.0  0.3323147355008087  0.4535388505285417  0.3507532968586308  0.44155069246321926  0.42011775922009226  0.45422247678997535  0.46701248434897547  0.499443092203253  0.435951456965589  0.5056884107576229  0.439701452707016  0.44112898552446095  0.4542854924337379  0.4163013136007501  0.49654122591279165
0.0  0.3323147355008087  0.4535388505285417  0.3507532968586308  0.44155069246321926  0.42011775922009226  0.45422247678997535  0.46701248434897547  0.499443092203253  0.435951456965589  0.5056884107576229  0.439701452707016  0.44112898552446095  0.4542854924337379  0.4163013136007501  0.49654122591279165
0.0  0.3323147355008087  0.4535388505285417  0.3507532968586308  0.44155069246321926  0.42011775922009226  0.45422247678997535  0.46701248434897547  0.499443092203253  0.435951456965589  0.5056884107576229  0.439701452707016  0.44112898552446095  0.4542854924337379  0.4163013136007501  0.49654122591279165
0.0  0.3323147355008087  0.4535388505285417  0.3507532968586308  0.44155069246321926  0.42011775922009226  0.45422247678997535  0.46701248434897547  0.499443092203253  0.435951456965589  0.5056884107576229  0.439701452707016  0.44112898552446095  0.4542854924337379  0.4163013136007501  0.49654122591279165
0.0  0.3323147355008087  0.4535388505285417  0.3507532968586308  0.44155069246321926  0.42011775922009226  0.45422247678997535  0.46701248434897547  0.499443092203253  0.435951456965589  0.5056884107576229  0.439701452707016  0.44112898552446095  0.4542854924337379  0.4163013136007501  0.49654122591279165
0.0  0.3323147355008087  0.4535388505285417  0.3507532968586308  0.44155069246321926  0.42011775922009226  0.45422247678997535  0.46701248434897547  0.499443092203253  0.435951456965589  0.5056884107576229  0.439701452707016  0.44112898552446095  0.4542854924337379  0.4163013136007501  0.49654122591279165
0.0  0.3323147355008087  0.4535388505285417  0.3507532968586308  0.44155069246321926  0.42011775922009226  0.45422247678997535  0.46701248434897547  0.499443092203253  0.435951456965589  0.5056884107576229  0.439701452707016  0.44112898552446095  0.4542854924337379  0.4163013136007501  0.49654122591279165
0.0  0.3323147355008087  0.4535388505285417  0.3507532968586308  0.44155069246321926  0.42011775922009226  0.45422247678997535  0.46701248434897547  0.499443092203253  0.435951456965589  0.5056884107576229  0.439701452707016  0.44112898552446095  0.4542854924337379  0.4163013136007501  0.49654122591279165
0.0  0.3323147355008087  0.4535388505285417  0.3507532968586308  0.44155069246321926  0.42011775922009226  0.45422247678997535  0.46701248434897547  0.499443092203253  0.435951456965589  0.5056884107576229  0.439701452707016  0.44112898552446095  0.4542854924337379  0.4163013136007501  0.49654122591279165
0.0  0.3323147355008087  0.4535388505285417  0.3507532968586308  0.44155069246321926  0.42011775922009226  0.45422247678997535  0.46701248434897547  0.499443092203253  0.435951456965589  0.5056884107576229  0.439701452707016  0.44112898552446095  0.4542854924337379  0.4163013136007501  0.49654122591279165
0.0  0.3323147355008087  0.4535388505285417  0.3507532968586308  0.44155069246321926  0.42011775922009226  0.45422247678997535  0.46701248434897547  0.499443092203253  0.435951456965589  0.5056884107576229  0.439701452707016  0.44112898552446095  0.4542854924337379  0.4163013136007501  0.49654122591279165
0.0  0.3323147355008087  0.4535388505285417  0.3507532968586308  0.44155069246321926  0.42011775922009226  0.45422247678997535  0.46701248434897547  0.499443092203253  0.435951456965589  0.5056884107576229  0.439701452707016  0.44112898552446095  0.4542854924337379  0.4163013136007501  0.49654122591279165
0.0  0.3323147355008087  0.4535388505285417  0.3507532968586308  0.44155069246321926  0.42011775922009226  0.45422247678997535  0.46701248434897547  0.499443092203253  0.435951456965589  0.5056884107576229  0.439701452707016  0.44112898552446095  0.4542854924337379  0.4163013136007501  0.49654122591279165
0.0  0.3323147355008087  0.4535388505285417  0.3507532968586308  0.44155069246321926  0.42011775922009226  0.45422247678997535  0.46701248434897547  0.499443092203253  0.435951456965589  0.5056884107576229  0.439701452707016  0.44112898552446095  0.4542854924337379  0.4163013136007501  0.49654122591279165
0.0  0.3323147355008087  0.4535388505285417  0.3507532968586308  0.44155069246321926  0.42011775922009226  0.45422247678997535  0.46701248434897547  0.499443092203253  0.435951456965589  0.5056884107576229  0.439701452707016  0.44112898552446095  0.4542854924337379  0.4163013136007501  0.49654122591279165
0.0  0.3323147355008087  0.4535388505285417  0.3507532968586308  0.44155069246321926  0.42011775922009226  0.45422247678997535  0.46701248434897547  0.499443092203253  0.435951456965589  0.5056884107576229  0.439701452707016  0.44112898552446095  0.4542854924337379  0.4163013136007501  0.49654122591279165
0.0  0.3323147355008087  0.4535388505285417  0.3507532968586308  0.44155069246321926  0.42011775922009226  0.45422247678997535  0.46701248434897547  0.499443092203253  0.435951456965589  0.5056884107576229  0.439701452707016  0.44112898552446095  0.4542854924337379  0.4163013136007501  0.49654122591279165
0.0  0.3323147355008087  0.4535388505285417  0.3507532968586308  0.44155069246321926  0.42011775922009226  0.45422247678997535  0.46701248434897547  0.499443092203253  0.435951456965589  0.5056884107576229  0.439701452707016  0.44112898552446095  0.4542854924337379  0.4163013136007501  0.49654122591279165
0.0  0.3323147355008087  0.4535388505285417  0.3507532968586308  0.44155069246321926  0.42011775922009226  0.45422247678997535  0.46701248434897547  0.499443092203253  0.435951456965589  0.5056884107576229  0.439701452707016  0.44112898552446095  0.4542854924337379  0.4163013136007501  0.49654122591279165
0.0  0.3323147355008087  0.4535388505285417  0.3507532968586308  0.44155069246321926  0.42011775922009226  0.45422247678997535  0.46701248434897547  0.499443092203253  0.435951456965589  0.5056884107576229  0.439701452707016  0.44112898552446095  0.4542854924337379  0.4163013136007501  0.49654122591279165
0.0  0.3323147355008087  0.4535388505285417  0.3507532968586308  0.44155069246321926  0.42011775922009226  0.45422247678997535  0.46701248434897547  0.499443092203253  0.435951456965589  0.5056884107576229  0.439701452707016  0.44112898552446095  0.4542854924337379  0.4163013136007501  0.49654122591279165
0.0  0.3323147355008087  0.4535388505285417  0.3507532968586308  0.44155069246321926  0.42011775922009226  0.45422247678997535  0.46701248434897547  0.499443092203253  0.435951456965589  0.5056884107576229  0.439701452707016  0.44112898552446095  0.4542854924337379  0.4163013136007501  0.49654122591279165
0.0  0.3323147355008087  0.4535388505285417  0.3507532968586308  0.44155069246321926  0.42011775922009226  0.45422247678997535  0.46701248434897547  0.499443092203253  0.435951456965589  0.5056884107576229  0.439701452707016  0.44112898552446095  0.4542854924337379  0.4163013136007501  0.49654122591279165
0.0  0.3323147355008087  0.4535388505285417  0.3507532968586308  0.44155069246321926  0.42011775922009226  0.45422247678997535  0.46701248434897547  0.499443092203253  0.435951456965589  0.5056884107576229  0.439701452707016  0.44112898552446095  0.4542854924337379  0.4163013136007501  0.49654122591279165
0.0  0.3323147355008087  0.4535388505285417  0.3507532968586308  0.44155069246321926  0.42011775922009226  0.45422247678997535  0.46701248434897547  0.499443092203253  0.435951456965589  0.5056884107576229  0.439701452707016  0.44112898552446095  0.4542854924337379  0.4163013136007501  0.49654122591279165
0.0  0.3323147355008087  0.4535388505285417  0.3507532968586308  0.44155069246321926  0.42011775922009226  0.45422247678997535  0.46701248434897547  0.499443092203253  0.435951456965589  0.5056884107576229  0.439701452707016  0.44112898552446095  0.4542854924337379  0.4163013136007501  0.49654122591279165
0.0  0.3323147355008087  0.4535388505285417  0.3507532968586308  0.44155069246321926  0.42011775922009226  0.45422247678997535  0.46701248434897547  0.499443092203253  0.435951456965589  0.5056884107576229  0.439701452707016  0.44112898552446095  0.4542854924337379  0.4163013136007501  0.49654122591279165
0.0  0.3323147355008087  0.4535388505285417  0.3507532968586308  0.44155069246321926  0.42011775922009226  0.45422247678997535  0.46701248434897547  0.499443092203253  0.435951456965589  0.5056884107576229  0.439701452707016  0.44112898552446095  0.4542854924337379  0.4163013136007501  0.49654122591279165
0.0  0.3323147355008087  0.4535388505285417  0.3507532968586308  0.44155069246321926  0.42011775922009226  0.45422247678997535  0.46701248434897547  0.499443092203253  0.435951456965589  0.5056884107576229  0.439701452707016  0.44112898552446095  0.4542854924337379  0.4163013136007501  0.49654122591279165
0.0  0.3323147355008087  0.4535388505285417  0.3507532968586308  0.44155069246321926  0.42011775922009226  0.45422247678997535  0.46701248434897547  0.499443092203253  0.435951456965589  0.5056884107576229  0.439701452707016  0.44112898552446095  0.4542854924337379  0.4163013136007501  0.49654122591279165
0.0  0.3323147355008087  0.4535388505285417  0.3507532968586308  0.44155069246321926  0.42011775922009226  0.45422247678997535  0.46701248434897547  0.499443092203253  0.435951456965589  0.5056884107576229  0.439701452707016  0.44112898552446095  0.4542854924337379  0.4163013136007501  0.49654122591279165
0.0  0.3323147355008087  0.4535388505285417  0.3507532968586308  0.44155069246321926  0.42011775922009226  0.45422247678997535  0.46701248434897547  0.499443092203253  0.435951456965589  0.5056884107576229  0.439701452707016  0.44112898552446095  0.4542854924337379  0.4163013136007501  0.49654122591279165
0.0  0.3323147355008087  0.4535388505285417  0.3507532968586308  0.44155069246321926  0.42011775922009226  0.45422247678997535  0.46701248434897547  0.499443092203253  0.435951456965589  0.5056884107576229  0.439701452707016  0.44112898552446095  0.4542854924337379  0.4163013136007501  0.49654122591279165
0.0  0.3323147355008087  0.4535388505285417  0.3507532968586308  0.44155069246321926  0.42011775922009226  0.45422247678997535  0.46701248434897547  0.499443092203253  0.435951456965589  0.5056884107576229  0.439701452707016  0.44112898552446095  0.4542854924337379  0.4163013136007501  0.49654122591279165
0.0  0.3323147355008087  0.4535388505285417  0.3507532968586308  0.44155069246321926  0.42011775922009226  0.45422247678997535  0.46701248434897547  0.499443092203253  0.435951456965589  0.5056884107576229  0.439701452707016  0.44112898552446095  0.4542854924337379  0.4163013136007501  0.49654122591279165
0.0  0.3323147355008087  0.4535388505285417  0.3507532968586308  0.44155069246321926  0.42011775922009226  0.45422247678997535  0.46701248434897547  0.499443092203253  0.435951456965589  0.5056884107576229  0.439701452707016  0.44112898552446095  0.4542854924337379  0.4163013136007501  0.49654122591279165
0.0  0.3323147355008087  0.4535388505285417  0.3507532968586308  0.44155069246321926  0.42011775922009226  0.45422247678997535  0.46701248434897547  0.499443092203253  0.435951456965589  0.5056884107576229  0.439701452707016  0.44112898552446095  0.4542854924337379  0.4163013136007501  0.49654122591279165
0.0  0.3323147355008087  0.4535388505285417  0.3507532968586308  0.44155069246321926  0.42011775922009226  0.45422247678997535  0.46701248434897547  0.499443092203253  0.435951456965589  0.5056884107576229  0.439701452707016  0.44112898552446095  0.4542854924337379  0.4163013136007501  0.49654122591279165
0.0  0.3323147355008087  0.4535388505285417  0.3507532968586308  0.44155069246321926  0.42011775922009226  0.45422247678997535  0.46701248434897547  0.499443092203253  0.435951456965589  0.5056884107576229  0.439701452707016  0.44112898552446095  0.4542854924337379  0.4163013136007501  0.49654122591279165
0.013458373398279405  0.31858396057148936  0.4610047573352039  0.37148253840241546  0.4265945310068397  0.42824059874371906  0.4299955889121857  0.4500513791905125  0.48422013695290517  0.41916440671784444  0.48205301025926084  0.42900278923476826  0.4349375906829197  0.44400663757238157  0.43175237872145183  0.48518158236622944
0.05424756311688003  0.27911964272322526  0.4804837925193094  0.4239791561556162  0.39524579532681564  0.43927759830855423  0.3828879532523487  0.4325875118658551  0.4576475320811362  0.3802813910504495  0.4611253545977564  0.41098692435228135  0.4228272084437484  0.4856608032230905  0.44512495491896686  0.4730481187367723
0.08158030299369828  0.2527904719360492  0.4929628544049285  0.4574018004290043  0.37515896473938576  0.4435316574071282  0.35445073877369176  0.42696473763741905  0.43961950818663076  0.349331142628713  0.4503087944611387  0.3996228399852834  0.4085132843937744  0.5332436000483367  0.4495136923273685  0.4748583968476689
0.10881547931281657  0.22699148855927564  0.5066868732517299  0.4909358802159865  0.35380975635306444  0.4420883208630973  0.3328616591918474  0.4497739711238056  0.41409191974852494  0.31513709022674424  0.4502469769617736  0.3832976165779699  0.42523560783872894  0.5392621099999666  0.45431612030168245  0.4435988348184552
0.16311714264635319  0.17382597106250386  0.5318085191588985  0.5638693947486978  0.30702943464482224  0.4775883777983796  0.27179956953336454  0.365779992618345  0.3953548025485858  0.31974524797883  0.37463040272083276  0.3810463165659205  0.4008767208463101  0.44597496241605755  0.46871825794753  0.4595312135892703
0.20424131105187976  0.1376536825315376  0.5490484430756535  0.6026575245317266  0.2895670464026931  0.4675689174838561  0.26031763896151594  0.4084293660027348  0.382860178483226  0.29599654721982943  0.4092329882242829  0.37005060607472035  0.42553486706492655  0.4626588513863346  0.461297809609114  0.43372921835525985
0.24562264307731393  0.10603485099180085  0.562049436014455  0.6212957369960966  0.29545195820137593  0.4325779691215643  0.2998293485318868  0.5189604897759474  0.3907207506461  0.29000208719326975  0.4985202754084756  0.3714931914564995  0.46471605206121186  0.5003072842442375  0.4298450550961089  0.42679271892300674
0.24562264307731393  0.10603485099180085  0.562049436014455  0.6212957369960966  0.29545195820137593  0.4325779691215643  0.2998293485318868  0.5189604897759474  0.3907207506461  0.29000208719326975  0.4985202754084756  0.3714931914564995  0.46471605206121186  0.5003072842442375  0.4298450550961089  0.42679271892300674
0.30078327454977255  0.06978468623007814  0.5723473544550898  0.6208632387762041  0.32821220859956873  0.3658519976088534  0.39766035282573936  0.6849637939942019  0.40177712728176856  0.2838431648222587  0.5859664760117823  0.379344074623479  0.46455832455544394  0.5708455281655976  0.41065482840003303  0.47541154926715196
0.30078327454977255  0.06978468623007814  0.5723473544550898  0.6208632387762041  0.32821220859956873  0.3658519976088534  0.39766035282573936  0.6849637939942019  0.40177712728176856  0.2838431648222587  0.5859664760117823  0.379344074623479  0.46455832455544394  0.5708455281655976  0.41065482840003303  0.47541154926715196
0.313921157236909  0.06667112554437271  0.5720773253314181  0.6045021721085462  0.33905954140802985  0.3350636465378579  0.4150429944561066  0.7098971704423431  0.3795570084153568  0.2612508290028828  0.5617587558397812  0.3669377202898859  0.45115407274744157  0.5136146388720134  0.43491466031692844  0.47173882492122027
0.313921157236909  0.06667112554437271  0.5720773253314181  0.6045021721085462  0.33905954140802985  0.3350636465378579  0.4150429944561066  0.7098971704423431  0.3795570084153568  0.2612508290028828  0.5617587558397812  0.3669377202898859  0.45115407274744157  0.5136146388720134  0.43491466031692844  0.47173882492122027
0.33936302429736975  0.0650689555382106  0.5753147801273711  0.5669449300571288  0.34914694247408273  0.26815945400084085  0.4292073797945726  0.7449957958277227  0.32625494548772715  0.23523292038260019  0.5129685181824485  0.3438454020269471  0.4515840955063074  0.3963758620420245  0.4425794777058617  0.4867247847980015
0.3530827274183772  0.05509462973726381  0.5750361084182399  0.5706236878681954  0.358236302619075  0.2767762229129847  0.4519848901500477  0.7314449642946175  0.3590767235332376  0.2863011343039157  0.5287306972823198  0.3695718344967439  0.4568391907237798  0.4023625512022194  0.41949673510528374  0.5135984201636191
0.401569427614752  0.05410841413308365  0.565842326738848  0.5094942337800388  0.36232068476491036  0.23567175087464304  0.45383492302225453  0.6432952659883331  0.3140388576971125  0.3470450610893749  0.4481742840523281  0.3817557994057246  0.4731775387024692  0.3386997782515281  0.36041208270032893  0.47029713113361293
0.401569427614752  0.05410841413308365  0.565842326738848  0.5094942337800388  0.36232068476491036  0.23567175087464304  0.45383492302225453  0.6432952659883331  0.3140388576971125  0.3470450610893749  0.4481742840523281  0.3817557994057246  0.4731775387024692  0.3386997782515281  0.36041208270032893  0.47029713113361293
0.4247243789661402  0.06071985325540585  0.5584982977573674  0.46710378307061934  0.3622191380280982  0.21852464293769278  0.45781344941610264  0.5947319128894186  0.2773422977239667  0.3741286845726466  0.3941447519367729  0.3645626970669607  0.4919122642289181  0.36853591014518394  0.3353160355484149  0.443817938977714
0.41222938133142595  0.06188083736500552  0.5697003068254514  0.4868394825049156  0.34331338169977993  0.2154217216554161  0.44603222450731456  0.6165698922329736  0.29734648249857454  0.39120220777451364  0.44305727559620317  0.37525357621248595  0.5192759098982799  0.34237671683422977  0.3206598546372238  0.46537478129940135
0.44793033183885045  0.06272889391364853  0.5693963314552932  0.4440277485050012  0.35771323796557924  0.20382763174627583  0.4840218710362169  0.5617229258543187  0.310254013333762  0.43528829941720193  0.4324521096706714  0.38468728632676985  0.47927154916091586  0.40471169543743607  0.3419393968082045  0.46370449067390224
0.4680847466298993  0.08003704413644  0.5973310330641707  0.40513434605095733  0.3235239923473468  0.15225903335945962  0.46392835111809094  0.5255709917520145  0.3064037972830066  0.4651109022386904  0.48989349001977556  0.40436935772235044  0.4981512901225078  0.3828623985622925  0.31097223244639405  0.5370286841288388
0.4765024989840858  0.09030548341051603  0.6131817594701543  0.39127429110842715  0.3141838634310506  0.13555505435489512  0.4521696414279884  0.5000496431985293  0.32575119936166086  0.4595082887918663  0.5352010898211712  0.4343010032323558  0.427931429800091  0.3946084704327452  0.3476475818421269  0.4912103246538225
0.5310639954759506  0.11188420959700701  0.6354792983448898  0.3111822576353851  0.30610619123893656  0.10574181887677653  0.4974570406344049  0.4249112676979673  0.33233368675864733  0.509560428118409  0.4995286880450578  0.42970380960954996  0.3889142523105635  0.4846887687230655  0.4204446691115323  0.5165292335777218
0.5603517744912058  0.13008102044794267  0.667841372410219  0.2822443712260655  0.31084723024905536  0.1284983403705034  0.5308091783516669  0.38815165839907684  0.41036284382926264  0.5094055070569249  0.5069713352193596  0.42913681473444887  0.34691384199116626  0.49899680001693436  0.5040504094702003  0.5493187241524728
0.5844772650089334  0.1722558980209524  0.7437608778877562  0.26896877166491756  0.34008293131121486  0.12413043100012439  0.49158792552813896  0.41902359979298437  0.5184658534837288  0.38306562551091633  0.43984204192314946  0.5307125068679837  0.34686430679834623  0.48563724639829764  0.465521184686092  0.5969530544621745
0.6355947508925075  0.24386991113702075  0.8345652754047863  0.24934489847439348  0.42946218117349527  0.18855006935224702  0.47145160614361464  0.4473421610637123  0.6245563740322584  0.3352693853771691  0.2940492313472549  0.4244669025542401  0.3205390647648355  0.520395052103981  0.350094080953705  0.5155107442299403
0.6355947508925075  0.24386991113702075  0.8345652754047863  0.24934489847439348  0.42946218117349527  0.18855006935224702  0.47145160614361464  0.4473421610637123  0.6245563740322584  0.3352693853771691  0.2940492313472549  0.4244669025542401  0.3205390647648355  0.520395052103981  0.350094080953705  0.5155107442299403
0.6580975909097835  0.26904550295863844  0.8498226933317083  0.23857313145219303  0.4776837381149673  0.21936671352868603  0.46780341510326584  0.4629673402878033  0.5924436891740593  0.34429487554692645  0.19673781784161354  0.36788101647856863  0.34425461259296064  0.5256405483247785  0.35404829314356545  0.5227115334768423
0.7000983997424821  0.33330050549856516  0.8971657437642897  0.2794593084591668  0.5885175484644758  0.3178638940455531  0.4647676005220686  0.47643372510188764  0.5315659657049044  0.5326005289442646  0.1797017294647989  0.33784352046099353  0.46440648853632016  0.5220114365478614  0.3850521516722266  0.5468597434979052
0.7000983997424821  0.33330050549856516  0.8971657437642897  0.2794593084591668  0.5885175484644758  0.3178638940455531  0.4647676005220686  0.47643372510188764  0.5315659657049044  0.5326005289442646  0.1797017294647989  0.33784352046099353  0.46440648853632016  0.5220114365478614  0.3850521516722266  0.5468597434979052
0.7060289423794979  0.311436207404165  0.881013619301332  0.2866686585330709  0.616576975404886  0.30809085767228456  0.4594396482281177  0.42011404850637746  0.5763601980580266  0.5956764441556656  0.20355783291494217  0.3839276957841612  0.4556020562750377  0.4438412723154734  0.33722109904721465  0.482322171519616
0.7060289423794979  0.311436207404165  0.881013619301332  0.2866686585330709  0.616576975404886  0.30809085767228456  0.4594396482281177  0.42011404850637746  0.5763601980580266  0.5956764441556656  0.20355783291494217  0.3839276957841612  0.4556020562750377  0.4438412723154734  0.33722109904721465  0.482322171519616
0.7338118095280842  0.3024784445667488  0.8118489444793711  0.2366431587884943  0.6523937370960249  0.33514444252171116  0.40473399592894954  0.35505149885775017  0.5504568576843939  0.48690692825041687  0.3169066919740795  0.4060745787953752  0.43499633544885324  0.48895413507322133  0.30171368983906266  0.5279537224758687
0.7446555668074454  0.28590871176633115  0.7547692954460061  0.1965576021391267  0.6469454503503428  0.336758951566437  0.3373346122680246  0.3387025179128874  0.5733904937853984  0.3834285006919821  0.38583308636053526  0.4254149240237884  0.3713948061573478  0.545343195341035  0.22395697915007012  0.5377431014486405
0.7452126692190393  0.25206106054342103  0.7104048157746794  0.1434400051957846  0.5632326862699069  0.3582548643781669  0.37515503848919096  0.3146709228915715  0.6488285286148363  0.2528155355634322  0.4403233297979574  0.4179383907754453  0.3667651948072293  0.48264624450136084  0.25422221938260714  0.5207820889308212
0.7249894925707555  0.19804565056467252  0.6168590903744833  0.11959889461837403  0.4604515952917239  0.2967944401106987  0.39748495166360764  0.2393431554096757  0.5613368919788179  0.2976663398710997  0.5725227428342787  0.5619179834962437  0.34461969117980973  0.5531977563653747  0.2943069533551854  0.4737458056843986
0.7266807080015655  0.19829698149399427  0.5949915571526426  0.11031688042886623  0.4149667571620317  0.32205216989237195  0.422125420178617  0.22504626427724797  0.5170191905768404  0.34541903909994803  0.6168268689525431  0.5610935034271951  0.3797942555437737  0.6077142375731552  0.359793890839984  0.39734843864559194
0.7372401927195524  0.2011237287614964  0.5728585272950887  0.0980368741262489  0.4225850064722086  0.3462321796550257  0.3916326466066445  0.2372947092441687  0.523868646302513  0.3089964168010948  0.6753318802754509  0.5513692260634646  0.38387043394905496  0.5828338164519978  0.3545611410621047  0.3980595032859125
0.7381584558195895  0.18544795743733078  0.5181691348391966  0.09174880584223821  0.39982026959013484  0.36363373398670923  0.3877293501995349  0.2364577661636332  0.4834098446437811  0.36026385426960383  0.7982514624177294  0.45155694161118803  0.3607062825398668  0.5181935595731376  0.41224925030754256  0.4368812351652495
0.7133017746156249  0.14936730055138214  0.4631463098159385  0.12595597196852584  0.43977127806079064  0.3541810849145647  0.3724043502293969  0.2626883175075849  0.43335050451813073  0.39245712071110994  0.7670582710227446  0.46770940592533405  0.3691768174951254  0.5096140183382052  0.29886820004637576  0.35347611778174953
0.6919193238267827  0.11392034915592525  0.4232146728144116  0.13993639523191556  0.44353879084539344  0.356986388314922  0.39469604146008913  0.27572423590177564  0.39438200180640515  0.4198780864098253  0.7352907287112669  0.4218750712828277  0.4361269143533573  0.4588637185129237  0.31336782598787766  0.47072308637909105
0.6919193238267827  0.11392034915592525  0.4232146728144116  0.13993639523191556  0.44353879084539344  0.356986388314922  0.39469604146008913  0.27572423590177564  0.39438200180640515  0.4198780864098253  0.7352907287112669  0.4218750712828277  0.4361269143533573  0.4588637185129237  0.31336782598787766  0.47072308637909105
0.6909599491928383  0.11071920621063938  0.3899301540040645  0.15262225091444132  0.4497476389116903  0.3410899465071049  0.35568470029925525  0.32619620774686786  0.4048693108391985  0.4469080485906371  0.7021758877766923  0.46787062850585504  0.4038047808152702  0.43781139383844153  0.282521024160284  0.5000082224704957
0.6981917133991419  0.1193075622535518  0.36815347338135307  0.1565022356763667  0.4387778553355321  0.3289621955332933  0.3282742264084061  0.36616201563648304  0.4218477478368877  0.49123698349300493  0.669352257569682  0.4784849245075945  0.3758582257727722  0.4332756666684966  0.2988995826031911  0.5054238285443061
0.7031792061861762  0.12691793106246743  0.3072828912481721  0.18172746197415393  0.4328256412244774  0.3263198392358597  0.28261084365032574  0.46091625421272253  0.4570260299672788  0.5732333593176782  0.5709326205233498  0.476589897693517  0.35817598298468567  0.430822778760815  0.3447345441762973  0.49273142606474446
0.6945336028227388  0.1160216297429209  0.28867847602340213  0.19613942096111084  0.44461003449240777  0.3404951622863612  0.29167013181255086  0.4798535707183262  0.43340440490696686  0.5807689865456095  0.5337045793117238  0.4630016424731301  0.4101909514116988  0.4209023697380938  0.31059979611309774  0.5223420929355574
0.6659091161913322  0.08801243233905232  0.24901206206716758  0.25066664257654364  0.4941164608889508  0.4041989772521119  0.318364168892341  0.5528880506795345  0.4222260675023238  0.5356807044897113  0.4367889673896886  0.4264617529465686  0.44990014896702746  0.4112450849700183  0.3022312565983236  0.5446419957747739
0.6632736359503437  0.08739128039787225  0.2415868235817476  0.2732987366960218  0.5124087841895395  0.37699781547922057  0.31569612550077497  0.5666636650886215  0.47638785392376004  0.5248474160642118  0.40410497426968256  0.38757039914392766  0.41705010135553683  0.36321865466391434  0.39954381180552156  0.5514412411989374
0.6522936901620069  0.08047727561852913  0.23813381136129247  0.29626343234808006  0.5296637872522026  0.40104828972738976  0.3252013629951598  0.5878576726089491  0.501446775841885  0.4893425246587702  0.4106108558569431  0.38567156979060657  0.36481354451468484  0.36825629867719334  0.4457501671163705  0.5251564339579571
0.6308824838916243  0.06616461251095077  0.22591229062420587  0.3410878965711854  0.5645604104923708  0.4559723730920505  0.3474997443184565  0.6332287018858309  0.5284536781079872  0.4155199734470285  0.399594241129496  0.3867042317354372  0.31196226743852773  0.38400390141861834  0.5154366318793869  0.5244645315701838
0.6308824838916243  0.06616461251095077  0.22591229062420587  0.3410878965711854  0.5645604104923708  0.4559723730920505  0.3474997443184565  0.6332287018858309  0.5284536781079872  0.4155199734470285  0.399594241129496  0.3867042317354372  0.31196226743852773  0.38400390141861834  0.5154366318793869  0.5244645315701838
0.610854537425955  0.05566611578928704  0.24333674647654085  0.3634655742919722  0.58023529920383  0.4985745285543163  0.38079718376516797  0.588403296146369  0.54179018624921  0.37948612844436747  0.4486615559559807  0.3753573536688277  0.31061117691049517  0.4439917743126069  0.5282507367005846  0.4957471166342722
0.5985408660433509  0.05539686221427359  0.2524970557012224  0.3853818763246091  0.5663336905855787  0.5025169605460957  0.3711279405082464  0.6074770364550628  0.5727431761462788  0.3948513146532389  0.5119097513131721  0.3853283161557101  0.31999327913435643  0.4337314965469471  0.5227831474921151  0.5056395305761895
0.533470818360975  0.04089515211565503  0.3116078222006599  0.4575340411327786  0.5529938863674959  0.6059788018844433  0.3875132452104622  0.5149536551044617  0.6475783499683847  0.37404835760051114  0.7335751828901055  0.40836601583795584  0.3848448822633869  0.5592595191220571  0.4437578686198195  0.5336741227114226
0.4718157029580673  0.05592767838118953  0.3476481785188943  0.4993466568549735  0.519349716929062  0.6147459592558269  0.39125101871567347  0.4152383112791644  0.6926771528835485  0.4751846994156211  0.6738867035204524  0.4319131991263858  0.37420658134831886  0.49026002240840133  0.462083529013406  0.5773104448513608
0.40010945603810677  0.07153502420894148  0.3986366399652941  0.53819343416577  0.4665765253732085  0.6388109115994489  0.36816106671126453  0.34194609125657643  0.6993368220734558  0.5127785500732447  0.7185223895323338  0.4573093554759315  0.43924994095652786  0.43068916812898256  0.3881835806213968  0.5979177379659715
0.3036823078683029  0.10496835618620823  0.4517394012140192  0.5488568506869708  0.4142606222409005  0.6462046677600716  0.3494389322774199  0.22591135088516495  0.657413776676598  0.57466492201563  0.6150084830026806  0.497948243116401  0.4526525830676347  0.29868437962608796  0.3678175299949072  0.5668761470742718
0.2931228231503159  0.1021416089187061  0.4738724310715731  0.561136856989588  0.4066423729307236  0.6220246579974178  0.3799317058493925  0.21366290591824422  0.6505643209509253  0.6110875443144832  0.5565034716797729  0.5076725204801313  0.44857640466235343  0.32356480074724536  0.3730502797727865  0.5661650824339512
0.18609144929740173  0.179365179726553  0.47388372576881327  0.5142666243844995  0.3885895489180443  0.576623419494545  0.36138156369159674  0.2284465791745989  0.5967768927469318  0.5984230377646061  0.4819749575973271  0.4974687439907686  0.45129813129012525  0.2359613585034406  0.38646293185961955  0.5032272843530567
0.10720484832996202  0.23824659382191743  0.4730300191175646  0.4563267717460894  0.4042651343792073  0.5353172784554241  0.403491824436769  0.2309277124334441  0.5594642981990564  0.5860042898229663  0.4044285705161726  0.4834665057549338  0.45346266730712353  0.20276401461979734  0.4295989451810169  0.4456036739334963
0.06702422784406153  0.27318591826997557  0.4672813479220721  0.4187543825676378  0.4151422917405825  0.49371334406538514  0.42192035882737156  0.3109436211908465  0.5431734643966272  0.5487429293166637  0.44215688134544845  0.4767047967634603  0.4578941468660227  0.24154876775222628  0.4181832229764155  0.47093774279231426
0.03987022165859225  0.2971516023232975  0.4606941978513298  0.39242359993284653  0.4242904006184766  0.47011654830608757  0.4271005945144061  0.36379226232597184  0.5183318073229387  0.49470559015471366  0.45412072886182075  0.45333797584399294  0.44897037746674723  0.31188868755025256  0.4325437418435383  0.46425810911594423
0.013341312580118725  0.31907622849658923  0.4596940340863864  0.3698096283785633  0.428253798338184  0.43270927224433153  0.4349043211995518  0.4323429348490846  0.49319377149511157  0.44014629274226513  0.47336268138050647  0.43962842492613224  0.42964239887433076  0.4060607510203427  0.4298963953221739  0.5013468048502981
0.013341312580118725  0.31907622849658923  0.4596940340863864  0.3698096283785633  0.428253798338184  0.43270927224433153  0.4349043211995518  0.4323429348490846  0.49319377149511157  0.44014629274226513  0.47336268138050647  0.43962842492613224  0.42964239887433076  0.4060607510203427  0.4298963953221739  0.5013468048502981
0.0  0.3323147355008087  0.4535388505285417  0.3507532968586308  0.44155069246321926  0.42011775922009226  0.45422247678997535  0.46701248434897547  0.499443092203253  0.435951456965589  0.5056884107576229  0.439701452707016  0.44112898552446095  0.4542854924337379  0.4163013136007501  0.49654122591279165
0.0  0.3323147355008087  0.4535388505285417  0.3507532968586308  0.44155069246321926  0.42011775922009226  0.45422247678997535  0.46701248434897547  0.499443092203253  0.435951456965589  0.5056884107576229  0.439701452707016  0.44112898552446095  0.4542854924337379  0.4163013136007501  0.49654122591279165
0.0  0.3323147355008087  0.4535388505285417  0.3507532968586308  0.44155069246321926  0.42011775922009226  0.45422247678997535  0.46701248434897547  0.499443092203253  0.435951456965589  0.5056884107576229  0.439701452707016  0.44112898552446095  0.4542854924337379  0.4163013136007501  0.49654122591279165
0.0  0.3323147355008087  0.4535388505285417  0.3507532968586308  0.44155069246321926  0.42011775922009226  0.45422247678997535  0.46701248434897547  0.499443092203253  0.435951456965589  0.5056884107576229  0.439701452707016  0.44112898552446095  0.4542854924337379  0.4163013136007501  0.49654122591279165
0.0  0.3323147355008087  0.4535388505285417  0.3507532968586308  0.44155069246321926  0.42011775922009226  0.45422247678997535  0.46701248434897547  0.499443092203253  0.435951456965589  0.5056884107576229  0.439701452707016  0.44112898552446095  0.4542854924337379  0.4163013136007501  0.49654122591279165
0.0  0.3323147355008087  0.4535388505285417  0.3507532968586308  0.44155069246321926  0.42011775922009226  0.45422247678997535  0.46701248434897547  0.499443092203253  0.435951456965589  0.5056884107576229  0.439701452707016  0.44112898552446095  0.4542854924337379  0.4163013136007501  0.49654122591279165
0.0  0.3323147355008087  0.4535388505285417  0.3507532968586308  0.44155069246321926  0.42011775922009226  0.45422247678997535  0.46701248434897547  0.499443092203253  0.435951456965589  0.5056884107576229  0.439701452707016  0.44112898552446095  0.4542854924337379  0.4163013136007501  0.49654122591279165
0.0  0.3323147355008087  0.4535388505285417  0.3507532968586308  0.44155069246321926  0.42011775922009226  0.45422247678997535  0.46701248434897547  0.499443092203253  0.435951456965589  0.5056884107576229  0.439701452707016  0.44112898552446095  0.4542854924337379  0.4163013136007501  0.49654122591279165
0.0  0.3323147355008087  0.4535388505285417  0.3507532968586308  0.44155069246321926  0.42011775922009226  0.45422247678997535  0.46701248434897547  0.499443092203253  0.435951456965589  0.5056884107576229  0.439701452707016  0.44112898552446095  0.4542854924337379  0.4163013136007501  0.49654122591279165
0.0  0.3323147355008087  0.4535388505285417  0.3507532968586308  0.44155069246321926  0.42011775922009226  0.45422247678997535  0.46701248434897547  0.499443092203253  0.435951456965589  0.5056884107576229  0.439701452707016  0.44112898552446095  0.4542854924337379  0.4163013136007501  0.49654122591279165
0.0  0.3323147355008087  0.4535388505285417  0.3507532968586308  0.44155069246321926  0.42011775922009226  0.45422247678997535  0.46701248434897547  0.499443092203253  0.435951456965589  0.5056884107576229  0.439701452707016  0.44112898552446095  0.4542854924337379  0.4163013136007501  0.49654122591279165
0.0  0.3323147355008087  0.4535388505285417  0.3507532968586308  0.44155069246321926  0.42011775922009226  0.45422247678997535  0.46701248434897547  0.499443092203253  0.435951456965589  0.5056884107576229  0.439701452707016  0.44112898552446095  0.4542854924337379  0.4163013136007501  0.49654122591279165
0.0  0.3323147355008087  0.4535388505285417  0.3507532968586308  0.44155069246321926  0.42011775922009226  0.45422247678997535  0.46701248434897547  0.499443092203253  0.435951456965589  0.5056884107576229  0.439701452707016  0.44112898552446095  0.4542854924337379  0.4163013136007501  0.49654122591279165
0.0  0.3323147355008087  0.4535388505285417  0.3507532968586308  0.44155069246321926  0.42011775922009226  0.45422247678997535  0.46701248434897547  0.499443092203253  0.435951456965589  0.5056884107576229  0.439701452707016  0.44112898552446095  0.4542854924337379  0.4163013136007501  0.49654122591279165
0.0  0.3323147355008087  0.4535388505285417  0.3507532968586308  0.44155069246321926  0.42011775922009226  0.45422247678997535  0.46701248434897547  0.499443092203253  0.435951456965589  0.5056884107576229  0.439701452707016  0.44112898552446095  0.4542854924337379  0.4163013136007501  0.49654122591279165
0.0  0.3323147355008087  0.4535388505285417  0.3507532968586308  0.44155069246321926  0.42011775922009226  0.45422247678997535  0.46701248434897547  0.499443092203253  0.435951456965589  0.5056884107576229  0.439701452707016  0.44112898552446095  0.4542854924337379  0.4163013136007501  0.49654122591279165
0.0  0.3323147355008087  0.4535388505285417  0.3507532968586308  0.44155069246321926  0.42011775922009226  0.45422247678997535  0.46701248434897547  0.499443092203253  0.435951456965589  0.5056884107576229  0.439701452707016  0.44112898552446095  0.4542854924337379  0.4163013136007501  0.49654122591279165
0.0  0.3323147355008087  0.4535388505285417  0.3507532968586308  0.44155069246321926  0.42011775922009226  0.45422247678997535  0.46701248434897547  0.499443092203253  0.435951456965589  0.5056884107576229  0.439701452707016  0.44112898552446095  0.4542854924337379  0.4163013136007501  0.49654122591279165
0.02687279136122847  0.3050835952039861  0.46777844193675805  0.3914672466792836  0.41218780624330575  0.439210193622472  0.4089031399607434  0.4242345967349105  0.4752385688427394  0.4126897110150517  0.4551999836122639  0.42536949858667017  0.42254422733051544  0.4336409582474717  0.44159189178187463  0.5070616780721489
0.09479572084652757  0.23924853540450344  0.5005151910161598  0.4804643072540418  0.35707052906484404  0.46998196297827405  0.33821463304744864  0.3731105063812688  0.43779926950021897  0.3862523171606056  0.3914931274898416  0.4084533588466049  0.4065753945896766  0.40423328797736174  0.4555524859331315  0.510370994723856
0.23212669112394832  0.1161639042416964  0.5507592197879202  0.6126510870144506  0.3056815707375966  0.47794376806828953  0.3149512256690232  0.41346847515928137  0.4462667912259717  0.38756782151227454  0.4568416699448172  0.42491631956663783  0.42624191974776415  0.5358011286936483  0.3770890030306693  0.5475019028185528
0.3407376261150147  0.040248303881655234  0.5567057335630686  0.6386279745153196  0.3575413080513161  0.4641340017361918  0.4444788437633363  0.5151345654674262  0.5451672406641292  0.5219315023082006  0.6193637488920565  0.4739741059687626  0.532812398294423  0.45763310578052624  0.33131974601748876  0.43630761614025365
0.3811915092145619  0.019241346505769974  0.5478206974543913  0.619702836609425  0.4067703016238479  0.4582323253560965  0.5310728517442175  0.5302534813302169  0.5944539194600406  0.5851248234152786  0.6283602830439188  0.4976332719845595  0.5116530635609953  0.47856711160513643  0.3494064259878288  0.4546181437629218
0.4074392917042918  0.010754536803696535  0.5346710142206919  0.5903940648079187  0.44883713020452043  0.45771054212820406  0.5860231818847754  0.5077797725963478  0.5971861080373592  0.5937127535707176  0.5539598976403882  0.5017093384126968  0.4484352795218787  0.5405767595631745  0.39978574608261735  0.4962395684296641
0.4202701483291981  0.007321124678742075  0.5238925100495068  0.5751315586732944  0.4715281647915183  0.46808977738990953  0.6078632469685614  0.48651484262298156  0.5967725816387107  0.5944654340216617  0.5219817248142076  0.4966328554064993  0.42239877858239194  0.5723476868691176  0.42150800221854035  0.4837093450488014
0.4202701483291981  0.007321124678742075  0.5238925100495068  0.5751315586732944  0.4715281647915183  0.46808977738990953  0.6078632469685614  0.48651484262298156  0.5967725816387107  0.5944654340216617  0.5219817248142076  0.4966328554064993  0.42239877858239194  0.5723476868691176  0.42150800221854035  0.4837093450488014
0.4202701483291981  0.007321124678742075  0.5238925100495068  0.5751315586732944  0.4715281647915183  0.46808977738990953  0.6078632469685614  0.48651484262298156  0.5967725816387107  0.5944654340216617  0.5219817248142076  0.4966328554064993  0.42239877858239194  0.5723476868691176  0.42150800221854035  0.4837093450488014
0.4074392917042918  0.010754536803696535  0.5346710142206919  0.5903940648079187  0.44883713020452043  0.45771054212820406  0.5860231818847754  0.5077797725963478  0.5971861080373592  0.5937127535707176  0.5539598976403882  0.5017093384126968  0.4484352795218787  0.5405767595631745  0.39978574608261735  0.4962395684296641
0.39443937486621816  0.014256311380481612  0.5416029235476569  0.6071407140761764  0.42846365086536875  0.4601125024092582  0.5606171983714913  0.5192476671974577  0.6039979202175546  0.597630434963114  0.6014398565715117  0.5033361478737909  0.48131857513556303  0.5133269530936491  0.3721084659216348  0.4780041584096404
0.3675735563981025  0.026261142465967835  0.5464039273661155  0.6262912896656195  0.39544670779827373  0.4829842349550925  0.5038021540604266  0.48518741787129827  0.5998231929351078  0.5961633915457084  0.6186707104101604  0.5024271214393294  0.5149831659045754  0.49668184528365217  0.33464782024997997  0.460608559579826
0.34054618576696405  0.04128776510135668  0.5522648792141056  0.6357175886330497  0.36413156504153593  0.48476930916023825  0.44825205259978024  0.467956120736447  0.5674478571380962  0.5603971968921582  0.599557776018377  0.49044576369885867  0.5225851366775112  0.4705910670320531  0.33075879818732346  0.4643444205994963
0.28603287942976446  0.07768773084825936  0.5490252479546979  0.6302549742704664  0.3303450654183142  0.5087555354024162  0.363749848836479  0.36764425660075606  0.5245059511746586  0.5095175676511865  0.49922432365128855  0.47267178827041445  0.4701365438857143  0.46985243403071775  0.35919952520800197  0.5036220579685586
0.23172736293999338  0.11522160533341236  0.5487866626102552  0.6193246938508248  0.2992641924308498  0.5062007046151442  0.2898104811841462  0.329246778733143  0.45760212259911637  0.4187994431720491  0.41505079192416416  0.43445307605738015  0.41605122011439793  0.49104668179138805  0.3945672655684006  0.5391291070792089
0.17678109912659903  0.16097844383510837  0.5381818611205595  0.5806155879921943  0.29749830724014903  0.4858668583769379  0.2586083125227115  0.3492873066440702  0.3928327739133604  0.32357649443749803  0.36237140239870075  0.3807823902489162  0.3953142404302006  0.4416133180677948  0.46801346323967274  0.47396472175272036
0.1219517746725327  0.21314938391580357  0.5132815636613628  0.5133621124523012  0.335293136407571  0.46228814397912615  0.3024939242752282  0.38715800251127475  0.4038211502083643  0.3223349014798631  0.3907078526412642  0.38114749133000253  0.4058838464613647  0.4383649863832771  0.4858417696871834  0.43801343571795237
0.0  0.3323147355008087  0.4535388505285417  0.3507532968586308  0.44155069246321926  0.42011775922009226  0.45422247678997535  0.46701248434897547  0.499443092203253  0.435951456965589  0.5056884107576229  0.439701452707016  0.44112898552446095  0.4542854924337379  0.4163013136007501  0.49654122591279165
0.0  0.3323147355008087  0.4535388505285417  0.3507532968586308  0.44155069246321926  0.42011775922009226  0.45422247678997535  0.46701248434897547  0.499443092203253  0.435951456965589  0.5056884107576229  0.439701452707016  0.44112898552446095  0.4542854924337379  0.4163013136007501  0.49654122591279165
0.0  0.3323147355008087  0.4535388505285417  0.3507532968586308  0.44155069246321926  0.42011775922009226  0.45422247678997535  0.46701248434897547  0.499443092203253  0.435951456965589  0.5056884107576229  0.439701452707016  0.44112898552446095  0.4542854924337379  0.4163013136007501  0.49654122591279165
0.0  0.3323147355008087  0.4535388505285417  0.3507532968586308  0.44155069246321926  0.42011775922009226  0.45422247678997535  0.46701248434897547  0.499443092203253  0.435951456965589  0.5056884107576229  0.439701452707016  0.44112898552446095  0.4542854924337379  0.4163013136007501  0.49654122591279165
0.0  0.3323147355008087  0.4535388505285417  0.3507532968586308  0.44155069246321926  0.42011775922009226  0.45422247678997535  0.46701248434897547  0.499443092203253  0.435951456965589  0.5056884107576229  0.439701452707016  0.44112898552446095  0.4542854924337379  0.4163013136007501  0.49654122591279165
0.0  0.3323147355008087  0.4535388505285417  0.3507532968586308  0.44155069246321926  0.42011775922009226  0.45422247678997535  0.46701248434897547  0.499443092203253  0.435951456965589  0.5056884107576229  0.439701452707016  0.44112898552446095  0.4542854924337379  0.4163013136007501  0.49654122591279165
0.02588025971545152  0.4021636705784129  0.5290348672070051  0.40976955438767876  0.6178700663193277  0.4312716394577413  0.35581242219869114  0.5306876704265222  0.470528458338241  0.5415948051062115  0.43000974036399764  0.39046798714983644  0.48891859267985094  0.4484854122405278  0.2558905033778992  0.5439716402275206
0.029215271583164615  0.4078767523540533  0.5414412599313152  0.4062567575093132  0.6256132261717724  0.4326398247756902  0.34456155640350344  0.540245842261434  0.49901656856758936  0.48663252536770746  0.3928008929201397  0.49010429204714584  0.5330179659118218  0.460090567586222  0.2540456305624364  0.5305962358601115
0.03725764605532103  0.4304055404359721  0.5599035712864245  0.42614274300474797  0.6741188840684826  0.44545068562754886  0.32296806525878835  0.5539709664705192  0.4853016361975993  0.5160527321316372  0.3797826395557075  0.46788366368785633  0.5474506998958858  0.45904271262506413  0.23125320979324684  0.5250738133515152
0.04617812421336151  0.4601669373359468  0.5720594153957822  0.4663578287033743  0.7468323683574556  0.44489777069641984  0.2936705411736737  0.5462752354099466  0.39935440541785794  0.6050641474146268  0.4378008758346563  0.48904765091954594  0.5600790519131753  0.46782094239732336  0.3059164433256667  0.5469943917651778
0.05931966033943756  0.4838097991488988  0.6122882703689727  0.46373666971544164  0.7775016637772716  0.427003168641935  0.26072734995798896  0.5448469327099302  0.45486638932409973  0.5576836043196631  0.4299136505203792  0.5195986422496023  0.49707636959846135  0.4667632474029903  0.24627053971548118  0.5194000226508065
0.05931966033943756  0.4838097991488988  0.6122882703689727  0.46373666971544164  0.7775016637772716  0.427003168641935  0.26072734995798896  0.5448469327099302  0.45486638932409973  0.5576836043196631  0.4299136505203792  0.5195986422496023  0.49707636959846135  0.4667632474029903  0.24627053971548118  0.5194000226508065
0.05931966033943756  0.4838097991488988  0.6122882703689727  0.46373666971544164  0.7775016637772716  0.427003168641935  0.26072734995798896  0.5448469327099302  0.45486638932409973  0.5576836043196631  0.4299136505203792  0.5195986422496023  0.49707636959846135  0.4667632474029903  0.24627053971548118  0.5194000226508065
0.05931966033943756  0.4838097991488988  0.6122882703689727  0.46373666971544164  0.7775016637772716  0.427003168641935  0.26072734995798896  0.5448469327099302  0.45486638932409973  0.5576836043196631  0.4299136505203792  0.5195986422496023  0.49707636959846135  0.4667632474029903  0.24627053971548118  0.5194000226508065
0.05931966033943756  0.4838097991488988  0.6122882703689727  0.46373666971544164  0.7775016637772716  0.427003168641935  0.26072734995798896  0.5448469327099302  0.45486638932409973  0.5576836043196631  0.4299136505203792  0.5195986422496023  0.49707636959846135  0.4667632474029903  0.24627053971548118  0.5194000226508065
0.05931966033943756  0.4838097991488988  0.6122882703689727  0.46373666971544164  0.7775016637772716  0.427003168641935  0.26072734995798896  0.5448469327099302  0.45486638932409973  0.5576836043196631  0.4299136505203792  0.5195986422496023  0.49707636959846135  0.4667632474029903  0.24627053971548118  0.5194000226508065
0.060953549224460085  0.465213330547372  0.6234300776255534  0.4046592100350467  0.6988370025948689  0.4051481879999552  0.272122900537513  0.5426025480322675  0.5600322502442612  0.47226601631532583  0.3911583830826587  0.5054003419013773  0.46886180826838497  0.4521683151110968  0.13989196417845867  0.5189904302042286
0.060953549224460085  0.465213330547372  0.6234300776255534  0.4046592100350467  0.6988370025948689  0.4051481879999552  0.272122900537513  0.5426025480322675  0.5600322502442612  0.47226601631532583  0.3911583830826587  0.5054003419013773  0.46886180826838497  0.4521683151110968  0.13989196417845867  0.5189904302042286
0.057216323682981324  0.45388584748083943  0.6152634281900622  0.391806466850251  0.66745349692754  0.40532944908561647  0.28775101387118857  0.5407489279066298  0.5825050686021273  0.4401148418057962  0.3843864819142627  0.5029139700241513  0.4650312000161766  0.4467627352817122  0.14025154856222932  0.5205932558733074
0.05597750903179158  0.39547765059190804  0.5848595087538737  0.3606727132680514  0.523851585613609  0.4146533122617708  0.3339463360370129  0.49572881888191883  0.6465632714528753  0.29973396289927257  0.3643976755388335  0.4963518178531626  0.4165917878402097  0.43573577358936033  0.1932936425309393  0.47591222591188503
0.1277311296557343  0.25874757534473386  0.5551233670435666  0.4566149484266357  0.3811249255228976  0.40888547109369855  0.3240689088809182  0.47939673806229033  0.5019065192947635  0.2673659786972048  0.4463407341971657  0.4938353787084713  0.45326722586655416  0.5039576588942424  0.3983367235842923  0.523461966665046
0.25324800051093854  0.14298045978632853  0.5591244722429936  0.5206588227696054  0.33034406649866727  0.3655562412527192  0.36019992705507103  0.4706891991271705  0.4297659948281472  0.39318902866752875  0.5085252514117219  0.42355581549967886  0.46018839626192815  0.33839534773292185  0.4029659690440616  0.5312134257991582
0.30436390516532624  0.11971152570172297  0.5730658289525946  0.5211224998559052  0.31761014887142536  0.35729365592710993  0.3726502481065497  0.4277233852713441  0.450054638185458  0.4845465175069227  0.5370075148278507  0.45059877769175816  0.5154654477047492  0.24895066283559397  0.3520677909766762  0.5465301978412261
0.5015258410539061  0.026868954901762165  0.5399532182314846  0.445558102398929  0.4549791020758997  0.31737885117149267  0.596852492676977  0.48155566432964625  0.5053407410788487  0.5795597321863002  0.5600100057506691  0.47161382511650735  0.5033543424444263  0.31875119164892834  0.384950129040206  0.5974717092004851
0.6479605376434652  0.06114824255998294  0.3742876339747338  0.2110671818071989  0.5290371278523821  0.39144509491771395  0.42619711814585043  0.35631892959861367  0.3636180913963284  0.35969174685853356  0.6060588726018616  0.3814014717314654  0.5080699701614856  0.35357024218719957  0.254100214614597  0.5894542386429248
0.6783879935192847  0.0987721306418183  0.33386941652139435  0.20238555826832963  0.47761684822461276  0.35054495653064954  0.36210890933564105  0.3860515963645681  0.4158989572655095  0.47856302495438297  0.5873572242302314  0.38595385875660876  0.46907235162803856  0.4256799944419523  0.3063809335401288  0.48824888081929474
0.7192162001938283  0.15794189217712468  0.2315928778607158  0.230177278458088  0.394948301962108  0.30542375102023916  0.2659838363900088  0.54545087830901  0.5080811863194052  0.671749694983309  0.4560925025644915  0.4047082620141723  0.42684096854855186  0.46755617856734993  0.3956337646985445  0.45296494347731364
0.7192162001938283  0.15794189217712468  0.2315928778607158  0.230177278458088  0.394948301962108  0.30542375102023916  0.2659838363900088  0.54545087830901  0.5080811863194052  0.671749694983309  0.4560925025644915  0.4047082620141723  0.42684096854855186  0.46755617856734993  0.3956337646985445  0.45296494347731364
0.7702509046114878  0.26017870029946344  0.20432228922208084  0.2860829446839612  0.2944292211380926  0.2612943754061643  0.3440422681437697  0.45219975772422166  0.538289209408906  0.65777916093149  0.5156939446263127  0.3813117017450687  0.3825188288817567  0.5627057477342153  0.3764064553340204  0.24918652394323626
0.7702509046114878  0.26017870029946344  0.20432228922208084  0.2860829446839612  0.2944292211380926  0.2612943754061643  0.3440422681437697  0.45219975772422166  0.538289209408906  0.65777916093149  0.5156939446263127  0.3813117017450687  0.3825188288817567  0.5627057477342153  0.3764064553340204  0.24918652394323626
0.7926697868244956  0.3244245173219047  0.15939135246508696  0.38107488500904213  0.273129222951135  0.1942378950777305  0.4238597014841975  0.36189445073974447  0.5475880845956619  0.5554723978923167  0.5345262120956926  0.363332898018433  0.37191221452648215  0.5584401220640353  0.27208413582274527  0.24358039435800838
0.7926697868244956  0.3244245173219047  0.15939135246508696  0.38107488500904213  0.273129222951135  0.1942378950777305  0.4238597014841975  0.36189445073974447  0.5475880845956619  0.5554723978923167  0.5345262120956926  0.363332898018433  0.37191221452648215  0.5584401220640353  0.27208413582274527  0.24358039435800838
0.7962255185392705  0.334540885321231  0.15127422694267256  0.3990300510341842  0.2759754724053244  0.17942511884937287  0.4341902382061148  0.3372402530700439  0.5580264622520954  0.5272682446640131  0.5402509723110143  0.3461748467377763  0.3989461566470858  0.5634191007151585  0.2835230308267545  0.2490729779726255
0.8001492524340796  0.3454278107096034  0.14255353918559976  0.4170208470914559  0.2756696085954229  0.1672947388030958  0.44682619693387654  0.3209749663534046  0.5692443977510564  0.4998609980588631  0.5384575698956654  0.334629184885272  0.4154113062846662  0.5628848733126925  0.293865814785098  0.26398724608139945
0.8001492524340796  0.3454278107096034  0.14255353918559976  0.4170208470914559  0.2756696085954229  0.1672947388030958  0.44682619693387654  0.3209749663534046  0.5692443977510564  0.4998609980588631  0.5384575698956654  0.334629184885272  0.4154113062846662  0.5628848733126925  0.293865814785098  0.26398724608139945
0.8001492524340796  0.3454278107096034  0.14255353918559976  0.4170208470914559  0.2756696085954229  0.1672947388030958  0.44682619693387654  0.3209749663534046  0.5692443977510564  0.4998609980588631  0.5384575698956654  0.334629184885272  0.4154113062846662  0.5628848733126925  0.293865814785098  0.26398724608139945
0.8001492524340796  0.3454278107096034  0.14255353918559976  0.4170208470914559  0.2756696085954229  0.1672947388030958  0.44682619693387654  0.3209749663534046  0.5692443977510564  0.4998609980588631  0.5384575698956654  0.334629184885272  0.4154113062846662  0.5628848733126925  0.293865814785098  0.26398724608139945
0.8001492524340796  0.3454278107096034  0.14255353918559976  0.4170208470914559  0.2756696085954229  0.1672947388030958  0.44682619693387654  0.3209749663534046  0.5692443977510564  0.4998609980588631  0.5384575698956654  0.334629184885272  0.4154113062846662  0.5628848733126925  0.293865814785098  0.26398724608139945
0.8001492524340796  0.3454278107096034  0.14255353918559976  0.4170208470914559  0.2756696085954229  0.1672947388030958  0.44682619693387654  0.3209749663534046  0.5692443977510564  0.4998609980588631  0.5384575698956654  0.334629184885272  0.4154113062846662  0.5628848733126925  0.293865814785098  0.26398724608139945
0.8001492524340796  0.3454278107096034  0.14255353918559976  0.4170208470914559  0.2756696085954229  0.1672947388030958  0.44682619693387654  0.3209749663534046  0.5692443977510564  0.4998609980588631  0.5384575698956654  0.334629184885272  0.4154113062846662  0.5628848733126925  0.293865814785098  0.26398724608139945
0.8055329227654282  0.3585929944123524  0.14058303203858286  0.4233850798178327  0.2577247167153686  0.1960778319037371  0.4677513309228539  0.3420809167695413  0.547851690265388  0.4992721885108467  0.5432179580113178  0.3543445810735375  0.3831536713493011  0.5463116577300027  0.27826670431498646  0.2583058778351528
0.8055329227654282  0.3585929944123524  0.14058303203858286  0.4233850798178327  0.2577247167153686  0.1960778319037371  0.4677513309228539  0.3420809167695413  0.547851690265388  0.4992721885108467  0.5432179580113178  0.3543445810735375  0.3831536713493011  0.5463116577300027  0.27826670431498646  0.2583058778351528
0.8132552705507092  0.37126114087248047  0.16099600868733155  0.41480795488793903  0.2525582208001229  0.20324096157368388  0.467694071125626  0.3419805386889664  0.576645688862926  0.4788921998351043  0.5434141169732494  0.3384406381160068  0.3658436478049071  0.550125920349317  0.31390750071575413  0.2561230367691313
0.8132552705507092  0.37126114087248047  0.16099600868733155  0.41480795488793903  0.2525582208001229  0.20324096157368388  0.467694071125626  0.3419805386889664  0.576645688862926  0.4788921998351043  0.5434141169732494  0.3384406381160068  0.3658436478049071  0.550125920349317  0.31390750071575413  0.2561230367691313
0.8132552705507092  0.37126114087248047  0.16099600868733155  0.41480795488793903  0.2525582208001229  0.20324096157368388  0.467694071125626  0.3419805386889664  0.576645688862926  0.4788921998351043  0.5434141169732494  0.3384406381160068  0.3658436478049071  0.550125920349317  0.31390750071575413  0.2561230367691313
0.8132552705507092  0.37126114087248047  0.16099600868733155  0.41480795488793903  0.2525582208001229  0.20324096157368388  0.467694071125626  0.3419805386889664  0.576645688862926  0.4788921998351043  0.5434141169732494  0.3384406381160068  0.3658436478049071  0.550125920349317  0.31390750071575413  0.2561230367691313
0.8055329227654282  0.3585929944123524  0.14058303203858286  0.4233850798178327  0.2577247167153686  0.1960778319037371  0.4677513309228539  0.3420809167695413  0.547851690265388  0.4992721885108467  0.5432179580113178  0.3543445810735375  0.3831536713493011  0.5463116577300027  0.27826670431498646  0.2583058778351528
0.8055329227654282  0.3585929944123524  0.14058303203858286  0.4233850798178327  0.2577247167153686  0.1960778319037371  0.4677513309228539  0.3420809167695413  0.547851690265388  0.4992721885108467  0.5432179580113178  0.3543445810735375  0.3831536713493011  0.5463116577300027  0.27826670431498646  0.2583058778351528
0.8055329227654282  0.3585929944123524  0.14058303203858286  0.4233850798178327  0.2577247167153686  0.1960778319037371  0.4677513309228539  0.3420809167695413  0.547851690265388  0.4992721885108467  0.5432179580113178  0.3543445810735375  0.3831536713493011  0.5463116577300027  0.27826670431498646  0.2583058778351528
0.8001492524340796  0.3454278107096034  0.14255353918559976  0.4170208470914559  0.2756696085954229  0.1672947388030958  0.44682619693387654  0.3209749663534046  0.5692443977510564  0.4998609980588631  0.5384575698956654  0.334629184885272  0.4154113062846662  0.5628848733126925  0.293865814785098  0.26398724608139945
0.7879595779785058  0.323624056566771  0.13214396441997628  0.4148756106259942  0.2890942501161271  0.18548893061774885  0.4405185760964266  0.3546349679064713  0.5604965100132571  0.5203065757028975  0.48854765424889  0.2905345542463093  0.5084796796305658  0.5654637123107424  0.2872255060796324  0.3038693596428105
0.7600049769588599  0.2926444445602287  0.08971384056517173  0.46432762815203693  0.3410176194009593  0.21949993488271388  0.45071998434294397  0.40610472635765293  0.5442179508639421  0.4861286189228513  0.42409793472163887  0.29513538212733625  0.503712972070247  0.5451026303625626  0.25644502537049435  0.3098387503819654
0.7267334746768235  0.2251415404825476  0.10060114971587125  0.43534229178357065  0.4153338499055641  0.22161326440488707  0.3835394564799898  0.4633374110726151  0.5897614257238347  0.47182137686176584  0.3454830357743165  0.27644584371873643  0.5565479595496046  0.5139838996295804  0.3502202497151155  0.42011013619874693
0.6774769281583217  0.15670740260091465  0.13196980125907326  0.44540957885411625  0.5143624242904166  0.29188199656663927  0.3743309606358947  0.5319522039029448  0.6516708373185733  0.38909016904103655  0.31340933408807775  0.2556887526504289  0.4710316156629283  0.4458684133468285  0.5580917404163517  0.4959063692219435
0.6542656654734846  0.11646394125992987  0.15932069471678567  0.41795559129763804  0.5467787523662802  0.360577627035119  0.35073974278216097  0.6001869158686959  0.6304881803921768  0.3973292568478867  0.3384034390659883  0.2984709163479178  0.3860416457395341  0.4261392992381329  0.6011106799901645  0.5006188353199206
0.6288237984130239  0.11806611126609198  0.15608323992083262  0.45551283334905546  0.5366913513002272  0.4274818195721361  0.33657535744369493  0.5650882904833163  0.6837902433198063  0.4233471654681694  0.38719367672332095  0.32156323461085656  0.3856116229806682  0.5433780760681216  0.5934458626012312  0.4856328754431393
0.526593721052206  0.06956530683859485  0.2840617285280018  0.5265687609680823  0.506347923989896  0.5318798232010304  0.34989029009152545  0.570920423499643  0.7353376086094404  0.46847742857156416  0.7030931105789963  0.37927919328181864  0.4246927474786972  0.5022598269539347  0.4986680759806915  0.4689187091156602
0.4028023228320959  0.07243861003948021  0.41646687212106687  0.6156011928340338  0.40915445270256723  0.5160090025417765  0.3532426865499013  0.4862973071918571  0.6821517069614189  0.5268499913521176  0.6704806244179288  0.4050519871222102  0.5257750952170439  0.3480010954328021  0.46823201946029863  0.37618321870903026
0.22368464120624967  0.15160426299297522  0.47327022171691197  0.5558651814988094  0.34879574931747614  0.6071850690412796  0.2501756246745347  0.2306775187591383  0.5323202115208273  0.4613163523488391  0.4846930710527652  0.4351472405536311  0.4410556223491868  0.2164891460205545  0.42950298277229665  0.44155474922847093
0.17554865120273921  0.17213773889483047  0.5053527403784871  0.5442166537454519  0.351612676400863  0.5622873310487921  0.3334636496547723  0.186618081836593  0.5296237588121752  0.5546750470378776  0.36146986821691063  0.4671554443073089  0.43554480987068817  0.23016611829876946  0.42937677033071003  0.4618785638208152
0.09416188195592673  0.24379667066720448  0.4867077167821488  0.46612317441954854  0.37630986586965676  0.49906395398297604  0.35534175935433027  0.2935716825941861  0.48645023660399433  0.466144022541768  0.38561961887889745  0.435468811769549  0.4185028765861019  0.2791663009221553  0.46296537815826777  0.4664367246630926
0.026918771307693212  0.30565726924968706  0.46649601966528753  0.3890730160227538  0.4151572080298073  0.4433712726649452  0.41724905907394727  0.4082421546386171  0.4861221194443594  0.44175511801167044  0.4484720450466309  0.4377985925893584  0.4233762486657832  0.3737618665463437  0.43555069286101744  0.5064374110999842
0.013341312580118725  0.31907622849658923  0.4596940340863864  0.3698096283785633  0.428253798338184  0.43270927224433153  0.4349043211995518  0.4323429348490846  0.49319377149511157  0.44014629274226513  0.47336268138050647  0.43962842492613224  0.42964239887433076  0.4060607510203427  0.4298963953221739  0.5013468048502981
0.0  0.3323147355008087  0.4535388505285417  0.3507532968586308  0.44155069246321926  0.42011775922009226  0.45422247678997535  0.46701248434897547  0.499443092203253  0.435951456965589  0.5056884107576229  0.439701452707016  0.44112898552446095  0.4542854924337379  0.4163013136007501  0.49654122591279165
0.0  0.3323147355008087  0.4535388505285417  0.3507532968586308  0.44155069246321926  0.42011775922009226  0.45422247678997535  0.46701248434897547  0.499443092203253  0.435951456965589  0.5056884107576229  0.439701452707016  0.44112898552446095  0.4542854924337379  0.4163013136007501  0.49654122591279165
0.0  0.3323147355008087  0.4535388505285417  0.3507532968586308  0.44155069246321926  0.42011775922009226  0.45422247678997535  0.46701248434897547  0.499443092203253  0.435951456965589  0.5056884107576229  0.439701452707016  0.44112898552446095  0.4542854924337379  0.4163013136007501  0.49654122591279165
0.0  0.3323147355008087  0.4535388505285417  0.3507532968586308  0.44155069246321926  0.42011775922009226  0.45422247678997535  0.46701248434897547  0.499443092203253  0.435951456965589  0.5056884107576229  0.439701452707016  0.44112898552446095  0.4542854924337379  0.4163013136007501  0.49654122591279165
0.0  0.3323147355008087  0.4535388505285417  0.3507532968586308  0.44155069246321926  0.42011775922009226  0.45422247678997535  0.46701248434897547  0.499443092203253  0.435951456965589  0.5056884107576229  0.439701452707016  0.44112898552446095  0.4542854924337379  0.4163013136007501  0.49654122591279165
0.0  0.3323147355008087  0.4535388505285417  0.3507532968586308  0.44155069246321926  0.42011775922009226  0.45422247678997535  0.46701248434897547  0.499443092203253  0.435951456965589  0.5056884107576229  0.439701452707016  0.44112898552446095  0.4542854924337379  0.4163013136007501  0.49654122591279165
0.0  0.3323147355008087  0.4535388505285417  0.3507532968586308  0.44155069246321926  0.42011775922009226  0.45422247678997535  0.46701248434897547  0.499443092203253  0.435951456965589  0.5056884107576229  0.439701452707016  0.44112898552446095  0.4542854924337379  0.4163013136007501  0.49654122591279165
0.0  0.3323147355008087  0.4535388505285417  0.3507532968586308  0.44155069246321926  0.42011775922009226  0.45422247678997535  0.46701248434897547  0.499443092203253  0.435951456965589  0.5056884107576229  0.439701452707016  0.44112898552446095  0.4542854924337379  0.4163013136007501  0.49654122591279165
0.0  0.3323147355008087  0.4535388505285417  0.3507532968586308  0.44155069246321926  0.42011775922009226  0.45422247678997535  0.46701248434897547  0.499443092203253  0.435951456965589  0.5056884107576229  0.439701452707016  0.44112898552446095  0.4542854924337379  0.4163013136007501  0.49654122591279165
0.0  0.3323147355008087  0.4535388505285417  0.3507532968586308  0.44155069246321926  0.42011775922009226  0.45422247678997535  0.46701248434897547  0.499443092203253  0.435951456965589  0.5056884107576229  0.439701452707016  0.44112898552446095  0.4542854924337379  0.4163013136007501  0.49654122591279165
0.0  0.3323147355008087  0.4535388505285417  0.3507532968586308  0.44155069246321926  0.42011775922009226  0.45422247678997535  0.46701248434897547  0.499443092203253  0.435951456965589  0.5056884107576229  0.439701452707016  0.44112898552446095  0.4542854924337379  0.4163013136007501  0.49654122591279165
0.0  0.3323147355008087  0.4535388505285417  0.3507532968586308  0.44155069246321926  0.42011775922009226  0.45422247678997535  0.46701248434897547  0.499443092203253  0.435951456965589  0.5056884107576229  0.439701452707016  0.44112898552446095  0.4542854924337379  0.4163013136007501  0.49654122591279165
0.0  0.3323147355008087  0.4535388505285417  0.3507532968586308  0.44155069246321926  0.42011775922009226  0.45422247678997535  0.46701248434897547  0.499443092203253  0.435951456965589  0.5056884107576229  0.439701452707016  0.44112898552446095  0.4542854924337379  0.4163013136007501  0.49654122591279165
0.0  0.3323147355008087  0.4535388505285417  0.3507532968586308  0.44155069246321926  0.42011775922009226  0.45422247678997535  0.46701248434897547  0.499443092203253  0.435951456965589  0.5056884107576229  0.439701452707016  0.44112898552446095  0.4542854924337379  0.4163013136007501  0.49654122591279165
0.0  0.3323147355008087  0.4535388505285417  0.3507532968586308  0.44155069246321926  0.42011775922009226  0.45422247678997535  0.46701248434897547  0.499443092203253  0.435951456965589  0.5056884107576229  0.439701452707016  0.44112898552446095  0.4542854924337379  0.4163013136007501  0.49654122591279165
0.0  0.3323147355008087  0.4535388505285417  0.3507532968586308  0.44155069246321926  0.42011775922009226  0.45422247678997535  0.46701248434897547  0.499443092203253  0.435951456965589  0.5056884107576229  0.439701452707016  0.44112898552446095  0.4542854924337379  0.4163013136007501  0.49654122591279165
0.0  0.3323147355008087  0.4535388505285417  0.3507532968586308  0.44155069246321926  0.42011775922009226  0.45422247678997535  0.46701248434897547  0.499443092203253  0.435951456965589  0.5056884107576229  0.439701452707016  0.44112898552446095  0.4542854924337379  0.4163013136007501  0.49654122591279165
0.0  0.3323147355008087  0.4535388505285417  0.3507532968586308  0.44155069246321926  0.42011775922009226  0.45422247678997535  0.46701248434897547  0.499443092203253  0.435951456965589  0.5056884107576229  0.439701452707016  0.44112898552446095  0.4542854924337379  0.4163013136007501  0.49654122591279165
0.0  0.3323147355008087  0.4535388505285417  0.3507532968586308  0.44155069246321926  0.42011775922009226  0.45422247678997535  0.46701248434897547  0.499443092203253  0.435951456965589  0.5056884107576229  0.439701452707016  0.44112898552446095  0.4542854924337379  0.4163013136007501  0.49654122591279165
0.0  0.3323147355008087  0.4535388505285417  0.3507532968586308  0.44155069246321926  0.42011775922009226  0.45422247678997535  0.46701248434897547  0.499443092203253  0.435951456965589  0.5056884107576229  0.439701452707016  0.44112898552446095  0.4542854924337379  0.4163013136007501  0.49654122591279165
0.0  0.3323147355008087  0.4535388505285417  0.3507532968586308  0.44155069246321926  0.42011775922009226  0.45422247678997535  0.46701248434897547  0.499443092203253  0.435951456965589  0.5056884107576229  0.439701452707016  0.44112898552446095  0.4542854924337379  0.4163013136007501  0.49654122591279165
]