Naoki.i_t.910 [ 0.0  0.3323147355008087  0.4535388505285417  0.3507532968586308  0.44155069246321926  0.42011775922009226  0.45422247678997535  0.46701248434897547  0.499443092203253  0.435951456965589  0.5056884107576229  0.439701452707016  0.44112898552446095  0.4542854924337379  0.4163013136007501  0.49654122591279165
0.0  0.3323147355008087  0.4535388505285417  0.3507532968586308  0.44155069246321926  0.42011775922009226  0.45422247678997535  0.46701248434897547  0.499443092203253  0.435951456965589  0.5056884107576229  0.439701452707016  0.44112898552446095  0.4542854924337379  0.4163013136007501  0.49654122591279165
0.0  0.3323147355008087  0.4535388505285417  0.3507532968586308  0.44155069246321926  0.42011775922009226  0.45422247678997535  0.46701248434897547  0.499443092203253  0.435951456965589  0.5056884107576229  0.439701452707016  0.44112898552446095  0.4542854924337379  0.4163013136007501  0.49654122591279165
0.0  0.3323147355008087  0.4535388505285417  0.3507532968586308  0.44155069246321926  0.42011775922009226  0.45422247678997535  0.46701248434897547  0.499443092203253  0.435951456965589  0.5056884107576229  0.439701452707016  0.44112898552446095  0.4542854924337379  0.4163013136007501  0.49654122591279165
0.0  0.3323147355008087  0.4535388505285417  0.3507532968586308  0.44155069246321926  0.42011775922009226  0.45422247678997535  0.46701248434897547  0.499443092203253  0.435951456965589  0.5056884107576229  0.439701452707016  0.44112898552446095  0.4542854924337379  0.4163013136007501  0.49654122591279165
0.0  0.3323147355008087  0.4535388505285417  0.3507532968586308  0.44155069246321926  0.42011775922009226  0.45422247678997535  0.46701248434897547  0.499443092203253  0.435951456965589  0.5056884107576229  0.439701452707016  0.44112898552446095  0.4542854924337379  0.4163013136007501  0.49654122591279165
0.0  0.3323147355008087  0.4535388505285417  0.3507532968586308  0.44155069246321926  0.42011775922009226  0.45422247678997535  0.46701248434897547  0.499443092203253  0.435951456965589  0.5056884107576229  0.439701452707016  0.44112898552446095  0.4542854924337379  0.4163013136007501  0.49654122591279165
0.0  0.3323147355008087  0.4535388505285417  0.3507532968586308  0.44155069246321926  0.42011775922009226  0.45422247678997535  0.46701248434897547  0.499443092203253  0.435951456965589  0.5056884107576229  0.439701452707016  0.44112898552446095  0.4542854924337379  0.4163013136007501  0.49654122591279165
0.0  0.3323147355008087  0.4535388505285417  0.3507532968586308  0.44155069246321926  0.42011775922009226  0.45422247678997535  0.46701248434897547  0.499443092203253  0.435951456965589  0.5056884107576229  0.439701452707016  0.44112898552446095  0.4542854924337379  0.4163013136007501  0.49654122591279165
0.0  0.3323147355008087  0.4535388505285417  0.3507532968586308  0.44155069246321926  0.42011775922009226  0.45422247678997535  0.46701248434897547  0.499443092203253  0.435951456965589  0.5056884107576229  0.439701452707016  0.44112898552446095  0.4542854924337379  0.4163013136007501  0.49654122591279165
0.0  0.3323147355008087  0.4535388505285417  0.3507532968586308  0.44155069246321926  0.42011775922009226  0.45422247678997535  0.46701248434897547  0.499443092203253  0.435951456965589  0.5056884107576229  0.439701452707016  0.44112898552446095  0.4542854924337379  0.4163013136007501  0.49654122591279165
0.0  0.3323147355008087  0.4535388505285417  0.3507532968586308  0.44155069246321926  0.42011775922009226  0.45422247678997535  0.46701248434897547  0.499443092203253  0.435951456965589  0.5056884107576229  0.439701452707016  0.44112898552446095  0.4542854924337379  0.4163013136007501  0.49654122591279165
0.0  0.3323147355008087  0.4535388505285417  0.3507532968586308  0.44155069246321926  0.42011775922009226  0.45422247678997535  0.46701248434897547  0.499443092203253  0.435951456965589  0.5056884107576229  0.439701452707016  0.44112898552446095  0.4542854924337379  0.4163013136007501  0.49654122591279165
0.0  0.3323147355008087  0.4535388505285417  0.3507532968586308  0.44155069246321926  0.42011775922009226  0.45422247678997535  0.46701248434897547  0.499443092203253  0.435951456965589  0.5056884107576229  0.439701452707016  0.44112898552446095  0.4542854924337379  0.4163013136007501  0.49654122591279165
0.0  0.3323147355008087  0.4535388505285417  0.3507532968586308  0.44155069246321926  0.42011775922009226  0.45422247678997535  0.46701248434897547  0.499443092203253  0.435951456965589  0.5056884107576229  0.439701452707016  0.44112898552446095  0.4542854924337379  0.4163013136007501  0.49654122591279165
0.0  0.3323147355008087  0.4535388505285417  0.3507532968586308  0.44155069246321926  0.42011775922009226  0.45422247678997535  0.46701248434897547  0.499443092203253  0.435951456965589  0.5056884107576229  0.439701452707016  0.44112898552446095  0.4542854924337379  0.4163013136007501  0.49654122591279165
0.0  0.3323147355008087  0.4535388505285417  0.3507532968586308  0.44155069246321926  0.42011775922009226  0.45422247678997535  0.46701248434897547  0.499443092203253  0.435951456965589  0.5056884107576229  0.439701452707016  0.44112898552446095  0.4542854924337379  0.4163013136007501  0.49654122591279165
0.0  0.3323147355008087  0.4535388505285417  0.3507532968586308  0.44155069246321926  0.42011775922009226  0.45422247678997535  0.46701248434897547  0.499443092203253  0.435951456965589  0.5056884107576229  0.439701452707016  0.44112898552446095  0.4542854924337379  0.4163013136007501  0.49654122591279165
0.0  0.3323147355008087  0.4535388505285417  0.3507532968586308  0.44155069246321926  0.42011775922009226  0.45422247678997535  0.46701248434897547  0.499443092203253  0.435951456965589  0.5056884107576229  0.439701452707016  0.44112898552446095  0.4542854924337379  0.4163013136007501  0.49654122591279165
0.0  0.3323147355008087  0.4535388505285417  0.3507532968586308  0.44155069246321926  0.42011775922009226  0.45422247678997535  0.46701248434897547  0.499443092203253  0.435951456965589  0.5056884107576229  0.439701452707016  0.44112898552446095  0.4542854924337379  0.4163013136007501  0.49654122591279165
0.0  0.3323147355008087  0.4535388505285417  0.3507532968586308  0.44155069246321926  0.42011775922009226  0.45422247678997535  0.46701248434897547  0.499443092203253  0.435951456965589  0.5056884107576229  0.439701452707016  0.44112898552446095  0.4542854924337379  0.4163013136007501  0.49654122591279165
0.0  0.3323147355008087  0.4535388505285417  0.3507532968586308  0.44155069246321926  0.42011775922009226  0.45422247678997535  0.46701248434897547  0.499443092203253  0.435951456965589  0.5056884107576229  0.439701452707016  0.44112898552446095  0.4542854924337379  0.4163013136007501  0.49654122591279165
0.0  0.3323147355008087  0.4535388505285417  0.3507532968586308  0.44155069246321926  0.42011775922009226  0.45422247678997535  0.46701248434897547  0.499443092203253  0.435951456965589  0.5056884107576229  0.439701452707016  0.44112898552446095  0.4542854924337379  0.4163013136007501  0.49654122591279165
0.0  0.3323147355008087  0.4535388505285417  0.3507532968586308  0.44155069246321926  0.42011775922009226  0.45422247678997535  0.46701248434897547  0.499443092203253  0.435951456965589  0.5056884107576229  0.439701452707016  0.44112898552446095  0.4542854924337379  0.4163013136007501  0.49654122591279165
0.0  0.3323147355008087  0.4535388505285417  0.3507532968586308  0.44155069246321926  0.42011775922009226  0.45422247678997535  0.46701248434897547  0.499443092203253  0.435951456965589  0.5056884107576229  0.439701452707016  0.44112898552446095  0.4542854924337379  0.4163013136007501  0.49654122591279165
0.0  0.3323147355008087  0.4535388505285417  0.3507532968586308  0.44155069246321926  0.42011775922009226  0.45422247678997535  0.46701248434897547  0.499443092203253  0.435951456965589  0.5056884107576229  0.439701452707016  0.44112898552446095  0.4542854924337379  0.4163013136007501  0.49654122591279165
0.0  0.3323147355008087  0.4535388505285417  0.3507532968586308  0.44155069246321926  0.42011775922009226  0.45422247678997535  0.46701248434897547  0.499443092203253  0.435951456965589  0.5056884107576229  0.439701452707016  0.44112898552446095  0.4542854924337379  0.4163013136007501  0.49654122591279165
0.0  0.3323147355008087  0.4535388505285417  0.3507532968586308  0.44155069246321926  0.42011775922009226  0.45422247678997535  0.46701248434897547  0.499443092203253  0.435951456965589  0.5056884107576229  0.439701452707016  0.44112898552446095  0.4542854924337379  0.4163013136007501  0.49654122591279165
0.0  0.3323147355008087  0.4535388505285417  0.3507532968586308  0.44155069246321926  0.42011775922009226  0.45422247678997535  0.46701248434897547  0.499443092203253  0.435951456965589  0.5056884107576229  0.439701452707016  0.44112898552446095  0.4542854924337379  0.4163013136007501  0.49654122591279165
0.0  0.3323147355008087  0.4535388505285417  0.3507532968586308  0.44155069246321926  0.42011775922009226  0.45422247678997535  0.46701248434897547  0.499443092203253  0.435951456965589  0.5056884107576229  0.439701452707016  0.44112898552446095  0.4542854924337379  0.4163013136007501  0.49654122591279165
0.0  0.3323147355008087  0.4535388505285417  0.3507532968586308  0.44155069246321926  0.42011775922009226  0.45422247678997535  0.46701248434897547  0.499443092203253  0.435951456965589  0.5056884107576229  0.439701452707016  0.44112898552446095  0.4542854924337379  0.4163013136007501  0.49654122591279165
0.0  0.3323147355008087  0.4535388505285417  0.3507532968586308  0.44155069246321926  0.42011775922009226  0.45422247678997535  0.46701248434897547  0.499443092203253  0.435951456965589  0.5056884107576229  0.439701452707016  0.44112898552446095  0.4542854924337379  0.4163013136007501  0.49654122591279165
0.0  0.3323147355008087  0.4535388505285417  0.3507532968586308  0.44155069246321926  0.42011775922009226  0.45422247678997535  0.46701248434897547  0.499443092203253  0.435951456965589  0.5056884107576229  0.439701452707016  0.44112898552446095  0.4542854924337379  0.4163013136007501  0.49654122591279165
0.0  0.3323147355008087  0.4535388505285417  0.3507532968586308  0.44155069246321926  0.42011775922009226  0.45422247678997535  0.46701248434897547  0.499443092203253  0.435951456965589  0.5056884107576229  0.439701452707016  0.44112898552446095  0.4542854924337379  0.4163013136007501  0.49654122591279165
0.0  0.3323147355008087  0.4535388505285417  0.3507532968586308  0.44155069246321926  0.42011775922009226  0.45422247678997535  0.46701248434897547  0.499443092203253  0.435951456965589  0.5056884107576229  0.439701452707016  0.44112898552446095  0.4542854924337379  0.4163013136007501  0.49654122591279165
0.0  0.3323147355008087  0.4535388505285417  0.3507532968586308  0.44155069246321926  0.42011775922009226  0.45422247678997535  0.46701248434897547  0.499443092203253  0.435951456965589  0.5056884107576229  0.439701452707016  0.44112898552446095  0.4542854924337379  0.4163013136007501  0.49654122591279165
0.0  0.3323147355008087  0.4535388505285417  0.3507532968586308  0.44155069246321926  0.42011775922009226  0.45422247678997535  0.46701248434897547  0.499443092203253  0.435951456965589  0.5056884107576229  0.439701452707016  0.44112898552446095  0.4542854924337379  0.4163013136007501  0.49654122591279165
0.0  0.3323147355008087  0.4535388505285417  0.3507532968586308  0.44155069246321926  0.42011775922009226  0.45422247678997535  0.46701248434897547  0.499443092203253  0.435951456965589  0.5056884107576229  0.439701452707016  0.44112898552446095  0.4542854924337379  0.4163013136007501  0.49654122591279165
0.0  0.3323147355008087  0.4535388505285417  0.3507532968586308  0.44155069246321926  0.42011775922009226  0.45422247678997535  0.46701248434897547  0.499443092203253  0.435951456965589  0.5056884107576229  0.439701452707016  0.44112898552446095  0.4542854924337379  0.4163013136007501  0.49654122591279165
0.0  0.3323147355008087  0.4535388505285417  0.3507532968586308  0.44155069246321926  0.42011775922009226  0.45422247678997535  0.46701248434897547  0.499443092203253  0.435951456965589  0.5056884107576229  0.439701452707016  0.44112898552446095  0.4542854924337379  0.4163013136007501  0.49654122591279165
0.0  0.3323147355008087  0.4535388505285417  0.3507532968586308  0.44155069246321926  0.42011775922009226  0.45422247678997535  0.46701248434897547  0.499443092203253  0.435951456965589  0.5056884107576229  0.439701452707016  0.44112898552446095  0.4542854924337379  0.4163013136007501  0.49654122591279165
0.0  0.3323147355008087  0.4535388505285417  0.3507532968586308  0.44155069246321926  0.42011775922009226  0.45422247678997535  0.46701248434897547  0.499443092203253  0.435951456965589  0.5056884107576229  0.439701452707016  0.44112898552446095  0.4542854924337379  0.4163013136007501  0.49654122591279165
0.0  0.3323147355008087  0.4535388505285417  0.3507532968586308  0.44155069246321926  0.42011775922009226  0.45422247678997535  0.46701248434897547  0.499443092203253  0.435951456965589  0.5056884107576229  0.439701452707016  0.44112898552446095  0.4542854924337379  0.4163013136007501  0.49654122591279165
0.0  0.3323147355008087  0.4535388505285417  0.3507532968586308  0.44155069246321926  0.42011775922009226  0.45422247678997535  0.46701248434897547  0.499443092203253  0.435951456965589  0.5056884107576229  0.439701452707016  0.44112898552446095  0.4542854924337379  0.4163013136007501  0.49654122591279165
0.0  0.3323147355008087  0.4535388505285417  0.3507532968586308  0.44155069246321926  0.42011775922009226  0.45422247678997535  0.46701248434897547  0.499443092203253  0.435951456965589  0.5056884107576229  0.439701452707016  0.44112898552446095  0.4542854924337379  0.4163013136007501  0.49654122591279165
0.0  0.3323147355008087  0.4535388505285417  0.3507532968586308  0.44155069246321926  0.42011775922009226  0.45422247678997535  0.46701248434897547  0.499443092203253  0.435951456965589  0.5056884107576229  0.439701452707016  0.44112898552446095  0.4542854924337379  0.4163013136007501  0.49654122591279165
0.0  0.3323147355008087  0.4535388505285417  0.3507532968586308  0.44155069246321926  0.42011775922009226  0.45422247678997535  0.46701248434897547  0.499443092203253  0.435951456965589  0.5056884107576229  0.439701452707016  0.44112898552446095  0.4542854924337379  0.4163013136007501  0.49654122591279165
0.0  0.3323147355008087  0.4535388505285417  0.3507532968586308  0.44155069246321926  0.42011775922009226  0.45422247678997535  0.46701248434897547  0.499443092203253  0.435951456965589  0.5056884107576229  0.439701452707016  0.44112898552446095  0.4542854924337379  0.4163013136007501  0.49654122591279165
0.0  0.3323147355008087  0.4535388505285417  0.3507532968586308  0.44155069246321926  0.42011775922009226  0.45422247678997535  0.46701248434897547  0.499443092203253  0.435951456965589  0.5056884107576229  0.439701452707016  0.44112898552446095  0.4542854924337379  0.4163013136007501  0.49654122591279165
0.0  0.3323147355008087  0.4535388505285417  0.3507532968586308  0.44155069246321926  0.42011775922009226  0.45422247678997535  0.46701248434897547  0.499443092203253  0.435951456965589  0.5056884107576229  0.439701452707016  0.44112898552446095  0.4542854924337379  0.4163013136007501  0.49654122591279165
0.0  0.3323147355008087  0.4535388505285417  0.3507532968586308  0.44155069246321926  0.42011775922009226  0.45422247678997535  0.46701248434897547  0.499443092203253  0.435951456965589  0.5056884107576229  0.439701452707016  0.44112898552446095  0.4542854924337379  0.4163013136007501  0.49654122591279165
0.0  0.3323147355008087  0.4535388505285417  0.3507532968586308  0.44155069246321926  0.42011775922009226  0.45422247678997535  0.46701248434897547  0.499443092203253  0.435951456965589  0.5056884107576229  0.439701452707016  0.44112898552446095  0.4542854924337379  0.4163013136007501  0.49654122591279165
0.0  0.3323147355008087  0.4535388505285417  0.3507532968586308  0.44155069246321926  0.42011775922009226  0.45422247678997535  0.46701248434897547  0.499443092203253  0.435951456965589  0.5056884107576229  0.439701452707016  0.44112898552446095  0.4542854924337379  0.4163013136007501  0.49654122591279165
0.0  0.3323147355008087  0.4535388505285417  0.3507532968586308  0.44155069246321926  0.42011775922009226  0.45422247678997535  0.46701248434897547  0.499443092203253  0.435951456965589  0.5056884107576229  0.439701452707016  0.44112898552446095  0.4542854924337379  0.4163013136007501  0.49654122591279165
0.0  0.3323147355008087  0.4535388505285417  0.3507532968586308  0.44155069246321926  0.42011775922009226  0.45422247678997535  0.46701248434897547  0.499443092203253  0.435951456965589  0.5056884107576229  0.439701452707016  0.44112898552446095  0.4542854924337379  0.4163013136007501  0.49654122591279165
0.0  0.3323147355008087  0.4535388505285417  0.3507532968586308  0.44155069246321926  0.42011775922009226  0.45422247678997535  0.46701248434897547  0.499443092203253  0.435951456965589  0.5056884107576229  0.439701452707016  0.44112898552446095  0.4542854924337379  0.4163013136007501  0.49654122591279165
0.0  0.3323147355008087  0.4535388505285417  0.3507532968586308  0.44155069246321926  0.42011775922009226  0.45422247678997535  0.46701248434897547  0.499443092203253  0.435951456965589  0.5056884107576229  0.439701452707016  0.44112898552446095  0.4542854924337379  0.4163013136007501  0.49654122591279165
0.0  0.3323147355008087  0.4535388505285417  0.3507532968586308  0.44155069246321926  0.42011775922009226  0.45422247678997535  0.46701248434897547  0.499443092203253  0.435951456965589  0.5056884107576229  0.439701452707016  0.44112898552446095  0.4542854924337379  0.4163013136007501  0.49654122591279165
0.0  0.3323147355008087  0.4535388505285417  0.3507532968586308  0.44155069246321926  0.42011775922009226  0.45422247678997535  0.46701248434897547  0.499443092203253  0.435951456965589  0.5056884107576229  0.439701452707016  0.44112898552446095  0.4542854924337379  0.4163013136007501  0.49654122591279165
0.0  0.3323147355008087  0.4535388505285417  0.3507532968586308  0.44155069246321926  0.42011775922009226  0.45422247678997535  0.46701248434897547  0.499443092203253  0.435951456965589  0.5056884107576229  0.439701452707016  0.44112898552446095  0.4542854924337379  0.4163013136007501  0.49654122591279165
0.0  0.3323147355008087  0.4535388505285417  0.3507532968586308  0.44155069246321926  0.42011775922009226  0.45422247678997535  0.46701248434897547  0.499443092203253  0.435951456965589  0.5056884107576229  0.439701452707016  0.44112898552446095  0.4542854924337379  0.4163013136007501  0.49654122591279165
0.0  0.3323147355008087  0.4535388505285417  0.3507532968586308  0.44155069246321926  0.42011775922009226  0.45422247678997535  0.46701248434897547  0.499443092203253  0.435951456965589  0.5056884107576229  0.439701452707016  0.44112898552446095  0.4542854924337379  0.4163013136007501  0.49654122591279165
0.0  0.3323147355008087  0.4535388505285417  0.3507532968586308  0.44155069246321926  0.42011775922009226  0.45422247678997535  0.46701248434897547  0.499443092203253  0.435951456965589  0.5056884107576229  0.439701452707016  0.44112898552446095  0.4542854924337379  0.4163013136007501  0.49654122591279165
0.0  0.3323147355008087  0.4535388505285417  0.3507532968586308  0.44155069246321926  0.42011775922009226  0.45422247678997535  0.46701248434897547  0.499443092203253  0.435951456965589  0.5056884107576229  0.439701452707016  0.44112898552446095  0.4542854924337379  0.4163013136007501  0.49654122591279165
0.0  0.3323147355008087  0.4535388505285417  0.3507532968586308  0.44155069246321926  0.42011775922009226  0.45422247678997535  0.46701248434897547  0.499443092203253  0.435951456965589  0.5056884107576229  0.439701452707016  0.44112898552446095  0.4542854924337379  0.4163013136007501  0.49654122591279165
0.0  0.3323147355008087  0.4535388505285417  0.3507532968586308  0.44155069246321926  0.42011775922009226  0.45422247678997535  0.46701248434897547  0.499443092203253  0.435951456965589  0.5056884107576229  0.439701452707016  0.44112898552446095  0.4542854924337379  0.4163013136007501  0.49654122591279165
0.0  0.3323147355008087  0.4535388505285417  0.3507532968586308  0.44155069246321926  0.42011775922009226  0.45422247678997535  0.46701248434897547  0.499443092203253  0.435951456965589  0.5056884107576229  0.439701452707016  0.44112898552446095  0.4542854924337379  0.4163013136007501  0.49654122591279165
0.0  0.3323147355008087  0.4535388505285417  0.3507532968586308  0.44155069246321926  0.42011775922009226  0.45422247678997535  0.46701248434897547  0.499443092203253  0.435951456965589  0.5056884107576229  0.439701452707016  0.44112898552446095  0.4542854924337379  0.4163013136007501  0.49654122591279165
0.0  0.3323147355008087  0.4535388505285417  0.3507532968586308  0.44155069246321926  0.42011775922009226  0.45422247678997535  0.46701248434897547  0.499443092203253  0.435951456965589  0.5056884107576229  0.439701452707016  0.44112898552446095  0.4542854924337379  0.4163013136007501  0.49654122591279165
0.0  0.3323147355008087  0.4535388505285417  0.3507532968586308  0.44155069246321926  0.42011775922009226  0.45422247678997535  0.46701248434897547  0.499443092203253  0.435951456965589  0.5056884107576229  0.439701452707016  0.44112898552446095  0.4542854924337379  0.4163013136007501  0.49654122591279165
0.0  0.3323147355008087  0.4535388505285417  0.3507532968586308  0.44155069246321926  0.42011775922009226  0.45422247678997535  0.46701248434897547  0.499443092203253  0.435951456965589  0.5056884107576229  0.439701452707016  0.44112898552446095  0.4542854924337379  0.4163013136007501  0.49654122591279165
0.0  0.3323147355008087  0.4535388505285417  0.3507532968586308  0.44155069246321926  0.42011775922009226  0.45422247678997535  0.46701248434897547  0.499443092203253  0.435951456965589  0.5056884107576229  0.439701452707016  0.44112898552446095  0.4542854924337379  0.4163013136007501  0.49654122591279165
0.013432572781882979  0.3186630482178759  0.46049640159017186  0.3709277232195994  0.4274056888506969  0.42798736874412535  0.43137978014749084  0.44841171230618965  0.487365634766393  0.4206349849827171  0.4843679448245679  0.4320113748554537  0.43148005028813396  0.45350482258267977  0.4286793953721423  0.4974980789244108
0.10891779031488341  0.22712458086532197  0.5054615535837426  0.48924891970303036  0.35567339724642816  0.441905727111371  0.33733897099577814  0.4434108552259123  0.42166251525230036  0.32345350280212537  0.4530026636608753  0.38988639791542207  0.42042930333762946  0.5365014923448246  0.44911646336397315  0.4555722733485925
0.2733538299839244  0.08574757998420629  0.5689714699033512  0.6285836253494095  0.30685234592119515  0.4077064161250348  0.34306282977535146  0.5982142406364971  0.40097689853547414  0.29466006918042875  0.5505557305785117  0.38112197504185463  0.46800988526562054  0.5764008630983923  0.3982487454675983  0.476452742238242
0.3136370207574066  0.059835886058186655  0.5638915279018254  0.6311370153784148  0.3333789060649356  0.422073753048132  0.39748146739931406  0.5701588862189243  0.46478603593632833  0.39855458632265744  0.5830981007233916  0.4218762060299701  0.5081335040798985  0.4459368949609673  0.38272738491111286  0.4253990589659299
0.3943342200257696  0.01619476662233299  0.548587883955542  0.6038025209287996  0.4176363350254637  0.42696819152197263  0.5484249300910295  0.5584653300804653  0.5702632693839083  0.56359797696674  0.6035283432815476  0.48502928825338737  0.5023888803894915  0.42345176831749415  0.3735279207926323  0.4571951686821857
0.45904573946225646  0.0  0.5131876583589018  0.5231344768907148  0.5121472873299135  0.4091402137670669  0.6543791918545288  0.517822088477816  0.5303576279215589  0.53327272855188  0.42402954122040504  0.4609316381962088  0.37236669793352417  0.4861606475988451  0.4845455098514304  0.4610568033004463
0.47135941084486044  0.0002692535750134506  0.5040273491342203  0.5012181748580778  0.5260488959481647  0.40519778177528737  0.6640484351114504  0.4987483481691222  0.4994046380244902  0.5179075423430086  0.36078134586321364  0.45096067570932635  0.36298459570966285  0.4964209253645049  0.4900130990598999  0.45116438935852893
0.5285076994233242  0.008915812006058732  0.4190754051213585  0.41182300125843624  0.5816789184220297  0.4841432455737321  0.5876550664985216  0.4439116193428914  0.45835715320723247  0.34618400301988744  0.4229179920593938  0.4113017110217564  0.3489161899555895  0.555919515030626  0.44905148740685363  0.48852683336905195
0.5609551437824953  0.016227068184997806  0.3583477961154262  0.3709606608028583  0.6054183176679278  0.5497623296571937  0.5126247747691178  0.4543107308439119  0.46807332664170337  0.25215358561066115  0.5594258260135269  0.3878865878502227  0.36402337853951244  0.5228447134867381  0.4226399205331991  0.5030477305003616
0.595414970793697  0.022613424450270037  0.33067839940831467  0.3177497441364063  0.6153779997734459  0.5219882509173601  0.4780942568816579  0.45903590049812726  0.41953413163131087  0.22054170141986182  0.5441067591125709  0.36085323292739435  0.3841023952828843  0.3962047858170471  0.4009601990502729  0.48915333555923457
0.6312965127894915  0.060034381027322836  0.3930238021800125  0.26001908592997824  0.5836188288513746  0.42723768509485305  0.42348385012622475  0.38912520920220944  0.4651540399081416  0.21664001641352879  0.6614279233838358  0.44924223168695643  0.26087032159305074  0.37911705123661477  0.4039251621079227  0.4886545771072647
0.6505629489587768  0.07875876324419054  0.42206413137160725  0.2239736754364562  0.5528005640087356  0.3842923357814434  0.4043808471572388  0.3501887934917895  0.4761450033799757  0.2373230281999817  0.7178718189080358  0.46880174843058064  0.24165801101761947  0.37629024786195453  0.40021626839479446  0.4956618424811201
0.6505629489587768  0.07875876324419054  0.42206413137160725  0.2239736754364562  0.5528005640087356  0.3842923357814434  0.4043808471572388  0.3501887934917895  0.4761450033799757  0.2373230281999817  0.7178718189080358  0.46880174843058064  0.24165801101761947  0.37629024786195453  0.40021626839479446  0.4956618424811201
0.7484045183665367  0.26035946451102193  0.6595315969696697  0.21272369293338494  0.7368371324187355  0.421098920929922  0.25386594136885643  0.4136901360372535  0.6297441628552173  0.24241899059010655  0.5412009703202664  0.4250731709645012  0.302896717967825  0.38388606220825455  0.20227303311931888  0.4910870710634412
0.7661400063521592  0.3063285294521348  0.6923829703579367  0.24873891509822638  0.8120651722447378  0.45372585883195876  0.22540052111209388  0.42473161019448524  0.5725009929204321  0.29850775060471246  0.570920030295291  0.42610534919666687  0.3242223709729022  0.4026877439177343  0.29289143504290716  0.46064534851946515
0.7748281712025199  0.3185837592418095  0.7057727650211465  0.23533230806570582  0.7909600678025447  0.46266020388040324  0.2343021158345624  0.41219826745372357  0.5777885885979132  0.31200269559830573  0.5789258542983424  0.40194500457201565  0.3482013891086521  0.4258756292405745  0.32738080946517334  0.44766869240645474
0.7748281712025199  0.3185837592418095  0.7057727650211465  0.23533230806570582  0.7909600678025447  0.46266020388040324  0.2343021158345624  0.41219826745372357  0.5777885885979132  0.31200269559830573  0.5789258542983424  0.40194500457201565  0.3482013891086521  0.4258756292405745  0.32738080946517334  0.44766869240645474
0.7748281712025199  0.3185837592418095  0.7057727650211465  0.23533230806570582  0.7909600678025447  0.46266020388040324  0.2343021158345624  0.41219826745372357  0.5777885885979132  0.31200269559830573  0.5789258542983424  0.40194500457201565  0.3482013891086521  0.4258756292405745  0.32738080946517334  0.44766869240645474
0.7748281712025199  0.3185837592418095  0.7057727650211465  0.23533230806570582  0.7909600678025447  0.46266020388040324  0.2343021158345624  0.41219826745372357  0.5777885885979132  0.31200269559830573  0.5789258542983424  0.40194500457201565  0.3482013891086521  0.4258756292405745  0.32738080946517334  0.44766869240645474
0.7748281712025199  0.3185837592418095  0.7057727650211465  0.23533230806570582  0.7909600678025447  0.46266020388040324  0.2343021158345624  0.41219826745372357  0.5777885885979132  0.31200269559830573  0.5789258542983424  0.40194500457201565  0.3482013891086521  0.4258756292405745  0.32738080946517334  0.44766869240645474
0.7748281712025199  0.3185837592418095  0.7057727650211465  0.23533230806570582  0.7909600678025447  0.46266020388040324  0.2343021158345624  0.41219826745372357  0.5777885885979132  0.31200269559830573  0.5789258542983424  0.40194500457201565  0.3482013891086521  0.4258756292405745  0.32738080946517334  0.44766869240645474
0.7748281712025199  0.3185837592418095  0.7057727650211465  0.23533230806570582  0.7909600678025447  0.46266020388040324  0.2343021158345624  0.41219826745372357  0.5777885885979132  0.31200269559830573  0.5789258542983424  0.40194500457201565  0.3482013891086521  0.4258756292405745  0.32738080946517334  0.44766869240645474
0.7524257862225935  0.2708892044551284  0.6646368848943532  0.22486871451384463  0.7566182889978166  0.4193207924284782  0.2465998120324172  0.40102519110830126  0.6072271732390323  0.2507648284591884  0.5703829801746042  0.4556354910215964  0.2940050361952612  0.3945747152539255  0.24611978650157162  0.4629782602112716
0.7185539903230223  0.1988181416946784  0.5798183982361924  0.20847046986972168  0.6769676684256567  0.3738340442705167  0.28372710360502684  0.3581768662369944  0.6005425733224901  0.20759810607460072  0.5993612577754027  0.5059018337916206  0.26273701665010146  0.4060922613641401  0.19023434159482616  0.3404097012726859
0.6810065843712466  0.1194024110396689  0.4667991203275883  0.19323874000933616  0.5573359548582164  0.3378692610106977  0.36210964867275575  0.2924493629092938  0.4673615080976026  0.3112998263685495  0.754414954980316  0.4871528211274761  0.23769640067021514  0.4031745747803934  0.3541216877598225  0.4229246625669122
0.6499359889360207  0.07963456964849494  0.4100654212100412  0.22372033864702123  0.5515160425963332  0.41019308103177593  0.416137491070166  0.33633852920938256  0.46587795477820604  0.2788944889307474  0.672547258213049  0.4257073957258641  0.26082825381418845  0.41992547247514866  0.39610106355809266  0.34820420719026113
0.6145839757015922  0.03942210360000259  0.35489266646478157  0.28171997624589395  0.5901485506821118  0.4706102177673618  0.4518398643831987  0.41486889642311964  0.428567006642401  0.24460449249964059  0.6055479820975387  0.3962544396858078  0.32063544084081425  0.38852631636337315  0.4077013117460945  0.4489492283062032
0.6217062606808708  0.04745931643612328  0.3320096284061421  0.2874288826872387  0.5824699618337599  0.45508568157384494  0.42370691654429266  0.45330176997917065  0.4512919282947639  0.2862616360794553  0.5755391872922206  0.39822963076762485  0.297662416760284  0.37942021049933083  0.437011757726951  0.4548130171406103
0.6289380248871743  0.056047672479035665  0.31023294778343063  0.2913088674491641  0.5715001782576017  0.4429579306000333  0.39629644265344355  0.4932675778687858  0.4682703652924532  0.3305905709818231  0.5427155570852104  0.4088439267693643  0.26971586171778594  0.37488448332938595  0.45339031616985803  0.46022862321442065
0.6205202725329877  0.04577923320495972  0.2943822213774471  0.3051689223916943  0.5808403071738979  0.45966190960459785  0.4080551523435461  0.518788926422271  0.4489229632137989  0.33619318442864726  0.4974079572838146  0.37891228125935894  0.3399357220402027  0.3631384114589332  0.4167149667741252  0.5060469826894369
0.6205202725329877  0.04577923320495972  0.2943822213774471  0.3051689223916943  0.5808403071738979  0.45966190960459785  0.4080551523435461  0.518788926422271  0.4489229632137989  0.33619318442864726  0.4974079572838146  0.37891228125935894  0.3399357220402027  0.3631384114589332  0.4167149667741252  0.5060469826894369
0.6265061564359597  0.05459754024395311  0.2746593118543153  0.31738256606423415  0.5769963459994559  0.43817680793381414  0.39069404797900475  0.5364758871372776  0.48113044031439806  0.36271727474726356  0.4710221974490749  0.3604979884090204  0.3356904243187575  0.364892665967535  0.4584588295780362  0.495620233917475
0.6265061564359597  0.05459754024395311  0.2746593118543153  0.31738256606423415  0.5769963459994559  0.43817680793381414  0.39069404797900475  0.5364758871372776  0.48113044031439806  0.36271727474726356  0.4710221974490749  0.3604979884090204  0.3356904243187575  0.364892665967535  0.4584588295780362  0.495620233917475
0.6320046213122651  0.06412363796078185  0.2565777044830175  0.3305090207379786  0.5702841011515929  0.41316674435676404  0.3801710524230798  0.5452908632205646  0.5077110797418941  0.38323988275915727  0.44207094734612884  0.343850615682172  0.3389018721175518  0.37439535663684104  0.47886861545696247  0.48088737217529065
0.6320046213122651  0.06412363796078185  0.2565777044830175  0.3305090207379786  0.5702841011515929  0.41316674435676404  0.3801710524230798  0.5452908632205646  0.5077110797418941  0.38323988275915727  0.44207094734612884  0.343850615682172  0.3389018721175518  0.37439535663684104  0.47886861545696247  0.48088737217529065
0.6320046213122651  0.06412363796078185  0.2565777044830175  0.3305090207379786  0.5702841011515929  0.41316674435676404  0.3801710524230798  0.5452908632205646  0.5077110797418941  0.38323988275915727  0.44207094734612884  0.343850615682172  0.3389018721175518  0.37439535663684104  0.47886861545696247  0.48088737217529065
0.6320046213122651  0.06412363796078185  0.2565777044830175  0.3305090207379786  0.5702841011515929  0.41316674435676404  0.3801710524230798  0.5452908632205646  0.5077110797418941  0.38323988275915727  0.44207094734612884  0.343850615682172  0.3389018721175518  0.37439535663684104  0.47886861545696247  0.48088737217529065
0.6212533687585564  0.05758339808512533  0.24821416383253417  0.3526787336859608  0.5861734213266305  0.4478407985021979  0.3946667352314365  0.563936518742087  0.5180256068094582  0.3535744782325544  0.42593732416255664  0.33838105443376393  0.3321489662372052  0.39381989796096767  0.5088028521568738  0.4752731199533058
0.6212533687585564  0.05758339808512533  0.24821416383253417  0.3526787336859608  0.5861734213266305  0.4478407985021979  0.3946667352314365  0.563936518742087  0.5180256068094582  0.3535744782325544  0.42593732416255664  0.33838105443376393  0.3321489662372052  0.39381989796096767  0.5088028521568738  0.4752731199533058
0.6330739503946854  0.07673934671405983  0.21479035177673073  0.3723600757725506  0.571451499993332  0.416543566372806  0.37000037518756873  0.588885716726274  0.5626613887600221  0.3845356906664875  0.38731604064048897  0.3241273156130827  0.3470271895799826  0.4046041019522497  0.5513461175930603  0.48093352466008843
0.6330739503946854  0.07673934671405983  0.21479035177673073  0.3723600757725506  0.571451499993332  0.416543566372806  0.37000037518756873  0.588885716726274  0.5626613887600221  0.3845356906664875  0.38731604064048897  0.3241273156130827  0.3470271895799826  0.4046041019522497  0.5513461175930603  0.48093352466008843
0.6256751606017286  0.06768612141579453  0.23527910820921966  0.37010370686358685  0.5848804992995584  0.42645995860063085  0.3975806152181083  0.5487171866035736  0.5414275827442715  0.3425924946145247  0.4175013568449726  0.314286723636634  0.35565932517752874  0.4070529684736512  0.5279451245862934  0.4627834547637889
0.6133760043524754  0.06624171153851963  0.23280883991441736  0.3917606332343788  0.5856591316351214  0.462100017303524  0.4007683082264544  0.5418304099684423  0.5705389955957689  0.3470835567862686  0.44145965473993415  0.32477505816840074  0.3459651192471593  0.4691764020159978  0.5444018020021636  0.45037451980627147
0.5649456059913667  0.06357625867726718  0.2669704754259927  0.47100681441517944  0.5498777087642193  0.4929074167980777  0.39810128508391085  0.5626751088452686  0.6748315165775671  0.42623129627341666  0.5733184693851757  0.3544068299288081  0.36619065360037034  0.47681242607618024  0.553542592699027  0.454133026816485
0.526593721052206  0.06956530683859485  0.2840617285280018  0.5265687609680823  0.506347923989896  0.5318798232010304  0.34989029009152545  0.570920423499643  0.7353376086094404  0.46847742857156416  0.7030931105789963  0.37927919328181864  0.4246927474786972  0.5022598269539347  0.4986680759806915  0.4689187091156602
0.418707220032821  0.03706215472283897  0.4527885596630386  0.5891842866698579  0.4428945487891701  0.5401081664769976  0.43503817308741877  0.5030964334534173  0.6672007833146313  0.5338876429220404  0.7390716232104761  0.44920883942298506  0.5153657826234939  0.3993011018903434  0.4084221464729099  0.43605565079900244
0.33106818092404444  0.07993028024201371  0.4649017835498231  0.5785012180920548  0.39879835913702644  0.6363739606983849  0.3347615506126338  0.2694124066046756  0.63314901764179  0.5363232130456098  0.6381737558430376  0.4799718936146583  0.47898180708277  0.3273686797278969  0.3683811154666963  0.5019578962346595
0.29534706240699404  0.08496576363598732  0.5078109846125134  0.6086205932431407  0.3605931318930674  0.5860604624042889  0.347113313829472  0.2703041549741721  0.5848499640177289  0.5656814286108786  0.5136628045903453  0.48130982265426  0.46244085355227027  0.3789716290599999  0.36783633869165844  0.465420676364365
0.21667500211788365  0.13323546657887572  0.5238908246929226  0.5917986528977447  0.32628263908734084  0.5618878968149885  0.3017595457712171  0.20616749347071894  0.5061051401317611  0.5077723069706285  0.3723526467396133  0.45174070360336593  0.4300721774626566  0.3347880927070107  0.42020661319661246  0.45699558680297137
0.040358989887038704  0.2920778162357973  0.4737780600118737  0.40961253948243803  0.39993932542241617  0.45459409754329183  0.3947724188871998  0.3840650390673379  0.4739950535207058  0.4338098440440051  0.4193040838343269  0.43115671632057484  0.4144404257081647  0.35389800221113565  0.4484631892707498  0.5160010102477223
0.013341312580118725  0.31907622849658923  0.4596940340863864  0.3698096283785633  0.428253798338184  0.43270927224433153  0.4349043211995518  0.4323429348490846  0.49319377149511157  0.44014629274226513  0.47336268138050647  0.43962842492613224  0.42964239887433076  0.4060607510203427  0.4298963953221739  0.5013468048502981
0.0  0.3323147355008087  0.4535388505285417  0.3507532968586308  0.44155069246321926  0.42011775922009226  0.45422247678997535  0.46701248434897547  0.499443092203253  0.435951456965589  0.5056884107576229  0.439701452707016  0.44112898552446095  0.4542854924337379  0.4163013136007501  0.49654122591279165
0.0  0.3323147355008087  0.4535388505285417  0.3507532968586308  0.44155069246321926  0.42011775922009226  0.45422247678997535  0.46701248434897547  0.499443092203253  0.435951456965589  0.5056884107576229  0.439701452707016  0.44112898552446095  0.4542854924337379  0.4163013136007501  0.49654122591279165
0.0  0.3323147355008087  0.4535388505285417  0.3507532968586308  0.44155069246321926  0.42011775922009226  0.45422247678997535  0.46701248434897547  0.499443092203253  0.435951456965589  0.5056884107576229  0.439701452707016  0.44112898552446095  0.4542854924337379  0.4163013136007501  0.49654122591279165
0.0  0.3323147355008087  0.4535388505285417  0.3507532968586308  0.44155069246321926  0.42011775922009226  0.45422247678997535  0.46701248434897547  0.499443092203253  0.435951456965589  0.5056884107576229  0.439701452707016  0.44112898552446095  0.4542854924337379  0.4163013136007501  0.49654122591279165
0.0  0.3323147355008087  0.4535388505285417  0.3507532968586308  0.44155069246321926  0.42011775922009226  0.45422247678997535  0.46701248434897547  0.499443092203253  0.435951456965589  0.5056884107576229  0.439701452707016  0.44112898552446095  0.4542854924337379  0.4163013136007501  0.49654122591279165
0.0  0.3323147355008087  0.4535388505285417  0.3507532968586308  0.44155069246321926  0.42011775922009226  0.45422247678997535  0.46701248434897547  0.499443092203253  0.435951456965589  0.5056884107576229  0.439701452707016  0.44112898552446095  0.4542854924337379  0.4163013136007501  0.49654122591279165
0.0  0.3323147355008087  0.4535388505285417  0.3507532968586308  0.44155069246321926  0.42011775922009226  0.45422247678997535  0.46701248434897547  0.499443092203253  0.435951456965589  0.5056884107576229  0.439701452707016  0.44112898552446095  0.4542854924337379  0.4163013136007501  0.49654122591279165
0.0  0.3323147355008087  0.4535388505285417  0.3507532968586308  0.44155069246321926  0.42011775922009226  0.45422247678997535  0.46701248434897547  0.499443092203253  0.435951456965589  0.5056884107576229  0.439701452707016  0.44112898552446095  0.4542854924337379  0.4163013136007501  0.49654122591279165
0.0  0.3323147355008087  0.4535388505285417  0.3507532968586308  0.44155069246321926  0.42011775922009226  0.45422247678997535  0.46701248434897547  0.499443092203253  0.435951456965589  0.5056884107576229  0.439701452707016  0.44112898552446095  0.4542854924337379  0.4163013136007501  0.49654122591279165
0.0  0.3323147355008087  0.4535388505285417  0.3507532968586308  0.44155069246321926  0.42011775922009226  0.45422247678997535  0.46701248434897547  0.499443092203253  0.435951456965589  0.5056884107576229  0.439701452707016  0.44112898552446095  0.4542854924337379  0.4163013136007501  0.49654122591279165
0.0  0.3323147355008087  0.4535388505285417  0.3507532968586308  0.44155069246321926  0.42011775922009226  0.45422247678997535  0.46701248434897547  0.499443092203253  0.435951456965589  0.5056884107576229  0.439701452707016  0.44112898552446095  0.4542854924337379  0.4163013136007501  0.49654122591279165
0.0  0.3323147355008087  0.4535388505285417  0.3507532968586308  0.44155069246321926  0.42011775922009226  0.45422247678997535  0.46701248434897547  0.499443092203253  0.435951456965589  0.5056884107576229  0.439701452707016  0.44112898552446095  0.4542854924337379  0.4163013136007501  0.49654122591279165
0.0  0.3323147355008087  0.4535388505285417  0.3507532968586308  0.44155069246321926  0.42011775922009226  0.45422247678997535  0.46701248434897547  0.499443092203253  0.435951456965589  0.5056884107576229  0.439701452707016  0.44112898552446095  0.4542854924337379  0.4163013136007501  0.49654122591279165
0.0  0.3323147355008087  0.4535388505285417  0.3507532968586308  0.44155069246321926  0.42011775922009226  0.45422247678997535  0.46701248434897547  0.499443092203253  0.435951456965589  0.5056884107576229  0.439701452707016  0.44112898552446095  0.4542854924337379  0.4163013136007501  0.49654122591279165
0.0  0.3323147355008087  0.4535388505285417  0.3507532968586308  0.44155069246321926  0.42011775922009226  0.45422247678997535  0.46701248434897547  0.499443092203253  0.435951456965589  0.5056884107576229  0.439701452707016  0.44112898552446095  0.4542854924337379  0.4163013136007501  0.49654122591279165
0.0  0.3323147355008087  0.4535388505285417  0.3507532968586308  0.44155069246321926  0.42011775922009226  0.45422247678997535  0.46701248434897547  0.499443092203253  0.435951456965589  0.5056884107576229  0.439701452707016  0.44112898552446095  0.4542854924337379  0.4163013136007501  0.49654122591279165
0.0  0.3323147355008087  0.4535388505285417  0.3507532968586308  0.44155069246321926  0.42011775922009226  0.45422247678997535  0.46701248434897547  0.499443092203253  0.435951456965589  0.5056884107576229  0.439701452707016  0.44112898552446095  0.4542854924337379  0.4163013136007501  0.49654122591279165
0.0  0.3323147355008087  0.4535388505285417  0.3507532968586308  0.44155069246321926  0.42011775922009226  0.45422247678997535  0.46701248434897547  0.499443092203253  0.435951456965589  0.5056884107576229  0.439701452707016  0.44112898552446095  0.4542854924337379  0.4163013136007501  0.49654122591279165
0.0  0.3323147355008087  0.4535388505285417  0.3507532968586308  0.44155069246321926  0.42011775922009226  0.45422247678997535  0.46701248434897547  0.499443092203253  0.435951456965589  0.5056884107576229  0.439701452707016  0.44112898552446095  0.4542854924337379  0.4163013136007501  0.49654122591279165
0.0  0.3323147355008087  0.4535388505285417  0.3507532968586308  0.44155069246321926  0.42011775922009226  0.45422247678997535  0.46701248434897547  0.499443092203253  0.435951456965589  0.5056884107576229  0.439701452707016  0.44112898552446095  0.4542854924337379  0.4163013136007501  0.49654122591279165
0.0  0.3323147355008087  0.4535388505285417  0.3507532968586308  0.44155069246321926  0.42011775922009226  0.45422247678997535  0.46701248434897547  0.499443092203253  0.435951456965589  0.5056884107576229  0.439701452707016  0.44112898552446095  0.4542854924337379  0.4163013136007501  0.49654122591279165
0.0  0.3323147355008087  0.4535388505285417  0.3507532968586308  0.44155069246321926  0.42011775922009226  0.45422247678997535  0.46701248434897547  0.499443092203253  0.435951456965589  0.5056884107576229  0.439701452707016  0.44112898552446095  0.4542854924337379  0.4163013136007501  0.49654122591279165
0.0  0.3323147355008087  0.4535388505285417  0.3507532968586308  0.44155069246321926  0.42011775922009226  0.45422247678997535  0.46701248434897547  0.499443092203253  0.435951456965589  0.5056884107576229  0.439701452707016  0.44112898552446095  0.4542854924337379  0.4163013136007501  0.49654122591279165
0.0  0.3323147355008087  0.4535388505285417  0.3507532968586308  0.44155069246321926  0.42011775922009226  0.45422247678997535  0.46701248434897547  0.499443092203253  0.435951456965589  0.5056884107576229  0.439701452707016  0.44112898552446095  0.4542854924337379  0.4163013136007501  0.49654122591279165
]