Naoki.w_h_a_t.2061 [ 0.0  0.3323147355008087  0.4535388505285417  0.3507532968586308  0.44155069246321926  0.42011775922009226  0.45422247678997535  0.46701248434897547  0.499443092203253  0.435951456965589  0.5056884107576229  0.439701452707016  0.44112898552446095  0.4542854924337379  0.4163013136007501  0.49654122591279165
0.0  0.3323147355008087  0.4535388505285417  0.3507532968586308  0.44155069246321926  0.42011775922009226  0.45422247678997535  0.46701248434897547  0.499443092203253  0.435951456965589  0.5056884107576229  0.439701452707016  0.44112898552446095  0.4542854924337379  0.4163013136007501  0.49654122591279165
0.0  0.3323147355008087  0.4535388505285417  0.3507532968586308  0.44155069246321926  0.42011775922009226  0.45422247678997535  0.46701248434897547  0.499443092203253  0.435951456965589  0.5056884107576229  0.439701452707016  0.44112898552446095  0.4542854924337379  0.4163013136007501  0.49654122591279165
0.0  0.3323147355008087  0.4535388505285417  0.3507532968586308  0.44155069246321926  0.42011775922009226  0.45422247678997535  0.46701248434897547  0.499443092203253  0.435951456965589  0.5056884107576229  0.439701452707016  0.44112898552446095  0.4542854924337379  0.4163013136007501  0.49654122591279165
0.0  0.3323147355008087  0.4535388505285417  0.3507532968586308  0.44155069246321926  0.42011775922009226  0.45422247678997535  0.46701248434897547  0.499443092203253  0.435951456965589  0.5056884107576229  0.439701452707016  0.44112898552446095  0.4542854924337379  0.4163013136007501  0.49654122591279165
0.0  0.3323147355008087  0.4535388505285417  0.3507532968586308  0.44155069246321926  0.42011775922009226  0.45422247678997535  0.46701248434897547  0.499443092203253  0.435951456965589  0.5056884107576229  0.439701452707016  0.44112898552446095  0.4542854924337379  0.4163013136007501  0.49654122591279165
0.0  0.3323147355008087  0.4535388505285417  0.3507532968586308  0.44155069246321926  0.42011775922009226  0.45422247678997535  0.46701248434897547  0.499443092203253  0.435951456965589  0.5056884107576229  0.439701452707016  0.44112898552446095  0.4542854924337379  0.4163013136007501  0.49654122591279165
0.0  0.3323147355008087  0.4535388505285417  0.3507532968586308  0.44155069246321926  0.42011775922009226  0.45422247678997535  0.46701248434897547  0.499443092203253  0.435951456965589  0.5056884107576229  0.439701452707016  0.44112898552446095  0.4542854924337379  0.4163013136007501  0.49654122591279165
0.0  0.3323147355008087  0.4535388505285417  0.3507532968586308  0.44155069246321926  0.42011775922009226  0.45422247678997535  0.46701248434897547  0.499443092203253  0.435951456965589  0.5056884107576229  0.439701452707016  0.44112898552446095  0.4542854924337379  0.4163013136007501  0.49654122591279165
0.0  0.3323147355008087  0.4535388505285417  0.3507532968586308  0.44155069246321926  0.42011775922009226  0.45422247678997535  0.46701248434897547  0.499443092203253  0.435951456965589  0.5056884107576229  0.439701452707016  0.44112898552446095  0.4542854924337379  0.4163013136007501  0.49654122591279165
0.0  0.3323147355008087  0.4535388505285417  0.3507532968586308  0.44155069246321926  0.42011775922009226  0.45422247678997535  0.46701248434897547  0.499443092203253  0.435951456965589  0.5056884107576229  0.439701452707016  0.44112898552446095  0.4542854924337379  0.4163013136007501  0.49654122591279165
0.0  0.3323147355008087  0.4535388505285417  0.3507532968586308  0.44155069246321926  0.42011775922009226  0.45422247678997535  0.46701248434897547  0.499443092203253  0.435951456965589  0.5056884107576229  0.439701452707016  0.44112898552446095  0.4542854924337379  0.4163013136007501  0.49654122591279165
0.0  0.3323147355008087  0.4535388505285417  0.3507532968586308  0.44155069246321926  0.42011775922009226  0.45422247678997535  0.46701248434897547  0.499443092203253  0.435951456965589  0.5056884107576229  0.439701452707016  0.44112898552446095  0.4542854924337379  0.4163013136007501  0.49654122591279165
0.0  0.3323147355008087  0.4535388505285417  0.3507532968586308  0.44155069246321926  0.42011775922009226  0.45422247678997535  0.46701248434897547  0.499443092203253  0.435951456965589  0.5056884107576229  0.439701452707016  0.44112898552446095  0.4542854924337379  0.4163013136007501  0.49654122591279165
0.0  0.3323147355008087  0.4535388505285417  0.3507532968586308  0.44155069246321926  0.42011775922009226  0.45422247678997535  0.46701248434897547  0.499443092203253  0.435951456965589  0.5056884107576229  0.439701452707016  0.44112898552446095  0.4542854924337379  0.4163013136007501  0.49654122591279165
0.0  0.3323147355008087  0.4535388505285417  0.3507532968586308  0.44155069246321926  0.42011775922009226  0.45422247678997535  0.46701248434897547  0.499443092203253  0.435951456965589  0.5056884107576229  0.439701452707016  0.44112898552446095  0.4542854924337379  0.4163013136007501  0.49654122591279165
0.0  0.3323147355008087  0.4535388505285417  0.3507532968586308  0.44155069246321926  0.42011775922009226  0.45422247678997535  0.46701248434897547  0.499443092203253  0.435951456965589  0.5056884107576229  0.439701452707016  0.44112898552446095  0.4542854924337379  0.4163013136007501  0.49654122591279165
0.0  0.3323147355008087  0.4535388505285417  0.3507532968586308  0.44155069246321926  0.42011775922009226  0.45422247678997535  0.46701248434897547  0.499443092203253  0.435951456965589  0.5056884107576229  0.439701452707016  0.44112898552446095  0.4542854924337379  0.4163013136007501  0.49654122591279165
0.0  0.3323147355008087  0.4535388505285417  0.3507532968586308  0.44155069246321926  0.42011775922009226  0.45422247678997535  0.46701248434897547  0.499443092203253  0.435951456965589  0.5056884107576229  0.439701452707016  0.44112898552446095  0.4542854924337379  0.4163013136007501  0.49654122591279165
0.0  0.3323147355008087  0.4535388505285417  0.3507532968586308  0.44155069246321926  0.42011775922009226  0.45422247678997535  0.46701248434897547  0.499443092203253  0.435951456965589  0.5056884107576229  0.439701452707016  0.44112898552446095  0.4542854924337379  0.4163013136007501  0.49654122591279165
0.0  0.3323147355008087  0.4535388505285417  0.3507532968586308  0.44155069246321926  0.42011775922009226  0.45422247678997535  0.46701248434897547  0.499443092203253  0.435951456965589  0.5056884107576229  0.439701452707016  0.44112898552446095  0.4542854924337379  0.4163013136007501  0.49654122591279165
0.0  0.3323147355008087  0.4535388505285417  0.3507532968586308  0.44155069246321926  0.42011775922009226  0.45422247678997535  0.46701248434897547  0.499443092203253  0.435951456965589  0.5056884107576229  0.439701452707016  0.44112898552446095  0.4542854924337379  0.4163013136007501  0.49654122591279165
0.0  0.3323147355008087  0.4535388505285417  0.3507532968586308  0.44155069246321926  0.42011775922009226  0.45422247678997535  0.46701248434897547  0.499443092203253  0.435951456965589  0.5056884107576229  0.439701452707016  0.44112898552446095  0.4542854924337379  0.4163013136007501  0.49654122591279165
0.0  0.3323147355008087  0.4535388505285417  0.3507532968586308  0.44155069246321926  0.42011775922009226  0.45422247678997535  0.46701248434897547  0.499443092203253  0.435951456965589  0.5056884107576229  0.439701452707016  0.44112898552446095  0.4542854924337379  0.4163013136007501  0.49654122591279165
0.0  0.3323147355008087  0.4535388505285417  0.3507532968586308  0.44155069246321926  0.42011775922009226  0.45422247678997535  0.46701248434897547  0.499443092203253  0.435951456965589  0.5056884107576229  0.439701452707016  0.44112898552446095  0.4542854924337379  0.4163013136007501  0.49654122591279165
0.0  0.3323147355008087  0.4535388505285417  0.3507532968586308  0.44155069246321926  0.42011775922009226  0.45422247678997535  0.46701248434897547  0.499443092203253  0.435951456965589  0.5056884107576229  0.439701452707016  0.44112898552446095  0.4542854924337379  0.4163013136007501  0.49654122591279165
0.0  0.3323147355008087  0.4535388505285417  0.3507532968586308  0.44155069246321926  0.42011775922009226  0.45422247678997535  0.46701248434897547  0.499443092203253  0.435951456965589  0.5056884107576229  0.439701452707016  0.44112898552446095  0.4542854924337379  0.4163013136007501  0.49654122591279165
0.0  0.3323147355008087  0.4535388505285417  0.3507532968586308  0.44155069246321926  0.42011775922009226  0.45422247678997535  0.46701248434897547  0.499443092203253  0.435951456965589  0.5056884107576229  0.439701452707016  0.44112898552446095  0.4542854924337379  0.4163013136007501  0.49654122591279165
0.0  0.3323147355008087  0.4535388505285417  0.3507532968586308  0.44155069246321926  0.42011775922009226  0.45422247678997535  0.46701248434897547  0.499443092203253  0.435951456965589  0.5056884107576229  0.439701452707016  0.44112898552446095  0.4542854924337379  0.4163013136007501  0.49654122591279165
0.0  0.3323147355008087  0.4535388505285417  0.3507532968586308  0.44155069246321926  0.42011775922009226  0.45422247678997535  0.46701248434897547  0.499443092203253  0.435951456965589  0.5056884107576229  0.439701452707016  0.44112898552446095  0.4542854924337379  0.4163013136007501  0.49654122591279165
0.0  0.3323147355008087  0.4535388505285417  0.3507532968586308  0.44155069246321926  0.42011775922009226  0.45422247678997535  0.46701248434897547  0.499443092203253  0.435951456965589  0.5056884107576229  0.439701452707016  0.44112898552446095  0.4542854924337379  0.4163013136007501  0.49654122591279165
0.0  0.3323147355008087  0.4535388505285417  0.3507532968586308  0.44155069246321926  0.42011775922009226  0.45422247678997535  0.46701248434897547  0.499443092203253  0.435951456965589  0.5056884107576229  0.439701452707016  0.44112898552446095  0.4542854924337379  0.4163013136007501  0.49654122591279165
0.0  0.3323147355008087  0.4535388505285417  0.3507532968586308  0.44155069246321926  0.42011775922009226  0.45422247678997535  0.46701248434897547  0.499443092203253  0.435951456965589  0.5056884107576229  0.439701452707016  0.44112898552446095  0.4542854924337379  0.4163013136007501  0.49654122591279165
0.0  0.3323147355008087  0.4535388505285417  0.3507532968586308  0.44155069246321926  0.42011775922009226  0.45422247678997535  0.46701248434897547  0.499443092203253  0.435951456965589  0.5056884107576229  0.439701452707016  0.44112898552446095  0.4542854924337379  0.4163013136007501  0.49654122591279165
0.0  0.3323147355008087  0.4535388505285417  0.3507532968586308  0.44155069246321926  0.42011775922009226  0.45422247678997535  0.46701248434897547  0.499443092203253  0.435951456965589  0.5056884107576229  0.439701452707016  0.44112898552446095  0.4542854924337379  0.4163013136007501  0.49654122591279165
0.0  0.3323147355008087  0.4535388505285417  0.3507532968586308  0.44155069246321926  0.42011775922009226  0.45422247678997535  0.46701248434897547  0.499443092203253  0.435951456965589  0.5056884107576229  0.439701452707016  0.44112898552446095  0.4542854924337379  0.4163013136007501  0.49654122591279165
0.0  0.3323147355008087  0.4535388505285417  0.3507532968586308  0.44155069246321926  0.42011775922009226  0.45422247678997535  0.46701248434897547  0.499443092203253  0.435951456965589  0.5056884107576229  0.439701452707016  0.44112898552446095  0.4542854924337379  0.4163013136007501  0.49654122591279165
0.0  0.3323147355008087  0.4535388505285417  0.3507532968586308  0.44155069246321926  0.42011775922009226  0.45422247678997535  0.46701248434897547  0.499443092203253  0.435951456965589  0.5056884107576229  0.439701452707016  0.44112898552446095  0.4542854924337379  0.4163013136007501  0.49654122591279165
0.013585109620367186  0.32362276018867014  0.45798039031550775  0.35195971683713045  0.44542161822508664  0.39556176989469066  0.4690505087489864  0.5288173783943605  0.491616941578989  0.41746580438190284  0.5466656781349839  0.4284834412566132  0.47126923363817197  0.42262713155002  0.42586155225052846  0.4502269828879548
0.060907806155945765  0.373647982250346  0.5558182798302365  0.3472446131976112  0.4964634236382851  0.3946892173018026  0.43123344350026893  0.6372236292084663  0.582721596285279  0.36179355466868396  0.49743160979521217  0.3309481025647323  0.5150145896095989  0.36166810146659956  0.2807126930596895  0.46711743437176106
0.3018025428584705  0.5246252479694599  0.8320583433177051  0.2524738863102639  0.5619343623982865  0.22686508967260097  0.34532903276084614  0.763935815808406  0.4875641016666801  0.4163400766012214  0.5080590100212401  0.18913510862741542  0.5973171064686972  0.25138100182041756  0.3210933686334686  0.45929189213191995
0.5146592792519835  0.453963649044013  0.9613888468297634  0.3913518032037089  0.4615523124247178  0.27369003593100355  0.30363411480413527  0.7740113808930591  0.41435609717329935  0.4238130889298903  0.6143990789216806  0.2172318349704224  0.5523916786567198  0.47208971698931124  0.4310557683238617  0.5270673688836467
0.5549317985887658  0.4244354003637273  0.9667639624882804  0.4085332058475402  0.461993939034445  0.2841723960313104  0.30125772710899223  0.7326082327749828  0.39853802927107984  0.4165915278446563  0.5429331243052565  0.21254440704192765  0.5062299763465721  0.4899354642085941  0.46345221149587956  0.5582272430138059
0.6408621584995104  0.40368081068853234  0.9472961822276224  0.3615343739750874  0.48803935787066377  0.318798735271071  0.3834423173223969  0.6316765357887411  0.3822309428806305  0.5290197383994555  0.4022033304936422  0.23060169285644655  0.4870339434387437  0.551418110220902  0.47882030637853923  0.5480963572352944
0.6408621584995104  0.40368081068853234  0.9472961822276224  0.3615343739750874  0.48803935787066377  0.318798735271071  0.3834423173223969  0.6316765357887411  0.3822309428806305  0.5290197383994555  0.4022033304936422  0.23060169285644655  0.4870339434387437  0.551418110220902  0.47882030637853923  0.5480963572352944
0.622326240066563  0.31204026522901285  0.9081946853266665  0.31037755409787826  0.39462575595388805  0.26518175655169246  0.43319487866431555  0.5770873036035334  0.5618183540484649  0.4221848492642327  0.3476725943912622  0.23819257532107788  0.4467142781284168  0.4503971700763774  0.3666694253820252  0.6308905176292618
0.5760396576434175  0.25937781698681817  0.8842839848823261  0.34025124148306346  0.34371314395734154  0.2121465373625861  0.4212796217271484  0.5735085400363191  0.6739364598674611  0.3833284939780486  0.4961203750478249  0.3082755206662106  0.3658264053603056  0.43633067677847964  0.32906607126320786  0.631791003264405
0.43776605080540165  0.09291382623934727  0.6603911278201711  0.46707357787518844  0.28444458594726413  0.17487198858924075  0.45220596874046504  0.5837461717510485  0.4563879551068933  0.4365221798941435  0.7046226151981227  0.4600045042555231  0.4157961993098621  0.36610626116257167  0.4210620260504145  0.6280591935988569
0.3679801700283571  0.03519985847934032  0.5698692647297785  0.5953056898303074  0.3795899422281396  0.3288838754614229  0.4987476438000049  0.6903153719026351  0.4485515642045041  0.3819080687244216  0.5715309839206173  0.4247444290512422  0.4519861844177249  0.4519623094177866  0.41302512547960835  0.5357645399378426
0.3008850248543206  0.06683015638932921  0.5706519126576828  0.6311304496434651  0.3259779749189868  0.3992206761199933  0.3931671654974237  0.6263468990021779  0.43996817880234623  0.34594994687400416  0.5920390824778953  0.40986435654804587  0.4731435221164964  0.5949469510043083  0.37281348006160625  0.5082756004496737
0.28716532173331316  0.076804482190276  0.570930584366814  0.6274516918323986  0.31688861477399455  0.39060390720784943  0.37038965514194855  0.6398977305352831  0.4071464007568357  0.2948817329526886  0.576276903378024  0.384137924078249  0.467888426899024  0.5889602618441133  0.39589622266218427  0.48140196508405614
0.2733538299839244  0.08574757998420629  0.5689714699033512  0.6285836253494095  0.30685234592119515  0.4077064161250348  0.34306282977535146  0.5982142406364971  0.40097689853547414  0.29466006918042875  0.5505557305785117  0.38112197504185463  0.46800988526562054  0.5764008630983923  0.3982487454675983  0.476452742238242
0.2733538299839244  0.08574757998420629  0.5689714699033512  0.6285836253494095  0.30685234592119515  0.4077064161250348  0.34306282977535146  0.5982142406364971  0.40097689853547414  0.29466006918042875  0.5505557305785117  0.38112197504185463  0.46800988526562054  0.5764008630983923  0.3982487454675983  0.476452742238242
0.3144615723122154  0.05628343158290933  0.570437077149524  0.6381978446340659  0.32992645634946927  0.4121554714586772  0.4056421919359937  0.59759903807752  0.4718814879267868  0.3983784607665487  0.6049658712953986  0.4350610098042871  0.4883334417243194  0.5569059156802809  0.35279866365564  0.5098646278763578
0.3432322848953153  0.04499866612610012  0.566052356993362  0.6404818957345115  0.3596911884963703  0.4158555592130803  0.4452531392519842  0.597877685407394  0.49700008562284564  0.43684843533554535  0.6224595580536709  0.5101726635202143  0.5519706674587725  0.46909057128270326  0.4223066118969275  0.44606220035945965
0.35685233629665347  0.03709502955187127  0.5635706171078617  0.6364395763352308  0.3763177143393895  0.4193883577199414  0.4763531734550252  0.592382730575201  0.5254502043181742  0.4755357936917627  0.6283747579795038  0.5296602702867047  0.5416219474752642  0.49460793127995106  0.41939314126134813  0.4790482276645165
0.40932020993674245  0.019743159864091586  0.5496863981535632  0.5857872265053444  0.4347649267027812  0.38072799162787313  0.5606576152712296  0.5959691455142203  0.5082482741812964  0.4885474001929897  0.5363270080170477  0.5215847917386767  0.5022853719021422  0.3845468944033775  0.48423798039424637  0.4692832214038602
0.4357839544701484  0.008674599897344648  0.535648557935376  0.5649307385216765  0.4777371498482405  0.3979256033930745  0.6184252379925528  0.5605111386175263  0.5439981085144603  0.5365975426221157  0.5027983431369117  0.5362530763319844  0.4644703710703707  0.4328381153977681  0.5131815651961229  0.48398415218509433
0.4357839544701484  0.008674599897344648  0.535648557935376  0.5649307385216765  0.4777371498482405  0.3979256033930745  0.6184252379925528  0.5605111386175263  0.5439981085144603  0.5365975426221157  0.5027983431369117  0.5362530763319844  0.4644703710703707  0.4328381153977681  0.5131815651961229  0.48398415218509433
0.45884989807679527  0.0026053939868744824  0.5268599357217881  0.521213249954219  0.4924628986660324  0.370397233781897  0.6394102739373946  0.5465468444565025  0.5212503998446694  0.5458551895820031  0.44898376698487374  0.4611341828099673  0.40942454953325547  0.39787802074554424  0.453432651524369  0.49502258057965104
0.5090056812869973  0.08008983607056869  0.6345507783584498  0.43688910902768635  0.35980499080744827  0.337210896570205  0.6283675756684369  0.5109809312584279  0.5287397958718875  0.577037665366559  0.5340765997558042  0.43882081111618754  0.5588622287621147  0.33379225189381906  0.49762564368701934  0.7593818476357457
0.5678945575766978  0.15375304231317197  0.6921578669081287  0.3660780178314195  0.29861590455245335  0.43828940899877633  0.6831798108990554  0.5180888246392366  0.5103922402501901  0.5934741939668332  0.4227991918905531  0.2991911801916766  0.6627354508632178  0.3655269328678371  0.6029236051211573  0.7289383614251127
0.5281336456997071  0.09353625298794324  0.5980101217421268  0.4131605400129342  0.3358649085347748  0.4076925037853902  0.6781621169739177  0.5102868053480322  0.4097547237548671  0.6586559043294845  0.41290930736054876  0.3603457169825087  0.6850019646420453  0.39050434891923713  0.4725965412998449  0.6025611822347006
0.48495612485546097  0.03916213610070546  0.554150778496918  0.47476332147353567  0.4291762773890485  0.37970061074805433  0.6464916833638745  0.533634560247417  0.4619994793626304  0.5827702559747026  0.4043858284547993  0.4049776814476626  0.5367379978948216  0.39851940934930036  0.45901144670246524  0.5075662003899546
0.4693126586228296  0.013222064466185623  0.5319311428887468  0.49159475840414824  0.4664184696346228  0.33202509228024274  0.6177342146161453  0.5275440266008472  0.465652014428124  0.5652422143276292  0.41120786286660255  0.45813853268260346  0.47831550508973303  0.3713297271919821  0.3909716292860666  0.5239451972595767
0.46987429523221813  0.006349465599595594  0.5101836993486556  0.5007624046070187  0.49763392478804874  0.3786762565529933  0.6142804282626236  0.5410927956169507  0.503710415549309  0.4981143712995547  0.4778044844578148  0.44513844488692067  0.44889244335760775  0.32412748299706773  0.44586898178541207  0.5005005179435135
0.4575751389829652  0.004905055722320695  0.5077134310538534  0.5224193309778107  0.4984125571236116  0.4143163152558865  0.6174681212709698  0.5342060189818193  0.5328218284008064  0.5026054334712987  0.5017627823527764  0.45562677941868734  0.4391982374272382  0.38625091653941435  0.4623256592012823  0.488091582985996
0.4321235849132248  0.007749362833012696  0.5171437694022066  0.5606966996781055  0.4736636156968992  0.44904709831866146  0.5904162363836808  0.5283463828423718  0.5859949371642867  0.5405629554995461  0.5892186978819688  0.47800409623916296  0.46198459145910187  0.4332215280673389  0.4325982380759174  0.5016567212738451
0.42919673009314496  0.01334390687902659  0.49369009006948583  0.568615930576859  0.469819648472684  0.5017603302965336  0.5432730137644955  0.5170183124699059  0.6259202919892595  0.5405828564763424  0.6742197317787166  0.4817061096166188  0.4750235164964479  0.4345512554764784  0.41532670314359266  0.49393256716134465
0.42919673009314496  0.01334390687902659  0.49369009006948583  0.568615930576859  0.469819648472684  0.5017603302965336  0.5432730137644955  0.5170183124699059  0.6259202919892595  0.5405828564763424  0.6742197317787166  0.4817061096166188  0.4750235164964479  0.4345512554764784  0.41532670314359266  0.49393256716134465
0.418980874102017  0.01079594271644968  0.5163765829010558  0.5765970153587309  0.46279758229528334  0.4803112321527853  0.5730641580368687  0.5001345340921236  0.610185587240419  0.5620898019480848  0.61405063764434  0.4906080799703351  0.47124877463060555  0.48833687135498116  0.4084767432711139  0.4990796963545812
0.44093220184232584  0.013546466206688368  0.47607113981576393  0.5521771767753739  0.4856110114561918  0.5232264897314458  0.5324962020830212  0.5041990528584704  0.6328739343693699  0.5033823404178099  0.7197245602813325  0.47013563421765947  0.48832920449741124  0.40779091316530336  0.42324894550574094  0.5027949339391535
0.4279322850042523  0.017048240783473445  0.48300304914272896  0.5689238260436316  0.4652375321170401  0.5256284500125  0.507090218569737  0.5156669474595803  0.6396857465495652  0.5073000218102063  0.7672045192124559  0.4717624436787535  0.5212125001110957  0.3805411066957779  0.39557166534475835  0.48455952391912976
0.41771642901312434  0.014500276620896535  0.5056895419742989  0.5769049108255034  0.4582154659396394  0.5041793518687518  0.5368813628421102  0.4987831690817981  0.6239510418007248  0.5288069672819485  0.7070354250780793  0.48066441403246984  0.5174377582452532  0.4343267225742806  0.3887217054722796  0.48970665311236633
0.4040984761966649  0.02152007258109434  0.5042727718860232  0.5834933638816979  0.4468918721140653  0.5289312614677478  0.5096106651583194  0.4537171056228795  0.629320315275792  0.5398455354123785  0.6973458524443209  0.48545826348723975  0.5207678605888333  0.4524414562527963  0.37396309973443076  0.4956970689292705
0.35171853742607184  0.043937621484789885  0.5217088417960506  0.6124197537549431  0.39549996527436976  0.5472434232222607  0.44868827288691177  0.3740537954229031  0.61447932054107  0.582804428734502  0.6120630102372389  0.49952792541097624  0.5077778712661877  0.4635409192134558  0.33613110159411214  0.5048137076837658
0.3385026585443222  0.05002114632624835  0.5295289081075034  0.6207141192053622  0.3742210913704314  0.5319259885102211  0.4204649967928625  0.39850598818683797  0.58827348696542  0.5472598978532115  0.6186712486449678  0.49056251670689976  0.515258383672527  0.45000953970757773  0.3298895567260416  0.5134987915492503
0.3131321535247595  0.05931262298911777  0.5448380056816217  0.6337518758004745  0.35211857991150897  0.5256643091523637  0.4079476361585269  0.3606436041797712  0.5725481525173001  0.5798573963003539  0.5343494718972036  0.4991136693302899  0.4919681463140484  0.4723398168068364  0.3296422434790784  0.4903981351945277
0.3131321535247595  0.05931262298911777  0.5448380056816217  0.6337518758004745  0.35211857991150897  0.5256643091523637  0.4079476361585269  0.3606436041797712  0.5725481525173001  0.5798573963003539  0.5343494718972036  0.4991136693302899  0.4919681463140484  0.4723398168068364  0.3296422434790784  0.4903981351945277
0.2993546550507413  0.0709955700503348  0.539495613027196  0.6230003926861105  0.354905957695535  0.5368404804029903  0.4029806484579944  0.32054110215140574  0.5695941419211615  0.5856978250570772  0.48739932461669094  0.5024825625737013  0.4534752899054018  0.4933848107430361  0.33857856766615946  0.5482181459633969
0.31304916535527316  0.06066489373078454  0.5445611146954032  0.6293699489111966  0.35484749160063683  0.5182106038297976  0.41338997164446206  0.3750609634537867  0.5632524574055803  0.5695914909882149  0.5279272292981405  0.49378356306721727  0.4868284411555344  0.4747974343747799  0.33954207351668536  0.4969778695443521
0.34054618576696405  0.04128776510135668  0.5522648792141056  0.6357175886330497  0.36413156504153593  0.48476930916023825  0.44825205259978024  0.467956120736447  0.5674478571380962  0.5603971968921582  0.599557776018377  0.49044576369885867  0.5225851366775112  0.4705910670320531  0.33075879818732346  0.4643444205994963
0.34054618576696405  0.04128776510135668  0.5522648792141056  0.6357175886330497  0.36413156504153593  0.48476930916023825  0.44825205259978024  0.467956120736447  0.5674478571380962  0.5603971968921582  0.599557776018377  0.49044576369885867  0.5225851366775112  0.4705910670320531  0.33075879818732346  0.4643444205994963
0.41771642901312434  0.014500276620896535  0.5056895419742989  0.5769049108255034  0.4582154659396394  0.5041793518687518  0.5368813628421102  0.4987831690817981  0.6239510418007248  0.5288069672819485  0.7070354250780793  0.48066441403246984  0.5174377582452532  0.4343267225742806  0.3887217054722796  0.48970665311236633
0.48132654192214214  0.002759166116689582  0.4702279377325009  0.49497812406518593  0.5366162205420782  0.47210831419947763  0.6020283137700781  0.5053029684947606  0.5684640162003987  0.437566139867345  0.6063770164605375  0.44024263738155905  0.43302901309320746  0.39772959296723454  0.4803412878013327  0.5160003782058016
0.48132654192214214  0.002759166116689582  0.4702279377325009  0.49497812406518593  0.5366162205420782  0.47210831419947763  0.6020283137700781  0.5053029684947606  0.5684640162003987  0.437566139867345  0.6063770164605375  0.44024263738155905  0.43302901309320746  0.39772959296723454  0.4803412878013327  0.5160003782058016
0.5501538384590021  0.010917231057600785  0.37684144148153814  0.39275414294302596  0.6036704061902906  0.5290981008575121  0.5458146160857266  0.46087525372612664  0.4946304469171073  0.29481991731721086  0.5625546244251963  0.3907015729683738  0.38373032110946176  0.4079666287011342  0.4783628018854486  0.4754797721338615
0.602717124476741  0.037522478332511766  0.31936347229625583  0.3060235244082017  0.5767653445713148  0.5392938954741917  0.4570836514226438  0.43486646264858786  0.401632313243846  0.2978950337411633  0.5678574087055382  0.39371745776478456  0.4552494960834123  0.5030712601608204  0.3156418287520073  0.48580321364657203
0.6662412044589875  0.09970179670378476  0.3340958941480999  0.22831026599564236  0.47325409530583396  0.47317779924442005  0.4063094561697445  0.4817314492431264  0.39638628109666196  0.40862951928725705  0.5492583690801032  0.4022341903319314  0.5299657887446074  0.4304500784147344  0.36884431008297924  0.6658107119731815
0.7475008653832601  0.21127385436859553  0.4762058121064847  0.12867408830985846  0.39208407371013937  0.4769380436783921  0.3888490392843189  0.45818677621986004  0.4851638614692047  0.42326775325072546  0.543566204511591  0.3324016189126515  0.5722922243120533  0.40274190917609926  0.3764328057985287  0.758205348637617
0.8325584901646294  0.37121658056715523  0.631457486292552  0.10716160986035955  0.40677580613043135  0.6111676093408187  0.35436128426881924  0.5345490725093945  0.5939439240382007  0.4133844504185278  0.5012443509782595  0.2633180853839071  0.442594221802578  0.4886850600649866  0.30970873030178503  0.4496312472651405
0.8391480417872006  0.3878084200775366  0.6270808932253212  0.1267276783702562  0.4018691383795322  0.6267234117524639  0.37343067573961486  0.5452144236478049  0.5675085947515517  0.39476037492750726  0.49827037861180123  0.3568180879344523  0.44273468496761886  0.46728514522093517  0.34532574213472317  0.4549404830562246
0.8292966254436022  0.3624106202415819  0.615843346986253  0.10852884664605139  0.3876361101845994  0.6000523570224893  0.3658461666046823  0.5160509900894835  0.5679706228672723  0.4011295260118924  0.5378751681372856  0.35432428459335424  0.4723589150215174  0.49646070131322134  0.4357478784981305  0.4575864025299396
0.8137079104489429  0.3340442349963012  0.6015815647262356  0.10562770568289342  0.39386966656938405  0.5832729778710602  0.37386199214320115  0.5082760310318812  0.5639329335745484  0.4139394851944625  0.527545334283601  0.27004926530051077  0.48064868432996954  0.44923609818139304  0.39882954078353827  0.5908740698866781
0.7983821523801448  0.29742126062200497  0.5532983462544102  0.08663703417313023  0.31195177119369916  0.5727563240512945  0.42164303956869403  0.47522086158700816  0.5299200281343519  0.4074176874587285  0.5978489157820126  0.3054927215583637  0.482174045102724  0.45093740338199445  0.5285379788285589  0.6207387089987528
0.7727945399898913  0.2685227115921969  0.539571790091535  0.11804972235963973  0.32019809167909485  0.5367018359760859  0.4573551832915741  0.4667991544015312  0.4986462137766454  0.45101666400700147  0.5702075425380478  0.3368375108316761  0.5261723555220772  0.39956832556495536  0.5059692655076231  0.6399301351971817
0.7231507916278359  0.19120145747605094  0.4863182079965161  0.13927580625993496  0.3354364539936431  0.42720953441440385  0.4711027725002577  0.38706707796598844  0.42291302034552175  0.530999791748204  0.5360023373281737  0.3676556639101668  0.6207710881761113  0.4888048526307981  0.47028033364950605  0.6594713496541899
0.7082288955219385  0.16738557034514645  0.4657171568454494  0.15135701735286944  0.35249558093106625  0.4222528630471818  0.47944568967800916  0.3947493516103119  0.4098646189933606  0.5336169779324809  0.5067308805686396  0.34355127078724973  0.6361225903234137  0.4451979360168647  0.4692603595075428  0.7236057894494822
0.6937137961647407  0.14080348890451475  0.4358427875201681  0.16174545303031715  0.3755658387170018  0.36894672590169153  0.45457681698832797  0.36142632315208917  0.396555953065356  0.5505915976733802  0.536446515477116  0.39554126335327955  0.5953019575675995  0.45525128355287037  0.4079273051392206  0.6782613227724973
0.654017693218137  0.10868064371542191  0.4215896689919886  0.23134477039542403  0.4270834094296912  0.38964130204975544  0.4964650089366003  0.41559600316003653  0.39781094157327435  0.5231474253553979  0.44078669738699333  0.4227224323426297  0.5710117444100186  0.42378255313751434  0.41283844271699577  0.6872720776651998
0.6444162995461593  0.09384220786313102  0.37546467722324506  0.25979343452728326  0.4453102522758788  0.340029147659967  0.4625107923068299  0.43482579773056873  0.4090303706666596  0.5599154073294579  0.4167109144327971  0.43220431471944626  0.5460270612569862  0.4247070938657516  0.3715466167194144  0.6343195752512322
0.6256538387649532  0.06733735827476126  0.3165807320165434  0.3052906971354006  0.50990816913877  0.402513284856393  0.4403760133138367  0.5085109195701945  0.4344409884456304  0.4891411658642042  0.42662918517381426  0.42271381842159383  0.4915769858592085  0.3685437344353678  0.37525547246991175  0.5554579917386746
0.6013979092043298  0.040162312218078006  0.3425251223562511  0.3163975338684131  0.5537877352744874  0.4516241176000437  0.48929670397273994  0.47160251391085206  0.4045771219346628  0.3995204447996742  0.4566734988833858  0.404786670681334  0.47224376712034255  0.37740649118997127  0.37145906582267463  0.49394138932712545
0.5294635685851896  0.0063606424036338205  0.43402054711683685  0.4138125382737105  0.5759424857404397  0.45361102929911995  0.5974884710729921  0.46034060351796063  0.4744090345763632  0.36399453800243775  0.4780091831636463  0.4096786857123771  0.39778815322534783  0.41997555021214333  0.4573515097345214  0.5216731396175621
0.4936402133047461  0.0030284196917030326  0.46106762850781935  0.473061822032549  0.5505178291603295  0.4681658822076982  0.6116975570269997  0.4862292281860669  0.53751102630333  0.42220095365847354  0.5431288211033461  0.43027167489467666  0.4236469108693462  0.40798987073289433  0.48580887700980224  0.5061079642638842
0.46818865923500574  0.005872726802394979  0.47049796685617257  0.5113391907328437  0.5257688877336172  0.5028966652704732  0.5846456721397107  0.48036959204661944  0.5906841350668104  0.4601584756867209  0.6305847366325387  0.4526489917151522  0.4464332649012098  0.45496048226081875  0.4560814558844373  0.5196731025517333
0.44221509179889174  0.012352718810786534  0.48050928452620695  0.5425020125480937  0.49221181974500344  0.5237815638428914  0.5454535287091128  0.4734226732697375  0.6152883115415911  0.4809326416843156  0.6873948492210905  0.47032945845252183  0.4817339490122003  0.4783048982425181  0.41023770494371076  0.5296263010133321
0.4307163458511979  0.010998502044111458  0.49875763264733397  0.5601582615572459  0.47858894527879114  0.5017773915876976  0.5622873463553943  0.4873152744806882  0.6171392296205295  0.5248892858895522  0.6595554661469558  0.4790376045713758  0.48455446263156887  0.4615765290438061  0.41639898563326216  0.5079420631323901
0.4307163458511979  0.010998502044111458  0.49875763264733397  0.5601582615572459  0.47858894527879114  0.5017773915876976  0.5622873463553943  0.4873152744806882  0.6171392296205295  0.5248892858895522  0.6595554661469558  0.4790376045713758  0.48455446263156887  0.4615765290438061  0.41639898563326216  0.5079420631323901
0.44385905666240566  0.007951922160674474  0.49952481914848473  0.5442579458766205  0.489454978680407  0.4705132577535738  0.5796394247022064  0.5155271232309364  0.5929485795443972  0.5033624394410136  0.6347235263845847  0.4664336208402036  0.47529027946006513  0.4064611857561638  0.4405204804380657  0.5105190880516539
0.5040265296488002  0.008029793212064373  0.43182030794570625  0.4518305313121604  0.5658737852675415  0.5200394390730086  0.5832935224509709  0.4285204504346881  0.5257405662942723  0.39107793599355756  0.526175201230609  0.432573374577737  0.4014981991029807  0.5393298730480742  0.4495483552334963  0.5129369290059764
0.5171644123359367  0.004916232526358977  0.43155027882203456  0.43546946464450254  0.5767211180760026  0.4892510880020132  0.6006761640813382  0.4534538268828293  0.5035204474278605  0.3684856001741817  0.5019674810586079  0.4201670202441438  0.38809394729497826  0.48209898375449006  0.47380818715039164  0.5092642046600447
0.5503956590645083  0.013400320917495656  0.3804808259729802  0.38324066710547555  0.5978000683577509  0.52558231989454  0.5431175483410904  0.44206228587699115  0.46122387091603084  0.2885762079095144  0.5009208146906191  0.39761086521395306  0.3599472001342312  0.5477251346078955  0.4278726703110784  0.502336665860041
0.595414970793697  0.022613424450270037  0.33067839940831467  0.3177497441364063  0.6153779997734459  0.5219882509173601  0.4780942568816579  0.45903590049812726  0.41953413163131087  0.22054170141986182  0.5441067591125709  0.36085323292739435  0.3841023952828843  0.3962047858170471  0.4009601990502729  0.48915333555923457
0.6105425508030702  0.04072073659292422  0.2902949188286886  0.3192853616953753  0.5870527440913229  0.5051097619301627  0.42040427041275297  0.5371430597251583  0.45654284235733583  0.3030098046462296  0.48881242597656405  0.39252903750221924  0.3671271442830011  0.39589147994400375  0.42800376465171236  0.5236118854339283
0.7074934816663012  0.15269319680183527  0.44700915035225564  0.1752837944671805  0.48831490917049986  0.40551906199710436  0.36021140953293396  0.45702295198782195  0.5185267136495265  0.34993949587068773  0.519587662178861  0.37292886215186555  0.4786868766287199  0.325862589805874  0.3328111822179374  0.7801386180645968
0.8090600126704348  0.3241169676393296  0.6346602597368002  0.11412104126652461  0.49480793367135784  0.5027185965802828  0.2955554200665266  0.4738328836546686  0.6517521589141612  0.35110997900238444  0.48407687124018045  0.3148102448910215  0.47526305304797134  0.44711886528590394  0.3759015137235522  0.5599053403659124
0.8239449783497856  0.36914351281487523  0.6659844348945057  0.1657914142154206  0.6161953059478004  0.505079368887794  0.23408851628157817  0.48431818055208864  0.56161839306212  0.47264936675976454  0.5147714087712255  0.32605562909032204  0.49989849742865283  0.4675841837675292  0.38746179346374976  0.5618902420534269
0.8175688029050714  0.3618152180935482  0.6737009312740153  0.16452313709989072  0.5898545718606745  0.5380441626425216  0.28571125945805276  0.49847491480605355  0.5881234630682395  0.4024468579813521  0.5014953517595859  0.29860601776911316  0.4673430157201085  0.40501372317828543  0.4727535699253923  0.5751347488759064
0.8039755591942429  0.3159089443968891  0.634538232161503  0.10579466398057608  0.458447594002741  0.527031104823969  0.33866097912695287  0.4679878754904757  0.6703022839936439  0.3177503397666063  0.4924976941715471  0.2721206294521686  0.4751968785534541  0.4367590804997395  0.45792550707362856  0.5017976812718291
0.7890744703289313  0.2897061404328364  0.6246992812022998  0.11856983768437857  0.5009373152056772  0.4655429853514683  0.30869682136354315  0.45413317716770024  0.6925896009711421  0.2913704298889541  0.49481074741830466  0.3130259665945804  0.40763794453166546  0.3889830181393038  0.4086870031423325  0.5510459315617176
0.7770587624301742  0.25708941226894916  0.5674624871510455  0.1006110381230772  0.4473974437723466  0.4256770688761778  0.3051241835234733  0.4241377717292717  0.642771040217595  0.36111413343783616  0.557222574363089  0.3149769475932963  0.40101129356606074  0.4284549225820159  0.3360054371719585  0.6089658320531882
0.7231188039696614  0.15630799699097364  0.4230133326115676  0.12082849183198419  0.398675700269451  0.3475469861094119  0.342134916614397  0.3415239785938511  0.4832140360273955  0.46664673769341863  0.6940472811572906  0.444018472278475  0.38463176544041594  0.4593270644278712  0.4177755870799145  0.5466562106940203
0.6983587389857951  0.11977243150890468  0.3694413975715756  0.1548786198234051  0.4363186396054637  0.3311735542792801  0.3281044602687157  0.3663647378695683  0.42610311685494906  0.48885124464259994  0.6719905715722087  0.47771122048230374  0.395172645217724  0.4353625273170401  0.3059220171670509  0.5181582923667952
0.6659091161913322  0.08801243233905232  0.24901206206716758  0.25066664257654364  0.4941164608889508  0.4041989772521119  0.318364168892341  0.5528880506795345  0.4222260675023238  0.5356807044897113  0.4367889673896886  0.4264617529465686  0.44990014896702746  0.4112450849700183  0.3022312565983236  0.5446419957747739
0.6778013066326634  0.10712361769301915  0.21280357238464048  0.27412765237263087  0.4803230615293963  0.36933516585995824  0.29223583511402246  0.5895438871543691  0.4811531679920941  0.5830819696840684  0.38625205646432664  0.39816813371487636  0.4405285275352034  0.41474823447303993  0.38197259523112687  0.5428054371912985
0.6671413529159893  0.09935119446109725  0.20894559229803716  0.29678240364775405  0.49933036459452673  0.38958519507918515  0.3000385336289624  0.6162692609097286  0.49784554319063207  0.5389248229989296  0.39136906492045154  0.4046703569081151  0.3944301563393928  0.41107129589033825  0.42172482329423205  0.5477277870255102
0.6671413529159893  0.09935119446109725  0.20894559229803716  0.29678240364775405  0.49933036459452673  0.38958519507918515  0.3000385336289624  0.6162692609097286  0.49784554319063207  0.5389248229989296  0.39136906492045154  0.4046703569081151  0.3944301563393928  0.41107129589033825  0.42172482329423205  0.5477277870255102
0.6726398177922946  0.108877292177926  0.19086398492673934  0.30990885832149845  0.49261811974666364  0.36457513150213505  0.2895155380730375  0.6250842369930156  0.5244261826181281  0.5594474310108234  0.3624178148175055  0.3880229841812667  0.3976416041381871  0.4205739865596443  0.4421346091731583  0.5329949252833258
0.6616598720039579  0.10196328739858287  0.18741097270628426  0.3328735539735568  0.5098731228093266  0.3886256057503042  0.29902077556742235  0.6462782445133433  0.5494851045362531  0.5239425396053818  0.368923696404766  0.38612415482794554  0.34540504729733507  0.4256116305729233  0.48834096448400727  0.5067101180423456
0.6616598720039579  0.10196328739858287  0.18741097270628426  0.3328735539735568  0.5098731228093266  0.3886256057503042  0.29902077556742235  0.6462782445133433  0.5494851045362531  0.5239425396053818  0.368923696404766  0.38612415482794554  0.34540504729733507  0.4256116305729233  0.48834096448400727  0.5067101180423456
0.66608166384713  0.11206601072925204  0.17447591708296972  0.35029852715118276  0.5085802007822545  0.3672447658487372  0.30193465555409416  0.6310589123748298  0.5728870804710664  0.5129605559873521  0.36048772908718196  0.36202982403081563  0.3689154062376586  0.43884470108560675  0.5074832369134268  0.4942204528528287
0.6705041938154201  0.12337025825425241  0.16370878546249784  0.36663616441901015  0.501062283894961  0.3534073178252103  0.3132331672923757  0.6233690926616071  0.5867913694505217  0.4983775968635113  0.3494065913730062  0.35381419965049893  0.3741634037580845  0.441018867181951  0.510879908339072  0.500857088148748
0.6705041938154201  0.12337025825425241  0.16370878546249784  0.36663616441901015  0.501062283894961  0.3534073178252103  0.3132331672923757  0.6233690926616071  0.5867913694505217  0.4983775968635113  0.3494065913730062  0.35381419965049893  0.3741634037580845  0.441018867181951  0.510879908339072  0.500857088148748
0.6705041938154201  0.12337025825425241  0.16370878546249784  0.36663616441901015  0.501062283894961  0.3534073178252103  0.3132331672923757  0.6233690926616071  0.5867913694505217  0.4983775968635113  0.3494065913730062  0.35381419965049893  0.3741634037580845  0.441018867181951  0.510879908339072  0.500857088148748
0.6511315771177513  0.10739055939842243  0.1676429158497263  0.3992243278139306  0.5390878885450295  0.3823653118685365  0.34242191107370773  0.63810340187721  0.6190602058389229  0.4313548135927925  0.3269747349041679  0.32786757744978845  0.33880574798769253  0.4106627236913719  0.5963828374422702  0.5124688301228885
0.646709047149461  0.09608631187342209  0.17841004747019817  0.3828866905461032  0.5466058054323231  0.39620275989206344  0.33112339933542617  0.6457932215904327  0.6051559168594676  0.44593777271663326  0.33805587261834363  0.33608320183010526  0.33355775046726666  0.40848855759502767  0.592986166016625  0.5058321948269692
0.646709047149461  0.09608631187342209  0.17841004747019817  0.3828866905461032  0.5466058054323231  0.39620275989206344  0.33112339933542617  0.6457932215904327  0.6051559168594676  0.44593777271663326  0.33805587261834363  0.33608320183010526  0.33355775046726666  0.40848855759502767  0.592986166016625  0.5058321948269692
0.6344098909002078  0.09464190199614719  0.17593977917539594  0.4045436169168952  0.5473844377678859  0.4318428185949567  0.33431109234377226  0.6389064449553015  0.6342673297109649  0.45042883488837726  0.3620141705133051  0.3465715363618719  0.3238635445368971  0.47061199113737434  0.6094428434324953  0.4934232598694518
0.590602032894238  0.06376863072238997  0.245871796773362  0.43107223372672515  0.5593847585951495  0.48762769765618924  0.3809696361758245  0.6141377435341759  0.6399721198549309  0.39992177803622353  0.5405225294644584  0.3566040751084047  0.3201004698731581  0.458162826980916  0.5698624201327015  0.5025029898316001
0.5296733811708023  0.04643471121431192  0.3081464821956491  0.4792706838484542  0.534726570203983  0.5758687663985933  0.3829053891740627  0.5658568849537594  0.6785431810669357  0.4550191227853038  0.693000369068403  0.4183940873447029  0.365087645125895  0.5067738722414706  0.48679329783332825  0.5143766460673851
0.48983786340699376  0.039549618669389  0.3551612115801815  0.486512157738441  0.5178432417898572  0.6366354889232388  0.37500028623237824  0.474605947491329  0.6415383526239098  0.39912234708714583  0.7900001454075181  0.4326147431091659  0.43349289584710254  0.5004202721118038  0.3862349906876788  0.5071427945624172
0.35670591695799825  0.06917845113770346  0.4512195334394795  0.568591059789807  0.4178480504721938  0.6493075778034917  0.34174183569238176  0.2903392753424988  0.6476329526662143  0.5047552257987459  0.7114830027718773  0.4754800959820825  0.49510458603839036  0.34679230516194215  0.3531507321418673  0.540219757897898
0.2400607384910198  0.1327196650830678  0.4873045135538819  0.563529580162074  0.3715457340562298  0.6069392629028094  0.3316691846960317  0.18042604949517743  0.5844983674163152  0.5843517194502984  0.4353420004219999  0.4795633590912348  0.43475402675503877  0.26088763580778485  0.41789453481766853  0.4590322360882836
0.2400607384910198  0.1327196650830678  0.4873045135538819  0.563529580162074  0.3715457340562298  0.6069392629028094  0.3316691846960317  0.18042604949517743  0.5844983674163152  0.5843517194502984  0.4353420004219999  0.4795633590912348  0.43475402675503877  0.26088763580778485  0.41789453481766853  0.4590322360882836
0.0947067552048046  0.2385157446626318  0.4997480959377563  0.48321927888482474  0.3520573233190536  0.4788100018921099  0.32109790857543374  0.3243666297643688  0.4384842749602319  0.3894644909360805  0.35981612229306714  0.4080402553518401  0.38281606826378933  0.35560824243884903  0.4810398920619814  0.5098628731939837
0.013341312580118725  0.31907622849658923  0.4596940340863864  0.3698096283785633  0.428253798338184  0.43270927224433153  0.4349043211995518  0.4323429348490846  0.49319377149511157  0.44014629274226513  0.47336268138050647  0.43962842492613224  0.42964239887433076  0.4060607510203427  0.4298963953221739  0.5013468048502981
0.0  0.3323147355008087  0.4535388505285417  0.3507532968586308  0.44155069246321926  0.42011775922009226  0.45422247678997535  0.46701248434897547  0.499443092203253  0.435951456965589  0.5056884107576229  0.439701452707016  0.44112898552446095  0.4542854924337379  0.4163013136007501  0.49654122591279165
0.0  0.3323147355008087  0.4535388505285417  0.3507532968586308  0.44155069246321926  0.42011775922009226  0.45422247678997535  0.46701248434897547  0.499443092203253  0.435951456965589  0.5056884107576229  0.439701452707016  0.44112898552446095  0.4542854924337379  0.4163013136007501  0.49654122591279165
0.0  0.3323147355008087  0.4535388505285417  0.3507532968586308  0.44155069246321926  0.42011775922009226  0.45422247678997535  0.46701248434897547  0.499443092203253  0.435951456965589  0.5056884107576229  0.439701452707016  0.44112898552446095  0.4542854924337379  0.4163013136007501  0.49654122591279165
0.0  0.3323147355008087  0.4535388505285417  0.3507532968586308  0.44155069246321926  0.42011775922009226  0.45422247678997535  0.46701248434897547  0.499443092203253  0.435951456965589  0.5056884107576229  0.439701452707016  0.44112898552446095  0.4542854924337379  0.4163013136007501  0.49654122591279165
0.0  0.3323147355008087  0.4535388505285417  0.3507532968586308  0.44155069246321926  0.42011775922009226  0.45422247678997535  0.46701248434897547  0.499443092203253  0.435951456965589  0.5056884107576229  0.439701452707016  0.44112898552446095  0.4542854924337379  0.4163013136007501  0.49654122591279165
0.0  0.3323147355008087  0.4535388505285417  0.3507532968586308  0.44155069246321926  0.42011775922009226  0.45422247678997535  0.46701248434897547  0.499443092203253  0.435951456965589  0.5056884107576229  0.439701452707016  0.44112898552446095  0.4542854924337379  0.4163013136007501  0.49654122591279165
0.0  0.3323147355008087  0.4535388505285417  0.3507532968586308  0.44155069246321926  0.42011775922009226  0.45422247678997535  0.46701248434897547  0.499443092203253  0.435951456965589  0.5056884107576229  0.439701452707016  0.44112898552446095  0.4542854924337379  0.4163013136007501  0.49654122591279165
0.0  0.3323147355008087  0.4535388505285417  0.3507532968586308  0.44155069246321926  0.42011775922009226  0.45422247678997535  0.46701248434897547  0.499443092203253  0.435951456965589  0.5056884107576229  0.439701452707016  0.44112898552446095  0.4542854924337379  0.4163013136007501  0.49654122591279165
0.0  0.3323147355008087  0.4535388505285417  0.3507532968586308  0.44155069246321926  0.42011775922009226  0.45422247678997535  0.46701248434897547  0.499443092203253  0.435951456965589  0.5056884107576229  0.439701452707016  0.44112898552446095  0.4542854924337379  0.4163013136007501  0.49654122591279165
0.0  0.3323147355008087  0.4535388505285417  0.3507532968586308  0.44155069246321926  0.42011775922009226  0.45422247678997535  0.46701248434897547  0.499443092203253  0.435951456965589  0.5056884107576229  0.439701452707016  0.44112898552446095  0.4542854924337379  0.4163013136007501  0.49654122591279165
0.0  0.3323147355008087  0.4535388505285417  0.3507532968586308  0.44155069246321926  0.42011775922009226  0.45422247678997535  0.46701248434897547  0.499443092203253  0.435951456965589  0.5056884107576229  0.439701452707016  0.44112898552446095  0.4542854924337379  0.4163013136007501  0.49654122591279165
0.0  0.3323147355008087  0.4535388505285417  0.3507532968586308  0.44155069246321926  0.42011775922009226  0.45422247678997535  0.46701248434897547  0.499443092203253  0.435951456965589  0.5056884107576229  0.439701452707016  0.44112898552446095  0.4542854924337379  0.4163013136007501  0.49654122591279165
0.0  0.3323147355008087  0.4535388505285417  0.3507532968586308  0.44155069246321926  0.42011775922009226  0.45422247678997535  0.46701248434897547  0.499443092203253  0.435951456965589  0.5056884107576229  0.439701452707016  0.44112898552446095  0.4542854924337379  0.4163013136007501  0.49654122591279165
0.0  0.3323147355008087  0.4535388505285417  0.3507532968586308  0.44155069246321926  0.42011775922009226  0.45422247678997535  0.46701248434897547  0.499443092203253  0.435951456965589  0.5056884107576229  0.439701452707016  0.44112898552446095  0.4542854924337379  0.4163013136007501  0.49654122591279165
0.0  0.3323147355008087  0.4535388505285417  0.3507532968586308  0.44155069246321926  0.42011775922009226  0.45422247678997535  0.46701248434897547  0.499443092203253  0.435951456965589  0.5056884107576229  0.439701452707016  0.44112898552446095  0.4542854924337379  0.4163013136007501  0.49654122591279165
0.0  0.3323147355008087  0.4535388505285417  0.3507532968586308  0.44155069246321926  0.42011775922009226  0.45422247678997535  0.46701248434897547  0.499443092203253  0.435951456965589  0.5056884107576229  0.439701452707016  0.44112898552446095  0.4542854924337379  0.4163013136007501  0.49654122591279165
0.0  0.3323147355008087  0.4535388505285417  0.3507532968586308  0.44155069246321926  0.42011775922009226  0.45422247678997535  0.46701248434897547  0.499443092203253  0.435951456965589  0.5056884107576229  0.439701452707016  0.44112898552446095  0.4542854924337379  0.4163013136007501  0.49654122591279165
0.0  0.3323147355008087  0.4535388505285417  0.3507532968586308  0.44155069246321926  0.42011775922009226  0.45422247678997535  0.46701248434897547  0.499443092203253  0.435951456965589  0.5056884107576229  0.439701452707016  0.44112898552446095  0.4542854924337379  0.4163013136007501  0.49654122591279165
0.0  0.3323147355008087  0.4535388505285417  0.3507532968586308  0.44155069246321926  0.42011775922009226  0.45422247678997535  0.46701248434897547  0.499443092203253  0.435951456965589  0.5056884107576229  0.439701452707016  0.44112898552446095  0.4542854924337379  0.4163013136007501  0.49654122591279165
0.0  0.3323147355008087  0.4535388505285417  0.3507532968586308  0.44155069246321926  0.42011775922009226  0.45422247678997535  0.46701248434897547  0.499443092203253  0.435951456965589  0.5056884107576229  0.439701452707016  0.44112898552446095  0.4542854924337379  0.4163013136007501  0.49654122591279165
0.0  0.3323147355008087  0.4535388505285417  0.3507532968586308  0.44155069246321926  0.42011775922009226  0.45422247678997535  0.46701248434897547  0.499443092203253  0.435951456965589  0.5056884107576229  0.439701452707016  0.44112898552446095  0.4542854924337379  0.4163013136007501  0.49654122591279165
0.0  0.3323147355008087  0.4535388505285417  0.3507532968586308  0.44155069246321926  0.42011775922009226  0.45422247678997535  0.46701248434897547  0.499443092203253  0.435951456965589  0.5056884107576229  0.439701452707016  0.44112898552446095  0.4542854924337379  0.4163013136007501  0.49654122591279165
0.0  0.3323147355008087  0.4535388505285417  0.3507532968586308  0.44155069246321926  0.42011775922009226  0.45422247678997535  0.46701248434897547  0.499443092203253  0.435951456965589  0.5056884107576229  0.439701452707016  0.44112898552446095  0.4542854924337379  0.4163013136007501  0.49654122591279165
0.0  0.3323147355008087  0.4535388505285417  0.3507532968586308  0.44155069246321926  0.42011775922009226  0.45422247678997535  0.46701248434897547  0.499443092203253  0.435951456965589  0.5056884107576229  0.439701452707016  0.44112898552446095  0.4542854924337379  0.4163013136007501  0.49654122591279165
0.0  0.3323147355008087  0.4535388505285417  0.3507532968586308  0.44155069246321926  0.42011775922009226  0.45422247678997535  0.46701248434897547  0.499443092203253  0.435951456965589  0.5056884107576229  0.439701452707016  0.44112898552446095  0.4542854924337379  0.4163013136007501  0.49654122591279165
0.0  0.3323147355008087  0.4535388505285417  0.3507532968586308  0.44155069246321926  0.42011775922009226  0.45422247678997535  0.46701248434897547  0.499443092203253  0.435951456965589  0.5056884107576229  0.439701452707016  0.44112898552446095  0.4542854924337379  0.4163013136007501  0.49654122591279165
]