Naoki.n_u_t_t_y.1206 [ 0.0  0.3323147355008087  0.4535388505285417  0.3507532968586308  0.44155069246321926  0.42011775922009226  0.45422247678997535  0.46701248434897547  0.499443092203253  0.435951456965589  0.5056884107576229  0.439701452707016  0.44112898552446095  0.4542854924337379  0.4163013136007501  0.49654122591279165
0.0  0.3323147355008087  0.4535388505285417  0.3507532968586308  0.44155069246321926  0.42011775922009226  0.45422247678997535  0.46701248434897547  0.499443092203253  0.435951456965589  0.5056884107576229  0.439701452707016  0.44112898552446095  0.4542854924337379  0.4163013136007501  0.49654122591279165
0.0  0.3323147355008087  0.4535388505285417  0.3507532968586308  0.44155069246321926  0.42011775922009226  0.45422247678997535  0.46701248434897547  0.499443092203253  0.435951456965589  0.5056884107576229  0.439701452707016  0.44112898552446095  0.4542854924337379  0.4163013136007501  0.49654122591279165
0.0  0.3323147355008087  0.4535388505285417  0.3507532968586308  0.44155069246321926  0.42011775922009226  0.45422247678997535  0.46701248434897547  0.499443092203253  0.435951456965589  0.5056884107576229  0.439701452707016  0.44112898552446095  0.4542854924337379  0.4163013136007501  0.49654122591279165
0.0  0.3323147355008087  0.4535388505285417  0.3507532968586308  0.44155069246321926  0.42011775922009226  0.45422247678997535  0.46701248434897547  0.499443092203253  0.435951456965589  0.5056884107576229  0.439701452707016  0.44112898552446095  0.4542854924337379  0.4163013136007501  0.49654122591279165
0.0  0.3323147355008087  0.4535388505285417  0.3507532968586308  0.44155069246321926  0.42011775922009226  0.45422247678997535  0.46701248434897547  0.499443092203253  0.435951456965589  0.5056884107576229  0.439701452707016  0.44112898552446095  0.4542854924337379  0.4163013136007501  0.49654122591279165
0.0  0.3323147355008087  0.4535388505285417  0.3507532968586308  0.44155069246321926  0.42011775922009226  0.45422247678997535  0.46701248434897547  0.499443092203253  0.435951456965589  0.5056884107576229  0.439701452707016  0.44112898552446095  0.4542854924337379  0.4163013136007501  0.49654122591279165
0.0  0.3323147355008087  0.4535388505285417  0.3507532968586308  0.44155069246321926  0.42011775922009226  0.45422247678997535  0.46701248434897547  0.499443092203253  0.435951456965589  0.5056884107576229  0.439701452707016  0.44112898552446095  0.4542854924337379  0.4163013136007501  0.49654122591279165
0.0  0.3323147355008087  0.4535388505285417  0.3507532968586308  0.44155069246321926  0.42011775922009226  0.45422247678997535  0.46701248434897547  0.499443092203253  0.435951456965589  0.5056884107576229  0.439701452707016  0.44112898552446095  0.4542854924337379  0.4163013136007501  0.49654122591279165
0.0  0.3323147355008087  0.4535388505285417  0.3507532968586308  0.44155069246321926  0.42011775922009226  0.45422247678997535  0.46701248434897547  0.499443092203253  0.435951456965589  0.5056884107576229  0.439701452707016  0.44112898552446095  0.4542854924337379  0.4163013136007501  0.49654122591279165
0.0  0.3323147355008087  0.4535388505285417  0.3507532968586308  0.44155069246321926  0.42011775922009226  0.45422247678997535  0.46701248434897547  0.499443092203253  0.435951456965589  0.5056884107576229  0.439701452707016  0.44112898552446095  0.4542854924337379  0.4163013136007501  0.49654122591279165
0.0  0.3323147355008087  0.4535388505285417  0.3507532968586308  0.44155069246321926  0.42011775922009226  0.45422247678997535  0.46701248434897547  0.499443092203253  0.435951456965589  0.5056884107576229  0.439701452707016  0.44112898552446095  0.4542854924337379  0.4163013136007501  0.49654122591279165
0.0  0.3323147355008087  0.4535388505285417  0.3507532968586308  0.44155069246321926  0.42011775922009226  0.45422247678997535  0.46701248434897547  0.499443092203253  0.435951456965589  0.5056884107576229  0.439701452707016  0.44112898552446095  0.4542854924337379  0.4163013136007501  0.49654122591279165
0.0  0.3323147355008087  0.4535388505285417  0.3507532968586308  0.44155069246321926  0.42011775922009226  0.45422247678997535  0.46701248434897547  0.499443092203253  0.435951456965589  0.5056884107576229  0.439701452707016  0.44112898552446095  0.4542854924337379  0.4163013136007501  0.49654122591279165
0.0  0.3323147355008087  0.4535388505285417  0.3507532968586308  0.44155069246321926  0.42011775922009226  0.45422247678997535  0.46701248434897547  0.499443092203253  0.435951456965589  0.5056884107576229  0.439701452707016  0.44112898552446095  0.4542854924337379  0.4163013136007501  0.49654122591279165
0.0  0.3323147355008087  0.4535388505285417  0.3507532968586308  0.44155069246321926  0.42011775922009226  0.45422247678997535  0.46701248434897547  0.499443092203253  0.435951456965589  0.5056884107576229  0.439701452707016  0.44112898552446095  0.4542854924337379  0.4163013136007501  0.49654122591279165
0.0  0.3323147355008087  0.4535388505285417  0.3507532968586308  0.44155069246321926  0.42011775922009226  0.45422247678997535  0.46701248434897547  0.499443092203253  0.435951456965589  0.5056884107576229  0.439701452707016  0.44112898552446095  0.4542854924337379  0.4163013136007501  0.49654122591279165
0.0  0.3323147355008087  0.4535388505285417  0.3507532968586308  0.44155069246321926  0.42011775922009226  0.45422247678997535  0.46701248434897547  0.499443092203253  0.435951456965589  0.5056884107576229  0.439701452707016  0.44112898552446095  0.4542854924337379  0.4163013136007501  0.49654122591279165
0.0  0.3323147355008087  0.4535388505285417  0.3507532968586308  0.44155069246321926  0.42011775922009226  0.45422247678997535  0.46701248434897547  0.499443092203253  0.435951456965589  0.5056884107576229  0.439701452707016  0.44112898552446095  0.4542854924337379  0.4163013136007501  0.49654122591279165
0.0  0.3323147355008087  0.4535388505285417  0.3507532968586308  0.44155069246321926  0.42011775922009226  0.45422247678997535  0.46701248434897547  0.499443092203253  0.435951456965589  0.5056884107576229  0.439701452707016  0.44112898552446095  0.4542854924337379  0.4163013136007501  0.49654122591279165
0.0  0.3323147355008087  0.4535388505285417  0.3507532968586308  0.44155069246321926  0.42011775922009226  0.45422247678997535  0.46701248434897547  0.499443092203253  0.435951456965589  0.5056884107576229  0.439701452707016  0.44112898552446095  0.4542854924337379  0.4163013136007501  0.49654122591279165
0.0  0.3323147355008087  0.4535388505285417  0.3507532968586308  0.44155069246321926  0.42011775922009226  0.45422247678997535  0.46701248434897547  0.499443092203253  0.435951456965589  0.5056884107576229  0.439701452707016  0.44112898552446095  0.4542854924337379  0.4163013136007501  0.49654122591279165
0.0  0.3323147355008087  0.4535388505285417  0.3507532968586308  0.44155069246321926  0.42011775922009226  0.45422247678997535  0.46701248434897547  0.499443092203253  0.435951456965589  0.5056884107576229  0.439701452707016  0.44112898552446095  0.4542854924337379  0.4163013136007501  0.49654122591279165
0.0  0.3323147355008087  0.4535388505285417  0.3507532968586308  0.44155069246321926  0.42011775922009226  0.45422247678997535  0.46701248434897547  0.499443092203253  0.435951456965589  0.5056884107576229  0.439701452707016  0.44112898552446095  0.4542854924337379  0.4163013136007501  0.49654122591279165
0.0  0.3323147355008087  0.4535388505285417  0.3507532968586308  0.44155069246321926  0.42011775922009226  0.45422247678997535  0.46701248434897547  0.499443092203253  0.435951456965589  0.5056884107576229  0.439701452707016  0.44112898552446095  0.4542854924337379  0.4163013136007501  0.49654122591279165
0.0  0.3323147355008087  0.4535388505285417  0.3507532968586308  0.44155069246321926  0.42011775922009226  0.45422247678997535  0.46701248434897547  0.499443092203253  0.435951456965589  0.5056884107576229  0.439701452707016  0.44112898552446095  0.4542854924337379  0.4163013136007501  0.49654122591279165
0.0  0.3323147355008087  0.4535388505285417  0.3507532968586308  0.44155069246321926  0.42011775922009226  0.45422247678997535  0.46701248434897547  0.499443092203253  0.435951456965589  0.5056884107576229  0.439701452707016  0.44112898552446095  0.4542854924337379  0.4163013136007501  0.49654122591279165
0.0  0.3323147355008087  0.4535388505285417  0.3507532968586308  0.44155069246321926  0.42011775922009226  0.45422247678997535  0.46701248434897547  0.499443092203253  0.435951456965589  0.5056884107576229  0.439701452707016  0.44112898552446095  0.4542854924337379  0.4163013136007501  0.49654122591279165
0.0  0.3323147355008087  0.4535388505285417  0.3507532968586308  0.44155069246321926  0.42011775922009226  0.45422247678997535  0.46701248434897547  0.499443092203253  0.435951456965589  0.5056884107576229  0.439701452707016  0.44112898552446095  0.4542854924337379  0.4163013136007501  0.49654122591279165
0.0  0.3323147355008087  0.4535388505285417  0.3507532968586308  0.44155069246321926  0.42011775922009226  0.45422247678997535  0.46701248434897547  0.499443092203253  0.435951456965589  0.5056884107576229  0.439701452707016  0.44112898552446095  0.4542854924337379  0.4163013136007501  0.49654122591279165
0.0  0.3323147355008087  0.4535388505285417  0.3507532968586308  0.44155069246321926  0.42011775922009226  0.45422247678997535  0.46701248434897547  0.499443092203253  0.435951456965589  0.5056884107576229  0.439701452707016  0.44112898552446095  0.4542854924337379  0.4163013136007501  0.49654122591279165
0.0  0.3323147355008087  0.4535388505285417  0.3507532968586308  0.44155069246321926  0.42011775922009226  0.45422247678997535  0.46701248434897547  0.499443092203253  0.435951456965589  0.5056884107576229  0.439701452707016  0.44112898552446095  0.4542854924337379  0.4163013136007501  0.49654122591279165
0.0  0.3323147355008087  0.4535388505285417  0.3507532968586308  0.44155069246321926  0.42011775922009226  0.45422247678997535  0.46701248434897547  0.499443092203253  0.435951456965589  0.5056884107576229  0.439701452707016  0.44112898552446095  0.4542854924337379  0.4163013136007501  0.49654122591279165
0.0  0.3323147355008087  0.4535388505285417  0.3507532968586308  0.44155069246321926  0.42011775922009226  0.45422247678997535  0.46701248434897547  0.499443092203253  0.435951456965589  0.5056884107576229  0.439701452707016  0.44112898552446095  0.4542854924337379  0.4163013136007501  0.49654122591279165
0.0  0.3323147355008087  0.4535388505285417  0.3507532968586308  0.44155069246321926  0.42011775922009226  0.45422247678997535  0.46701248434897547  0.499443092203253  0.435951456965589  0.5056884107576229  0.439701452707016  0.44112898552446095  0.4542854924337379  0.4163013136007501  0.49654122591279165
0.0  0.3323147355008087  0.4535388505285417  0.3507532968586308  0.44155069246321926  0.42011775922009226  0.45422247678997535  0.46701248434897547  0.499443092203253  0.435951456965589  0.5056884107576229  0.439701452707016  0.44112898552446095  0.4542854924337379  0.4163013136007501  0.49654122591279165
0.0  0.3323147355008087  0.4535388505285417  0.3507532968586308  0.44155069246321926  0.42011775922009226  0.45422247678997535  0.46701248434897547  0.499443092203253  0.435951456965589  0.5056884107576229  0.439701452707016  0.44112898552446095  0.4542854924337379  0.4163013136007501  0.49654122591279165
0.0  0.3323147355008087  0.4535388505285417  0.3507532968586308  0.44155069246321926  0.42011775922009226  0.45422247678997535  0.46701248434897547  0.499443092203253  0.435951456965589  0.5056884107576229  0.439701452707016  0.44112898552446095  0.4542854924337379  0.4163013136007501  0.49654122591279165
0.0  0.3323147355008087  0.4535388505285417  0.3507532968586308  0.44155069246321926  0.42011775922009226  0.45422247678997535  0.46701248434897547  0.499443092203253  0.435951456965589  0.5056884107576229  0.439701452707016  0.44112898552446095  0.4542854924337379  0.4163013136007501  0.49654122591279165
0.0  0.3323147355008087  0.4535388505285417  0.3507532968586308  0.44155069246321926  0.42011775922009226  0.45422247678997535  0.46701248434897547  0.499443092203253  0.435951456965589  0.5056884107576229  0.439701452707016  0.44112898552446095  0.4542854924337379  0.4163013136007501  0.49654122591279165
0.0  0.3323147355008087  0.4535388505285417  0.3507532968586308  0.44155069246321926  0.42011775922009226  0.45422247678997535  0.46701248434897547  0.499443092203253  0.435951456965589  0.5056884107576229  0.439701452707016  0.44112898552446095  0.4542854924337379  0.4163013136007501  0.49654122591279165
0.0  0.3323147355008087  0.4535388505285417  0.3507532968586308  0.44155069246321926  0.42011775922009226  0.45422247678997535  0.46701248434897547  0.499443092203253  0.435951456965589  0.5056884107576229  0.439701452707016  0.44112898552446095  0.4542854924337379  0.4163013136007501  0.49654122591279165
0.0  0.3323147355008087  0.4535388505285417  0.3507532968586308  0.44155069246321926  0.42011775922009226  0.45422247678997535  0.46701248434897547  0.499443092203253  0.435951456965589  0.5056884107576229  0.439701452707016  0.44112898552446095  0.4542854924337379  0.4163013136007501  0.49654122591279165
0.0  0.3323147355008087  0.4535388505285417  0.3507532968586308  0.44155069246321926  0.42011775922009226  0.45422247678997535  0.46701248434897547  0.499443092203253  0.435951456965589  0.5056884107576229  0.439701452707016  0.44112898552446095  0.4542854924337379  0.4163013136007501  0.49654122591279165
0.0  0.3323147355008087  0.4535388505285417  0.3507532968586308  0.44155069246321926  0.42011775922009226  0.45422247678997535  0.46701248434897547  0.499443092203253  0.435951456965589  0.5056884107576229  0.439701452707016  0.44112898552446095  0.4542854924337379  0.4163013136007501  0.49654122591279165
0.0  0.3323147355008087  0.4535388505285417  0.3507532968586308  0.44155069246321926  0.42011775922009226  0.45422247678997535  0.46701248434897547  0.499443092203253  0.435951456965589  0.5056884107576229  0.439701452707016  0.44112898552446095  0.4542854924337379  0.4163013136007501  0.49654122591279165
0.0  0.3323147355008087  0.4535388505285417  0.3507532968586308  0.44155069246321926  0.42011775922009226  0.45422247678997535  0.46701248434897547  0.499443092203253  0.435951456965589  0.5056884107576229  0.439701452707016  0.44112898552446095  0.4542854924337379  0.4163013136007501  0.49654122591279165
0.0  0.3323147355008087  0.4535388505285417  0.3507532968586308  0.44155069246321926  0.42011775922009226  0.45422247678997535  0.46701248434897547  0.499443092203253  0.435951456965589  0.5056884107576229  0.439701452707016  0.44112898552446095  0.4542854924337379  0.4163013136007501  0.49654122591279165
0.0  0.3323147355008087  0.4535388505285417  0.3507532968586308  0.44155069246321926  0.42011775922009226  0.45422247678997535  0.46701248434897547  0.499443092203253  0.435951456965589  0.5056884107576229  0.439701452707016  0.44112898552446095  0.4542854924337379  0.4163013136007501  0.49654122591279165
0.0  0.3323147355008087  0.4535388505285417  0.3507532968586308  0.44155069246321926  0.42011775922009226  0.45422247678997535  0.46701248434897547  0.499443092203253  0.435951456965589  0.5056884107576229  0.439701452707016  0.44112898552446095  0.4542854924337379  0.4163013136007501  0.49654122591279165
0.0  0.3323147355008087  0.4535388505285417  0.3507532968586308  0.44155069246321926  0.42011775922009226  0.45422247678997535  0.46701248434897547  0.499443092203253  0.435951456965589  0.5056884107576229  0.439701452707016  0.44112898552446095  0.4542854924337379  0.4163013136007501  0.49654122591279165
0.0  0.3323147355008087  0.4535388505285417  0.3507532968586308  0.44155069246321926  0.42011775922009226  0.45422247678997535  0.46701248434897547  0.499443092203253  0.435951456965589  0.5056884107576229  0.439701452707016  0.44112898552446095  0.4542854924337379  0.4163013136007501  0.49654122591279165
0.0  0.3323147355008087  0.4535388505285417  0.3507532968586308  0.44155069246321926  0.42011775922009226  0.45422247678997535  0.46701248434897547  0.499443092203253  0.435951456965589  0.5056884107576229  0.439701452707016  0.44112898552446095  0.4542854924337379  0.4163013136007501  0.49654122591279165
0.0  0.3323147355008087  0.4535388505285417  0.3507532968586308  0.44155069246321926  0.42011775922009226  0.45422247678997535  0.46701248434897547  0.499443092203253  0.435951456965589  0.5056884107576229  0.439701452707016  0.44112898552446095  0.4542854924337379  0.4163013136007501  0.49654122591279165
0.0  0.3323147355008087  0.4535388505285417  0.3507532968586308  0.44155069246321926  0.42011775922009226  0.45422247678997535  0.46701248434897547  0.499443092203253  0.435951456965589  0.5056884107576229  0.439701452707016  0.44112898552446095  0.4542854924337379  0.4163013136007501  0.49654122591279165
0.0  0.3323147355008087  0.4535388505285417  0.3507532968586308  0.44155069246321926  0.42011775922009226  0.45422247678997535  0.46701248434897547  0.499443092203253  0.435951456965589  0.5056884107576229  0.439701452707016  0.44112898552446095  0.4542854924337379  0.4163013136007501  0.49654122591279165
0.12233951205666878  0.21956178479225164  0.5109162796420741  0.48860654511442014  0.36002014449382835  0.41573439272405505  0.3555744181397521  0.5189108361089124  0.4110408749158973  0.3089769252428468  0.4949114048324962  0.37322881403615066  0.468400368744315  0.4526156133521752  0.4664362481040797  0.3966380420156607
0.23253992221213562  0.12326892292898811  0.5533134744750954  0.585343793055295  0.32782861293021454  0.3960599626730526  0.36209651244332686  0.6251177479554688  0.4028570286334081  0.2896445125884866  0.5731078944120132  0.37742467287548975  0.48487772385012573  0.6102130834872945  0.3927457695423223  0.4573525742371793
0.2597931455835781  0.09934526260747933  0.5627308827646764  0.609541344318581  0.31994486648421094  0.3997661703531342  0.36281240584921043  0.6215384616928534  0.40862925828204655  0.3031307068527922  0.571435444377772  0.38523185717665015  0.47900758460826126  0.5894403356148907  0.38799733728460584  0.4758389472546669
0.41733992312710655  0.2602641504483423  0.8436972227804039  0.6361162477265729  0.5657759433782179  0.39259679402535896  0.2410153559133699  0.7429588954565002  0.6073334702987027  0.328112168111346  0.5310412468648308  0.3320901185613515  0.34459214362311746  0.5597002681494645  0.24738106414729555  0.5552361159129319
0.4835490243292478  0.2671965778037154  0.8744194293033244  0.5883339883983519  0.5841922257394829  0.39095795860355087  0.292806009432665  0.675106380144639  0.704058724678732  0.4457179371551206  0.5569052815257928  0.37553500410347035  0.27543104331767465  0.5716611258663785  0.27219970927738546  0.5724426141446719
0.5772394689242488  0.28289153561307157  0.8998403615506487  0.4553008912551767  0.585507910934647  0.26811539851378197  0.37194856334161286  0.6391718204646303  0.645049095283615  0.49292038270067173  0.4894329624812977  0.32982283014182556  0.2765826871513526  0.4590717439386719  0.3442257481535747  0.6038479763528501
0.5993776010658396  0.26148557848608167  0.887385532358695  0.3774525055099941  0.46484417270882844  0.2731706338024296  0.4471128281074966  0.5432873323380498  0.7316884986775218  0.5007902688356111  0.49557811814277564  0.33616809092070526  0.3344726886973391  0.43660842138185957  0.34339262681145033  0.5855815879765245
0.6439112591132136  0.22866633577910964  0.8230233727171224  0.28451742568153277  0.41489613922980567  0.32776994062038944  0.5694721903637425  0.4166321557587339  0.7104556488194786  0.4746208235830797  0.38483239702092387  0.3363932339332811  0.3263403825053042  0.4114977306029481  0.49366066826085675  0.49684968053301953
0.622975145401174  0.1408598630924071  0.6671181012342906  0.2564558307033708  0.39353662809803885  0.2791457273073932  0.6282903659269952  0.3502305397233637  0.4667788878158156  0.6031631425156401  0.2796102706158906  0.30607743763109174  0.53937352143843  0.4080715675485067  0.4600298295997375  0.5997801158398899
0.6245816865141545  0.10352010355511737  0.579224980990633  0.2413164591230919  0.42730843735222507  0.293251252261987  0.6031629395915332  0.31090580110310884  0.44705112550674814  0.5525823100016377  0.4217040215312563  0.3444673737058736  0.5341273501947866  0.3384916447850952  0.4738682588101618  0.5399201322484557
0.621716518114479  0.07033906078350352  0.49326357534497806  0.2438889050278946  0.5065380520112581  0.2881522088637197  0.5299334269261754  0.2975159681788422  0.3840233395410695  0.4864547450940117  0.437194988665892  0.40365566661534935  0.49669877555303465  0.381051721229426  0.26189948133764085  0.5277765417085442
0.614621871147445  0.05509853855132216  0.44839513957827243  0.25658058747213563  0.5173500109270509  0.34838140092546793  0.524405642653337  0.3288242347411826  0.39264195430192744  0.4081709377540337  0.5099439007728318  0.41013909152902805  0.4614595546923905  0.37560833950544903  0.36019216098499973  0.5369556195700999
0.6364488093176699  0.06007757691811408  0.3996040147364189  0.22898846429261643  0.5216333242769234  0.38905095506864307  0.4673796826808048  0.3416546478789053  0.3885269768726206  0.3784834423080088  0.6044053245990816  0.37915848034181776  0.5108075541267303  0.3396077010208677  0.32344109749414895  0.5597708062459993
0.6256762344426681  0.046739311441708564  0.3256917206776614  0.2617118467622866  0.5569794091706215  0.4834038075520716  0.4460932598993577  0.41502786552835974  0.3558285251938108  0.33756111825455803  0.5387821023544517  0.37672690003977916  0.5110420732095925  0.44462476520117555  0.2594329232730319  0.49328979876987783
0.6364274869963766  0.05327955131736492  0.33405526132814467  0.23954213381430448  0.5410900889955838  0.4487297534066378  0.43159757709100105  0.3963822100068374  0.34551399812624684  0.36722652278116097  0.5549157255380238  0.3821964612881872  0.5177949790899391  0.42520022387704887  0.22949868657312056  0.4989040509918627
0.6765299489971799  0.09584051323637335  0.2594479760339924  0.22903319106997844  0.4750825893142421  0.37542895098920376  0.3083204540855802  0.5328889514747182  0.40959540591384597  0.5638993435040955  0.4560048217022623  0.43243301446980587  0.48270280681860933  0.39849787257263686  0.2643876148219959  0.5812599280194422
0.6765299489971799  0.09584051323637335  0.2594479760339924  0.22903319106997844  0.4750825893142421  0.37542895098920376  0.3083204540855802  0.5328889514747182  0.40959540591384597  0.5638993435040955  0.4560048217022623  0.43243301446980587  0.48270280681860933  0.39849787257263686  0.2643876148219959  0.5812599280194422
0.6825158329001518  0.1046588202753668  0.23972506651086065  0.24124683474251826  0.47123862813980016  0.35394384931842005  0.2909593497210389  0.5505759121897246  0.44180288301444515  0.5904234338227119  0.42961906186752263  0.41401872161946734  0.4784575090971641  0.40025212708123864  0.3061314776259069  0.5708331792474802
0.6880142977764573  0.11418491799219554  0.22164345913956277  0.2543732894162627  0.4645263832919371  0.32893378574136994  0.2804363541651139  0.5593908882730116  0.4683835224419412  0.6109460418346057  0.40066781176457655  0.39737134889261894  0.48166895689595846  0.4097548177505447  0.32654126350483326  0.556100317505296
0.6773934649706095  0.1063568370948745  0.211207545172738  0.2760067409228279  0.4835602548666458  0.35770381200427814  0.29048006897187467  0.579389987477828  0.481014184030419  0.5827274028202214  0.38145195745200283  0.39140008736938164  0.4488662990443766  0.42250203014792614  0.3643849052811609  0.5194823852606276
0.6559822587002268  0.09204417398729611  0.19898602443565133  0.3208312051459332  0.5184568781068138  0.4126278953689388  0.3127784502951713  0.6247610167547099  0.5080210862965211  0.5089048516084798  0.3704353427245557  0.39243274931421224  0.3960150219682194  0.43824963288935104  0.43407137004417734  0.5187904828728545
0.6363809487679297  0.07569071022777951  0.207830683252908  0.35421435124492984  0.5578481656445077  0.4309623095150004  0.33697674876253153  0.642043677969118  0.5550343175354832  0.4360425814589222  0.3706429910265499  0.37005685900858876  0.31517371523732207  0.3935065920879244  0.5358464177583132  0.5097316698279996
0.6363809487679297  0.07569071022777951  0.207830683252908  0.35421435124492984  0.5578481656445077  0.4309623095150004  0.33697674876253153  0.642043677969118  0.5550343175354832  0.4360425814589222  0.3706429910265499  0.37005685900858876  0.31517371523732207  0.3935065920879244  0.5358464177583132  0.5097316698279996
0.623153693675208  0.057110525666561884  0.24580701477134312  0.34180864792118015  0.5794566668682671  0.46293446985142306  0.3776094907568219  0.5952900727815004  0.5126787733977128  0.37499506627262347  0.42470325806101905  0.364869019137061  0.32030538284086474  0.3818683407702602  0.5117940592847143  0.5081560515917896
0.6085231396759474  0.03946894432538417  0.28807245182654345  0.33567229425029094  0.603855449750652  0.48497861305305956  0.4326002046782106  0.5151557347691847  0.4744665303842729  0.2887229353182928  0.48771220447251307  0.34441413115887287  0.35688407348090895  0.38885293446160657  0.4720145078350404  0.4845903756216797
0.5620945773829411  0.012727542281910142  0.37674706002510133  0.37396459230771734  0.6022035210774526  0.4987507002897838  0.5340270496523726  0.483222802778184  0.4788157741341696  0.28878225173733973  0.5699733560109763  0.37049964583518885  0.3974641291708155  0.3149402365697842  0.469559888044681  0.47462674898072266
0.5620945773829411  0.012727542281910142  0.37674706002510133  0.37396459230771734  0.6022035210774526  0.4987507002897838  0.5340270496523726  0.483222802778184  0.4788157741341696  0.28878225173733973  0.5699733560109763  0.37049964583518885  0.3974641291708155  0.3149402365697842  0.469559888044681  0.47462674898072266
0.5514237933117789  0.009312843990620101  0.3976270503940411  0.3889538745259841  0.5955942412673729  0.47547575764258043  0.56542954093183  0.47869945232094047  0.4795054281664716  0.32697068542789165  0.5308451429155427  0.3796270139416147  0.4016138449448374  0.29789327544814587  0.48856299524018004  0.46317562437353105
0.5425932673734847  0.006332114785961462  0.4349934009128213  0.38564206009668534  0.5846701740434755  0.4162635315554898  0.624161778169435  0.4305218436175392  0.4217587807842232  0.3792863766511742  0.3606411743178873  0.3906102116217161  0.40037299362087375  0.3658284341989645  0.4748727812060458  0.4464554882210392
0.7260021091423965  0.2629236775973892  0.7569222531886703  0.2142882923588094  0.6358361763298102  0.347337604908888  0.41024520389548935  0.3452691700285108  0.60929430396237  0.4249867578671181  0.37605825872610005  0.2925105503734089  0.34947691762576066  0.40253652908614634  0.26705019750489145  0.48529649870144304
0.7327588495501314  0.2848849415414704  0.7724596306733992  0.2414212202633405  0.6990562990604965  0.35002124287123715  0.3772662306210074  0.36056061380683757  0.5626920113443381  0.4936774995705942  0.37963836815609486  0.2891183027669273  0.3761191970012442  0.40610948907834477  0.25329376218846744  0.515269189001888
0.7402115309683044  0.2775569475872141  0.7445099704137379  0.21269611841965377  0.675310226666475  0.37153854103910333  0.3613012152948676  0.35703960421098213  0.5868182781966295  0.42021701215337953  0.4158248215004224  0.2820477287504925  0.3587436273091625  0.4224548383951737  0.2389573087778789  0.5106865226519762
0.7611173929297501  0.28482679785340004  0.7020767927274418  0.18563082741326367  0.6850891738216103  0.41455693509798375  0.2992299474133705  0.37508395421622687  0.5835349724280405  0.3578095463667862  0.4922419154506038  0.26973386402132044  0.3510373207843586  0.4416199250594792  0.2038547447157279  0.5223672918583687
0.7538415296335258  0.26228074308833266  0.6854424356979433  0.15938097594935682  0.6208408976276961  0.4138122027006329  0.3323995580682105  0.36598325036536133  0.6277941625193452  0.2922396838804432  0.484831664603319  0.26858294566058494  0.3337902870747265  0.4333429970427055  0.213304110631012  0.5100312181841058
0.7303496101862776  0.18935366403374698  0.5731846869957892  0.13226351530292502  0.5392245583581988  0.3467085387949061  0.3391312760352347  0.28701321866524365  0.5983473055047082  0.2530943833195716  0.6662124449090704  0.39834630743875943  0.2626559586801762  0.40217493692595846  0.2562962180934264  0.4388657246690516
0.6934289392008455  0.12462366669733552  0.4373221134371533  0.16429653327877655  0.5093190151077359  0.3401088074132368  0.3562175593510043  0.2847575540183078  0.3925416891306223  0.4137305364113232  0.7365528914285551  0.47025172930429426  0.36437990975888623  0.4482247962308165  0.26299926709837557  0.4289843880209738
0.6891937399997997  0.11417577307735266  0.4294213850512139  0.15516278264494043  0.48668753849461627  0.35073140176059336  0.3711574646675448  0.2964201282659431  0.416799802307148  0.3885710382144847  0.7017432641441717  0.4373094251087298  0.39498741626066686  0.43492531884474667  0.2298851750081151  0.45310628578693707
0.6903534439557004  0.10970233220237124  0.3869418400925623  0.15905190870578087  0.45696530643923466  0.33252750707296064  0.3576614988987147  0.3266904521985883  0.41181932778128705  0.4480402849960468  0.6972761099028973  0.4480106069892959  0.3891748721370771  0.4265697273260411  0.30818889754646794  0.4895635313265086
0.6891674558078176  0.10802224897120763  0.3493144330638673  0.1767919484102365  0.4553356517793727  0.3371037351037135  0.3420097346979681  0.3921776086416889  0.40945036270032203  0.49797183334523876  0.6191448798944912  0.42869325748103004  0.43144817741699576  0.41028792828564353  0.28789210659364206  0.5407974968753352
0.6891674558078176  0.10802224897120763  0.3493144330638673  0.1767919484102365  0.4553356517793727  0.3371037351037135  0.3420097346979681  0.3921776086416889  0.40945036270032203  0.49797183334523876  0.6191448798944912  0.42869325748103004  0.43144817741699576  0.41028792828564353  0.28789210659364206  0.5407974968753352
0.6891674558078176  0.10802224897120763  0.3493144330638673  0.1767919484102365  0.4553356517793727  0.3371037351037135  0.3420097346979681  0.3921776086416889  0.40945036270032203  0.49797183334523876  0.6191448798944912  0.42869325748103004  0.43144817741699576  0.41028792828564353  0.28789210659364206  0.5407974968753352
0.6805218524443799  0.09712594765166108  0.33071001783909726  0.1912039073971934  0.46712004504730303  0.351279058154215  0.35106902286019326  0.41111492514729253  0.38582873764001013  0.50550746057317  0.5819168386828653  0.4151050022606431  0.4834631458440088  0.4003675192629224  0.25375735853044257  0.570408163746148
0.6975852081620042  0.11829068824528369  0.36516515946985084  0.16293189346770626  0.4459955228630765  0.320399756099149  0.3302510250078655  0.3666562600882035  0.4287977647789763  0.4923692198984146  0.664452479695887  0.45862490299103537  0.36122831709457903  0.4220340001560962  0.32456745598937503  0.4949791374003189
0.704983997954961  0.12734391354354896  0.34467640303736197  0.16518826237667003  0.4325665235568499  0.31048336387132414  0.3026707849773259  0.406824790210904  0.4500315707947269  0.5343124159503774  0.6342671634914033  0.4684654949674841  0.35259618149703287  0.41958513363469474  0.3479684489961419  0.5131292072966185
0.704983997954961  0.12734391354354896  0.34467640303736197  0.16518826237667003  0.4325665235568499  0.31048336387132414  0.3026707849773259  0.406824790210904  0.4500315707947269  0.5343124159503774  0.6342671634914033  0.4684654949674841  0.35259618149703287  0.41958513363469474  0.3479684489961419  0.5131292072966185
0.704983997954961  0.12734391354354896  0.34467640303736197  0.16518826237667003  0.4325665235568499  0.31048336387132414  0.3026707849773259  0.406824790210904  0.4500315707947269  0.5343124159503774  0.6342671634914033  0.4684654949674841  0.35259618149703287  0.41958513363469474  0.3479684489961419  0.5131292072966185
0.7631266695366538  0.22063984004724402  0.45974929105359646  0.1275387543418767  0.4437882963970599  0.29451102425416875  0.2250223530688643  0.4293461824011603  0.6339089949693745  0.45964704804629003  0.5931366317741318  0.49454078327483736  0.2144270451382515  0.44116853566604836  0.33448475151988133  0.48649254733853836
0.7667015432809867  0.2522309979655757  0.5544041860170507  0.15537045675086836  0.580633871020876  0.3480601253952765  0.21881541660962237  0.3992213762741531  0.5904110344134317  0.43987157755603906  0.5805185657184682  0.4144524703485924  0.3019951329410029  0.45378404222205976  0.14935416804366497  0.454489213135981
0.7635087838234604  0.254630015958632  0.587281344140437  0.1642186438502941  0.6268747153205404  0.3534785811931303  0.22794645052056814  0.36289508668882486  0.5578232262631785  0.4208818957046778  0.6076018672160864  0.4116518438528059  0.3125793933534922  0.4607261059778494  0.11117047528476076  0.44453926914380465
0.7667015432809867  0.2522309979655757  0.5544041860170507  0.15537045675086836  0.580633871020876  0.3480601253952765  0.21881541660962237  0.3992213762741531  0.5904110344134317  0.43987157755603906  0.5805185657184682  0.4144524703485924  0.3019951329410029  0.45378404222205976  0.14935416804366497  0.454489213135981
0.75783577988109  0.22822791822310734  0.5286701848139427  0.13623342559975143  0.520146523868374  0.335364848824155  0.2511201152596788  0.3708853443238319  0.5909288885520299  0.40507103979958514  0.6239882462267259  0.45298554484311276  0.2781160658225468  0.4570478956970056  0.22741150690780826  0.45449545467854113
0.7453403321782403  0.19988557294565695  0.4491935785199647  0.14510724464932406  0.4744216709118322  0.30930544011613426  0.24701824270080602  0.3887684976136012  0.5361224150355974  0.48626198776294627  0.6487496857362438  0.503028533628733  0.26312441599314684  0.46932021613564956  0.3169056583555708  0.42610467767607474
0.7323148789803982  0.17167192646544233  0.38434111971387536  0.1599471398682873  0.46163117675359017  0.2778646902898875  0.2256690732703351  0.43798147186535097  0.5472385607708075  0.5026530005153804  0.6037670067975466  0.5425816404155058  0.22965178906905237  0.42780638250006814  0.2764455178971639  0.44873078935859245
0.7191733428543221  0.14802906465249024  0.3441122647406849  0.16256829885621998  0.43096188133377394  0.29575929234437226  0.2586122644860197  0.43940977456536734  0.4917265768645656  0.5500335436103438  0.6116542321118236  0.5120306490854496  0.2926544713837663  0.42886407749440125  0.3360914215073493  0.47632515847296364
0.7127127881713773  0.13639800038793784  0.3247816788902247  0.16446751102667523  0.41767026718095357  0.3035212671119516  0.2725610385389605  0.44476341931523455  0.46580647550500126  0.5748373231247824  0.6091581465598801  0.49030070756586025  0.3442530660946958  0.42172069428305287  0.3516110215908145  0.5294376872750126
0.7127127881713773  0.13639800038793784  0.3247816788902247  0.16446751102667523  0.41767026718095357  0.3035212671119516  0.2725610385389605  0.44476341931523455  0.46580647550500126  0.5748373231247824  0.6091581465598801  0.49030070756586025  0.3442530660946958  0.42172069428305287  0.3516110215908145  0.5294376872750126
0.7127127881713773  0.13639800038793784  0.3247816788902247  0.16446751102667523  0.41767026718095357  0.3035212671119516  0.2725610385389605  0.44476341931523455  0.46580647550500126  0.5748373231247824  0.6091581465598801  0.49030070756586025  0.3442530660946958  0.42172069428305287  0.3516110215908145  0.5294376872750126
0.7127127881713773  0.13639800038793784  0.3247816788902247  0.16446751102667523  0.41767026718095357  0.3035212671119516  0.2725610385389605  0.44476341931523455  0.46580647550500126  0.5748373231247824  0.6091581465598801  0.49030070756586025  0.3442530660946958  0.42172069428305287  0.3516110215908145  0.5294376872750126
0.683912770016891  0.10819354884559987  0.27824256205657727  0.21777287246767602  0.46364390606711636  0.3692651885492694  0.30171384661931167  0.4998526699231425  0.4460350664954447  0.5525503475312252  0.51448872499915  0.45703038094989273  0.37738829356011694  0.43364958213547533  0.34844343788942544  0.48572416069088903
0.6416337364453328  0.07270485238660726  0.23427583127468915  0.31891818362320323  0.5486710903173331  0.42129831894661673  0.3330040615100998  0.6145830463643085  0.5181391510404231  0.44518537797363145  0.4157278643130681  0.39217379298384525  0.3187151733188743  0.36457936009449166  0.48550239517947563  0.5300787837921687
0.6416337364453328  0.07270485238660726  0.23427583127468915  0.31891818362320323  0.5486710903173331  0.42129831894661673  0.3330040615100998  0.6145830463643085  0.5181391510404231  0.44518537797363145  0.4157278643130681  0.39217379298384525  0.3187151733188743  0.36457936009449166  0.48550239517947563  0.5300787837921687
0.6112088789043872  0.05471654344114146  0.25326018694168695  0.3653815534349682  0.5757404186045869  0.47651758803211175  0.37916117136356253  0.6143354581401986  0.5478412603054483  0.3806089428199365  0.47623312120139016  0.3725120691744063  0.3136953138937048  0.3925992190191018  0.5238670632242491  0.5293122522971975
0.5131406840999332  0.059736808826031995  0.30351633380493637  0.49510591748269117  0.5152659472909307  0.5716699791999436  0.37207561149403656  0.5384246159927509  0.7177358992012116  0.541432814908693  0.6039257028592846  0.442042278136996  0.3380977463447229  0.4919378588183243  0.5305038664745885  0.5678712544224496
0.4716484474446694  0.05325770528532109  0.352753116140274  0.512751793260678  0.5036965234022974  0.6126510136229525  0.36374129169511915  0.4409893806567206  0.6811527359737104  0.4526058277180119  0.7214712662016924  0.41423993180529745  0.44055334080599085  0.4282194077260083  0.4662923517173948  0.46548581279457774
0.4029192588556325  0.056928272945673514  0.42711877399559145  0.565616683789211  0.4506023184994165  0.5965432131518265  0.3883756537372345  0.39024969002831006  0.6777702549652628  0.5137680077568798  0.71981751028783  0.4437872577115381  0.4948415771245729  0.36121852483848993  0.42382456692606557  0.4758977655660507
0.27615034567564095  0.12355714607772636  0.4509589163677831  0.547757950342898  0.39222094871884955  0.6515571745973683  0.29830484907807175  0.2003160424800825  0.6169421076244895  0.5266862051717832  0.5784400037339723  0.4705804242678664  0.45738485564287734  0.24571502608784898  0.3890745146096268  0.5202093256892338
0.11742070432108996  0.2407945579844943  0.45034352628599456  0.44834568696421745  0.41128720055660795  0.5567663765991723  0.3737006801643959  0.24781149081122636  0.5751990029478967  0.5644973443512239  0.46459766465054925  0.47456453540121746  0.4572374091729659  0.1489783987412946  0.43644890505349565  0.4404565447402598
0.06688025316804971  0.27008095579346253  0.4744537344918611  0.43186141393800553  0.3970488066975776  0.4886481582507343  0.38660263574631704  0.32109071007271855  0.49918269783532654  0.4809979434412471  0.40790962659489005  0.44381806565565685  0.43305529202187276  0.2788091332251955  0.450576121153774  0.47030556837724935
0.05550410385621682  0.2877406124701428  0.46765208048247997  0.4181199465403623  0.41945334273861185  0.4796928795423774  0.4067466120636624  0.3448539664667867  0.5045325331786255  0.475947188728225  0.43495569323808986  0.5100140179084933  0.4806946415074894  0.30328058597622365  0.5026781171358483  0.4495822524116094
0.002064069267512486  0.3363949391635992  0.45401923686574674  0.35755135292067186  0.4487373458968623  0.422385305390082  0.4518898129205733  0.46659862517176437  0.49266586162289827  0.42295542828490157  0.5035665161885187  0.49925552869106893  0.479832512052459  0.458893080849558  0.4813158059925568  0.4853815090948897
0.002064069267512486  0.3363949391635992  0.45401923686574674  0.35755135292067186  0.4487373458968623  0.422385305390082  0.4518898129205733  0.46659862517176437  0.49266586162289827  0.42295542828490157  0.5035665161885187  0.49925552869106893  0.479832512052459  0.458893080849558  0.4813158059925568  0.4853815090948897
0.002064069267512486  0.3363949391635992  0.45401923686574674  0.35755135292067186  0.4487373458968623  0.422385305390082  0.4518898129205733  0.46659862517176437  0.49266586162289827  0.42295542828490157  0.5035665161885187  0.49925552869106893  0.479832512052459  0.458893080849558  0.4813158059925568  0.4853815090948897
0.002064069267512486  0.3363949391635992  0.45401923686574674  0.35755135292067186  0.4487373458968623  0.422385305390082  0.4518898129205733  0.46659862517176437  0.49266586162289827  0.42295542828490157  0.5035665161885187  0.49925552869106893  0.479832512052459  0.458893080849558  0.4813158059925568  0.4853815090948897
0.002064069267512486  0.3363949391635992  0.45401923686574674  0.35755135292067186  0.4487373458968623  0.422385305390082  0.4518898129205733  0.46659862517176437  0.49266586162289827  0.42295542828490157  0.5035665161885187  0.49925552869106893  0.479832512052459  0.458893080849558  0.4813158059925568  0.4853815090948897
0.002064069267512486  0.3363949391635992  0.45401923686574674  0.35755135292067186  0.4487373458968623  0.422385305390082  0.4518898129205733  0.46659862517176437  0.49266586162289827  0.42295542828490157  0.5035665161885187  0.49925552869106893  0.479832512052459  0.458893080849558  0.4813158059925568  0.4853815090948897
0.0  0.3323147355008087  0.4535388505285417  0.3507532968586308  0.44155069246321926  0.42011775922009226  0.45422247678997535  0.46701248434897547  0.499443092203253  0.435951456965589  0.5056884107576229  0.439701452707016  0.44112898552446095  0.4542854924337379  0.4163013136007501  0.49654122591279165
0.0  0.3323147355008087  0.4535388505285417  0.3507532968586308  0.44155069246321926  0.42011775922009226  0.45422247678997535  0.46701248434897547  0.499443092203253  0.435951456965589  0.5056884107576229  0.439701452707016  0.44112898552446095  0.4542854924337379  0.4163013136007501  0.49654122591279165
0.0  0.3323147355008087  0.4535388505285417  0.3507532968586308  0.44155069246321926  0.42011775922009226  0.45422247678997535  0.46701248434897547  0.499443092203253  0.435951456965589  0.5056884107576229  0.439701452707016  0.44112898552446095  0.4542854924337379  0.4163013136007501  0.49654122591279165
0.0  0.3323147355008087  0.4535388505285417  0.3507532968586308  0.44155069246321926  0.42011775922009226  0.45422247678997535  0.46701248434897547  0.499443092203253  0.435951456965589  0.5056884107576229  0.439701452707016  0.44112898552446095  0.4542854924337379  0.4163013136007501  0.49654122591279165
0.0  0.3323147355008087  0.4535388505285417  0.3507532968586308  0.44155069246321926  0.42011775922009226  0.45422247678997535  0.46701248434897547  0.499443092203253  0.435951456965589  0.5056884107576229  0.439701452707016  0.44112898552446095  0.4542854924337379  0.4163013136007501  0.49654122591279165
0.0  0.3323147355008087  0.4535388505285417  0.3507532968586308  0.44155069246321926  0.42011775922009226  0.45422247678997535  0.46701248434897547  0.499443092203253  0.435951456965589  0.5056884107576229  0.439701452707016  0.44112898552446095  0.4542854924337379  0.4163013136007501  0.49654122591279165
0.0  0.3323147355008087  0.4535388505285417  0.3507532968586308  0.44155069246321926  0.42011775922009226  0.45422247678997535  0.46701248434897547  0.499443092203253  0.435951456965589  0.5056884107576229  0.439701452707016  0.44112898552446095  0.4542854924337379  0.4163013136007501  0.49654122591279165
0.0  0.3323147355008087  0.4535388505285417  0.3507532968586308  0.44155069246321926  0.42011775922009226  0.45422247678997535  0.46701248434897547  0.499443092203253  0.435951456965589  0.5056884107576229  0.439701452707016  0.44112898552446095  0.4542854924337379  0.4163013136007501  0.49654122591279165
0.0  0.3323147355008087  0.4535388505285417  0.3507532968586308  0.44155069246321926  0.42011775922009226  0.45422247678997535  0.46701248434897547  0.499443092203253  0.435951456965589  0.5056884107576229  0.439701452707016  0.44112898552446095  0.4542854924337379  0.4163013136007501  0.49654122591279165
0.0  0.3323147355008087  0.4535388505285417  0.3507532968586308  0.44155069246321926  0.42011775922009226  0.45422247678997535  0.46701248434897547  0.499443092203253  0.435951456965589  0.5056884107576229  0.439701452707016  0.44112898552446095  0.4542854924337379  0.4163013136007501  0.49654122591279165
0.0  0.3323147355008087  0.4535388505285417  0.3507532968586308  0.44155069246321926  0.42011775922009226  0.45422247678997535  0.46701248434897547  0.499443092203253  0.435951456965589  0.5056884107576229  0.439701452707016  0.44112898552446095  0.4542854924337379  0.4163013136007501  0.49654122591279165
0.0  0.3323147355008087  0.4535388505285417  0.3507532968586308  0.44155069246321926  0.42011775922009226  0.45422247678997535  0.46701248434897547  0.499443092203253  0.435951456965589  0.5056884107576229  0.439701452707016  0.44112898552446095  0.4542854924337379  0.4163013136007501  0.49654122591279165
0.0  0.3323147355008087  0.4535388505285417  0.3507532968586308  0.44155069246321926  0.42011775922009226  0.45422247678997535  0.46701248434897547  0.499443092203253  0.435951456965589  0.5056884107576229  0.439701452707016  0.44112898552446095  0.4542854924337379  0.4163013136007501  0.49654122591279165
0.0  0.3323147355008087  0.4535388505285417  0.3507532968586308  0.44155069246321926  0.42011775922009226  0.45422247678997535  0.46701248434897547  0.499443092203253  0.435951456965589  0.5056884107576229  0.439701452707016  0.44112898552446095  0.4542854924337379  0.4163013136007501  0.49654122591279165
0.040358989887038704  0.2920778162357973  0.4737780600118737  0.40961253948243803  0.39993932542241617  0.45459409754329183  0.3947724188871998  0.3840650390673379  0.4739950535207058  0.4338098440440051  0.4193040838343269  0.43115671632057484  0.4144404257081647  0.35389800221113565  0.4484631892707498  0.5160010102477223
0.27072724788693375  0.11329857891222142  0.5032836500165673  0.534457029121593  0.42383402901949446  0.5322936950893115  0.4873011793949738  0.27644707863648044  0.594882862810271  0.6378481880502744  0.40537447916233227  0.5106373292164718  0.4066236738568829  0.3580356646064078  0.40551478139271724  0.5519503815464571
0.5656632855418147  0.03276254458659145  0.32395869530928634  0.372984020398937  0.5803603630404718  0.5541640024559843  0.44947842150024947  0.47154832150658715  0.47681515235356986  0.3225114965651452  0.49998262655894166  0.40566110563443436  0.3329123223727936  0.5611477236852844  0.4009829429157502  0.47674285383134657
0.5974698637300262  0.037794583452028296  0.2835484124321615  0.3489955617104685  0.5975082596844985  0.5299760224529249  0.4257385281602489  0.5305478053086622  0.48834890313286033  0.31101884207378827  0.505232631995204  0.38393105454271753  0.3234886102294866  0.4446863863254066  0.46310588088990673  0.4880237955099346
0.6397222723260287  0.08756073719984364  0.24798608425434754  0.3335165662631846  0.531164576996795  0.4637217076567034  0.38647944074487967  0.5222589646387381  0.483503310477452  0.4497213988267472  0.4461064803158739  0.4068110728988672  0.46409851374597555  0.494663845993217  0.4917388839968472  0.4040515038478677
0.6877183588368783  0.13951546242469084  0.18602284984292916  0.3111168407864282  0.4486543810403305  0.41997207880509446  0.32833143816514093  0.5955185937053888  0.4674409203018042  0.5816010435714281  0.37776656768767836  0.4167843606169104  0.533091370346556  0.5403341254875782  0.44142351407908537  0.3452184474294089
0.7187274056502353  0.17890959523728422  0.191422736934239  0.2916775183327298  0.38447197828114965  0.3695650719960682  0.33974657691833376  0.5689177284786018  0.4166638793578387  0.645096916141054  0.42208417989786934  0.47209321190803927  0.4919367325799159  0.48496585225313493  0.3052153429644999  0.36607424377944414
0.7187274056502353  0.17890959523728422  0.191422736934239  0.2916775183327298  0.38447197828114965  0.3695650719960682  0.33974657691833376  0.5689177284786018  0.4166638793578387  0.645096916141054  0.42208417989786934  0.47209321190803927  0.4919367325799159  0.48496585225313493  0.3052153429644999  0.36607424377944414
0.7231491974934072  0.18901231856795336  0.17848768131092452  0.3091024915103558  0.38317905625407755  0.34818423209450117  0.3426604569050056  0.5536983963400884  0.440065855292652  0.6341149325230243  0.4136482125802853  0.44799888111090935  0.5154470915202395  0.49819892276581834  0.32435761539391944  0.35358457858992726
0.7231491974934072  0.18901231856795336  0.17848768131092452  0.3091024915103558  0.38317905625407755  0.34818423209450117  0.3426604569050056  0.5536983963400884  0.440065855292652  0.6341149325230243  0.4136482125802853  0.44799888111090935  0.5154470915202395  0.49819892276581834  0.32435761539391944  0.35358457858992726
0.701777112133851  0.17464399779497577  0.15968822669361632  0.35290565596490314  0.41810224800382395  0.4116283125028432  0.367199854520123  0.5923431510664272  0.4630110439486939  0.5762308889820372  0.37829873508413925  0.4365580583392639  0.475891527788311  0.5303706764873264  0.3921354938701584  0.3113523941232741
0.701777112133851  0.17464399779497577  0.15968822669361632  0.35290565596490314  0.41810224800382395  0.4116283125028432  0.367199854520123  0.5923431510664272  0.4630110439486939  0.5762308889820372  0.37829873508413925  0.4365580583392639  0.475891527788311  0.5303706764873264  0.3921354938701584  0.3113523941232741
0.6733135606482699  0.15334660116523158  0.1596029995315566  0.3874721120099179  0.45427441180335687  0.4561911197346652  0.36027046894069886  0.5926527700607878  0.5362201029948689  0.5383162988817474  0.40340714376851494  0.41976748028045513  0.4600611573490178  0.6124979694889141  0.48791553315937897  0.28286492653160367
0.6418367897786268  0.1113642098575921  0.17563550157757724  0.41387690943346334  0.5322234611018554  0.44728510905588653  0.3564707161746018  0.6155119412224128  0.5984181019014716  0.43113945158150685  0.38699651351340747  0.4024772862450507  0.3894771452193307  0.5233565528955502  0.6068771385069639  0.38331691145781704
0.6303509068912527  0.08860636920898524  0.1941197471285397  0.39844963918426507  0.5602282071001755  0.44639214120843473  0.34529122380410604  0.6171888103762457  0.5901213074531441  0.41713158618698054  0.3854768379601461  0.42358061525297935  0.3613614874045279  0.4746498508782069  0.6003114206712937  0.4648219983841214
0.5588389072755007  0.07480205417690852  0.25044589393517336  0.4341049805212145  0.5546528065056409  0.5762993095973812  0.3362897691772685  0.46075950399466403  0.6255496985444775  0.4230395327840832  0.5190843154026167  0.45462277695163406  0.3630685759244901  0.5942952356184191  0.5268648673846038  0.5090068245713085
0.53205112630698  0.07800372988941273  0.2632153465474617  0.4387940261878375  0.5402270865795412  0.5746793554885459  0.35101572771465245  0.4175909238291768  0.6526550077412752  0.4887837258160578  0.4729271216755793  0.4031814759790726  0.2992012160513656  0.5603251038602135  0.487543739912873  0.5466937350904074
0.46744543384583825  0.09483791367543498  0.2830876388623492  0.5073969717889892  0.48436273315626527  0.6375374492669117  0.26899197279334186  0.37924131432018104  0.7287468860444792  0.5260645137970819  0.5961032964601989  0.42553427867163357  0.34054234926835836  0.5274776162628063  0.46268713725465216  0.5646927811361575
0.38698125522384275  0.08312496623036067  0.3969024023608001  0.5266442231931032  0.44591447743014473  0.6389849438624492  0.33585140488330223  0.3216068053967586  0.6370383435281198  0.5546512511505108  0.5540723082792187  0.4845400009194696  0.34478015863855416  0.5391241282631892  0.35236697481615026  0.5716581146841936
0.25104858883613024  0.1427493761120576  0.45661787560166767  0.5184307804015901  0.4179799272076112  0.5982558892315221  0.38224605269878803  0.27205547935518337  0.6328002793760479  0.5902709183591881  0.5666107821565316  0.4969073729773054  0.4471973914891952  0.25434485431351705  0.3822267552859583  0.5025236385071259
0.08044960551787278  0.263060085643123  0.46564611677221035  0.4252490866027358  0.4213327394073174  0.5075257101850217  0.42890391839020947  0.3052774822469916  0.5495666300503687  0.5572668219488183  0.44402896197954544  0.4727830531426753  0.4625978192084594  0.2739843376155145  0.4113512071968461  0.43925965097554664
0.026918771307693212  0.30565726924968706  0.46649601966528753  0.3890730160227538  0.4151572080298073  0.4433712726649452  0.41724905907394727  0.4082421546386171  0.4861221194443594  0.44175511801167044  0.4484720450466309  0.4377985925893584  0.4233762486657832  0.3737618665463437  0.43555069286101744  0.5064374110999842
0.013341312580118725  0.31907622849658923  0.4596940340863864  0.3698096283785633  0.428253798338184  0.43270927224433153  0.4349043211995518  0.4323429348490846  0.49319377149511157  0.44014629274226513  0.47336268138050647  0.43962842492613224  0.42964239887433076  0.4060607510203427  0.4298963953221739  0.5013468048502981
0.0  0.3323147355008087  0.4535388505285417  0.3507532968586308  0.44155069246321926  0.42011775922009226  0.45422247678997535  0.46701248434897547  0.499443092203253  0.435951456965589  0.5056884107576229  0.439701452707016  0.44112898552446095  0.4542854924337379  0.4163013136007501  0.49654122591279165
0.0  0.3323147355008087  0.4535388505285417  0.3507532968586308  0.44155069246321926  0.42011775922009226  0.45422247678997535  0.46701248434897547  0.499443092203253  0.435951456965589  0.5056884107576229  0.439701452707016  0.44112898552446095  0.4542854924337379  0.4163013136007501  0.49654122591279165
0.0  0.3323147355008087  0.4535388505285417  0.3507532968586308  0.44155069246321926  0.42011775922009226  0.45422247678997535  0.46701248434897547  0.499443092203253  0.435951456965589  0.5056884107576229  0.439701452707016  0.44112898552446095  0.4542854924337379  0.4163013136007501  0.49654122591279165
0.0  0.3323147355008087  0.4535388505285417  0.3507532968586308  0.44155069246321926  0.42011775922009226  0.45422247678997535  0.46701248434897547  0.499443092203253  0.435951456965589  0.5056884107576229  0.439701452707016  0.44112898552446095  0.4542854924337379  0.4163013136007501  0.49654122591279165
0.0  0.3323147355008087  0.4535388505285417  0.3507532968586308  0.44155069246321926  0.42011775922009226  0.45422247678997535  0.46701248434897547  0.499443092203253  0.435951456965589  0.5056884107576229  0.439701452707016  0.44112898552446095  0.4542854924337379  0.4163013136007501  0.49654122591279165
0.0  0.3323147355008087  0.4535388505285417  0.3507532968586308  0.44155069246321926  0.42011775922009226  0.45422247678997535  0.46701248434897547  0.499443092203253  0.435951456965589  0.5056884107576229  0.439701452707016  0.44112898552446095  0.4542854924337379  0.4163013136007501  0.49654122591279165
0.0  0.3323147355008087  0.4535388505285417  0.3507532968586308  0.44155069246321926  0.42011775922009226  0.45422247678997535  0.46701248434897547  0.499443092203253  0.435951456965589  0.5056884107576229  0.439701452707016  0.44112898552446095  0.4542854924337379  0.4163013136007501  0.49654122591279165
0.0  0.3323147355008087  0.4535388505285417  0.3507532968586308  0.44155069246321926  0.42011775922009226  0.45422247678997535  0.46701248434897547  0.499443092203253  0.435951456965589  0.5056884107576229  0.439701452707016  0.44112898552446095  0.4542854924337379  0.4163013136007501  0.49654122591279165
0.0  0.3323147355008087  0.4535388505285417  0.3507532968586308  0.44155069246321926  0.42011775922009226  0.45422247678997535  0.46701248434897547  0.499443092203253  0.435951456965589  0.5056884107576229  0.439701452707016  0.44112898552446095  0.4542854924337379  0.4163013136007501  0.49654122591279165
0.0  0.3323147355008087  0.4535388505285417  0.3507532968586308  0.44155069246321926  0.42011775922009226  0.45422247678997535  0.46701248434897547  0.499443092203253  0.435951456965589  0.5056884107576229  0.439701452707016  0.44112898552446095  0.4542854924337379  0.4163013136007501  0.49654122591279165
0.0  0.3323147355008087  0.4535388505285417  0.3507532968586308  0.44155069246321926  0.42011775922009226  0.45422247678997535  0.46701248434897547  0.499443092203253  0.435951456965589  0.5056884107576229  0.439701452707016  0.44112898552446095  0.4542854924337379  0.4163013136007501  0.49654122591279165
0.0  0.3323147355008087  0.4535388505285417  0.3507532968586308  0.44155069246321926  0.42011775922009226  0.45422247678997535  0.46701248434897547  0.499443092203253  0.435951456965589  0.5056884107576229  0.439701452707016  0.44112898552446095  0.4542854924337379  0.4163013136007501  0.49654122591279165
0.0  0.3323147355008087  0.4535388505285417  0.3507532968586308  0.44155069246321926  0.42011775922009226  0.45422247678997535  0.46701248434897547  0.499443092203253  0.435951456965589  0.5056884107576229  0.439701452707016  0.44112898552446095  0.4542854924337379  0.4163013136007501  0.49654122591279165
0.0  0.3323147355008087  0.4535388505285417  0.3507532968586308  0.44155069246321926  0.42011775922009226  0.45422247678997535  0.46701248434897547  0.499443092203253  0.435951456965589  0.5056884107576229  0.439701452707016  0.44112898552446095  0.4542854924337379  0.4163013136007501  0.49654122591279165
0.0  0.3323147355008087  0.4535388505285417  0.3507532968586308  0.44155069246321926  0.42011775922009226  0.45422247678997535  0.46701248434897547  0.499443092203253  0.435951456965589  0.5056884107576229  0.439701452707016  0.44112898552446095  0.4542854924337379  0.4163013136007501  0.49654122591279165
0.0  0.3323147355008087  0.4535388505285417  0.3507532968586308  0.44155069246321926  0.42011775922009226  0.45422247678997535  0.46701248434897547  0.499443092203253  0.435951456965589  0.5056884107576229  0.439701452707016  0.44112898552446095  0.4542854924337379  0.4163013136007501  0.49654122591279165
0.0  0.3323147355008087  0.4535388505285417  0.3507532968586308  0.44155069246321926  0.42011775922009226  0.45422247678997535  0.46701248434897547  0.499443092203253  0.435951456965589  0.5056884107576229  0.439701452707016  0.44112898552446095  0.4542854924337379  0.4163013136007501  0.49654122591279165
0.0  0.3323147355008087  0.4535388505285417  0.3507532968586308  0.44155069246321926  0.42011775922009226  0.45422247678997535  0.46701248434897547  0.499443092203253  0.435951456965589  0.5056884107576229  0.439701452707016  0.44112898552446095  0.4542854924337379  0.4163013136007501  0.49654122591279165
0.0  0.3323147355008087  0.4535388505285417  0.3507532968586308  0.44155069246321926  0.42011775922009226  0.45422247678997535  0.46701248434897547  0.499443092203253  0.435951456965589  0.5056884107576229  0.439701452707016  0.44112898552446095  0.4542854924337379  0.4163013136007501  0.49654122591279165
0.0  0.3323147355008087  0.4535388505285417  0.3507532968586308  0.44155069246321926  0.42011775922009226  0.45422247678997535  0.46701248434897547  0.499443092203253  0.435951456965589  0.5056884107576229  0.439701452707016  0.44112898552446095  0.4542854924337379  0.4163013136007501  0.49654122591279165
0.0  0.3323147355008087  0.4535388505285417  0.3507532968586308  0.44155069246321926  0.42011775922009226  0.45422247678997535  0.46701248434897547  0.499443092203253  0.435951456965589  0.5056884107576229  0.439701452707016  0.44112898552446095  0.4542854924337379  0.4163013136007501  0.49654122591279165
0.0  0.3323147355008087  0.4535388505285417  0.3507532968586308  0.44155069246321926  0.42011775922009226  0.45422247678997535  0.46701248434897547  0.499443092203253  0.435951456965589  0.5056884107576229  0.439701452707016  0.44112898552446095  0.4542854924337379  0.4163013136007501  0.49654122591279165
0.0  0.3323147355008087  0.4535388505285417  0.3507532968586308  0.44155069246321926  0.42011775922009226  0.45422247678997535  0.46701248434897547  0.499443092203253  0.435951456965589  0.5056884107576229  0.439701452707016  0.44112898552446095  0.4542854924337379  0.4163013136007501  0.49654122591279165
0.0  0.3323147355008087  0.4535388505285417  0.3507532968586308  0.44155069246321926  0.42011775922009226  0.45422247678997535  0.46701248434897547  0.499443092203253  0.435951456965589  0.5056884107576229  0.439701452707016  0.44112898552446095  0.4542854924337379  0.4163013136007501  0.49654122591279165
0.0  0.3323147355008087  0.4535388505285417  0.3507532968586308  0.44155069246321926  0.42011775922009226  0.45422247678997535  0.46701248434897547  0.499443092203253  0.435951456965589  0.5056884107576229  0.439701452707016  0.44112898552446095  0.4542854924337379  0.4163013136007501  0.49654122591279165
0.0  0.3323147355008087  0.4535388505285417  0.3507532968586308  0.44155069246321926  0.42011775922009226  0.45422247678997535  0.46701248434897547  0.499443092203253  0.435951456965589  0.5056884107576229  0.439701452707016  0.44112898552446095  0.4542854924337379  0.4163013136007501  0.49654122591279165
0.0  0.3323147355008087  0.4535388505285417  0.3507532968586308  0.44155069246321926  0.42011775922009226  0.45422247678997535  0.46701248434897547  0.499443092203253  0.435951456965589  0.5056884107576229  0.439701452707016  0.44112898552446095  0.4542854924337379  0.4163013136007501  0.49654122591279165
0.0  0.3323147355008087  0.4535388505285417  0.3507532968586308  0.44155069246321926  0.42011775922009226  0.45422247678997535  0.46701248434897547  0.499443092203253  0.435951456965589  0.5056884107576229  0.439701452707016  0.44112898552446095  0.4542854924337379  0.4163013136007501  0.49654122591279165
0.0  0.3323147355008087  0.4535388505285417  0.3507532968586308  0.44155069246321926  0.42011775922009226  0.45422247678997535  0.46701248434897547  0.499443092203253  0.435951456965589  0.5056884107576229  0.439701452707016  0.44112898552446095  0.4542854924337379  0.4163013136007501  0.49654122591279165
0.0  0.3323147355008087  0.4535388505285417  0.3507532968586308  0.44155069246321926  0.42011775922009226  0.45422247678997535  0.46701248434897547  0.499443092203253  0.435951456965589  0.5056884107576229  0.439701452707016  0.44112898552446095  0.4542854924337379  0.4163013136007501  0.49654122591279165
0.0  0.3323147355008087  0.4535388505285417  0.3507532968586308  0.44155069246321926  0.42011775922009226  0.45422247678997535  0.46701248434897547  0.499443092203253  0.435951456965589  0.5056884107576229  0.439701452707016  0.44112898552446095  0.4542854924337379  0.4163013136007501  0.49654122591279165
0.0  0.3323147355008087  0.4535388505285417  0.3507532968586308  0.44155069246321926  0.42011775922009226  0.45422247678997535  0.46701248434897547  0.499443092203253  0.435951456965589  0.5056884107576229  0.439701452707016  0.44112898552446095  0.4542854924337379  0.4163013136007501  0.49654122591279165
0.0  0.3323147355008087  0.4535388505285417  0.3507532968586308  0.44155069246321926  0.42011775922009226  0.45422247678997535  0.46701248434897547  0.499443092203253  0.435951456965589  0.5056884107576229  0.439701452707016  0.44112898552446095  0.4542854924337379  0.4163013136007501  0.49654122591279165
]