Naoki.f_u_l_l.1824 [ 2.842170943040401e-14 0.3106095777566308 0.3289604118090246 0.4008116565498566 0.4193012834822054 0.4773342625735959 0.4096823902617258 0.41287002011882606 0.4303084660050271 0.5063242566942401 0.4957288971962919 0.48004610469898673 0.45623937170650924 0.4302745992648502 0.47502878381140284 0.4772353985124652
2.842170943040401e-14 0.3106095777566308 0.3289604118090246 0.4008116565498566 0.4193012834822054 0.4773342625735959 0.4096823902617258 0.41287002011882606 0.4303084660050271 0.5063242566942401 0.4957288971962919 0.48004610469898673 0.45623937170650924 0.4302745992648502 0.47502878381140284 0.4772353985124652
2.842170943040401e-14 0.3106095777566308 0.3289604118090246 0.4008116565498566 0.4193012834822054 0.4773342625735959 0.4096823902617258 0.41287002011882606 0.4303084660050271 0.5063242566942401 0.4957288971962919 0.48004610469898673 0.45623937170650924 0.4302745992648502 0.47502878381140284 0.4772353985124652
2.842170943040401e-14 0.3106095777566308 0.3289604118090246 0.4008116565498566 0.4193012834822054 0.4773342625735959 0.4096823902617258 0.41287002011882606 0.4303084660050271 0.5063242566942401 0.4957288971962919 0.48004610469898673 0.45623937170650924 0.4302745992648502 0.47502878381140284 0.4772353985124652
2.842170943040401e-14 0.3106095777566308 0.3289604118090246 0.4008116565498566 0.4193012834822054 0.4773342625735959 0.4096823902617258 0.41287002011882606 0.4303084660050271 0.5063242566942401 0.4957288971962919 0.48004610469898673 0.45623937170650924 0.4302745992648502 0.47502878381140284 0.4772353985124652
2.842170943040401e-14 0.3106095777566308 0.3289604118090246 0.4008116565498566 0.4193012834822054 0.4773342625735959 0.4096823902617258 0.41287002011882606 0.4303084660050271 0.5063242566942401 0.4957288971962919 0.48004610469898673 0.45623937170650924 0.4302745992648502 0.47502878381140284 0.4772353985124652
2.842170943040401e-14 0.3106095777566308 0.3289604118090246 0.4008116565498566 0.4193012834822054 0.4773342625735959 0.4096823902617258 0.41287002011882606 0.4303084660050271 0.5063242566942401 0.4957288971962919 0.48004610469898673 0.45623937170650924 0.4302745992648502 0.47502878381140284 0.4772353985124652
2.842170943040401e-14 0.3106095777566308 0.3289604118090246 0.4008116565498566 0.4193012834822054 0.4773342625735959 0.4096823902617258 0.41287002011882606 0.4303084660050271 0.5063242566942401 0.4957288971962919 0.48004610469898673 0.45623937170650924 0.4302745992648502 0.47502878381140284 0.4772353985124652
2.842170943040401e-14 0.3106095777566308 0.3289604118090246 0.4008116565498566 0.4193012834822054 0.4773342625735959 0.4096823902617258 0.41287002011882606 0.4303084660050271 0.5063242566942401 0.4957288971962919 0.48004610469898673 0.45623937170650924 0.4302745992648502 0.47502878381140284 0.4772353985124652
2.842170943040401e-14 0.3106095777566308 0.3289604118090246 0.4008116565498566 0.4193012834822054 0.4773342625735959 0.4096823902617258 0.41287002011882606 0.4303084660050271 0.5063242566942401 0.4957288971962919 0.48004610469898673 0.45623937170650924 0.4302745992648502 0.47502878381140284 0.4772353985124652
2.842170943040401e-14 0.3106095777566308 0.3289604118090246 0.4008116565498566 0.4193012834822054 0.4773342625735959 0.4096823902617258 0.41287002011882606 0.4303084660050271 0.5063242566942401 0.4957288971962919 0.48004610469898673 0.45623937170650924 0.4302745992648502 0.47502878381140284 0.4772353985124652
2.842170943040401e-14 0.3106095777566308 0.3289604118090246 0.4008116565498566 0.4193012834822054 0.4773342625735959 0.4096823902617258 0.41287002011882606 0.4303084660050271 0.5063242566942401 0.4957288971962919 0.48004610469898673 0.45623937170650924 0.4302745992648502 0.47502878381140284 0.4772353985124652
2.842170943040401e-14 0.3106095777566308 0.3289604118090246 0.4008116565498566 0.4193012834822054 0.4773342625735959 0.4096823902617258 0.41287002011882606 0.4303084660050271 0.5063242566942401 0.4957288971962919 0.48004610469898673 0.45623937170650924 0.4302745992648502 0.47502878381140284 0.4772353985124652
2.842170943040401e-14 0.3106095777566308 0.3289604118090246 0.4008116565498566 0.4193012834822054 0.4773342625735959 0.4096823902617258 0.41287002011882606 0.4303084660050271 0.5063242566942401 0.4957288971962919 0.48004610469898673 0.45623937170650924 0.4302745992648502 0.47502878381140284 0.4772353985124652
2.842170943040401e-14 0.3106095777566308 0.3289604118090246 0.4008116565498566 0.4193012834822054 0.4773342625735959 0.4096823902617258 0.41287002011882606 0.4303084660050271 0.5063242566942401 0.4957288971962919 0.48004610469898673 0.45623937170650924 0.4302745992648502 0.47502878381140284 0.4772353985124652
2.842170943040401e-14 0.3106095777566308 0.3289604118090246 0.4008116565498566 0.4193012834822054 0.4773342625735959 0.4096823902617258 0.41287002011882606 0.4303084660050271 0.5063242566942401 0.4957288971962919 0.48004610469898673 0.45623937170650924 0.4302745992648502 0.47502878381140284 0.4772353985124652
2.842170943040401e-14 0.3106095777566308 0.3289604118090246 0.4008116565498566 0.4193012834822054 0.4773342625735959 0.4096823902617258 0.41287002011882606 0.4303084660050271 0.5063242566942401 0.4957288971962919 0.48004610469898673 0.45623937170650924 0.4302745992648502 0.47502878381140284 0.4772353985124652
2.842170943040401e-14 0.3106095777566308 0.3289604118090246 0.4008116565498566 0.4193012834822054 0.4773342625735959 0.4096823902617258 0.41287002011882606 0.4303084660050271 0.5063242566942401 0.4957288971962919 0.48004610469898673 0.45623937170650924 0.4302745992648502 0.47502878381140284 0.4772353985124652
2.842170943040401e-14 0.3106095777566308 0.3289604118090246 0.4008116565498566 0.4193012834822054 0.4773342625735959 0.4096823902617258 0.41287002011882606 0.4303084660050271 0.5063242566942401 0.4957288971962919 0.48004610469898673 0.45623937170650924 0.4302745992648502 0.47502878381140284 0.4772353985124652
2.842170943040401e-14 0.3106095777566308 0.3289604118090246 0.4008116565498566 0.4193012834822054 0.4773342625735959 0.4096823902617258 0.41287002011882606 0.4303084660050271 0.5063242566942401 0.4957288971962919 0.48004610469898673 0.45623937170650924 0.4302745992648502 0.47502878381140284 0.4772353985124652
2.842170943040401e-14 0.3106095777566308 0.3289604118090246 0.4008116565498566 0.4193012834822054 0.4773342625735959 0.4096823902617258 0.41287002011882606 0.4303084660050271 0.5063242566942401 0.4957288971962919 0.48004610469898673 0.45623937170650924 0.4302745992648502 0.47502878381140284 0.4772353985124652
2.842170943040401e-14 0.3106095777566308 0.3289604118090246 0.4008116565498566 0.4193012834822054 0.4773342625735959 0.4096823902617258 0.41287002011882606 0.4303084660050271 0.5063242566942401 0.4957288971962919 0.48004610469898673 0.45623937170650924 0.4302745992648502 0.47502878381140284 0.4772353985124652
2.842170943040401e-14 0.3106095777566308 0.3289604118090246 0.4008116565498566 0.4193012834822054 0.4773342625735959 0.4096823902617258 0.41287002011882606 0.4303084660050271 0.5063242566942401 0.4957288971962919 0.48004610469898673 0.45623937170650924 0.4302745992648502 0.47502878381140284 0.4772353985124652
2.842170943040401e-14 0.3106095777566308 0.3289604118090246 0.4008116565498566 0.4193012834822054 0.4773342625735959 0.4096823902617258 0.41287002011882606 0.4303084660050271 0.5063242566942401 0.4957288971962919 0.48004610469898673 0.45623937170650924 0.4302745992648502 0.47502878381140284 0.4772353985124652
2.842170943040401e-14 0.3106095777566308 0.3289604118090246 0.4008116565498566 0.4193012834822054 0.4773342625735959 0.4096823902617258 0.41287002011882606 0.4303084660050271 0.5063242566942401 0.4957288971962919 0.48004610469898673 0.45623937170650924 0.4302745992648502 0.47502878381140284 0.4772353985124652
2.842170943040401e-14 0.3106095777566308 0.3289604118090246 0.4008116565498566 0.4193012834822054 0.4773342625735959 0.4096823902617258 0.41287002011882606 0.4303084660050271 0.5063242566942401 0.4957288971962919 0.48004610469898673 0.45623937170650924 0.4302745992648502 0.47502878381140284 0.4772353985124652
2.842170943040401e-14 0.3106095777566308 0.3289604118090246 0.4008116565498566 0.4193012834822054 0.4773342625735959 0.4096823902617258 0.41287002011882606 0.4303084660050271 0.5063242566942401 0.4957288971962919 0.48004610469898673 0.45623937170650924 0.4302745992648502 0.47502878381140284 0.4772353985124652
2.842170943040401e-14 0.3106095777566308 0.3289604118090246 0.4008116565498566 0.4193012834822054 0.4773342625735959 0.4096823902617258 0.41287002011882606 0.4303084660050271 0.5063242566942401 0.4957288971962919 0.48004610469898673 0.45623937170650924 0.4302745992648502 0.47502878381140284 0.4772353985124652
2.842170943040401e-14 0.3106095777566308 0.3289604118090246 0.4008116565498566 0.4193012834822054 0.4773342625735959 0.4096823902617258 0.41287002011882606 0.4303084660050271 0.5063242566942401 0.4957288971962919 0.48004610469898673 0.45623937170650924 0.4302745992648502 0.47502878381140284 0.4772353985124652
2.842170943040401e-14 0.3106095777566308 0.3289604118090246 0.4008116565498566 0.4193012834822054 0.4773342625735959 0.4096823902617258 0.41287002011882606 0.4303084660050271 0.5063242566942401 0.4957288971962919 0.48004610469898673 0.45623937170650924 0.4302745992648502 0.47502878381140284 0.4772353985124652
2.842170943040401e-14 0.3106095777566308 0.3289604118090246 0.4008116565498566 0.4193012834822054 0.4773342625735959 0.4096823902617258 0.41287002011882606 0.4303084660050271 0.5063242566942401 0.4957288971962919 0.48004610469898673 0.45623937170650924 0.4302745992648502 0.47502878381140284 0.4772353985124652
2.842170943040401e-14 0.3106095777566308 0.3289604118090246 0.4008116565498566 0.4193012834822054 0.4773342625735959 0.4096823902617258 0.41287002011882606 0.4303084660050271 0.5063242566942401 0.4957288971962919 0.48004610469898673 0.45623937170650924 0.4302745992648502 0.47502878381140284 0.4772353985124652
2.842170943040401e-14 0.3106095777566308 0.3289604118090246 0.4008116565498566 0.4193012834822054 0.4773342625735959 0.4096823902617258 0.41287002011882606 0.4303084660050271 0.5063242566942401 0.4957288971962919 0.48004610469898673 0.45623937170650924 0.4302745992648502 0.47502878381140284 0.4772353985124652
2.842170943040401e-14 0.3106095777566308 0.3289604118090246 0.4008116565498566 0.4193012834822054 0.4773342625735959 0.4096823902617258 0.41287002011882606 0.4303084660050271 0.5063242566942401 0.4957288971962919 0.48004610469898673 0.45623937170650924 0.4302745992648502 0.47502878381140284 0.4772353985124652
2.842170943040401e-14 0.3106095777566308 0.3289604118090246 0.4008116565498566 0.4193012834822054 0.4773342625735959 0.4096823902617258 0.41287002011882606 0.4303084660050271 0.5063242566942401 0.4957288971962919 0.48004610469898673 0.45623937170650924 0.4302745992648502 0.47502878381140284 0.4772353985124652
2.842170943040401e-14 0.3106095777566308 0.3289604118090246 0.4008116565498566 0.4193012834822054 0.4773342625735959 0.4096823902617258 0.41287002011882606 0.4303084660050271 0.5063242566942401 0.4957288971962919 0.48004610469898673 0.45623937170650924 0.4302745992648502 0.47502878381140284 0.4772353985124652
2.842170943040401e-14 0.3106095777566308 0.3289604118090246 0.4008116565498566 0.4193012834822054 0.4773342625735959 0.4096823902617258 0.41287002011882606 0.4303084660050271 0.5063242566942401 0.4957288971962919 0.48004610469898673 0.45623937170650924 0.4302745992648502 0.47502878381140284 0.4772353985124652
2.842170943040401e-14 0.3106095777566308 0.3289604118090246 0.4008116565498566 0.4193012834822054 0.4773342625735959 0.4096823902617258 0.41287002011882606 0.4303084660050271 0.5063242566942401 0.4957288971962919 0.48004610469898673 0.45623937170650924 0.4302745992648502 0.47502878381140284 0.4772353985124652
2.842170943040401e-14 0.3106095777566308 0.3289604118090246 0.4008116565498566 0.4193012834822054 0.4773342625735959 0.4096823902617258 0.41287002011882606 0.4303084660050271 0.5063242566942401 0.4957288971962919 0.48004610469898673 0.45623937170650924 0.4302745992648502 0.47502878381140284 0.4772353985124652
2.842170943040401e-14 0.3106095777566308 0.3289604118090246 0.4008116565498566 0.4193012834822054 0.4773342625735959 0.4096823902617258 0.41287002011882606 0.4303084660050271 0.5063242566942401 0.4957288971962919 0.48004610469898673 0.45623937170650924 0.4302745992648502 0.47502878381140284 0.4772353985124652
2.842170943040401e-14 0.3106095777566308 0.3289604118090246 0.4008116565498566 0.4193012834822054 0.4773342625735959 0.4096823902617258 0.41287002011882606 0.4303084660050271 0.5063242566942401 0.4957288971962919 0.48004610469898673 0.45623937170650924 0.4302745992648502 0.47502878381140284 0.4772353985124652
2.842170943040401e-14 0.3106095777566308 0.3289604118090246 0.4008116565498566 0.4193012834822054 0.4773342625735959 0.4096823902617258 0.41287002011882606 0.4303084660050271 0.5063242566942401 0.4957288971962919 0.48004610469898673 0.45623937170650924 0.4302745992648502 0.47502878381140284 0.4772353985124652
2.842170943040401e-14 0.3106095777566308 0.3289604118090246 0.4008116565498566 0.4193012834822054 0.4773342625735959 0.4096823902617258 0.41287002011882606 0.4303084660050271 0.5063242566942401 0.4957288971962919 0.48004610469898673 0.45623937170650924 0.4302745992648502 0.47502878381140284 0.4772353985124652
0.015991071322145833 0.340211377090197 0.31757438988060255 0.4408773958901553 0.44891109408169627 0.45205861089119537 0.4117806645761086 0.41416186307158454 0.4140462470162004 0.4719514762231561 0.5017104361151815 0.4541016319454992 0.44697119693373516 0.4580483833473085 0.49251352673103216 0.4698608265722047
0.049176445418184 0.39841247818370684 0.29526940637567783 0.5100683886449058 0.4906337119658545 0.41089062495370715 0.41193837721813276 0.42269397102065254 0.4116582579163714 0.43701836497472235 0.5077930004900527 0.4021335099325799 0.4733363938283364 0.4657912520177664 0.5170098420809071 0.47014145270527224
0.09994619325485099 0.48523268372212797 0.26202782583142875 0.605637215321768 0.5434620895636812 0.35822731962909254 0.41105406497977065 0.4377912798478764 0.4197855688171205 0.4119230073374921 0.5189561304968783 0.33317430417856725 0.5290823321301239 0.4349046111857123 0.5467204405239586 0.5052789808995856
0.1172245404059521 0.5125103208385221 0.2517983772698874 0.6302466336843701 0.5519878447656554 0.34369406988531925 0.4089550939187634 0.4486594974705176 0.4340373742841131 0.4158978401271293 0.5256471033089092 0.2989435014744911 0.5646487403046794 0.39768275177370893 0.5562439165710189 0.537425678244398
0.1348920447071053 0.5366239227221132 0.24415547578255634 0.6400201180569973 0.5383561160010314 0.33673866469028774 0.40866134270721166 0.4627693200573972 0.48216850539595885 0.44323547658061996 0.5102533134480014 0.2813279617628003 0.6363219302517484 0.38168820770709455 0.5649164187757176 0.5264778887461652
0.1348920447071053 0.5366239227221132 0.24415547578255634 0.6400201180569973 0.5383561160010314 0.33673866469028774 0.40866134270721166 0.4627693200573972 0.48216850539595885 0.44323547658061996 0.5102533134480014 0.2813279617628003 0.6363219302517484 0.38168820770709455 0.5649164187757176 0.5264778887461652
0.1348920447071053 0.5366239227221132 0.24415547578255634 0.6400201180569973 0.5383561160010314 0.33673866469028774 0.40866134270721166 0.4627693200573972 0.48216850539595885 0.44323547658061996 0.5102533134480014 0.2813279617628003 0.6363219302517484 0.38168820770709455 0.5649164187757176 0.5264778887461652
0.1348920447071053 0.5366239227221132 0.24415547578255634 0.6400201180569973 0.5383561160010314 0.33673866469028774 0.40866134270721166 0.4627693200573972 0.48216850539595885 0.44323547658061996 0.5102533134480014 0.2813279617628003 0.6363219302517484 0.38168820770709455 0.5649164187757176 0.5264778887461652
0.1348920447071053 0.5366239227221132 0.24415547578255634 0.6400201180569973 0.5383561160010314 0.33673866469028774 0.40866134270721166 0.4627693200573972 0.48216850539595885 0.44323547658061996 0.5102533134480014 0.2813279617628003 0.6363219302517484 0.38168820770709455 0.5649164187757176 0.5264778887461652
0.1172245404059521 0.5125103208385221 0.2517983772698874 0.6302466336843701 0.5519878447656554 0.34369406988531925 0.4089550939187634 0.4486594974705176 0.4340373742841131 0.4158978401271293 0.5256471033089092 0.2989435014744911 0.5646487403046794 0.39768275177370893 0.5562439165710189 0.537425678244398
0.1172245404059521 0.5125103208385221 0.2517983772698874 0.6302466336843701 0.5519878447656554 0.34369406988531925 0.4089550939187634 0.4486594974705176 0.4340373742841131 0.4158978401271293 0.5256471033089092 0.2989435014744911 0.5646487403046794 0.39768275177370893 0.5562439165710189 0.537425678244398
0.1172245404059521 0.5125103208385221 0.2517983772698874 0.6302466336843701 0.5519878447656554 0.34369406988531925 0.4089550939187634 0.4486594974705176 0.4340373742841131 0.4158978401271293 0.5256471033089092 0.2989435014744911 0.5646487403046794 0.39768275177370893 0.5562439165710189 0.537425678244398
0.10015179143398145 0.48387280465945404 0.26245301647054076 0.6011556545951274 0.5395359698730275 0.36129490221470684 0.40856904670512467 0.439149891051459 0.417679390005141 0.4134162517416541 0.5239969943077142 0.3338308991954134 0.5185971106114586 0.4205450292413515 0.5417060716534254 0.5226727586237709
0.06577468956402083 0.427593896038439 0.28374290216232956 0.5458135882252014 0.5142824261875965 0.3913902996062596 0.41029521689815873 0.42445203874059795 0.4004343159915993 0.41301942142374526 0.5146961438628508 0.38446353862139404 0.4635675459705083 0.4690565334248917 0.5229923501812255 0.4788427056875421
0.04845866916960173 0.3996974771172893 0.2941678184354164 0.520658330040325 0.5052233411780038 0.404487171206763 0.41073162030182275 0.41570846215159385 0.38429153144999295 0.4040740188737181 0.5108782978779106 0.4100812815315241 0.4250078343583122 0.5018858737407712 0.511845351169433 0.45140682299059204
0.0321036964462133 0.3697749620046386 0.30592404557633124 0.48097740955566315 0.47818183707322653 0.42849145728309473 0.41155233000449404 0.4131843646015939 0.3953002736373993 0.43453677658924716 0.5061428914888576 0.4370209076535022 0.4272847641351159 0.488653529485409 0.5024719971633137 0.455388533084645
0.0321036964462133 0.3697749620046386 0.30592404557633124 0.48097740955566315 0.47818183707322653 0.42849145728309473 0.41155233000449404 0.4131843646015939 0.3953002736373993 0.43453677658924716 0.5061428914888576 0.4370209076535022 0.4272847641351159 0.488653529485409 0.5024719971633137 0.455388533084645
0.0321036964462133 0.3697749620046386 0.30592404557633124 0.48097740955566315 0.47818183707322653 0.42849145728309473 0.41155233000449404 0.4131843646015939 0.3953002736373993 0.43453677658924716 0.5061428914888576 0.4370209076535022 0.4272847641351159 0.488653529485409 0.5024719971633137 0.455388533084645
0.0321036964462133 0.3697749620046386 0.30592404557633124 0.48097740955566315 0.47818183707322653 0.42849145728309473 0.41155233000449404 0.4131843646015939 0.3953002736373993 0.43453677658924716 0.5061428914888576 0.4370209076535022 0.4272847641351159 0.488653529485409 0.5024719971633137 0.455388533084645
0.0321036964462133 0.3697749620046386 0.30592404557633124 0.48097740955566315 0.47818183707322653 0.42849145728309473 0.41155233000449404 0.4131843646015939 0.3953002736373993 0.43453677658924716 0.5061428914888576 0.4370209076535022 0.4272847641351159 0.488653529485409 0.5024719971633137 0.455388533084645
0.048373961520667474 0.39593817208090115 0.2949372864646076 0.5094975270963348 0.5036132571421719 0.4230743730891449 0.4100438377204684 0.40008197205416146 0.35119680828135436 0.40467258657417515 0.5054468622974065 0.48915498104844296 0.3352809776120564 0.5380501664818728 0.4640603145084277 0.42028768811304434
0.06506447900539614 0.42468371754978773 0.2834637936552797 0.5437565904643706 0.5278827864071471 0.407280218413635 0.4080374771079815 0.3967900290750804 0.32782081407630836 0.3779100722075909 0.5101050352642054 0.4946321028616849 0.2970845219645765 0.555969473652647 0.45296160327116525 0.41291101895900584
0.13234529078375945 0.5410486972880476 0.23792882234947144 0.6785668418609095 0.6152421085787869 0.34064622408009193 0.40503405101474976 0.3980365679839411 0.28309930995501587 0.30689894568253967 0.5235073617319576 0.4681443727005078 0.2543702718412662 0.5834991694694524 0.45049794958826506 0.40659336078126973
0.1667340601501494 0.5975826323882656 0.21684926687573114 0.7328130791350282 0.636753068481007 0.3099485201502011 0.4049836948247245 0.41628975099200377 0.3156000787755945 0.31832593661804215 0.5289753167180927 0.40763923206945474 0.33898161314668285 0.5278075516859302 0.4761827935176507 0.4487821630988465
0.20224299055576006 0.6380477860214895 0.19988252739373796 0.7335015905473452 0.6377425421059398 0.3588315947674375 0.4130803144685302 0.3693379763055912 0.2830794904118219 0.37541989404557125 0.5017035275784295 0.5417909102966564 0.328410905275355 0.5270811340497601 0.44687769821209883 0.4661552772930851
0.30710369890211353 0.7514747147261776 0.14346197366520586 0.7474979206365282 0.6656401970167862 0.45252524269430333 0.4306804786230714 0.33044932084338885 0.2923413417749755 0.5066513277484564 0.4619840888397889 0.6072217176365358 0.4886684060812732 0.43575639876585054 0.4776778199986579 0.5078217383191816
0.41512276163659056 0.814230361360676 0.11335216312620194 0.5841108681623612 0.5353153693869871 0.624629798823648 0.44481110938780166 0.346755126879899 0.38360712750555065 0.696829373308262 0.45740515848368807 0.6331552227273667 0.5033372715264869 0.3623749267631006 0.4647329195457415 0.486898838650229
0.5514078509998156 0.7589181566124656 0.10049385209405412 0.3085892996170936 0.39884324260230214 0.6913569942138359 0.4498271754369912 0.3151629306921123 0.4850840098636433 0.5593678364620983 0.5260748474304652 0.40276906132953527 0.5014194220293334 0.5069489738502102 0.5623844397625104 0.5442771859851877
0.6898552527243245 0.5518430737093231 0.08718791859329378 0.09929834412786098 0.42851864153102903 0.5106221249665752 0.4559114137806536 0.3069458168774685 0.466890865860981 0.29391428477320836 0.5836216859195998 0.2674493773371761 0.5263160190214912 0.5712879279688508 0.4936502692839924 0.5660783023756402
0.7854328115618848 0.3216505044553052 0.07519317252300006 0.12955138319151144 0.5773661484059944 0.2910596319950012 0.42121810826725986 0.3805888271071841 0.5080978057961765 0.4995170574830117 0.5642585509993641 0.5613157035996265 0.48330606633903284 0.45744142069442145 0.43351542309274643 0.42600111497421617
0.8227121870867151 0.2290527352829394 0.09039050271910973 0.29499642039557117 0.4848340557202496 0.31142661732994836 0.46844489347271595 0.4298905144885332 0.48083014633732674 0.5290829550019585 0.5420423383526171 0.6288584668246933 0.3608145961637427 0.4916916143049671 0.5489571303826035 0.4480230782603417
0.8692860094488499 0.11046042447735271 0.13250764250930716 0.5791647242188964 0.3419714603335385 0.4207402565564728 0.5094867664148308 0.47765171646330074 0.3938441710957602 0.574284161311651 0.47256840257016575 0.5193148768547688 0.3075487906372557 0.5583822619870181 0.627774724084332 0.57800431272681
0.8938606323509677 0.10128361579847228 0.2244496589297007 0.6598560640878351 0.3221148066520163 0.4523428064171456 0.46195076346191494 0.43500966217754256 0.3946143224263599 0.6083731789079754 0.48546156815379937 0.40925527404233186 0.30959647129194556 0.5920749283081603 0.6887245478048061 0.4710972639874742
0.9084750636156138 0.07640818147845851 0.25103793478294295 0.7356369725667972 0.2691698227855326 0.48264720478320056 0.47347888362749085 0.42490634863512355 0.3513388351602945 0.5770631632002854 0.448978601715233 0.35804848580077026 0.3458702256961149 0.5312360074933355 0.6406057595990411 0.46631597109391265
0.9084750636156138 0.07640818147845851 0.25103793478294295 0.7356369725667972 0.2691698227855326 0.48264720478320056 0.47347888362749085 0.42490634863512355 0.3513388351602945 0.5770631632002854 0.448978601715233 0.35804848580077026 0.3458702256961149 0.5312360074933355 0.6406057595990411 0.46631597109391265
0.9084750636156138 0.07640818147845851 0.25103793478294295 0.7356369725667972 0.2691698227855326 0.48264720478320056 0.47347888362749085 0.42490634863512355 0.3513388351602945 0.5770631632002854 0.448978601715233 0.35804848580077026 0.3458702256961149 0.5312360074933355 0.6406057595990411 0.46631597109391265
0.9026672882137099 0.06536458734835882 0.2153474979845631 0.7280646861586931 0.2890896848558074 0.5043835684917259 0.47539103039732616 0.4458412803730103 0.35517131222531406 0.5570291213894552 0.39301795887658003 0.33422255138137924 0.3315239888447183 0.5066027235792463 0.5845236970198907 0.5228288070684549
0.9026672882137099 0.06536458734835882 0.2153474979845631 0.7280646861586931 0.2890896848558074 0.5043835684917259 0.47539103039732616 0.4458412803730103 0.35517131222531406 0.5570291213894552 0.39301795887658003 0.33422255138137924 0.3315239888447183 0.5066027235792463 0.5845236970198907 0.5228288070684549
0.8935029942118609 0.0646167284107434 0.17888272776012618 0.6991969510387488 0.31004439067584266 0.4985161795227504 0.5097622420858009 0.4757640970351672 0.3566203903345737 0.5516054526113632 0.3838456603794954 0.37921660622780484 0.3533151781816083 0.49700648372193845 0.5617286849051106 0.5651308244641179
0.8615846227203564 0.10636860174171431 0.0969035112619758 0.5765844917962248 0.3312876620614693 0.4297950753427051 0.5794045901445007 0.5149757934559331 0.39847210265439537 0.5207752492413981 0.514898014282671 0.6044758386667215 0.3796718081352489 0.5122761074932716 0.6073921644818894 0.5303571415335442
0.8425815409842704 0.15142385794492724 0.06486650536729088 0.46336018635055437 0.33646550841762035 0.36212969641252374 0.6483745988171546 0.4736536768883437 0.4093010140142368 0.41021786278544803 0.5187986716094395 0.7051738657521238 0.45333602622999947 0.325161364869795 0.5402093371308544 0.47113351976120005
0.8322227703047177 0.182520815545308 0.06393502858153335 0.4154990196248924 0.3327159646373833 0.35423914194123435 0.6635406658529209 0.4315292715890581 0.4080567850208944 0.3354488067492032 0.5046598640251281 0.7054585144618266 0.5291213511051651 0.3019493110794126 0.5036718010950613 0.4565216699421236
0.8074078402375201 0.23684616680715032 0.050030085309233335 0.31218270800986087 0.42609023592490286 0.34683096479499126 0.6046034294635279 0.42307286475888084 0.4452966901586482 0.39529898478199893 0.5503687990646371 0.6336042625610057 0.5238139818611207 0.32791695252907266 0.47411692429477575 0.45666356451081547
0.7652819552156398 0.33117834722681644 0.039900765390918025 0.29443620962753425 0.3582127676190505 0.4328814456321608 0.6537878259837773 0.33407113399718286 0.4721272851811575 0.3019750254392247 0.6256427471680361 0.45198068903456357 0.45429920933861667 0.36364391213395575 0.48141420550102487 0.49683106051889403
0.7534249402284744 0.3771116159489738 0.05103632635564684 0.1928893747662509 0.43503140104889676 0.40087835093312374 0.5669627494524505 0.3087182122203507 0.5013120127676772 0.3370541385565611 0.6325321369043556 0.4233388526505178 0.4690917398252556 0.39878559340154285 0.43068926130086305 0.4904756780646239
0.7534249402284744 0.3771116159489738 0.05103632635564684 0.1928893747662509 0.43503140104889676 0.40087835093312374 0.5669627494524505 0.3087182122203507 0.5013120127676772 0.3370541385565611 0.6325321369043556 0.4233388526505178 0.4690917398252556 0.39878559340154285 0.43068926130086305 0.4904756780646239
0.6698304757068512 0.5547160118570127 0.06292194568018869 0.1551695837253988 0.45557887532450575 0.5429064073407652 0.5042755293687949 0.22067401611789936 0.5452781838250885 0.39285187976270464 0.6457216855190319 0.20869011329942305 0.42640001184218046 0.5291283463957447 0.46588080288139777 0.5814174785409073
0.6369079186648037 0.5910596846054135 0.05500264235557917 0.21587309261726537 0.46629318787054763 0.5979024128117406 0.5220831503003021 0.1795734901039783 0.5624037588789309 0.47643156836248324 0.6466594356579898 0.21039713225162182 0.4147324424896043 0.49594201751954836 0.4610005358472689 0.6358855774623459
0.6369079186648037 0.5910596846054135 0.05500264235557917 0.21587309261726537 0.46629318787054763 0.5979024128117406 0.5220831503003021 0.1795734901039783 0.5624037588789309 0.47643156836248324 0.6466594356579898 0.21039713225162182 0.4147324424896043 0.49594201751954836 0.4610005358472689 0.6358855774623459
0.5923091290864861 0.6737195214698865 0.06751972293279318 0.271394341806021 0.42522178168691094 0.6582097669002349 0.5130599498093311 0.21056676268827473 0.5413477033352985 0.5169055990088124 0.5789632963935617 0.2558770953644075 0.43887304628422025 0.5056718821789215 0.4741921483178748 0.6019621643260328
0.5796316136336134 0.7071099389575045 0.08014246425383284 0.2700114655969727 0.4198665940206871 0.6848970042284865 0.48720616301430314 0.2713350635383224 0.4934779793792812 0.5208264345238797 0.5665957953139635 0.2810669671040731 0.48106067429414834 0.49382106075032045 0.5202869810534597 0.5830168915028864
0.4826917327003026 0.7946777795187101 0.09887293986607426 0.46407684737584315 0.48085018871447127 0.6907023394336647 0.4667295632355966 0.2910313754240011 0.47454696988399775 0.6851411974888526 0.46325915833522296 0.5203872634162802 0.5703834889957787 0.4159634808735977 0.5302851896706523 0.4955456130315799
0.46845014134515 0.8243726404382121 0.10611670008821988 0.4755148690746032 0.4621652474207972 0.6970472289545284 0.45575455401913706 0.35519809835167915 0.4418493898821996 0.7082437339462629 0.45120856026058653 0.5541343694557772 0.5151730972571924 0.3845360496411423 0.494209890336397 0.4304643842562841
0.4147265914908884 0.8236296411166937 0.1164296869208307 0.6086258116389784 0.5031635395569597 0.586925160300244 0.44785049175996455 0.333382773037102 0.4832077846027109 0.6728005471719563 0.394090560955691 0.629122761062881 0.5938728651845964 0.4441031683084326 0.4990907810821 0.38634849465584
0.3786328590867963 0.7986204222621908 0.11844200085075501 0.6595680370541539 0.5974558416455917 0.5700128609071301 0.4465612822849445 0.3206466471371343 0.37520787531523847 0.6434901189544169 0.4250820027990625 0.6436865415104907 0.5684766315073582 0.40831951576628384 0.4965611016042488 0.44242684155982087
0.32499811001860696 0.7694449694626772 0.13980188189646872 0.7372955170739484 0.627204624437697 0.4579311297670127 0.4330848901561085 0.33080606490593445 0.36009648233231 0.5303590486649082 0.4249022609847961 0.609789548408215 0.558899958923303 0.4627075156356229 0.48430968109082073 0.4652616274869845
0.272326108665632 0.7414108520314077 0.16279138023353035 0.8011959933760915 0.6376124911420813 0.32932923643483614 0.4092844177973075 0.4056364050759847 0.37030005634885504 0.44470653650335085 0.4985470067213721 0.48295699030074957 0.475251172888942 0.4103257598939164 0.4611546132988785 0.5305214081685607
0.21897679041116735 0.6759161375689211 0.18862426690149836 0.790920181991613 0.6435356975956994 0.27962715875119 0.4009819106493232 0.4437692075068573 0.37556271821853615 0.35068820777094745 0.525632568720585 0.34786672095672955 0.4538868463172493 0.4520354506541445 0.49581087177204386 0.4926428420743799
0.20130928611001397 0.6518025356853299 0.19626716838882946 0.7811466976189859 0.6571674263603235 0.28658256394622134 0.40127566186087493 0.4296593849199776 0.3274315871066904 0.3233505713174567 0.5410263585814926 0.3654822606684204 0.38221365637018057 0.4680299947207586 0.48713836956734513 0.5035906315726125
0.1843512904405574 0.6237583527257938 0.20747765585096176 0.7516079102898012 0.6353990818735886 0.29484816275050574 0.4021412159734422 0.43725272847960317 0.3551712362687378 0.34104586859348845 0.5400049876603646 0.33367195947032957 0.4361584288188317 0.44209945165380515 0.5080333118836774 0.5232342401771397
0.13371139758536935 0.5420153602897931 0.23947170408869906 0.6702726135385313 0.5856271842346729 0.32669878573404987 0.40487272294667154 0.4383440983026443 0.3853370144817074 0.3673786683133079 0.533690838799252 0.32435145249326924 0.474444950599728 0.43812078967815216 0.5304750496183358 0.5209203943991598
0.09929662247209076 0.48511766986402255 0.26095705749203335 0.6143847073463311 0.5598403107416233 0.3553578049823326 0.4049363254823623 0.42577088702542043 0.3662009613935519 0.3620112682350092 0.5272631151814794 0.36637103212530403 0.416422082521137 0.4822397747655683 0.5101378051814037 0.4818011561107935
0.06607256108204307 0.42579814458991944 0.28422110420546187 0.5398458912863012 0.5109771215401763 0.3981640528638113 0.4074469983309999 0.42076063924515394 0.38617608489934585 0.4117490950123001 0.5174920372676874 0.40826722676266813 0.4246547166621917 0.46935097724417996 0.5008967619731117 0.4801585612754193
0.06667892240607798 0.42399486530170294 0.2853419470894295 0.5293110280396208 0.4985961949525433 0.4051255010791147 0.4078442970406445 0.4265539985295679 0.40713178196849514 0.43956141128866183 0.5181939333522575 0.3948639362524683 0.47051680735861384 0.42887597252023757 0.5134275732130082 0.5101970015584113
0.03328795013090924 0.3671536432708672 0.3072217399552422 0.4646015960115111 0.460799696759039 0.4432259044309887 0.41017160267326636 0.4166632793769173 0.41162594988030365 0.4730012781329334 0.5070705051665504 0.4461754632485412 0.4546368319826776 0.4354926857941406 0.49394562673366654 0.4925225977011584
0.03328795013090924 0.3671536432708672 0.3072217399552422 0.4646015960115111 0.460799696759039 0.4432259044309887 0.41017160267326636 0.4166632793769173 0.41162594988030365 0.4730012781329334 0.5070705051665504 0.4461754632485412 0.4546368319826776 0.4354926857941406 0.49394562673366654 0.4925225977011584
0.03328795013090924 0.3671536432708672 0.3072217399552422 0.4646015960115111 0.460799696759039 0.4432259044309887 0.41017160267326636 0.4166632793769173 0.41162594988030365 0.4730012781329334 0.5070705051665504 0.4461754632485412 0.4546368319826776 0.4354926857941406 0.49394562673366654 0.4925225977011584
0.015991071322145833 0.340211377090197 0.31757438988060255 0.4408773958901553 0.44891109408169627 0.45205861089119537 0.4117806645761086 0.41416186307158454 0.4140462470162004 0.4719514762231561 0.5017104361151815 0.4541016319454992 0.44697119693373516 0.4580483833473085 0.49251352673103216 0.4698608265722047
0.015991071322145833 0.340211377090197 0.31757438988060255 0.4408773958901553 0.44891109408169627 0.45205861089119537 0.4117806645761086 0.41416186307158454 0.4140462470162004 0.4719514762231561 0.5017104361151815 0.4541016319454992 0.44697119693373516 0.4580483833473085 0.49251352673103216 0.4698608265722047
0.015991071322145833 0.340211377090197 0.31757438988060255 0.4408773958901553 0.44891109408169627 0.45205861089119537 0.4117806645761086 0.41416186307158454 0.4140462470162004 0.4719514762231561 0.5017104361151815 0.4541016319454992 0.44697119693373516 0.4580483833473085 0.49251352673103216 0.4698608265722047
0.015991071322145833 0.340211377090197 0.31757438988060255 0.4408773958901553 0.44891109408169627 0.45205861089119537 0.4117806645761086 0.41416186307158454 0.4140462470162004 0.4719514762231561 0.5017104361151815 0.4541016319454992 0.44697119693373516 0.4580483833473085 0.49251352673103216 0.4698608265722047
0.015991071322145833 0.340211377090197 0.31757438988060255 0.4408773958901553 0.44891109408169627 0.45205861089119537 0.4117806645761086 0.41416186307158454 0.4140462470162004 0.4719514762231561 0.5017104361151815 0.4541016319454992 0.44697119693373516 0.4580483833473085 0.49251352673103216 0.4698608265722047
0.015991071322145833 0.340211377090197 0.31757438988060255 0.4408773958901553 0.44891109408169627 0.45205861089119537 0.4117806645761086 0.41416186307158454 0.4140462470162004 0.4719514762231561 0.5017104361151815 0.4541016319454992 0.44697119693373516 0.4580483833473085 0.49251352673103216 0.4698608265722047
0.03653741453397852 0.41215646768346625 0.5026312260732637 0.36272262666156974 0.5418092639132004 0.3819966474895792 0.6766165460677652 0.4465991522392284 0.4478512499155185 0.48610090487366703 0.47614098856230785 0.516501098919653 0.3191884832079904 0.4031693226802419 0.6556775668871657 0.5832443791277983
0.03780546584482963 0.41957242641199416 0.5223876722832561 0.3467832928488205 0.5569798230112728 0.3556971620167314 0.7567418951714949 0.47228643690750066 0.4242352009376976 0.5559340419250274 0.47105882544793165 0.4453260520409507 0.36129433092677843 0.5179127374073567 0.5979091985233032 0.5481589472846626
0.047756309488728554 0.4513936904152601 0.6160426218935242 0.29456159754399935 0.6464731664033774 0.32930305532759474 0.9527147955823095 0.526778358783186 0.4238793088267119 0.6162205326193254 0.4306495067454357 0.3696752072176649 0.35674397659162527 0.5843232105680539 0.5479750011672861 0.5164085537654818
0.051798584460608976 0.4634247801435796 0.6475737970942146 0.288741984135399 0.63942568938564 0.30607081942617187 0.9671377517751062 0.5093983950818123 0.40050656253949746 0.6293096393568214 0.4577606459467378 0.38990755403873656 0.369920148989245 0.55144638476453 0.5505476534493186 0.5097672515174796
0.04838343769798076 0.45638554994526187 0.6210843922123924 0.2993582873323869 0.6053833904819212 0.2937433750668842 0.9403337509169608 0.49992088563137227 0.3842083937596256 0.651164774096394 0.4730281337156466 0.3795411315844325 0.3865592601379132 0.6014945638369196 0.5450309486343617 0.5010980239146529
0.040363360413125104 0.4347249317279466 0.5540471529547566 0.3289108398928596 0.5213920174232322 0.26406227375013724 0.8517307352197282 0.4669957344067613 0.3088468118276595 0.7206373111785002 0.530618705723848 0.3406912413783533 0.5125503331432295 0.6949883423374497 0.4778582671915559 0.4417172094103702
0.040363360413125104 0.4347249317279466 0.5540471529547566 0.3289108398928596 0.5213920174232322 0.26406227375013724 0.8517307352197282 0.4669957344067613 0.3088468118276595 0.7206373111785002 0.530618705723848 0.3406912413783533 0.5125503331432295 0.6949883423374497 0.4778582671915559 0.4417172094103702
0.03059981515030369 0.39550287692238284 0.4533166112743243 0.38162893007520327 0.49305154287846864 0.3694458103795421 0.6233904452542613 0.43007906744657 0.40539220870945053 0.527563887849862 0.5025445196454602 0.4736040039700618 0.39333549055722417 0.4605392382419559 0.6056848990864528 0.5141068988748491
0.024458220953567866 0.37237551231274535 0.3979569068806806 0.4020146455068224 0.4842963380607467 0.40844037860766297 0.5434566046257316 0.4247106748108869 0.4062422060817101 0.49591004440333275 0.48608734985115715 0.45739374657875975 0.40757322830537224 0.4241237434200126 0.5442867299908523 0.4996294125054791
0.015991071322145833 0.340211377090197 0.31757438988060255 0.4408773958901553 0.44891109408169627 0.45205861089119537 0.4117806645761086 0.41416186307158454 0.4140462470162004 0.4719514762231561 0.5017104361151815 0.4541016319454992 0.44697119693373516 0.4580483833473085 0.49251352673103216 0.4698608265722047
0.015991071322145833 0.340211377090197 0.31757438988060255 0.4408773958901553 0.44891109408169627 0.45205861089119537 0.4117806645761086 0.41416186307158454 0.4140462470162004 0.4719514762231561 0.5017104361151815 0.4541016319454992 0.44697119693373516 0.4580483833473085 0.49251352673103216 0.4698608265722047
0.015991071322145833 0.340211377090197 0.31757438988060255 0.4408773958901553 0.44891109408169627 0.45205861089119537 0.4117806645761086 0.41416186307158454 0.4140462470162004 0.4719514762231561 0.5017104361151815 0.4541016319454992 0.44697119693373516 0.4580483833473085 0.49251352673103216 0.4698608265722047
0.015991071322145833 0.340211377090197 0.31757438988060255 0.4408773958901553 0.44891109408169627 0.45205861089119537 0.4117806645761086 0.41416186307158454 0.4140462470162004 0.4719514762231561 0.5017104361151815 0.4541016319454992 0.44697119693373516 0.4580483833473085 0.49251352673103216 0.4698608265722047
0.015991071322145833 0.340211377090197 0.31757438988060255 0.4408773958901553 0.44891109408169627 0.45205861089119537 0.4117806645761086 0.41416186307158454 0.4140462470162004 0.4719514762231561 0.5017104361151815 0.4541016319454992 0.44697119693373516 0.4580483833473085 0.49251352673103216 0.4698608265722047
0.015991071322145833 0.340211377090197 0.31757438988060255 0.4408773958901553 0.44891109408169627 0.45205861089119537 0.4117806645761086 0.41416186307158454 0.4140462470162004 0.4719514762231561 0.5017104361151815 0.4541016319454992 0.44697119693373516 0.4580483833473085 0.49251352673103216 0.4698608265722047
0.015991071322145833 0.340211377090197 0.31757438988060255 0.4408773958901553 0.44891109408169627 0.45205861089119537 0.4117806645761086 0.41416186307158454 0.4140462470162004 0.4719514762231561 0.5017104361151815 0.4541016319454992 0.44697119693373516 0.4580483833473085 0.49251352673103216 0.4698608265722047
0.015991071322145833 0.340211377090197 0.31757438988060255 0.4408773958901553 0.44891109408169627 0.45205861089119537 0.4117806645761086 0.41416186307158454 0.4140462470162004 0.4719514762231561 0.5017104361151815 0.4541016319454992 0.44697119693373516 0.4580483833473085 0.49251352673103216 0.4698608265722047
0.015991071322145833 0.340211377090197 0.31757438988060255 0.4408773958901553 0.44891109408169627 0.45205861089119537 0.4117806645761086 0.41416186307158454 0.4140462470162004 0.4719514762231561 0.5017104361151815 0.4541016319454992 0.44697119693373516 0.4580483833473085 0.49251352673103216 0.4698608265722047
0.015991071322145833 0.340211377090197 0.31757438988060255 0.4408773958901553 0.44891109408169627 0.45205861089119537 0.4117806645761086 0.41416186307158454 0.4140462470162004 0.4719514762231561 0.5017104361151815 0.4541016319454992 0.44697119693373516 0.4580483833473085 0.49251352673103216 0.4698608265722047
0.015991071322145833 0.340211377090197 0.31757438988060255 0.4408773958901553 0.44891109408169627 0.45205861089119537 0.4117806645761086 0.41416186307158454 0.4140462470162004 0.4719514762231561 0.5017104361151815 0.4541016319454992 0.44697119693373516 0.4580483833473085 0.49251352673103216 0.4698608265722047
0.015991071322145833 0.340211377090197 0.31757438988060255 0.4408773958901553 0.44891109408169627 0.45205861089119537 0.4117806645761086 0.41416186307158454 0.4140462470162004 0.4719514762231561 0.5017104361151815 0.4541016319454992 0.44697119693373516 0.4580483833473085 0.49251352673103216 0.4698608265722047
0.015991071322145833 0.340211377090197 0.31757438988060255 0.4408773958901553 0.44891109408169627 0.45205861089119537 0.4117806645761086 0.41416186307158454 0.4140462470162004 0.4719514762231561 0.5017104361151815 0.4541016319454992 0.44697119693373516 0.4580483833473085 0.49251352673103216 0.4698608265722047
0.015991071322145833 0.340211377090197 0.31757438988060255 0.4408773958901553 0.44891109408169627 0.45205861089119537 0.4117806645761086 0.41416186307158454 0.4140462470162004 0.4719514762231561 0.5017104361151815 0.4541016319454992 0.44697119693373516 0.4580483833473085 0.49251352673103216 0.4698608265722047
0.015991071322145833 0.340211377090197 0.31757438988060255 0.4408773958901553 0.44891109408169627 0.45205861089119537 0.4117806645761086 0.41416186307158454 0.4140462470162004 0.4719514762231561 0.5017104361151815 0.4541016319454992 0.44697119693373516 0.4580483833473085 0.49251352673103216 0.4698608265722047
0.015991071322145833 0.340211377090197 0.31757438988060255 0.4408773958901553 0.44891109408169627 0.45205861089119537 0.4117806645761086 0.41416186307158454 0.4140462470162004 0.4719514762231561 0.5017104361151815 0.4541016319454992 0.44697119693373516 0.4580483833473085 0.49251352673103216 0.4698608265722047
0.015991071322145833 0.340211377090197 0.31757438988060255 0.4408773958901553 0.44891109408169627 0.45205861089119537 0.4117806645761086 0.41416186307158454 0.4140462470162004 0.4719514762231561 0.5017104361151815 0.4541016319454992 0.44697119693373516 0.4580483833473085 0.49251352673103216 0.4698608265722047
0.015991071322145833 0.340211377090197 0.31757438988060255 0.4408773958901553 0.44891109408169627 0.45205861089119537 0.4117806645761086 0.41416186307158454 0.4140462470162004 0.4719514762231561 0.5017104361151815 0.4541016319454992 0.44697119693373516 0.4580483833473085 0.49251352673103216 0.4698608265722047
0.015991071322145833 0.340211377090197 0.31757438988060255 0.4408773958901553 0.44891109408169627 0.45205861089119537 0.4117806645761086 0.41416186307158454 0.4140462470162004 0.4719514762231561 0.5017104361151815 0.4541016319454992 0.44697119693373516 0.4580483833473085 0.49251352673103216 0.4698608265722047
0.015991071322145833 0.340211377090197 0.31757438988060255 0.4408773958901553 0.44891109408169627 0.45205861089119537 0.4117806645761086 0.41416186307158454 0.4140462470162004 0.4719514762231561 0.5017104361151815 0.4541016319454992 0.44697119693373516 0.4580483833473085 0.49251352673103216 0.4698608265722047
0.015991071322145833 0.340211377090197 0.31757438988060255 0.4408773958901553 0.44891109408169627 0.45205861089119537 0.4117806645761086 0.41416186307158454 0.4140462470162004 0.4719514762231561 0.5017104361151815 0.4541016319454992 0.44697119693373516 0.4580483833473085 0.49251352673103216 0.4698608265722047
0.015991071322145833 0.340211377090197 0.31757438988060255 0.4408773958901553 0.44891109408169627 0.45205861089119537 0.4117806645761086 0.41416186307158454 0.4140462470162004 0.4719514762231561 0.5017104361151815 0.4541016319454992 0.44697119693373516 0.4580483833473085 0.49251352673103216 0.4698608265722047
0.015991071322145833 0.340211377090197 0.31757438988060255 0.4408773958901553 0.44891109408169627 0.45205861089119537 0.4117806645761086 0.41416186307158454 0.4140462470162004 0.4719514762231561 0.5017104361151815 0.4541016319454992 0.44697119693373516 0.4580483833473085 0.49251352673103216 0.4698608265722047
0.015991071322145833 0.340211377090197 0.31757438988060255 0.4408773958901553 0.44891109408169627 0.45205861089119537 0.4117806645761086 0.41416186307158454 0.4140462470162004 0.4719514762231561 0.5017104361151815 0.4541016319454992 0.44697119693373516 0.4580483833473085 0.49251352673103216 0.4698608265722047
0.015991071322145833 0.340211377090197 0.31757438988060255 0.4408773958901553 0.44891109408169627 0.45205861089119537 0.4117806645761086 0.41416186307158454 0.4140462470162004 0.4719514762231561 0.5017104361151815 0.4541016319454992 0.44697119693373516 0.4580483833473085 0.49251352673103216 0.4698608265722047
0.015991071322145833 0.340211377090197 0.31757438988060255 0.4408773958901553 0.44891109408169627 0.45205861089119537 0.4117806645761086 0.41416186307158454 0.4140462470162004 0.4719514762231561 0.5017104361151815 0.4541016319454992 0.44697119693373516 0.4580483833473085 0.49251352673103216 0.4698608265722047
0.015991071322145833 0.340211377090197 0.31757438988060255 0.4408773958901553 0.44891109408169627 0.45205861089119537 0.4117806645761086 0.41416186307158454 0.4140462470162004 0.4719514762231561 0.5017104361151815 0.4541016319454992 0.44697119693373516 0.4580483833473085 0.49251352673103216 0.4698608265722047
0.04203503919778778 0.4242027253380158 0.5468432554137825 0.34146007431774283 0.6110852148408771 0.41145435605557606 0.7387974618096396 0.47248172812162115 0.4970519594212883 0.43623621602818313 0.42968645986834975 0.5228203166304459 0.25070530640324007 0.3169972806690361 0.6783742853442158 0.582156940981958
0.04330309050863884 0.43161868406654363 0.566599701623775 0.3255207405049934 0.6262557739389492 0.38515487058272835 0.8189228109133692 0.49816901278989334 0.4734359104434677 0.5060693530795435 0.42460429675397376 0.45164526975174357 0.292811154122028 0.4317406953961511 0.6206059169803528 0.5470715091388224
0.05067507140695088 0.45955880076439337 0.6347800922726357 0.2992460102092164 0.6233926560215615 0.3175955204980878 0.9214663134631143 0.49533955151727527 0.41158236790123737 0.5936668549915329 0.4630622922917405 0.43077614054664004 0.34858491271843106 0.500488074300964 0.5817513446540411 0.5380913646618838
0.05648284680885485 0.4706023948944932 0.6704705290710157 0.3068182966173205 0.603472793951287 0.29585915678956226 0.9195541666932793 0.4744046197793885 0.40774989083621793 0.6137008968023631 0.5190229351303935 0.45460207496603133 0.3629311495698275 0.5251213582150536 0.637833407233192 0.4815785286873418
0.06364194595723577 0.48169355051558094 0.7188364030953098 0.30336313799462405 0.6206924424680145 0.2858084336317722 0.9532087578622664 0.46005617830899315 0.3893829258382433 0.6406193931668103 0.5418705164278322 0.41471813983817607 0.388593403824544 0.5077984412795369 0.5866246621927487 0.40103332142854553
0.06364194595723577 0.48169355051558094 0.7188364030953098 0.30336313799462405 0.6206924424680145 0.2858084336317722 0.9532087578622664 0.46005617830899315 0.3893829258382433 0.6406193931668103 0.5418705164278322 0.41471813983817607 0.388593403824544 0.5077984412795369 0.5866246621927487 0.40103332142854553
0.06364194595723577 0.48169355051558094 0.7188364030953098 0.30336313799462405 0.6206924424680145 0.2858084336317722 0.9532087578622664 0.46005617830899315 0.3893829258382433 0.6406193931668103 0.5418705164278322 0.41471813983817607 0.388593403824544 0.5077984412795369 0.5866246621927487 0.40103332142854553
0.06147066926401307 0.47348111222631384 0.6930665507265449 0.32512875627575016 0.5880869436488022 0.30797634425745896 0.8568237331162278 0.43122763528714736 0.40671883899831357 0.5720971375812847 0.5575702342687412 0.5005340569104917 0.35566600244589874 0.4084269101055492 0.6376567363546484 0.4665809097244898
0.06114206988113208 0.47093147475072894 0.6859549543770131 0.33172580974986143 0.580934949177718 0.31774393168336046 0.8224233514595694 0.4189694113444212 0.41532709087376285 0.5425935809404104 0.5619600591762154 0.5347483423064222 0.3364909978123219 0.35704713717870645 0.6604483468236765 0.48933513236725323
0.04594749018789723 0.43062381843535164 0.5647502526139135 0.36211905073088 0.5353601547181331 0.3539349193355904 0.6980821704190971 0.4176467478897022 0.42738769486298633 0.5108223475527045 0.5391617729914576 0.5239815029213182 0.35237472300149053 0.3661236543413159 0.6870363324046863 0.4498653225064641
0.040449865524087913 0.41857756078080205 0.5205382232733946 0.38338160307470703 0.46608420379045656 0.3244772107695938 0.6359012546772228 0.3917641720073096 0.3781869853572167 0.5606870363981882 0.5856163016854155 0.5176622852105247 0.4208578998062405 0.4522956963525215 0.6643396139476361 0.45095276065230455
0.015991071322145833 0.340211377090197 0.31757438988060255 0.4408773958901553 0.44891109408169627 0.45205861089119537 0.4117806645761086 0.41416186307158454 0.4140462470162004 0.4719514762231561 0.5017104361151815 0.4541016319454992 0.44697119693373516 0.4580483833473085 0.49251352673103216 0.4698608265722047
0.015991071322145833 0.340211377090197 0.31757438988060255 0.4408773958901553 0.44891109408169627 0.45205861089119537 0.4117806645761086 0.41416186307158454 0.4140462470162004 0.4719514762231561 0.5017104361151815 0.4541016319454992 0.44697119693373516 0.4580483833473085 0.49251352673103216 0.4698608265722047
0.015991071322145833 0.340211377090197 0.31757438988060255 0.4408773958901553 0.44891109408169627 0.45205861089119537 0.4117806645761086 0.41416186307158454 0.4140462470162004 0.4719514762231561 0.5017104361151815 0.4541016319454992 0.44697119693373516 0.4580483833473085 0.49251352673103216 0.4698608265722047
0.015991071322145833 0.340211377090197 0.31757438988060255 0.4408773958901553 0.44891109408169627 0.45205861089119537 0.4117806645761086 0.41416186307158454 0.4140462470162004 0.4719514762231561 0.5017104361151815 0.4541016319454992 0.44697119693373516 0.4580483833473085 0.49251352673103216 0.4698608265722047
0.015991071322145833 0.340211377090197 0.31757438988060255 0.4408773958901553 0.44891109408169627 0.45205861089119537 0.4117806645761086 0.41416186307158454 0.4140462470162004 0.4719514762231561 0.5017104361151815 0.4541016319454992 0.44697119693373516 0.4580483833473085 0.49251352673103216 0.4698608265722047
0.015991071322145833 0.340211377090197 0.31757438988060255 0.4408773958901553 0.44891109408169627 0.45205861089119537 0.4117806645761086 0.41416186307158454 0.4140462470162004 0.4719514762231561 0.5017104361151815 0.4541016319454992 0.44697119693373516 0.4580483833473085 0.49251352673103216 0.4698608265722047
0.015991071322145833 0.340211377090197 0.31757438988060255 0.4408773958901553 0.44891109408169627 0.45205861089119537 0.4117806645761086 0.41416186307158454 0.4140462470162004 0.4719514762231561 0.5017104361151815 0.4541016319454992 0.44697119693373516 0.4580483833473085 0.49251352673103216 0.4698608265722047
0.015991071322145833 0.340211377090197 0.31757438988060255 0.4408773958901553 0.44891109408169627 0.45205861089119537 0.4117806645761086 0.41416186307158454 0.4140462470162004 0.4719514762231561 0.5017104361151815 0.4541016319454992 0.44697119693373516 0.4580483833473085 0.49251352673103216 0.4698608265722047
2.842170943040401e-14 0.3106095777566308 0.3289604118090246 0.4008116565498566 0.4193012834822054 0.4773342625735959 0.4096823902617258 0.41287002011882606 0.4303084660050271 0.5063242566942401 0.4957288971962919 0.48004610469898673 0.45623937170650924 0.4302745992648502 0.47502878381140284 0.4772353985124652
2.842170943040401e-14 0.3106095777566308 0.3289604118090246 0.4008116565498566 0.4193012834822054 0.4773342625735959 0.4096823902617258 0.41287002011882606 0.4303084660050271 0.5063242566942401 0.4957288971962919 0.48004610469898673 0.45623937170650924 0.4302745992648502 0.47502878381140284 0.4772353985124652
2.842170943040401e-14 0.3106095777566308 0.3289604118090246 0.4008116565498566 0.4193012834822054 0.4773342625735959 0.4096823902617258 0.41287002011882606 0.4303084660050271 0.5063242566942401 0.4957288971962919 0.48004610469898673 0.45623937170650924 0.4302745992648502 0.47502878381140284 0.4772353985124652
2.842170943040401e-14 0.3106095777566308 0.3289604118090246 0.4008116565498566 0.4193012834822054 0.4773342625735959 0.4096823902617258 0.41287002011882606 0.4303084660050271 0.5063242566942401 0.4957288971962919 0.48004610469898673 0.45623937170650924 0.4302745992648502 0.47502878381140284 0.4772353985124652
2.842170943040401e-14 0.3106095777566308 0.3289604118090246 0.4008116565498566 0.4193012834822054 0.4773342625735959 0.4096823902617258 0.41287002011882606 0.4303084660050271 0.5063242566942401 0.4957288971962919 0.48004610469898673 0.45623937170650924 0.4302745992648502 0.47502878381140284 0.4772353985124652
2.842170943040401e-14 0.3106095777566308 0.3289604118090246 0.4008116565498566 0.4193012834822054 0.4773342625735959 0.4096823902617258 0.41287002011882606 0.4303084660050271 0.5063242566942401 0.4957288971962919 0.48004610469898673 0.45623937170650924 0.4302745992648502 0.47502878381140284 0.4772353985124652
2.842170943040401e-14 0.3106095777566308 0.3289604118090246 0.4008116565498566 0.4193012834822054 0.4773342625735959 0.4096823902617258 0.41287002011882606 0.4303084660050271 0.5063242566942401 0.4957288971962919 0.48004610469898673 0.45623937170650924 0.4302745992648502 0.47502878381140284 0.4772353985124652
2.842170943040401e-14 0.3106095777566308 0.3289604118090246 0.4008116565498566 0.4193012834822054 0.4773342625735959 0.4096823902617258 0.41287002011882606 0.4303084660050271 0.5063242566942401 0.4957288971962919 0.48004610469898673 0.45623937170650924 0.4302745992648502 0.47502878381140284 0.4772353985124652
2.842170943040401e-14 0.3106095777566308 0.3289604118090246 0.4008116565498566 0.4193012834822054 0.4773342625735959 0.4096823902617258 0.41287002011882606 0.4303084660050271 0.5063242566942401 0.4957288971962919 0.48004610469898673 0.45623937170650924 0.4302745992648502 0.47502878381140284 0.4772353985124652
2.842170943040401e-14 0.3106095777566308 0.3289604118090246 0.4008116565498566 0.4193012834822054 0.4773342625735959 0.4096823902617258 0.41287002011882606 0.4303084660050271 0.5063242566942401 0.4957288971962919 0.48004610469898673 0.45623937170650924 0.4302745992648502 0.47502878381140284 0.4772353985124652
2.842170943040401e-14 0.3106095777566308 0.3289604118090246 0.4008116565498566 0.4193012834822054 0.4773342625735959 0.4096823902617258 0.41287002011882606 0.4303084660050271 0.5063242566942401 0.4957288971962919 0.48004610469898673 0.45623937170650924 0.4302745992648502 0.47502878381140284 0.4772353985124652
2.842170943040401e-14 0.3106095777566308 0.3289604118090246 0.4008116565498566 0.4193012834822054 0.4773342625735959 0.4096823902617258 0.41287002011882606 0.4303084660050271 0.5063242566942401 0.4957288971962919 0.48004610469898673 0.45623937170650924 0.4302745992648502 0.47502878381140284 0.4772353985124652
2.842170943040401e-14 0.3106095777566308 0.3289604118090246 0.4008116565498566 0.4193012834822054 0.4773342625735959 0.4096823902617258 0.41287002011882606 0.4303084660050271 0.5063242566942401 0.4957288971962919 0.48004610469898673 0.45623937170650924 0.4302745992648502 0.47502878381140284 0.4772353985124652
2.842170943040401e-14 0.3106095777566308 0.3289604118090246 0.4008116565498566 0.4193012834822054 0.4773342625735959 0.4096823902617258 0.41287002011882606 0.4303084660050271 0.5063242566942401 0.4957288971962919 0.48004610469898673 0.45623937170650924 0.4302745992648502 0.47502878381140284 0.4772353985124652
2.842170943040401e-14 0.3106095777566308 0.3289604118090246 0.4008116565498566 0.4193012834822054 0.4773342625735959 0.4096823902617258 0.41287002011882606 0.4303084660050271 0.5063242566942401 0.4957288971962919 0.48004610469898673 0.45623937170650924 0.4302745992648502 0.47502878381140284 0.4772353985124652
2.842170943040401e-14 0.3106095777566308 0.3289604118090246 0.4008116565498566 0.4193012834822054 0.4773342625735959 0.4096823902617258 0.41287002011882606 0.4303084660050271 0.5063242566942401 0.4957288971962919 0.48004610469898673 0.45623937170650924 0.4302745992648502 0.47502878381140284 0.4772353985124652
2.842170943040401e-14 0.3106095777566308 0.3289604118090246 0.4008116565498566 0.4193012834822054 0.4773342625735959 0.4096823902617258 0.41287002011882606 0.4303084660050271 0.5063242566942401 0.4957288971962919 0.48004610469898673 0.45623937170650924 0.4302745992648502 0.47502878381140284 0.4772353985124652
2.842170943040401e-14 0.3106095777566308 0.3289604118090246 0.4008116565498566 0.4193012834822054 0.4773342625735959 0.4096823902617258 0.41287002011882606 0.4303084660050271 0.5063242566942401 0.4957288971962919 0.48004610469898673 0.45623937170650924 0.4302745992648502 0.47502878381140284 0.4772353985124652
2.842170943040401e-14 0.3106095777566308 0.3289604118090246 0.4008116565498566 0.4193012834822054 0.4773342625735959 0.4096823902617258 0.41287002011882606 0.4303084660050271 0.5063242566942401 0.4957288971962919 0.48004610469898673 0.45623937170650924 0.4302745992648502 0.47502878381140284 0.4772353985124652
2.842170943040401e-14 0.3106095777566308 0.3289604118090246 0.4008116565498566 0.4193012834822054 0.4773342625735959 0.4096823902617258 0.41287002011882606 0.4303084660050271 0.5063242566942401 0.4957288971962919 0.48004610469898673 0.45623937170650924 0.4302745992648502 0.47502878381140284 0.4772353985124652
2.842170943040401e-14 0.3106095777566308 0.3289604118090246 0.4008116565498566 0.4193012834822054 0.4773342625735959 0.4096823902617258 0.41287002011882606 0.4303084660050271 0.5063242566942401 0.4957288971962919 0.48004610469898673 0.45623937170650924 0.4302745992648502 0.47502878381140284 0.4772353985124652
2.842170943040401e-14 0.3106095777566308 0.3289604118090246 0.4008116565498566 0.4193012834822054 0.4773342625735959 0.4096823902617258 0.41287002011882606 0.4303084660050271 0.5063242566942401 0.4957288971962919 0.48004610469898673 0.45623937170650924 0.4302745992648502 0.47502878381140284 0.4772353985124652
2.842170943040401e-14 0.3106095777566308 0.3289604118090246 0.4008116565498566 0.4193012834822054 0.4773342625735959 0.4096823902617258 0.41287002011882606 0.4303084660050271 0.5063242566942401 0.4957288971962919 0.48004610469898673 0.45623937170650924 0.4302745992648502 0.47502878381140284 0.4772353985124652
2.842170943040401e-14 0.3106095777566308 0.3289604118090246 0.4008116565498566 0.4193012834822054 0.4773342625735959 0.4096823902617258 0.41287002011882606 0.4303084660050271 0.5063242566942401 0.4957288971962919 0.48004610469898673 0.45623937170650924 0.4302745992648502 0.47502878381140284 0.4772353985124652
2.842170943040401e-14 0.3106095777566308 0.3289604118090246 0.4008116565498566 0.4193012834822054 0.4773342625735959 0.4096823902617258 0.41287002011882606 0.4303084660050271 0.5063242566942401 0.4957288971962919 0.48004610469898673 0.45623937170650924 0.4302745992648502 0.47502878381140284 0.4772353985124652
2.842170943040401e-14 0.3106095777566308 0.3289604118090246 0.4008116565498566 0.4193012834822054 0.4773342625735959 0.4096823902617258 0.41287002011882606 0.4303084660050271 0.5063242566942401 0.4957288971962919 0.48004610469898673 0.45623937170650924 0.4302745992648502 0.47502878381140284 0.4772353985124652
2.842170943040401e-14 0.3106095777566308 0.3289604118090246 0.4008116565498566 0.4193012834822054 0.4773342625735959 0.4096823902617258 0.41287002011882606 0.4303084660050271 0.5063242566942401 0.4957288971962919 0.48004610469898673 0.45623937170650924 0.4302745992648502 0.47502878381140284 0.4772353985124652
2.842170943040401e-14 0.3106095777566308 0.3289604118090246 0.4008116565498566 0.4193012834822054 0.4773342625735959 0.4096823902617258 0.41287002011882606 0.4303084660050271 0.5063242566942401 0.4957288971962919 0.48004610469898673 0.45623937170650924 0.4302745992648502 0.47502878381140284 0.4772353985124652
2.842170943040401e-14 0.3106095777566308 0.3289604118090246 0.4008116565498566 0.4193012834822054 0.4773342625735959 0.4096823902617258 0.41287002011882606 0.4303084660050271 0.5063242566942401 0.4957288971962919 0.48004610469898673 0.45623937170650924 0.4302745992648502 0.47502878381140284 0.4772353985124652
2.842170943040401e-14 0.3106095777566308 0.3289604118090246 0.4008116565498566 0.4193012834822054 0.4773342625735959 0.4096823902617258 0.41287002011882606 0.4303084660050271 0.5063242566942401 0.4957288971962919 0.48004610469898673 0.45623937170650924 0.4302745992648502 0.47502878381140284 0.4772353985124652
2.842170943040401e-14 0.3106095777566308 0.3289604118090246 0.4008116565498566 0.4193012834822054 0.4773342625735959 0.4096823902617258 0.41287002011882606 0.4303084660050271 0.5063242566942401 0.4957288971962919 0.48004610469898673 0.45623937170650924 0.4302745992648502 0.47502878381140284 0.4772353985124652
2.842170943040401e-14 0.3106095777566308 0.3289604118090246 0.4008116565498566 0.4193012834822054 0.4773342625735959 0.4096823902617258 0.41287002011882606 0.4303084660050271 0.5063242566942401 0.4957288971962919 0.48004610469898673 0.45623937170650924 0.4302745992648502 0.47502878381140284 0.4772353985124652
2.842170943040401e-14 0.3106095777566308 0.3289604118090246 0.4008116565498566 0.4193012834822054 0.4773342625735959 0.4096823902617258 0.41287002011882606 0.4303084660050271 0.5063242566942401 0.4957288971962919 0.48004610469898673 0.45623937170650924 0.4302745992648502 0.47502878381140284 0.4772353985124652
2.842170943040401e-14 0.3106095777566308 0.3289604118090246 0.4008116565498566 0.4193012834822054 0.4773342625735959 0.4096823902617258 0.41287002011882606 0.4303084660050271 0.5063242566942401 0.4957288971962919 0.48004610469898673 0.45623937170650924 0.4302745992648502 0.47502878381140284 0.4772353985124652
2.842170943040401e-14 0.3106095777566308 0.3289604118090246 0.4008116565498566 0.4193012834822054 0.4773342625735959 0.4096823902617258 0.41287002011882606 0.4303084660050271 0.5063242566942401 0.4957288971962919 0.48004610469898673 0.45623937170650924 0.4302745992648502 0.47502878381140284 0.4772353985124652
2.842170943040401e-14 0.3106095777566308 0.3289604118090246 0.4008116565498566 0.4193012834822054 0.4773342625735959 0.4096823902617258 0.41287002011882606 0.4303084660050271 0.5063242566942401 0.4957288971962919 0.48004610469898673 0.45623937170650924 0.4302745992648502 0.47502878381140284 0.4772353985124652
2.842170943040401e-14 0.3106095777566308 0.3289604118090246 0.4008116565498566 0.4193012834822054 0.4773342625735959 0.4096823902617258 0.41287002011882606 0.4303084660050271 0.5063242566942401 0.4957288971962919 0.48004610469898673 0.45623937170650924 0.4302745992648502 0.47502878381140284 0.4772353985124652
2.842170943040401e-14 0.3106095777566308 0.3289604118090246 0.4008116565498566 0.4193012834822054 0.4773342625735959 0.4096823902617258 0.41287002011882606 0.4303084660050271 0.5063242566942401 0.4957288971962919 0.48004610469898673 0.45623937170650924 0.4302745992648502 0.47502878381140284 0.4772353985124652
2.842170943040401e-14 0.3106095777566308 0.3289604118090246 0.4008116565498566 0.4193012834822054 0.4773342625735959 0.4096823902617258 0.41287002011882606 0.4303084660050271 0.5063242566942401 0.4957288971962919 0.48004610469898673 0.45623937170650924 0.4302745992648502 0.47502878381140284 0.4772353985124652
2.842170943040401e-14 0.3106095777566308 0.3289604118090246 0.4008116565498566 0.4193012834822054 0.4773342625735959 0.4096823902617258 0.41287002011882606 0.4303084660050271 0.5063242566942401 0.4957288971962919 0.48004610469898673 0.45623937170650924 0.4302745992648502 0.47502878381140284 0.4772353985124652
2.842170943040401e-14 0.3106095777566308 0.3289604118090246 0.4008116565498566 0.4193012834822054 0.4773342625735959 0.4096823902617258 0.41287002011882606 0.4303084660050271 0.5063242566942401 0.4957288971962919 0.48004610469898673 0.45623937170650924 0.4302745992648502 0.47502878381140284 0.4772353985124652
2.842170943040401e-14 0.3106095777566308 0.3289604118090246 0.4008116565498566 0.4193012834822054 0.4773342625735959 0.4096823902617258 0.41287002011882606 0.4303084660050271 0.5063242566942401 0.4957288971962919 0.48004610469898673 0.45623937170650924 0.4302745992648502 0.47502878381140284 0.4772353985124652
2.842170943040401e-14 0.3106095777566308 0.3289604118090246 0.4008116565498566 0.4193012834822054 0.4773342625735959 0.4096823902617258 0.41287002011882606 0.4303084660050271 0.5063242566942401 0.4957288971962919 0.48004610469898673 0.45623937170650924 0.4302745992648502 0.47502878381140284 0.4772353985124652
]