08-08-20_Ishan_4k.alligator_in_box.0000000002 [ 2417.392273 3981.390762 1585.149536 1141.573944 4922.497559 -53.50708 1511.973877 4765.313721 -910.335693 0.0 0.0 0.0 479.777298 4974.891357 -1048.058472 0.0 0.0 0.0 718.985443 4727.261047 -1386.80481 0.0 0.0 0.0 -2026.436768 3581.7202 3031.644897 -2275.400543 5828.770752 3500.492554 -2339.446564 5809.759827 2483.458862 0.0 0.0 0.0 -2381.58371 5732.049866 1443.112183 0.0 0.0 0.0 -2553.319855 7158.532715 3299.732056 0.0 0.0 0.0
2472.950668 3961.541061 1610.726318 1243.321304 5053.34671 42.838135 1325.383682 4782.082062 -856.875 -185.867462 16.248322 53.692017 1664.209061 4903.752441 138.532715 1185.154495 -71.658936 1186.82251 475.794449 4856.147003 -1109.02832 -242.468262 128.365936 278.007812 -2020.850754 3592.123413 2992.178955 -2342.390213 5816.436462 3484.996338 -2929.380875 6124.451904 2715.489502 -589.211578 314.172058 232.261963 -3329.609756 6500.518799 1831.795654 -947.303314 767.948914 388.914795 -3229.627762 6776.073303 3150.076904 -675.585175 -382.979431 -149.423828
2473.521824 3961.301498 1611.71936 1243.6619 5054.309235 44.916382 1322.631016 4782.758789 -854.967651 -3.387604 1.230011 1.838379 1657.148685 4906.683655 141.595459 -7.695312 3.484497 2.993774 470.620594 4859.075012 -1103.442993 -5.808792 3.481293 5.516357 -2020.190639 3592.009544 2992.611694 -2341.496029 5816.253357 3485.678101 -2928.661709 6124.703979 2716.506958 0.084229 0.805359 0.948486 -3329.241848 6501.273804 1833.209839 -0.267029 1.308289 1.345215 -3228.912258 6776.469116 3152.58606 0.080566 0.949097 2.440186
2473.651733 3961.220093 1612.10144 1243.825684 5054.572601 45.533447 1322.099609 4782.973938 -854.390869 -0.592651 0.349731 0.526733 1655.689392 4907.357941 142.418823 -1.520538 0.808868 0.773315 469.5504 4859.840088 -1102.041626 -1.131439 0.899658 1.351318 -2020.142517 3592.020721 2992.511597 -2341.362152 5816.277161 3485.508423 -2928.43689 6124.796143 2716.303101 0.163574 0.226746 -0.253906 -3328.94165 6501.421814 1833.00354 0.238953 0.282593 -0.256348 -3228.648071 6776.605225 3152.453003 0.202942 0.270691 -0.183105
2473.651733 3961.220093 1612.10144 1243.825684 5054.572601 45.533447 1322.099609 4782.973938 -854.390869 0.0 0.0 0.0 1655.689392 4907.357941 142.418823 0.0 0.0 0.0 469.5504 4859.840088 -1102.041626 0.0 0.0 0.0 -2020.142517 3592.020721 2992.511597 -2341.362152 5816.277161 3485.508423 -2928.43689 6124.796143 2716.303101 0.0 0.0 0.0 -3328.94165 6501.421814 1833.00354 0.0 0.0 0.0 -3228.648071 6776.605225 3152.453003 0.0 0.0 0.0
2473.651733 3961.220093 1612.10144 1243.825684 5054.572601 45.533447 1322.099609 4782.973938 -854.390869 0.0 0.0 0.0 1655.689392 4907.357941 142.418823 0.0 0.0 0.0 469.5504 4859.840088 -1102.041626 0.0 0.0 0.0 -2020.142517 3592.020721 2992.511597 -2341.362152 5816.277161 3485.508423 -2928.43689 6124.796143 2716.303101 0.0 0.0 0.0 -3328.94165 6501.421814 1833.00354 0.0 0.0 0.0 -3228.648071 6776.605225 3152.453003 0.0 0.0 0.0
2473.651733 3961.220093 1612.10144 1243.825684 5054.572601 45.533447 1322.099609 4782.973938 -854.390869 0.0 0.0 0.0 1655.689392 4907.357941 142.418823 0.0 0.0 0.0 469.5504 4859.840088 -1102.041626 0.0 0.0 0.0 -2020.142517 3592.020721 2992.511597 -2341.362152 5816.277161 3485.508423 -2928.43689 6124.796143 2716.303101 0.0 0.0 0.0 -3328.94165 6501.421814 1833.00354 0.0 0.0 0.0 -3228.648071 6776.605225 3152.453003 0.0 0.0 0.0
2473.651733 3961.220093 1612.10144 1243.825684 5054.572601 45.533447 1322.099609 4782.973938 -854.390869 0.0 0.0 0.0 1655.689392 4907.357941 142.418823 0.0 0.0 0.0 469.5504 4859.840088 -1102.041626 0.0 0.0 0.0 -2020.142517 3592.020721 2992.511597 -2341.362152 5816.277161 3485.508423 -2928.43689 6124.796143 2716.303101 0.0 0.0 0.0 -3328.94165 6501.421814 1833.00354 0.0 0.0 0.0 -3228.648071 6776.605225 3152.453003 0.0 0.0 0.0
2473.651733 3961.220093 1612.10144 1243.825684 5054.572601 45.533447 1322.099609 4782.973938 -854.390869 0.0 0.0 0.0 1655.689392 4907.357941 142.418823 0.0 0.0 0.0 469.5504 4859.840088 -1102.041626 0.0 0.0 0.0 -2020.142517 3592.020721 2992.511597 -2341.362152 5816.277161 3485.508423 -2928.43689 6124.796143 2716.303101 0.0 0.0 0.0 -3328.94165 6501.421814 1833.00354 0.0 0.0 0.0 -3228.648071 6776.605225 3152.453003 0.0 0.0 0.0
2473.651733 3961.220093 1612.10144 1243.825684 5054.572601 45.533447 1322.099609 4782.973938 -854.390869 0.0 0.0 0.0 1655.689392 4907.357941 142.418823 0.0 0.0 0.0 469.5504 4859.840088 -1102.041626 0.0 0.0 0.0 -2020.142517 3592.020721 2992.511597 -2341.362152 5816.277161 3485.508423 -2928.43689 6124.796143 2716.303101 0.0 0.0 0.0 -3328.94165 6501.421814 1833.00354 0.0 0.0 0.0 -3228.648071 6776.605225 3152.453003 0.0 0.0 0.0
2473.651733 3961.220093 1612.10144 1243.825684 5054.572601 45.533447 1322.099609 4782.973938 -854.390869 0.0 0.0 0.0 1655.689392 4907.357941 142.418823 0.0 0.0 0.0 469.5504 4859.840088 -1102.041626 0.0 0.0 0.0 -2020.142517 3592.020721 2992.511597 -2341.362152 5816.277161 3485.508423 -2928.43689 6124.796143 2716.303101 0.0 0.0 0.0 -3328.94165 6501.421814 1833.00354 0.0 0.0 0.0 -3228.648071 6776.605225 3152.453003 0.0 0.0 0.0
2473.651733 3961.220093 1612.10144 1243.825684 5054.572601 45.533447 1322.099609 4782.973938 -854.390869 0.0 0.0 0.0 1655.689392 4907.357941 142.418823 0.0 0.0 0.0 469.5504 4859.840088 -1102.041626 0.0 0.0 0.0 -2020.142517 3592.020721 2992.511597 -2341.362152 5816.277161 3485.508423 -2928.43689 6124.796143 2716.303101 0.0 0.0 0.0 -3328.94165 6501.421814 1833.00354 0.0 0.0 0.0 -3228.648071 6776.605225 3152.453003 0.0 0.0 0.0
2473.651733 3961.220093 1612.10144 1243.825684 5054.572601 45.533447 1322.099609 4782.973938 -854.390869 0.0 0.0 0.0 1655.689392 4907.357941 142.418823 0.0 0.0 0.0 469.5504 4859.840088 -1102.041626 0.0 0.0 0.0 -2020.142517 3592.020721 2992.511597 -2341.362152 5816.277161 3485.508423 -2928.43689 6124.796143 2716.303101 0.0 0.0 0.0 -3328.94165 6501.421814 1833.00354 0.0 0.0 0.0 -3228.648071 6776.605225 3152.453003 0.0 0.0 0.0
2473.651733 3961.220093 1612.10144 1243.825684 5054.572601 45.533447 1322.099609 4782.973938 -854.390869 0.0 0.0 0.0 1655.689392 4907.357941 142.418823 0.0 0.0 0.0 469.5504 4859.840088 -1102.041626 0.0 0.0 0.0 -2020.142517 3592.020721 2992.511597 -2341.362152 5816.277161 3485.508423 -2928.43689 6124.796143 2716.303101 0.0 0.0 0.0 -3328.94165 6501.421814 1833.00354 0.0 0.0 0.0 -3228.648071 6776.605225 3152.453003 0.0 0.0 0.0
2473.651733 3961.220093 1612.10144 1243.825684 5054.572601 45.533447 1322.099609 4782.973938 -854.390869 0.0 0.0 0.0 1655.689392 4907.357941 142.418823 0.0 0.0 0.0 469.5504 4859.840088 -1102.041626 0.0 0.0 0.0 -2020.142517 3592.020721 2992.511597 -2341.362152 5816.277161 3485.508423 -2928.43689 6124.796143 2716.303101 0.0 0.0 0.0 -3328.94165 6501.421814 1833.00354 0.0 0.0 0.0 -3228.648071 6776.605225 3152.453003 0.0 0.0 0.0
2473.651733 3961.220093 1612.10144 1243.825684 5054.572601 45.533447 1322.099609 4782.973938 -854.390869 0.0 0.0 0.0 1655.689392 4907.357941 142.418823 0.0 0.0 0.0 469.5504 4859.840088 -1102.041626 0.0 0.0 0.0 -2020.142517 3592.020721 2992.511597 -2341.362152 5816.277161 3485.508423 -2928.43689 6124.796143 2716.303101 0.0 0.0 0.0 -3328.94165 6501.421814 1833.00354 0.0 0.0 0.0 -3228.648071 6776.605225 3152.453003 0.0 0.0 0.0
2473.651733 3961.220093 1612.10144 1243.825684 5054.572601 45.533447 1322.099609 4782.973938 -854.390869 0.0 0.0 0.0 1655.689392 4907.357941 142.418823 0.0 0.0 0.0 469.5504 4859.840088 -1102.041626 0.0 0.0 0.0 -2020.142517 3592.020721 2992.511597 -2341.362152 5816.277161 3485.508423 -2928.43689 6124.796143 2716.303101 0.0 0.0 0.0 -3328.94165 6501.421814 1833.00354 0.0 0.0 0.0 -3228.648071 6776.605225 3152.453003 0.0 0.0 0.0
2473.651733 3961.220093 1612.10144 1243.825684 5054.572601 45.533447 1322.099609 4782.973938 -854.390869 0.0 0.0 0.0 1655.689392 4907.357941 142.418823 0.0 0.0 0.0 469.5504 4859.840088 -1102.041626 0.0 0.0 0.0 -2020.142517 3592.020721 2992.511597 -2341.362152 5816.277161 3485.508423 -2928.43689 6124.796143 2716.303101 0.0 0.0 0.0 -3328.94165 6501.421814 1833.00354 0.0 0.0 0.0 -3228.648071 6776.605225 3152.453003 0.0 0.0 0.0
2473.651733 3961.220093 1612.10144 1243.825684 5054.572601 45.533447 1322.099609 4782.973938 -854.390869 0.0 0.0 0.0 1655.689392 4907.357941 142.418823 0.0 0.0 0.0 469.5504 4859.840088 -1102.041626 0.0 0.0 0.0 -2020.142517 3592.020721 2992.511597 -2341.362152 5816.277161 3485.508423 -2928.43689 6124.796143 2716.303101 0.0 0.0 0.0 -3328.94165 6501.421814 1833.00354 0.0 0.0 0.0 -3228.648071 6776.605225 3152.453003 0.0 0.0 0.0
2473.651733 3961.220093 1612.10144 1243.825684 5054.572601 45.533447 1322.099609 4782.973938 -854.390869 0.0 0.0 0.0 1655.689392 4907.357941 142.418823 0.0 0.0 0.0 469.5504 4859.840088 -1102.041626 0.0 0.0 0.0 -2020.142517 3592.020721 2992.511597 -2341.362152 5816.277161 3485.508423 -2928.43689 6124.796143 2716.303101 0.0 0.0 0.0 -3328.94165 6501.421814 1833.00354 0.0 0.0 0.0 -3228.648071 6776.605225 3152.453003 0.0 0.0 0.0
2473.651733 3961.220093 1612.10144 1243.825684 5054.572601 45.533447 1322.099609 4782.973938 -854.390869 0.0 0.0 0.0 1655.689392 4907.357941 142.418823 0.0 0.0 0.0 469.5504 4859.840088 -1102.041626 0.0 0.0 0.0 -2020.142517 3592.020721 2992.511597 -2341.362152 5816.277161 3485.508423 -2928.43689 6124.796143 2716.303101 0.0 0.0 0.0 -3328.94165 6501.421814 1833.00354 0.0 0.0 0.0 -3228.648071 6776.605225 3152.453003 0.0 0.0 0.0
2473.651733 3961.220093 1612.10144 1243.825684 5054.572601 45.533447 1322.099609 4782.973938 -854.390869 0.0 0.0 0.0 1655.689392 4907.357941 142.418823 0.0 0.0 0.0 469.5504 4859.840088 -1102.041626 0.0 0.0 0.0 -2020.142517 3592.020721 2992.511597 -2341.362152 5816.277161 3485.508423 -2928.43689 6124.796143 2716.303101 0.0 0.0 0.0 -3328.94165 6501.421814 1833.00354 0.0 0.0 0.0 -3228.648071 6776.605225 3152.453003 0.0 0.0 0.0
2473.651733 3961.220093 1612.10144 1243.825684 5054.572601 45.533447 1322.099609 4782.973938 -854.390869 0.0 0.0 0.0 1655.689392 4907.357941 142.418823 0.0 0.0 0.0 469.5504 4859.840088 -1102.041626 0.0 0.0 0.0 -2020.142517 3592.020721 2992.511597 -2341.362152 5816.277161 3485.508423 -2928.43689 6124.796143 2716.303101 0.0 0.0 0.0 -3328.94165 6501.421814 1833.00354 0.0 0.0 0.0 -3228.648071 6776.605225 3152.453003 0.0 0.0 0.0
2388.410568 3956.166916 1542.111206 1329.400406 4989.429016 -108.356934 1317.398911 4758.936615 -999.194946 39.411621 -65.978241 -88.934937 832.109375 4792.936554 -88.309937 -779.467697 -156.362305 -174.859619 470.945129 4887.060089 -1000.350342 45.50705 -14.720917 157.560425 -2122.621384 3528.203316 2725.859985 -2706.732559 5656.365356 3135.855103 -2999.284134 5695.133057 2189.968872 -26.734924 -471.604004 -470.465088 -3475.403214 5647.485657 1294.800415 -102.349243 -895.877075 -482.333984 -3742.274246 6536.25 3314.668579 -469.513855 -282.296143 218.084717
2379.690914 3965.310135 1524.383545 1311.275234 4988.697052 -126.828003 1293.390102 4761.139526 -1018.529053 -23.804779 -4.856415 -15.321045 790.959682 4782.533875 -116.339111 -40.945663 -17.462006 -24.016113 442.335033 4889.90921 -1008.439941 -28.406067 -4.210205 -4.076538 -2142.386723 3513.672638 2735.476074 -2758.591251 5629.752045 3163.33252 -3089.462833 5651.039276 2229.367676 -89.97467 -51.153107 43.411865 -3612.449284 5581.970215 1361.928711 -136.842041 -72.574768 71.141357 -3816.131229 6369.60144 3518.184814 -73.652954 -173.707886 207.529297
2450.827637 3931.577072 1568.585205 1496.188049 4899.972076 -56.621704 1466.155701 4813.418884 -931.607666 93.729401 12.744751 103.756104 667.924805 5379.64386 -801.867065 -202.071075 557.575378 -668.693237 535.772171 4801.174469 -1000.866699 14.40094 -128.269348 24.407959 -2029.664459 3363.032084 2880.360107 -2689.442902 5345.137787 3371.048584 -3418.172302 5167.706299 2792.443848 -407.745667 -522.867584 579.910889 -3353.731384 5259.314728 1828.551025 179.681702 -362.190094 483.457031 -2574.841156 4859.359741 3119.306641 1162.253876 -1549.776306 -382.043457
2390.817871 4085.050201 1531.842041 1483.418274 4793.26767 -314.309692 1200.757751 4695.856781 -1166.634521 -313.426819 -195.519867 -182.886963 464.03717 4924.655304 -1824.060059 -251.916504 -532.94632 -970.053101 479.61998 4768.124847 -1233.560791 -104.181061 -111.007385 -180.554199 -2085.748749 3475.540428 3116.413574 -3005.864868 5247.457581 4047.814941 -3377.400818 4881.254578 3227.030029 -7.257385 -364.409485 486.726074 -3493.500977 4607.721252 2276.11084 -187.798462 -729.551239 499.699707 -3238.800049 4510.717392 3482.407227 -711.987762 -426.600113 415.240479
2273.602486 4154.55719 1472.782593 1549.024849 4783.500977 -487.971802 1256.961861 4464.357224 -1284.333496 40.35141 -273.489304 -86.350708 264.10183 4560.950546 -1482.174072 -215.78804 -405.694504 373.234253 453.369751 4573.249054 -1221.893311 -42.102928 -236.86554 43.015747 -1793.671227 3789.648323 2742.234497 -3162.071495 4982.155762 4003.960571 -3312.357445 4267.795258 3356.417847 49.190674 -655.449066 160.736084 -3553.438988 4535.637817 2424.011841 -75.79071 -114.073181 179.249268 -3188.218346 3754.584389 3797.581177 34.729004 -798.122749 346.522217
2160.200024 4133.88916 1404.052734 1477.525616 4709.878998 -563.868408 1138.384533 4336.461182 -1305.878906 -110.2034 -161.32164 33.782349 150.613499 4159.461594 -1387.649536 -105.114403 -434.914551 149.852295 391.78297 4235.53627 -1149.033813 -53.212852 -371.138382 128.187256 -1671.125355 3697.276077 2641.501465 -3320.27483 4190.047226 3993.166504 -2876.869678 3668.857212 3311.218262 443.861694 -632.363644 10.128174 -3354.242725 4307.083282 2724.547119 207.57019 -261.980133 355.863037 -2660.468464 3089.198055 4118.547363 536.12381 -698.811932 376.293945
2117.78471 4052.985153 1418.766479 1385.990276 4799.645691 -443.117676 1036.633663 4265.460663 -1058.358154 -87.738266 -53.809357 288.782349 274.097843 3771.85482 -1463.983154 137.496948 -370.415611 -35.072021 506.161938 3917.780952 -907.271118 128.391571 -300.564156 283.024292 -1671.521931 3539.483681 2592.852173 -3304.75771 3986.695824 3937.601929 -2917.173786 3362.423269 3328.335571 -26.291504 -289.242781 58.378906 -2917.654133 2889.051399 2472.72644 450.601196 -1400.840721 -210.559082 -2925.520039 2752.764549 4423.80188 -251.038971 -319.242344 346.516113
2046.115456 4068.328476 1188.610229 1265.579872 4681.726227 -695.637207 952.130165 4074.653168 -1256.921997 -103.039017 -209.656067 -133.726196 238.436737 3493.935537 -1628.259277 -54.196625 -296.767855 -99.438477 588.379936 3744.472694 -1273.206787 63.68248 -192.15683 -301.098022 -1502.191887 3458.382854 2961.692505 -3004.144859 3634.592342 4499.396362 -2540.009575 2941.78627 4040.055542 358.628693 -439.48557 776.557617 -2485.701866 2265.628662 3339.321899 413.416748 -642.271309 931.433105 -2420.211906 2464.493027 4681.400757 486.772614 -307.120094 322.436523
1873.288822 4067.487106 774.536133 1062.266636 4646.774979 -1105.749512 836.118031 3808.322983 -1268.431396 -115.00679 -287.721176 68.704834 232.753811 3022.011528 -1293.207397 -4.677582 -493.315001 415.266113 582.613239 3601.168232 -1442.884521 -4.761353 -164.695454 -89.463501 -1451.984615 3238.427792 3471.030273 -2558.523769 3185.941772 5319.544678 -2445.365353 2334.424667 4910.771484 95.649567 -628.752594 950.930176 -2273.387661 1490.62973 4454.573975 213.31955 -796.389923 1195.466309 -1758.121243 2189.131546 5832.01416 663.096008 -296.752472 1230.827637
1814.419708 4081.045609 702.098389 963.569794 4604.135284 -1178.070068 800.538788 3742.499084 -1288.833008 -30.955124 -85.982895 2.242432 350.127335 2859.439659 -1322.102661 121.997643 -182.730865 -6.251221 533.093719 3521.058292 -1456.333618 -44.895401 -100.268936 9.194946 -1373.432999 3085.307732 3692.901611 -2398.204498 2768.180008 5563.023682 -2185.330048 1913.693695 5202.08374 264.659424 -440.889969 313.956299 -2105.442657 1047.793274 4761.273193 172.569122 -462.995453 329.343262 -1509.298248 1809.112854 5656.352539 253.447113 -400.177689 -153.017578
1652.203712 4117.988815 600.164795 482.585793 4226.326294 -1175.009155 464.376335 3390.411625 -1461.190796 -275.175858 -380.720272 -165.947266 821.084938 3442.121917 -537.337646 531.944199 554.049445 791.175537 -3.567047 3603.860369 -621.706543 -475.674171 54.169264 841.037598 -2420.894432 2846.699562 3009.561157 -3389.525566 4765.762939 3168.851929 -3210.213127 4865.572968 4097.993774 -963.896484 2923.24646 -1097.679443 -3168.361015 5275.963287 4981.150513 -1001.931763 4199.537201 226.287842 -2434.463921 3926.603546 3116.428833 -864.179077 2088.85788 -2533.513184
1541.741619 4197.348404 589.273682 279.689198 3996.570969 -1108.910522 154.000721 3754.483814 -1948.051147 -321.221962 339.225388 -453.289795 -597.318592 3828.799286 -1307.455444 -1429.249878 361.830567 -736.547241 -578.569355 3933.374252 -647.579346 -585.848656 304.667082 7.697754 -2434.266682 2949.093781 2528.7677 -3081.249104 4889.944 1860.55481 -2867.021198 5160.549164 2745.701294 332.345581 270.129395 -1318.721924 -3294.487324 4951.906738 3594.777222 -136.972656 -348.903351 -1352.802734 -2570.372181 4069.355545 2794.404907 -146.754608 117.905197 -288.453369
1494.662991 4194.812241 468.922119 199.945469 3856.535263 -1182.219849 6.827049 3679.029579 -2024.699707 -145.324993 -105.500927 -45.916138 -665.538158 3791.001549 -1306.5271 -66.370888 -67.844429 31.660767 -663.183384 3807.280235 -687.780762 -82.76535 -156.140709 -9.468994 -2501.58884 2888.89843 2438.466187 -3038.561039 4660.393753 1340.493774 -2995.088444 5033.127289 2213.306274 -126.218567 -157.468567 -501.662598 -3248.604374 5007.187195 3152.594604 47.731628 25.233765 -411.450195 -2643.251896 4161.469879 2543.074341 -71.031036 62.067642 -220.598145
1511.414356 4232.847214 515.961914 185.549831 3864.370575 -1096.210938 199.033337 3377.175827 -1828.919678 186.511135 -320.148735 223.870239 51.40522 4352.232056 -1777.907715 711.248226 542.935524 -443.290405 -854.060764 3596.282721 -1031.222534 -196.572533 -229.292498 -315.351562 -2514.448071 2894.416428 2306.59668 -3012.666607 4549.024353 1033.289795 -3045.444622 4910.419006 1908.563232 -56.051331 -141.003265 -276.652832 -3219.647808 5052.676544 2852.780762 23.261414 27.194366 -271.723633 -2715.418682 4208.385773 2290.583496 -77.861938 28.620911 -224.400635
1399.198837 4217.823868 414.038696 161.018333 3718.306904 -1248.079224 208.092651 3325.179081 -2039.709473 18.160362 -59.646587 -199.111938 0.755844 3723.501835 -1153.782959 -41.548328 -636.380062 635.802612 -232.537304 3158.824425 -550.614624 630.624508 -445.108137 492.285767 -2603.180008 2942.403259 2076.630249 -3121.362381 4510.908432 686.549072 -3171.331863 4968.615265 1520.979614 -116.786194 50.546417 -375.905762 -3270.975418 5018.104553 2490.90271 -42.226562 -42.221832 -350.200195 -2775.166397 4233.017044 1940.894165 -50.646667 16.98143 -338.011475
1720.726128 3684.432182 1002.789307 -332.351637 3255.132855 669.677734 -105.463486 2494.961777 284.84375 -108.446159 -564.693928 2164.294434 -97.174683 2490.160065 -704.528809 107.179451 -967.818394 288.995361 424.547157 2721.795502 578.578491 862.194439 -171.505547 968.934326 -2019.446449 3335.173845 1202.056274 -452.544848 2638.702049 -96.038818 -725.61655 2552.078629 -1001.151733 2650.825291 -2151.01326 -2682.390137 -749.448948 1591.576691 -1151.777344 2726.636448 -3161.004486 -3802.938843 408.04287 3402.94384 -78.198242 3388.319244 -564.549828 -2179.351196
1680.364723 3780.263748 642.23877 -327.297926 3151.308327 179.058228 -333.952265 2591.074142 -518.087158 -252.243891 39.33136 -712.233276 -371.250873 2121.253128 -1404.16748 -297.831302 -425.687943 -608.94104 70.17868 2855.099411 574.777222 -378.123589 76.522903 86.896362 -1921.808434 3435.867825 1027.277832 -557.76927 2753.630676 -532.5354 -997.254372 2574.224548 -1370.409546 -295.392933 -34.635086 -278.560181 -800.658035 1861.426697 -717.384644 -74.964199 213.069 525.090332 405.528526 3326.376854 -694.498901 -26.269455 -133.347992 -525.603027
1498.452797 3765.271187 481.269531 -410.182467 3206.199341 -372.351074 -431.530645 2784.177895 -1165.333862 -53.24702 198.052788 -657.432251 -283.341923 2150.677643 -1935.641479 132.24031 34.37355 -541.659546 -591.380491 2628.711243 -1504.680176 -617.227812 -221.439133 -2089.642944 -1971.713829 3465.440617 921.488037 -527.143021 3047.988014 -673.00415 -912.514153 2650.642548 -1466.491089 129.071579 81.367035 -106.26709 -879.453468 1945.095062 -771.25061 -34.464073 88.617401 -64.051514 -592.696571 2468.51326 -470.131226 -953.893738 -852.914558 214.182129
1435.32711 3757.396545 442.269897 -423.332167 3124.173622 -469.867554 -439.930375 2699.232903 -1261.780396 3.27744 -82.090378 -109.434814 -381.627789 2195.165634 -2133.516846 -86.608696 47.342606 -210.863647 -553.717146 2627.416229 -1639.488525 49.340515 1.559601 -147.796631 -1993.976631 3475.455532 959.663086 -547.567472 3086.184864 -641.391602 -949.853172 2644.195328 -1402.653809 -25.66185 -3.592606 50.848999 -948.169174 1838.607941 -824.724121 -57.038536 -103.632507 -66.461792 -740.57909 2286.471329 -1173.508911 -136.205349 -179.187317 -716.365967
1433.548889 3757.030258 441.389771 -424.15813 3121.152859 -470.524902 -439.42028 2691.159592 -1259.669189 1.414139 -7.716866 2.1875 -376.032848 2176.94046 -2125.026855 6.498985 -17.868729 8.566284 -550.366011 2615.506363 -1636.04187 4.25518 -11.553421 3.522949 -1994.445648 3474.951572 958.876343 -547.34827 3085.345554 -641.290283 -949.539261 2640.813599 -1401.044922 1.217957 -3.025284 1.685181 -948.700943 1833.49472 -825.639648 0.372276 -4.756775 -0.839233 -732.644024 2291.172638 -1237.644043 8.839111 5.057755 -64.058838
1317.541618 3791.025543 427.719727 -474.633722 3244.393787 -597.981567 -229.266167 2873.130188 -1365.067139 234.407387 185.509109 -142.125244 -256.10178 1901.05957 -1153.703003 144.184341 -272.342377 934.596558 -342.765341 2785.446815 -1788.69751 231.853943 173.478966 -189.382935 -2092.371712 3464.299393 988.69873 -567.116141 3169.475517 -516.519775 -958.35804 2502.313156 -1076.51123 15.434494 -134.961929 287.806396 -1307.644539 1672.448273 -1458.775024 -334.690323 -157.507935 -669.862671 -699.781017 2324.199448 -1263.504639 57.11628 36.565323 -62.587891
1302.545853 3825.265541 416.884155 -460.179702 3197.386274 -611.516724 -297.397633 2748.220711 -1358.225098 -81.918659 -121.761894 11.963501 -336.865683 2041.733627 -659.06311 -94.551096 143.82164 499.761353 -234.348869 2599.119797 -1666.120605 94.629278 -183.179436 127.698364 -2114.260941 3472.687387 1084.963379 -579.532938 3052.933483 -379.143677 -847.08416 2312.648163 -918.97522 97.486687 -186.51741 162.657471 -1213.637543 1699.36142 -1586.463013 80.219803 30.06073 -122.566528 -517.332807 2154.868622 -1127.807617 168.661017 -166.183243 140.818481
1280.084801 3851.90815 440.172729 -424.414711 3346.975229 -738.66333 -276.501007 2676.557236 -1298.049316 20.549908 -91.94149 39.454956 -219.470959 2346.730194 -362.371216 117.048006 284.718552 275.971069 -33.034286 2593.043365 -1584.779053 200.967865 -26.354446 60.620728 -1658.092461 3155.633659 480.890503 350.676079 3595.10088 -180.601196 164.804878 2846.516113 -741.204834 1011.54232 513.589935 157.049561 -575.340977 2266.257706 -1005.015869 637.949848 546.618271 560.726318 -348.741255 2805.672112 -773.87085 168.244834 630.525475 333.215942
1271.335602 3832.933998 395.135498 -432.376716 3235.114107 -728.831787 -232.033806 2851.358681 -1498.415527 32.777405 194.65374 -178.325806 -123.07354 2198.050842 -761.480713 84.707623 -128.827057 -377.069092 -197.434845 2697.645721 -1814.286499 -176.090355 124.454651 -207.467041 -1866.678772 3422.071867 867.371216 -190.190525 3299.658939 -479.096069 -922.287865 2855.11673 -891.773071 -1098.782539 28.452911 -128.527832 -1102.728386 2228.105774 -1614.84314 -539.077206 -18.299637 -587.786865 -980.087585 2662.870255 -962.679443 -643.036127 -122.949562 -166.768188
1322.539749 3841.508713 340.054932 -506.842203 3216.205177 -582.695923 -381.554465 2794.400024 -1355.604248 -189.187484 -65.109596 205.59021 -89.390182 1851.657715 -1207.575684 -5.983467 -354.544067 -383.31604 -295.041742 2753.537292 -1712.001953 -137.273722 47.740631 165.063477 -1858.125839 3475.83869 1151.035767 -412.154268 3162.678375 -435.510254 -955.155754 2867.618828 -1167.03064 -72.534714 4.351158 -212.478638 -937.165604 2319.126663 -1980.148926 125.895958 82.869949 -302.526855 -654.237976 2959.637222 -1405.427246 286.182785 288.616028 -379.968872
1376.556473 3843.0616 340.249634 -455.045996 3185.091591 -561.503296 -453.658462 2732.46563 -1328.415527 -87.270622 -61.242867 25.426636 -403.360026 1833.763428 -894.378662 -329.136469 -17.202759 311.434937 -209.335365 2580.860443 -1524.562378 70.539751 -171.985321 185.67749 -1886.03035 3471.975002 1027.980957 -456.178927 3078.054752 -558.972168 -776.518669 2707.132759 -1383.093872 163.470459 -159.79454 -217.825317 -834.112167 2283.236084 -2267.279663 87.88681 -35.199051 -288.892822 -691.975498 2795.1548 -1523.660278 -52.904148 -163.790894 -119.995117
1376.59111 3842.233162 304.63562 -421.875257 3209.434204 -692.697144 -401.302705 2737.19944 -1450.689087 50.015821 2.638779 -121.277466 -558.894186 1790.664368 -1160.762939 -157.874095 -45.194092 -265.388184 -314.881496 2580.31601 -1741.279907 -107.886066 -2.639465 -215.721436 -1883.082199 3485.447807 1019.047852 -501.476812 3145.154495 -631.074219 -843.962173 2686.725693 -1404.163818 -69.78344 -22.502098 -20.073853 -840.514984 2289.49585 -2305.835571 -8.742752 4.164734 -37.559814 -618.773346 2726.33812 -1665.819702 70.862217 -70.911713 -141.16333
1375.52845 3852.677345 308.041382 -402.981402 3227.257948 -729.616089 -383.48829 2750.296669 -1484.830322 21.160095 8.87146 -43.925781 -467.381473 1751.927032 -1448.17749 94.858394 -42.963104 -297.199097 -374.715798 2559.807968 -1767.445679 -56.488621 -24.73381 -35.950317 -1894.060326 3512.232456 1087.437134 -534.032793 3150.406437 -576.40625 -865.739975 2675.731583 -1344.555054 -18.432121 -15.219879 49.824219 -854.154892 2307.999878 -2258.747559 -10.294228 14.278259 37.303467 -570.415764 2712.916527 -1648.02063 51.703262 -17.647362 8.014526
1416.085243 3868.298378 280.806274 -357.577963 3316.560938 -824.901733 -371.69245 2771.889114 -1538.047485 4.850955 14.643593 -36.806641 -401.532032 2034.313354 -2223.109131 58.904555 275.437469 -758.521118 -465.316839 2642.270355 -1909.192505 -97.545927 75.513535 -125.336304 -1958.505058 3494.731026 975.692139 -642.181339 3211.744814 -750.328979 -871.741257 2620.904617 -1479.700317 -12.946167 -61.775818 -118.734741 -969.342537 2355.170288 -2428.254395 -122.13253 40.221558 -153.096313 -497.325706 2648.34938 -1877.724609 66.145172 -71.515999 -213.293457
1416.968155 3841.461296 278.746948 -333.592081 3300.439382 -852.744141 -346.760674 2747.79747 -1555.415039 35.948126 -2.146454 -46.11145 -669.975815 1818.126068 -1361.077271 -257.427433 -194.242096 833.287964 -480.414624 2614.334106 -1923.235474 -4.081435 -5.991058 -42.786865 -1984.451523 3471.388702 955.124512 -658.655853 3220.46936 -758.028564 -910.570984 2560.552826 -1412.045288 -27.813377 -38.406601 38.911133 -1104.054642 2125.612717 -2275.672607 -123.695755 -207.612381 123.837891 -548.613176 2656.029434 -1897.753906 -40.27112 29.625244 -48.773193
1479.493103 3844.163437 219.777222 -227.065353 3379.38014 -999.896851 -273.170662 2827.625923 -1699.23645 81.662598 62.204857 -136.988525 -577.111359 1995.138702 -1233.99353 100.937042 159.389038 133.916626 -435.151746 2705.925522 -2070.957031 53.335464 73.967819 -140.888672 -2058.924561 3407.769532 743.877563 -730.774059 3197.263861 -966.467285 -1182.663803 2357.120209 -855.316162 -264.020233 -221.056213 563.562012 -1387.888641 2110.185852 -1785.297852 -275.761414 -33.050461 497.207642 -862.192802 2577.940369 -2074.835205 -305.50704 -95.712662 -170.248413
1550.098152 3840.650635 251.442261 -149.186935 3389.544983 -953.983765 -219.754047 2935.940781 -1710.629272 96.92976 106.255836 -63.712158 -732.73922 2265.028458 -1188.141479 -112.114716 267.830734 -6.467285 -424.085135 2842.009964 -2053.076782 54.579756 134.025421 -34.439087 -2187.812767 3508.41135 789.300537 -852.54097 2920.12085 -801.565552 -1532.036476 2260.61554 -908.244629 -305.859528 -98.56369 -105.247803 -1701.193047 1538.775787 -1543.24585 -269.79126 -573.469086 189.732666 -1429.9226 1863.507233 -911.931763 -524.216652 -716.492157 1110.584106
1627.112007 3852.931442 201.661987 -74.276237 3447.082062 -1033.771362 -178.550797 3013.367119 -1802.822266 23.578587 65.880318 -61.972656 -660.838947 2431.288528 -1151.757812 54.275608 154.71405 66.604004 -414.650035 2936.767883 -2140.635376 -8.189564 83.211899 -57.338257 -2139.399223 3539.235611 866.487427 -1011.08551 2773.493767 -819.664917 -1726.86451 2139.003448 -857.608643 -212.452698 -133.158112 80.856323 -2027.855339 1436.678925 -1472.233276 -344.286957 -113.642883 101.23291 -1449.536705 1690.214996 -1321.309814 -37.23877 -184.838257 -379.157715
1793.657188 3901.139183 230.265503 73.020744 3511.06143 -979.436646 -5.743179 3234.530706 -1819.730835 146.442184 204.469252 -11.61377 -731.976357 2622.468109 -1517.763672 -97.502842 174.485245 -360.71106 -274.493208 3118.108902 -2069.02771 113.791394 164.646683 76.902466 -2156.22776 3607.272034 1083.817749 -1186.887627 2555.120697 -542.859497 -1857.338753 1955.772552 -867.999878 -156.839676 -199.925232 -5.096436 -2200.415382 1167.397919 -1337.435303 -198.925476 -285.975342 140.092773 -1677.938728 1371.091156 -206.827393 -254.767456 -335.818176 1119.777222
1882.580261 3903.373413 229.417725 190.488091 3616.099854 -1041.854858 55.129509 3252.711172 -1839.306641 58.515472 30.592575 -28.655396 -386.506836 3089.960594 -962.616577 343.112304 479.904594 546.067505 -203.853912 3265.102301 -2190.2948 68.28208 159.405508 -130.34668 -2204.808044 3580.631256 998.279419 -1324.135208 2576.277618 -702.822876 -1897.935944 1813.408356 -721.936646 -42.954407 -129.952087 136.983643 -2165.58075 1018.612823 -1225.200195 32.477417 -136.372986 103.155518 -1856.439819 1570.211334 -899.647827 -180.858307 211.532288 -701.900024
1978.682327 3957.265244 275.367432 344.797287 3688.790131 -1067.999268 105.348816 3402.392864 -1870.6604 55.120659 117.632742 -40.562134 -458.00267 3375.843952 -1052.935791 -66.594481 253.834408 -99.527588 -152.914963 3441.219254 -2174.320068 55.840302 144.068003 6.766357 -2328.215866 3548.313751 834.568481 -1513.849792 2467.778549 -848.099365 -1980.540085 1667.169189 -625.161133 -77.702789 -178.288116 87.567139 -2029.823837 952.00882 -1288.082886 140.658264 -98.652954 -72.091064 -1761.666183 1278.379211 -1141.704712 99.674988 -323.881073 -251.265259
2019.247093 3945.094872 267.290039 388.516426 3724.452286 -1082.067261 128.681221 3465.816069 -1885.926514 22.718048 69.24016 -17.364502 -570.762978 3443.495169 -1183.636475 -113.374665 73.468172 -132.799072 -165.865765 3477.409716 -2126.511841 -13.565159 42.007418 45.709839 -2370.777931 3481.848326 841.714478 -1420.849571 2378.884888 -747.379761 -1942.392769 1597.650757 -596.937256 37.532959 -63.701477 26.125488 -1880.312386 1079.432678 -1419.896851 148.897095 133.240814 -133.912354 -1777.404518 1210.316467 -760.209961 -16.352692 -62.245789 379.396362
2018.343887 3944.578857 252.218628 384.966507 3719.395905 -1092.337036 140.528717 3481.449327 -1907.098389 11.655884 12.028217 -12.099609 -691.889839 3414.749355 -1373.180542 -121.318474 -32.350855 -180.471802 -152.892303 3530.053024 -2160.427246 12.781849 49.038267 -24.84314 -2386.252975 3463.112507 822.04895 -1425.246658 2323.606796 -733.513184 -1828.007431 1464.389038 -669.941406 114.193726 -136.86676 -63.931885 -1436.058655 1186.0849 -1517.356567 444.062119 103.04718 -88.387451 -1416.591949 1298.972015 -1416.798096 360.620956 85.050507 -647.515869
2049.899521 3941.204796 304.627075 384.164581 3698.409271 -978.516235 157.152252 3462.374477 -1793.969116 13.046722 -4.096212 115.855713 -543.668346 3458.23761 -1100.279541 144.64468 58.466892 275.627441 -96.073341 3464.720345 -2057.636108 53.242149 -50.354042 105.517578 -2443.608475 3412.909012 794.334106 -1425.72197 2261.824646 -700.032349 -1549.61792 1518.248901 -1271.862183 274.812698 68.838501 -599.194336 -1021.985779 1414.443054 -2078.269653 410.496063 243.336792 -558.186646 -1307.73735 1548.935699 -1592.114258 105.277786 264.942322 -172.589722
1996.867142 3941.632195 308.798218 297.043839 3595.678482 -920.020752 48.182144 3338.369036 -1726.738281 -103.226089 -129.239206 39.641113 -796.359253 3228.215265 -1221.315308 -246.946888 -235.256109 -148.625488 -248.619995 3313.324656 -1943.407593 -146.802635 -156.629453 86.638794 -2500.561295 3413.091283 829.636841 -1378.515091 2449.031372 -734.273682 -1601.769638 1610.761414 -1122.214966 -46.4077 87.278748 122.057495 -851.042786 1387.27829 -1700.235596 176.687012 -32.398529 350.444336 -1430.576859 1530.380402 -1360.250854 -117.09549 -23.789062 204.273682
1963.75782 3939.954224 387.550659 159.740906 3508.956747 -645.454712 10.99308 3380.144291 -1504.63501 -13.154907 9.812975 238.341675 -632.394886 2921.816139 -2099.84436 187.998524 -338.361406 -862.290649 -250.281315 3313.343506 -1746.104126 22.372837 -31.943431 213.54187 -2412.797966 3478.795753 638.493042 -888.970642 2871.190376 -751.087646 -1579.555321 2241.527557 -916.342163 46.248474 598.803864 222.111206 -1075.611115 1410.539246 -942.388916 -200.534172 -8.701324 774.085083 -1259.959984 1895.251923 -1110.875854 194.651031 332.909241 265.613403
1956.229591 3923.099937 423.487549 81.853447 3446.95797 -480.03479 -64.967766 3208.241043 -1320.758057 -86.000824 -131.76012 178.433228 -855.94593 2775.80574 -1740.612793 -233.591022 -105.867271 353.787842 -215.45166 3165.046139 -1635.588379 24.789677 -108.15424 105.072021 -2467.748375 3414.246011 939.650879 -937.049522 2774.55368 -446.057739 -1532.222176 2163.254471 -873.338013 37.293167 -38.129959 37.560425 -950.594292 1953.455048 -116.270752 114.976845 583.058929 820.674438 -1073.67321 1827.899628 -810.554199 176.246796 -27.209167 294.87793
1887.096176 3933.488884 345.413818 53.924637 3599.139481 -701.338501 -96.504097 3125.455074 -1436.429443 -27.121696 -108.026752 -65.314331 -937.310371 2748.143845 -1813.436279 -76.949806 -52.902679 -22.466431 -289.440851 2985.980148 -1677.228394 -69.574556 -204.306774 8.717041 -2336.132126 3332.61075 454.6875 -880.552368 3249.249296 -1144.911499 -1169.560623 2339.458389 -1105.313721 367.076187 150.963135 -181.618652 -912.232094 2085.562439 -195.797729 42.776833 106.866608 -29.169922 -862.250023 2339.625397 -1239.406738 215.837822 486.484985 -378.495483
1886.081543 3929.109879 340.36377 40.719452 3609.204273 -688.360596 -136.905098 3134.973793 -1416.763916 -42.907028 19.970989 10.653076 -1018.92868 2793.695374 -1727.53418 -84.124336 56.003799 76.889648 -311.361113 3016.16127 -1691.695557 -24.426289 40.633392 -23.479614 -2355.175629 3330.568991 507.044678 -934.011688 3227.079601 -1121.417236 -1241.401901 2323.356705 -1086.704102 -74.347305 -5.649414 9.597168 -965.195351 2104.535599 -173.849487 -55.469284 29.42543 12.935791 -846.409988 2525.239334 -1416.468506 13.334007 196.066208 -186.074219
1887.561493 3893.218155 353.463745 40.346489 3566.349564 -686.171875 -162.482471 3177.554264 -1461.129761 -17.865887 75.491238 -69.070435 -1080.334969 2809.198494 -1603.383789 -53.694801 48.413887 99.445801 -327.334881 3023.752003 -1704.162598 -8.262281 40.501499 -37.171631 -2340.632629 3360.833189 648.214722 -982.912216 3053.796368 -1018.94043 -1392.311783 2272.414398 -643.414307 -143.198395 -18.03154 418.585205 -1143.193054 2073.077698 285.45166 -170.286217 1.452866 434.596558 -886.198616 2711.291656 -1392.398682 -32.077141 218.963089 -0.634766
1944.2062 3901.341133 356.137695 117.902145 3540.982685 -721.56189 -191.294956 3172.86417 -1474.134521 -25.33741 -3.218231 -15.59082 -1112.741051 2969.30027 -1811.313477 -28.931007 161.573639 -210.515747 -349.194002 3029.961376 -1729.788208 -18.384047 7.681236 -28.21167 -2373.130226 3364.270515 639.858398 -1043.000832 2889.265709 -1018.358154 -872.823639 3087.35611 -92.972412 522.963219 816.413574 547.855835 -412.606306 2529.676971 575.907593 734.061823 458.071136 287.869873 -1281.746254 2501.889038 -1463.307495 -392.072563 -207.930756 -73.494873
1944.613228 3885.918732 356.725464 127.950745 3515.910969 -730.007935 -177.285938 3140.269585 -1479.497681 15.589294 -21.715679 -6.787109 -1069.996643 2928.732185 -1880.322266 44.324684 -29.689178 -70.432739 -337.890625 2985.769539 -1722.063599 12.883654 -33.312931 6.300659 -2402.174034 3358.962259 677.267456 -1081.751137 2922.941208 -996.705933 -1158.038445 2827.535172 -43.860474 -283.634529 -248.942032 47.687988 -956.287346 2202.006149 688.551636 -542.100763 -316.791916 111.220093 -1230.573921 2384.986725 -1371.300659 52.752609 -106.023407 90.582886
1998.75988 3907.224426 381.323242 205.602379 3560.202866 -756.159058 10.384407 2996.642532 -1421.207886 182.572613 -132.558937 40.875244 -707.213364 2548.669434 -1958.999023 357.685547 -368.994637 -96.091309 -178.132286 2902.155113 -1720.770874 154.660606 -72.54631 -16.121826 -2443.360176 3348.588388 740.497437 -1080.127907 3090.599937 -939.590454 -1377.892418 2537.038727 -211.54541 -224.951706 -279.428329 -185.099487 -1011.366043 1921.941528 465.325317 -60.17643 -268.996506 -240.640869 -876.179085 2318.927231 -1492.81311 349.297104 -54.991379 -138.927002
2039.173813 3946.48922 458.875732 244.862747 3532.172413 -659.033203 126.463852 3062.372036 -1410.834961 120.382462 49.983959 -3.295898 -344.416437 2489.267883 -2086.931152 367.099943 -75.147095 -141.600952 -36.30291 2942.159691 -1701.845703 146.132393 24.259033 5.256348 -2488.323746 3454.348421 1055.424805 -1051.978455 3264.225993 -575.507202 -1384.391785 2367.124405 -685.495605 -2.19635 -185.659866 -487.619019 -814.332733 2032.698059 46.888428 201.336327 95.010986 -432.105713 -829.363899 2485.645828 -1677.599487 51.118202 150.973053 -198.4552
2009.176712 3973.645363 455.679932 302.290192 3479.400225 -784.58313 238.135452 3037.411556 -1565.580444 119.6521 -43.568573 -163.601074 -72.00676 2270.9478 -2144.872437 280.390177 -236.928177 -66.796875 -7.659721 2915.180016 -1866.178589 36.623688 -45.587769 -173.188477 -2474.986496 3467.122707 1159.54895 -956.438637 3192.031689 -400.570679 -1396.901474 2551.721725 -978.831787 -4.52919 165.989227 -302.191772 -740.624084 1997.567139 -481.887817 81.689148 -53.739014 -537.631836 -639.176235 2511.203384 -1234.127808 198.168163 6.949463 434.616089
2155.37899 4003.34877 623.442383 422.616997 3472.771006 -543.174438 535.228157 3130.242462 -1362.092285 260.533829 106.790562 196.867065 305.425377 2508.152847 -608.198853 340.87326 251.164703 1530.05249 90.868034 2669.616776 -1273.839722 61.96888 -231.603584 585.717773 -2427.91523 3495.098047 1465.636597 -975.250397 3209.37192 -137.935181 -1174.280968 2749.918671 -961.030273 186.06163 212.156601 11.18042 -1054.793777 1878.522644 -513.331909 -350.728569 -105.084839 -38.065186 -732.024231 2432.526703 -753.152466 -129.406872 -64.717026 474.354248
2166.648712 4000.184402 654.386597 438.103561 3494.998684 -524.462891 561.227951 3203.93404 -1360.316162 29.602509 87.245655 2.210083 348.125229 2478.954926 -701.147461 46.302567 -15.643845 -92.514648 171.653595 2649.75769 -1071.890869 84.388275 -6.305008 202.382812 -2427.506714 3494.916725 1514.379883 -982.37278 3226.628017 -95.094604 -1211.770325 2723.761749 -882.658691 -33.886642 -12.602844 78.805542 -1030.458527 1922.863159 -337.526245 27.937965 57.894592 176.239624 -808.045158 2440.932465 -275.499878 -72.418213 21.959839 478.086548
2358.426666 3963.423843 1155.859375 438.308792 3532.099838 346.912231 857.156219 3498.786869 -430.136719 294.69841 323.824692 877.036133 1138.621979 2751.550713 -1017.531128 789.266891 301.56765 -369.526978 516.133347 3303.310642 848.616333 343.249893 682.524815 1867.363892 -2401.631775 3305.789711 2578.056641 -844.301071 3546.943855 1108.635254 -965.393105 2704.791222 683.43689 245.147362 10.001335 1512.952271 -450.308893 2136.116028 1283.988037 578.919775 242.224731 1568.370972 -971.964188 2719.216347 1091.773682 -165.148888 307.255745 1314.130249
2450.580292 3910.770264 1283.831787 419.524155 3778.765488 603.639526 654.112396 3565.162716 -228.90625 -230.621033 77.235832 198.239746 740.273666 2825.453529 438.140259 -425.925522 84.762802 1452.680664 529.068222 3028.149052 -264.205322 -14.642334 -264.301605 -1115.812378 -2312.993774 3343.429875 2691.785889 -809.351082 3643.112564 1151.70166 -1426.048126 3067.732124 694.662476 -488.232231 373.800888 8.234863 -693.648243 2457.955933 934.414673 -270.91656 332.69989 -352.564087 -1080.907135 2904.380951 1059.984741 -136.520157 196.02459 -34.779663
2597.504272 3830.420647 1455.892334 500.035019 4020.858841 1023.809814 894.464493 3856.224365 240.195312 216.303787 297.262211 460.528564 862.604752 2940.595398 644.985352 98.282776 121.34243 198.272095 618.698349 3178.750849 803.017578 65.581818 156.802359 1058.649902 -2228.868561 3278.908107 2899.301758 -909.068069 3717.422218 1224.208984 -1745.728149 3557.210236 1669.187012 -343.728333 495.678673 965.951538 -1172.916946 2881.951904 1238.828125 -503.317013 430.196533 295.840454 -1226.540604 3086.610031 1380.217285 -169.681778 188.429642 311.659546
2623.706856 3805.830803 1541.405029 547.22599 4109.797668 1075.062256 1008.071327 3967.133026 324.142456 106.042557 140.724945 75.440063 923.069649 3066.226788 753.373413 52.90062 155.447674 99.880981 832.182274 3301.342449 803.356934 205.919647 152.407885 -8.167725 -2276.991539 3274.776359 2852.29248 -926.119041 3860.151787 1248.587646 -1711.260338 3957.850418 1794.061279 26.903534 430.456467 116.367188 -1416.89991 3071.709518 1482.202148 -251.547241 219.573898 234.866943 -1323.323631 3332.616262 1517.039795 -104.347305 275.822515 128.31543
2628.99292 3801.813354 1551.072998 555.487823 4120.717468 1082.384644 1020.017395 3990.465698 331.577759 11.467438 27.068634 6.893311 932.67395 3084.28339 748.850098 9.125671 21.792564 -5.065308 849.557114 3319.299593 799.605103 16.89621 21.693106 -4.293823 -2282.42691 3266.216146 2860.158691 -933.445625 3866.48304 1260.644531 -1716.138611 3975.396423 1807.354736 -5.356903 21.281967 12.751465 -1443.614273 3075.534992 1515.891113 -27.192993 7.561436 33.146973 -1334.007416 3348.022108 1543.569336 -11.162415 19.141808 25.987549
2644.829788 3790.343666 1689.688721 653.827591 4345.548096 1047.436523 1237.737045 4277.777176 367.76001 217.25235 282.305679 33.887329 989.178696 3417.450695 831.298218 56.037445 328.161507 80.153198 870.33577 3537.47961 830.140381 20.311356 213.174219 28.240356 -2355.00679 3280.09037 2718.411865 -924.744072 4011.957397 1227.469482 -1811.202011 3698.583412 999.107666 -95.530701 -281.81881 -810.541992 -1680.614395 2971.135464 1659.536133 -237.467422 -109.405327 141.350098 -1183.131561 3262.215235 1377.049561 150.408554 -90.812671 -168.814697
2609.736938 3797.071648 1627.659302 598.84819 4426.922913 1144.369507 1194.683685 4058.511887 583.227539 -68.465576 -227.012482 227.244263 1099.596405 3200.384731 1101.904907 85.005493 -224.813156 282.383423 966.363678 3490.224838 861.661377 70.615692 -55.001965 43.297729 -2337.596741 3157.937288 2992.218628 -1102.197418 3881.38649 1335.884399 -1975.595551 3468.768654 1305.740356 -189.805756 -237.561951 318.409424 -1865.362854 2530.059891 1600.34729 -210.160675 -448.822765 -47.412109 -1363.821869 3107.603998 1387.213745 -206.102524 -162.358429 21.940918
2559.812393 3853.302994 1555.718384 576.029053 3994.721756 696.243896 1018.201675 3682.502556 -22.157593 -156.614227 -388.929863 -593.268433 897.094803 3054.402962 758.640137 -182.63382 -158.902302 -331.148071 666.108856 3175.338297 810.72876 -280.387039 -327.807074 -38.815918 -2400.23735 3210.761938 2909.436646 -1023.387985 3757.818871 1291.195679 -1758.50441 3219.903574 962.165527 236.958923 -261.785612 -331.45813 -1303.007278 2397.807465 1280.006714 582.223358 -145.172958 -308.223877 -1206.430893 3015.230694 1322.769165 177.258759 -105.293837 -52.327881
2559.25354 3853.795624 1554.385376 575.303345 3994.491272 695.074463 1016.876373 3682.045708 -23.619385 -1.60202 -0.748901 -1.459351 894.405441 3054.941597 757.789917 -2.96608 0.246582 -0.847778 664.108658 3174.602919 808.763428 -2.276917 -1.027431 -1.962891 -2400.153961 3210.95758 2909.273071 -1023.371582 3757.439079 1290.724487 -1758.643799 3219.459248 962.092896 -0.416107 -0.73638 -0.07019 -1303.34053 2397.330933 1280.186157 -0.60997 -0.768585 0.181885 -1206.772079 3014.85096 1322.63855 -0.617905 -0.671787 -0.128174
2489.73774 3873.554115 1276.715088 556.094933 3739.178085 291.5271 721.080437 3500.837002 -563.372192 -245.396652 -197.384243 -522.927246 357.295647 2599.149551 -279.259033 -486.71051 -471.967583 -1020.223389 154.566956 3011.274147 175.258789 -459.142418 -179.504309 -616.679077 -2487.737541 3425.33659 2648.900146 -956.755791 3578.839836 1073.90625 -1467.864571 2856.684418 671.449585 341.178513 -378.950367 -273.817749 -830.447578 2417.575226 1297.753906 523.292236 4.068756 34.393311 -576.446114 2826.388588 986.661377 680.72525 -204.637909 -319.151611
2488.494949 3891.814003 1257.955933 505.871582 3773.125038 358.425293 829.297409 3453.149738 -424.163208 116.762924 -53.039742 132.946167 429.402847 3537.32666 505.800171 80.653152 932.824631 778.796387 -198.526573 3560.365677 649.315796 -344.547577 543.739052 467.794189 -2575.515823 3399.918613 2568.501587 -931.99913 3495.924969 1097.175903 -1483.741913 2821.987076 659.709473 -7.33139 -40.04982 -18.00293 -739.181519 2465.651703 1221.464233 99.812012 42.723999 -82.55249 -483.221335 2804.948997 875.909424 101.77073 -26.792068 -117.014771
2461.485405 3903.279305 1202.310791 471.882133 3728.549767 323.206787 837.507057 3430.609913 -450.31311 19.427872 -31.95755 -20.765991 279.911079 3531.228409 393.781738 -138.273544 -15.515976 -106.634521 -325.778637 3399.452696 36.245117 -116.03384 -170.330706 -607.686768 -2639.958229 3374.756556 2502.099609 -955.733871 3484.604492 1075.733643 -1523.264885 2977.583008 465.493774 -28.304749 146.178207 -188.831787 -853.135338 2558.726349 1077.08374 -102.735596 83.656921 -138.996582 -628.806896 2782.274551 348.884888 -134.367337 -32.092171 -521.640625
2460.925789 3910.217896 1220.065308 463.621101 3741.876678 358.425903 816.627388 3431.239567 -415.749512 -10.169296 -7.726669 41.577148 260.929451 3440.928221 435.267334 -8.271255 -98.656511 48.499146 -166.847572 3221.391544 -358.280029 169.641438 -186.417475 -387.511597 -2576.631889 3475.504246 2240.198364 -864.074745 3415.906029 845.617676 -1495.805702 2895.836868 314.937134 38.169556 -90.102463 -143.543091 -798.044052 2532.049866 930.524292 65.801659 -35.032806 -139.545898 -591.440287 2634.366455 230.939941 48.076982 -156.26442 -110.931396
2400.094261 3901.883316 1113.688354 496.286125 4203.732605 120.307617 242.847176 3603.368721 -500.870972 -592.064896 156.950321 -46.497192 -370.581875 3656.16497 300.092163 -649.796009 200.057917 -96.550903 164.32312 3280.478067 -528.563843 312.886009 43.90769 -131.659546 -2308.642159 3486.645765 1544.523315 -539.117622 4418.404312 637.431641 -958.149071 3562.483063 814.863281 519.371948 651.467361 538.550415 -437.63196 2729.118118 958.562012 342.127409 181.88942 66.661987 -765.149002 4325.048981 1299.694214 -191.993399 1675.503693 1107.37854
2281.011696 3910.465965 970.100708 393.735085 4391.819534 13.095703 271.515999 4079.101715 -822.96814 22.170029 471.097069 -279.385986 -461.430616 3963.310547 -136.295166 -97.347536 302.509651 -393.676147 134.296341 3654.88205 -40.404663 -36.525574 369.768057 530.870361 -2377.036858 3425.408125 1187.838745 -930.185242 4352.004852 -182.341919 -822.865028 3722.70195 548.085327 128.785248 155.582962 -224.066772 -305.853291 2967.336578 934.955444 125.279875 233.582535 19.104614 -426.53314 4317.811813 261.16394 332.117068 -11.873093 -995.819092
2278.98037 3910.368195 971.404419 392.673073 4388.594055 11.412964 274.969215 4083.664474 -828.071899 3.857651 5.472183 -4.123535 -475.198636 3954.268837 -162.910156 -13.363585 -8.132286 -25.634766 112.799225 3650.992184 -75.114136 -21.092682 -2.980442 -33.729248 -2376.774635 3426.983318 1190.234985 -929.582939 4356.669159 -177.141724 -822.309723 3729.332123 554.853516 0.95974 7.539597 7.748413 -305.628262 2975.182648 944.276123 0.629463 8.755493 10.300903 -402.424047 4250.815506 224.207764 24.513527 -66.086884 -35.975952
2285.674019 3906.043015 1005.139771 405.755119 4391.179504 42.573242 289.129982 4078.972473 -793.099976 14.749222 6.604385 42.210693 -492.762122 3925.30056 -173.21167 -16.975031 -17.67189 -3.062744 75.860405 3660.241013 -81.206665 -36.350365 20.545216 1.14624 -2385.257072 3421.136885 1200.352173 -959.394531 4378.884964 -165.394287 -839.071655 3761.597557 571.401367 -16.173477 43.561821 23.786621 -313.03359 3017.853203 964.934692 -6.816874 53.966942 27.897339 -419.323387 3953.652687 23.427124 -16.310885 -285.866432 -193.54187
2323.117523 3889.215813 1113.040771 430.739441 4394.699631 198.133545 260.76088 3979.752121 -579.365234 -36.00029 -74.237747 195.091553 -527.338543 3816.714745 26.19751 -42.207608 -83.60321 180.765991 53.171883 3762.122269 328.752441 -30.31971 126.863861 391.315918 -2395.057068 3421.292391 1344.022217 -1063.423386 4500.696411 -17.731934 -860.860596 3941.467514 743.949585 -29.420128 204.852562 153.905029 -233.467464 3230.386391 1028.203125 71.934938 237.515793 44.625244 -677.979012 3839.026985 -135.320435 -266.286812 -89.643097 -177.390747
2306.944389 3896.299515 1133.588257 457.990227 4474.047241 199.070435 241.06823 3945.830002 -487.406616 13.665543 -42.49115 79.066162 -636.264324 3738.610611 -49.986572 -75.567589 -86.673164 -89.076538 115.720367 3600.717697 -400.929565 95.906677 -169.973602 -742.574463 -2308.123512 3479.636364 1431.433716 -915.268898 4515.72876 116.112671 -1109.922295 4004.35318 906.655273 -215.703506 54.316635 149.813232 -258.561249 3519.268913 1006.096802 8.264408 280.313492 -34.998779 -649.896736 3808.226433 -269.593506 61.440468 -39.369583 -147.165527
2306.506615 3896.955376 1133.990479 457.031746 4472.304077 198.607788 240.630226 3941.380653 -486.040649 2.012405 -6.251106 2.080688 -640.908718 3719.487381 -64.366455 -2.193985 -20.924988 -13.665161 113.698158 3594.683895 -386.230469 0.4282 -7.83556 15.413818 -2307.535286 3479.711971 1421.524658 -910.796089 4508.97583 104.659424 -1106.718712 4007.690201 901.425171 5.653992 1.535263 -4.515381 -257.710667 3519.614334 1006.976318 3.300991 -1.456337 1.594238 -690.569096 3754.486771 -287.716675 -38.221951 -55.54142 -17.408447
2361.068153 3908.542252 1165.861206 426.634026 4362.559128 339.475708 334.039497 3879.853897 -406.621094 80.712662 -73.634605 76.164551 -648.197308 3688.272171 -346.18042 -19.985199 -43.323059 -285.06897 169.098206 3563.6549 -421.668091 42.703438 -43.136845 -38.692627 -2288.510094 3483.305454 1339.673462 -829.040794 4228.439255 -96.917725 -1134.366798 3594.869099 559.423828 -40.344696 -424.928951 -345.256348 -211.255856 3657.73159 898.605347 33.758202 126.009407 -111.625977 -904.82914 3129.40279 -782.678223 -226.956654 -637.19183 -498.216553
2352.06501 3911.229515 1125.125122 415.897484 4331.186218 281.257935 339.434471 3867.613068 -479.366455 8.437729 -17.809067 -72.026367 -590.454359 3581.508217 -724.169922 60.785704 -112.332191 -377.270508 117.546349 3597.808628 -536.113892 -48.509102 28.585491 -113.726807 -2291.703911 3493.702698 1371.541138 -846.875916 4251.665039 -75.292969 -1324.065056 3591.76405 437.996826 -186.655502 -8.673286 -120.708008 -382.570496 3785.164871 658.453369 -168.271885 121.865044 -239.432983 -850.44384 3318.898637 -953.796997 57.428055 183.92761 -170.39978
2351.978493 3911.328201 1124.47998 415.828133 4331.071854 280.430298 339.688072 3868.553276 -480.875854 0.154572 0.850182 -1.289062 -588.904924 3582.430782 -730.557251 1.450405 0.832539 -6.166992 116.277046 3600.391026 -539.162598 -1.368332 2.492371 -2.828369 -2292.116661 3493.652668 1372.751465 -847.896881 4252.239456 -74.385376 -1325.919151 3592.468338 438.309326 -1.953125 0.614262 0.532837 -384.396472 3785.534439 658.968506 -1.925006 0.279541 0.735474 -851.400185 3319.692706 -953.112793 -1.055374 0.704043 0.904541
2359.498024 3908.930664 1178.273315 491.804543 4146.533813 149.842529 364.775352 3803.340187 -662.178345 50.034485 -51.781387 -217.382202 -583.768549 3811.312714 -977.015381 30.08358 242.313633 -282.537842 -5.224342 3706.095772 -745.718384 -96.554184 119.136448 -242.635498 -2365.663414 3491.366882 1634.562378 -955.116806 4047.350922 78.637695 -1227.569771 3750.763283 -791.703491 123.296585 171.726646 -1266.092529 -1085.057793 3923.199196 164.890137 -675.714116 151.096458 -530.158081 -772.127953 3733.623314 694.731445 104.219437 427.362309 1611.764526
2356.459503 3888.502121 1278.535156 575.282059 4165.457001 73.817749 428.059158 3804.742851 -737.624512 71.559753 34.167862 -119.075928 -561.842299 3910.998993 -908.060303 30.202198 132.451477 25.325317 -9.36142 3847.445107 -830.860596 4.13887 174.114532 -128.771973 -1942.038116 3602.50412 1705.740967 -303.867512 4805.801086 875.754395 -405.596342 5132.711487 -30.942383 830.249376 1414.713402 717.131348 -1083.10833 4720.556335 566.402588 10.22541 830.122337 357.88269 460.13443 4191.753082 1175.029297 1240.53833 490.894966 436.668091
2298.999748 3890.090866 1218.168945 647.366066 4231.566772 -85.81604 493.653145 3938.998108 -906.885376 83.397064 145.292549 -118.062134 505.674706 4258.555298 33.419189 1085.320082 358.593597 992.678223 -87.868538 3947.49733 -837.028809 -60.704041 111.089516 45.030518 -2618.960609 3144.010305 2171.348877 -1539.962883 4910.639343 1558.604736 -2308.681526 4389.101639 1345.853271 -1885.282106 -732.572556 1427.994385 -1415.514183 4633.861389 1654.716797 -314.602776 -75.657654 1139.512939 -1371.700935 4088.849106 1347.30957 -1814.032288 -91.866684 223.479004
2386.009941 3875.050011 1206.524048 819.649162 4498.328781 -68.961792 712.503242 4101.592026 -844.456177 220.98999 182.497787 62.855835 -204.767418 4219.542084 -1183.029785 -708.302231 -19.109344 -1216.022339 411.14254 4129.676208 -1074.177246 501.15097 202.082748 -236.721802 -2653.446846 3243.901784 1943.676147 -1993.803596 4647.122955 467.694092 -2396.137123 4166.266861 -239.342651 -85.315704 -202.930908 -1584.769287 -2606.110268 4166.110153 705.652466 -1188.456192 -447.847366 -948.637695 -2345.703926 3838.308792 538.972778 -971.863098 -230.636444 -807.910156
2373.464737 3878.957863 1250.314331 826.012344 4405.625 -91.821289 667.929611 4217.18544 -934.759521 -28.902512 115.375519 -117.69104 -139.048691 4237.96257 -1499.788818 81.389847 18.202591 -344.146729 337.567596 4308.084259 -1121.325684 -57.903824 178.190155 -74.536133 -2687.075119 3315.678034 1928.952026 -2035.130844 4731.730042 460.262451 -2457.757034 4296.776123 -265.062256 -45.948792 130.291367 -53.1073 -2971.124954 4835.222931 355.078735 -349.343567 668.894882 -377.961426 -2735.140915 4274.841537 851.002808 -373.765869 436.31485 284.642334
2426.382828 3895.426102 1290.083008 882.433243 4596.082916 -11.084595 729.834366 4400.888519 -863.102417 62.694244 204.216995 34.475098 79.683342 4349.753342 -1615.489502 219.521523 132.304688 -152.88269 281.822205 4521.119232 -920.004883 -54.955902 233.548889 164.138794 -2650.102005 3379.05304 2101.652832 -2108.846207 4878.800354 638.12439 -2579.968796 4545.239716 -123.153687 -121.422272 268.977509 104.726562 -3009.780045 4592.797546 754.82605 -37.865601 -221.911469 362.565308 -2295.075607 4539.980774 -477.511597 440.854797 285.653152 -1365.696411
2450.689545 3857.630234 1337.504272 911.392975 4629.192963 98.182373 829.613037 4499.667358 -769.16626 103.180695 117.658844 71.514893 302.286301 4337.969894 -1589.299927 226.004982 7.096558 3.768311 375.808029 4546.547852 -861.650391 97.387848 44.308624 35.933228 -2668.890076 3335.193472 2196.409302 -2271.874237 5016.736145 919.646606 -2700.679016 4624.055328 170.456543 -117.308197 97.695618 271.188965 -3385.163422 5055.729828 707.96875 -371.981354 481.812286 -69.278564 -2912.942505 4861.82373 323.466797 -614.464874 340.722961 778.557129
2468.424606 3869.096527 1341.428223 1030.651779 4742.711182 13.617554 823.86467 4724.083099 -851.627197 -23.970795 215.032501 -72.666626 494.013901 4624.653168 -1788.80127 173.505173 277.300034 -189.707031 389.749146 4787.742767 -964.119873 -4.281311 231.811676 -92.675171 -2616.928329 3375.845461 2057.481689 -2466.272202 5331.943054 1129.316406 -2949.822617 4978.01651 381.774292 -267.366028 344.577942 221.112061 -3590.022354 5275.977478 1063.395386 -223.08136 210.86441 365.220947 -2680.091782 5043.918915 90.376587 214.628296 172.711945 -223.295898
2533.234901 3881.948853 1433.338623 1069.608498 4826.562347 167.781982 1172.595558 4888.076019 -718.060913 306.512756 169.623413 115.656128 937.096291 4508.700256 -1616.311646 400.864258 -110.322418 154.579468 512.937813 4923.28064 -877.46521 80.970535 141.168365 68.744507 -2631.90136 3328.363419 2246.273193 -2531.067619 5335.832367 1401.199951 -2872.690086 5283.238678 502.891846 34.914398 310.852661 103.207397 -3415.903587 5424.138947 -307.819824 131.900635 153.791962 -1389.125366 -2756.444969 5342.281799 369.025879 -118.57132 303.993378 260.739136
2534.001656 3881.661377 1432.487793 1069.793739 4826.480103 167.750244 1172.355232 4888.081818 -718.138428 -1.407471 0.407104 -0.054321 936.406593 4508.819885 -1616.322021 -1.856842 0.520935 0.012817 513.722496 4922.779083 -877.908936 -0.382462 -0.10025 -0.420532 -2630.942192 3327.472601 2251.002197 -2532.477989 5336.118317 1408.4375 -2877.265282 5285.330048 511.234741 -5.74234 2.492676 8.366089 -3425.419731 5429.464111 -295.576782 -10.683289 5.726471 12.266235 -2761.96804 5345.392456 377.608643 -6.690216 3.511963 8.605957
2505.988846 3896.463928 1435.19104 1201.894608 5294.916687 384.151611 1192.185287 4971.283875 -461.899414 15.670013 88.548737 231.657104 1123.326645 4488.833618 -1354.002075 182.76001 -14.639587 237.738037 653.646393 5031.398468 -721.156006 135.763855 113.966064 132.171021 -2556.254196 3311.19071 2392.935181 -2812.9879 5497.047882 2196.896362 -3228.063583 5466.753387 1314.752808 -354.958344 186.77002 778.936157 -3537.983932 5498.842621 365.386353 -116.724243 74.725189 636.381226 -2794.730148 5606.768188 1015.300903 -36.92215 266.722412 613.110352
2535.256577 3896.491241 1482.93335 1314.257431 5524.201202 671.172485 1263.659897 5106.362762 -135.098877 44.711456 143.048553 307.826538 1120.448074 4546.633148 -976.428833 -29.641724 65.769196 358.599243 690.989227 5171.033783 -306.193237 10.579681 147.60498 395.98877 -2489.437332 3327.100153 2463.358154 -2784.729843 5522.86026 2349.577637 -3179.918289 5569.762421 1454.787598 21.382141 110.978699 121.060791 -3658.223648 5657.40097 577.329102 -147.002869 166.528015 192.96875 -2754.870834 5664.818726 1141.553955 13.096161 66.020203 107.279053
2551.30661 3911.857376 1496.120605 1363.88916 5637.119598 785.48645 1305.119781 5185.527039 -11.843262 22.294617 66.478424 131.433105 1108.812408 4589.938354 -829.402466 -30.800934 30.619354 155.203857 720.728683 5181.425171 -76.251831 10.574188 -2.294464 238.118896 -2401.756592 3383.28249 2466.665039 -2805.970459 5586.058044 2444.16626 -3152.585907 5623.575592 1519.013672 8.167114 41.127319 72.403564 -3556.843719 5682.6651 592.287598 82.214661 12.578278 23.135986 -2981.016083 6191.644592 1526.420898 -245.310516 514.140015 393.044434
2521.619415 3930.187225 1465.350342 1267.843323 5555.163727 616.449585 1206.792145 5167.067566 -217.789917 -80.892334 -25.138245 -229.578247 1019.026794 4609.80423 -1069.204102 -72.350311 13.187103 -263.433228 611.537399 5124.640045 -281.884766 -91.755981 -63.463898 -229.264526 -2390.704498 3415.523605 2523.143311 -2799.631348 5626.595154 2575.673828 -3206.938324 5755.461884 1679.418945 -36.917114 125.20752 136.773682 -3607.368317 6001.133728 777.32605 -33.089294 311.789856 161.40686 -2920.947723 6170.906067 1434.904785 77.503662 -27.417297 -115.147705
2517.780571 3962.290421 1552.183228 1214.593925 5399.856262 458.723145 1186.698265 5138.969421 -427.949219 -20.138702 -40.558167 -236.11084 952.668114 4533.312683 -1237.30896 -66.403503 -88.951569 -194.056396 584.462929 5083.53775 -577.648926 -27.119293 -53.562317 -321.715698 -2348.01609 3466.272469 2533.674927 -2811.045265 5671.609192 2628.657837 -3234.337044 5825.457764 1740.734253 -27.443542 57.535858 35.36377 -3652.122993 6177.769775 879.60144 -44.7995 164.176025 76.323853 -2992.503853 6467.840271 1618.134155 -71.600952 284.474182 157.277832
2533.943901 3957.449341 1588.170776 1239.344444 5425.192719 524.233398 1212.97802 5161.443176 -361.801147 16.641693 31.393433 62.940063 941.626854 4530.041504 -1139.436646 -20.679321 5.648499 94.664307 605.07061 5125.858002 -515.336304 10.96962 51.239929 59.104614 -2342.902107 3460.72834 2554.107056 -2814.395332 5663.954926 2664.257202 -3242.387581 5830.470276 1780.69397 -17.688599 13.93219 36.751709 -3657.870674 6217.362976 933.19397 -15.385742 48.512878 50.384521 -2884.645119 6370.738525 1531.07605 98.220673 -88.182068 -90.266113
2551.932526 3948.712311 1613.325806 1263.65799 5440.018463 574.159546 1237.323761 5170.894012 -310.383301 12.102051 21.122894 42.681274 933.896484 4520.63736 -1060.313721 -19.97406 2.267914 70.386353 626.079559 5131.266174 -452.01416 8.765259 17.080231 54.585571 -2326.894989 3451.947861 2604.696655 -2812.49649 5649.92981 2756.466675 -3272.212067 5847.615662 1895.402222 -42.068176 28.817444 105.97168 -3713.90976 6307.860718 1099.213257 -68.282776 102.1698 157.282715 -2902.899933 6370.850525 1622.29187 -30.498505 11.784058 82.479248
2529.473724 3978.179092 1598.500366 1321.281281 5570.635529 606.837158 1408.942566 5318.631744 -280.307007 163.177948 138.065796 23.486938 917.812042 4585.912476 -830.380859 -24.525299 55.60318 223.343506 643.288116 5207.7771 -215.211792 8.7677 66.838989 230.213013 -2258.087158 3496.54707 2644.9823 -2899.366608 5641.667938 2950.128784 -2966.125946 5841.577148 1975.177612 297.645264 -15.710449 73.186035 -3593.19809 6089.665833 1207.498779 112.270813 -227.866821 101.696167 -3034.295807 6607.375793 2016.975708 -139.836731 226.853333 388.094482
2398.744202 4130.420532 1565.540161 1183.282318 5035.92926 -135.168457 1110.945129 4835.020142 -1056.541138 -290.860748 -510.955963 -798.588867 471.314545 4542.839355 -1851.45813 -439.360809 -70.41748 -1043.432007 455.438156 4942.224274 -988.622437 -180.713272 -292.897186 -795.765381 -2181.448975 3663.664017 2624.500122 -2858.016968 5838.865967 2988.746948 -3102.359009 6016.948547 2016.311646 -129.096375 148.027039 18.779297 -3251.045532 6344.681091 1037.1521 349.289246 227.670898 -192.701416 -2953.284912 6702.36084 2571.515503 88.147583 67.640686 532.185059
2418.27076 4135.33287 1497.603149 1195.589485 5027.557068 -210.996094 1193.375435 4788.891144 -1128.118286 78.31665 -41.454926 -72.956543 624.070015 4638.444672 -2013.624878 148.641815 100.279388 -163.546143 448.462029 4974.618073 -832.56958 -11.089783 37.067871 154.673462 -2164.954185 3670.54821 2644.675903 -2860.543327 5839.438171 3038.551636 -3094.912224 6055.67627 2069.285278 3.33313 43.401794 51.594238 -3275.151176 6398.644104 1098.469849 -28.219299 58.637085 59.938354 -3109.745598 6288.647461 2036.936646 -160.574341 -409.039307 -535.958252
2418.27076 4135.33287 1497.603149 1195.589485 5027.557068 -210.996094 1193.375435 4788.891144 -1128.118286 0.0 0.0 0.0 624.070015 4638.444672 -2013.624878 0.0 0.0 0.0 448.462029 4974.618073 -832.56958 0.0 0.0 0.0 -2164.954185 3670.54821 2644.675903 -2860.543327 5839.438171 3038.551636 -3094.912224 6055.67627 2069.285278 0.0 0.0 0.0 -3275.151176 6398.644104 1098.469849 0.0 0.0 0.0 -3109.745598 6288.647461 2036.936646 0.0 0.0 0.0
2432.704697 4135.19249 1542.789307 1206.550217 5114.018555 -117.231445 1331.08696 4861.728058 -1022.8302 125.84259 87.484436 101.138306 490.064087 4813.0513 -1672.965088 -145.874863 189.25415 336.51001 641.286469 5126.472015 148.913574 180.955505 166.501465 977.333374 -2102.097092 3686.235275 2688.356934 -2843.090897 5823.473816 3171.351318 -3155.747147 6107.881165 2241.885986 -72.703857 66.852417 168.450928 -3416.831131 6590.343933 1351.31958 -153.548889 206.347351 248.699951 -2935.890884 6812.502441 2436.212158 161.985779 538.502502 395.125732
2433.597107 4134.402847 1546.176758 1207.958832 5116.136627 -112.382812 1329.380035 4864.116058 -1018.439941 -1.12381 3.691711 3.005981 474.269409 4825.093842 -1650.529785 -15.211563 13.346252 21.051025 626.902771 5129.503632 131.248779 -13.800583 4.335327 -19.049072 -2100.751648 3687.471161 2685.202637 -2838.009796 5826.711121 3164.604492 -3147.921143 6111.583862 2234.406738 8.409119 5.006409 -8.863525 -3406.719055 6593.251953 1342.792969 10.69519 4.211731 -9.910889 -2926.242218 6817.973022 2432.659912 10.231781 6.774292 -4.936523
2433.598289 4134.401016 1546.176147 1207.958794 5116.137238 -112.380371 1329.370384 4864.115295 -1018.438721 -0.010529 0.002594 0.001831 474.224205 4825.116882 -1650.481567 -0.046082 0.026398 0.048828 626.856956 5129.504089 131.182861 -0.046692 0.003815 -0.065308 -2100.744972 3687.471542 2685.203247 -2837.996254 5826.712952 3164.605103 -3147.901955 6111.590881 2234.407349 0.018311 0.010376 0.001221 -3406.693459 6593.26355 1342.7948 0.024719 0.014954 0.002441 -2926.203194 6817.988281 2432.666626 0.038147 0.018616 0.007324
2452.811584 4125.152512 1592.532349 1226.793976 5142.940216 -44.162598 1331.63208 4890.018616 -952.130127 -1.783447 35.424194 55.482178 411.096878 4891.055145 -1486.07666 -67.17247 75.459137 153.578491 823.042221 5211.242828 403.955688 192.140121 91.259613 261.946411 -2090.115204 3682.945671 2704.544067 -2817.003632 5823.843384 3193.324585 -3125.643616 6123.109131 2267.128296 18.213196 21.039124 21.894531 -3396.098938 6602.854004 1377.825317 6.549377 19.111328 24.204102 -3033.632507 6767.017517 2507.306519 -111.474457 -41.44989 63.813477
2452.811584 4125.152512 1592.532349 1226.793976 5142.940216 -44.162598 1331.63208 4890.018616 -952.130127 0.0 0.0 0.0 411.096878 4891.055145 -1486.07666 0.0 0.0 0.0 823.042221 5211.242828 403.955688 0.0 0.0 0.0 -2090.115204 3682.945671 2704.544067 -2817.003632 5823.843384 3193.324585 -3125.643616 6123.109131 2267.128296 0.0 0.0 0.0 -3396.098938 6602.854004 1377.825317 0.0 0.0 0.0 -3033.632507 6767.017517 2507.306519 0.0 0.0 0.0
2452.811661 4125.153732 1592.529907 1226.790695 5142.939911 -44.163208 1331.620865 4890.015717 -952.131348 -0.014648 -0.002289 -0.004883 411.060715 4891.069946 -1486.035156 -0.039597 0.015411 0.037842 823.018341 5211.257019 403.936157 -0.027313 0.014801 -0.023193 -2090.109787 3682.946243 2704.553833 -2816.995468 5823.84491 3193.339233 -3125.634995 6123.115234 2267.144165 0.005188 0.006714 0.012207 -3396.090927 6602.86377 1377.843628 0.004578 0.010376 0.014648 -3033.537216 6767.055969 2507.265015 0.091858 0.039062 -0.045166
2452.811661 4125.153732 1592.529907 1226.790695 5142.939911 -44.163208 1331.620865 4890.015717 -952.131348 0.0 0.0 0.0 411.060715 4891.069946 -1486.035156 0.0 0.0 0.0 823.018341 5211.257019 403.936157 0.0 0.0 0.0 -2090.109787 3682.946243 2704.553833 -2816.995468 5823.84491 3193.339233 -3125.634995 6123.115234 2267.144165 0.0 0.0 0.0 -3396.090927 6602.86377 1377.843628 0.0 0.0 0.0 -3033.537216 6767.055969 2507.265015 0.0 0.0 0.0
2452.811661 4125.153732 1592.529907 1226.790695 5142.939911 -44.163208 1331.620865 4890.015717 -952.131348 0.0 0.0 0.0 411.060715 4891.069946 -1486.035156 0.0 0.0 0.0 823.018341 5211.257019 403.936157 0.0 0.0 0.0 -2090.109787 3682.946243 2704.553833 -2816.995468 5823.84491 3193.339233 -3125.634995 6123.115234 2267.144165 0.0 0.0 0.0 -3396.090927 6602.86377 1377.843628 0.0 0.0 0.0 -3033.537216 6767.055969 2507.265015 0.0 0.0 0.0
]