08-14-20_Matthew_4K.alligator_above_chair.0000000001 [ 2652.230587 3591.371536 2088.848877 1986.951504 4838.795319 424.882812 1807.162075 4836.143036 -463.605957 0.0 0.0 0.0 1618.197536 4878.976288 -1462.20459 0.0 0.0 0.0 1242.698421 4845.118103 -703.371582 0.0 0.0 0.0 -2162.622013 3108.004532 3024.483643 -2891.299992 5185.093994 3233.377686 -3422.742863 5615.101013 2536.719971 0.0 0.0 0.0 -3612.070255 6559.55719 2268.612061 0.0 0.0 0.0 -2923.153324 6140.207825 2282.147217 0.0 0.0 0.0
2702.755585 3670.116043 2012.376709 1992.067108 4885.526123 323.808594 1850.773621 4867.100983 -577.767334 31.02417 -27.849731 -148.010254 1556.533279 4971.154785 -1553.312378 -74.251633 33.370819 -124.956665 1258.783951 4874.078522 -832.011108 3.498154 -29.84726 -162.488403 -2209.65683 3147.109756 3139.603271 -2759.181976 5279.686432 2812.723389 -3406.657562 5937.378845 2474.941406 3.497925 263.470154 -95.627441 -3893.155365 6775.853271 2203.151855 -293.672485 157.488403 -99.309082 -3042.613068 6395.284729 2185.373535 -132.047119 196.269226 -130.622559
2702.553616 3670.426254 2012.525635 1991.922207 4885.816193 323.81958 1850.738125 4867.511597 -577.807007 0.266571 0.222626 -0.213013 1556.437893 4971.794891 -1553.346558 0.20668 0.452118 -0.20752 1258.811779 4874.512024 -832.162476 0.329895 0.245514 -0.324707 -2210.190525 3147.427521 3139.230957 -2759.763584 5280.014496 2811.973877 -3407.532749 5937.774048 2474.785156 -0.57312 0.207214 -0.32959 -3894.248447 6776.307983 2203.439941 -0.791016 0.266724 0.114746 -3043.061314 6395.292664 2182.813721 -0.146179 -0.180054 -2.733154
2706.974049 3699.997253 2041.624756 1955.269947 4830.718231 292.380371 1864.993153 4820.610504 -622.459106 12.43988 -47.845001 -74.564209 1534.686604 4991.511383 -1584.72229 -23.566437 18.772583 -61.287842 1245.052814 4855.649719 -893.964233 -15.574112 -19.806213 -91.713867 -2236.895275 3148.630867 3209.992676 -2749.217358 5260.101013 2655.379639 -3455.695324 5924.816284 2458.17749 -49.977722 -13.901672 -46.519775 -4033.162975 6755.75592 2392.495117 -140.729675 -21.495972 159.143066 -3053.511181 6441.654663 2037.896729 -12.265015 45.418091 -174.829102
2697.240372 3765.029602 2020.019531 1950.818558 4812.908173 189.979248 1820.339127 4793.465881 -729.343872 -41.034546 -18.604279 -127.418213 1474.649582 4990.882874 -1692.496338 -56.417542 7.911835 -128.307495 1194.645615 4867.766266 -986.932983 -46.78772 20.656891 -113.502197 -2276.3134 3161.399155 3242.69165 -2808.753586 5279.83139 2642.285156 -3362.939072 5972.343445 2180.449219 96.375732 56.067505 -298.261719 -3906.890488 6753.722534 1802.369385 129.891968 6.506958 -610.65918 -3040.685043 6449.044495 2079.055176 16.445618 15.930176 20.625
2697.104664 3765.01709 2020.388184 1950.767536 4813.057404 190.405273 1820.313435 4793.711853 -728.924561 0.103455 0.334167 0.269165 1474.633656 4991.253357 -1692.055664 0.11322 0.458679 0.290527 1194.513493 4868.115387 -986.461792 -0.002975 0.437317 0.321045 -2276.493816 3161.258965 3242.694092 -2808.98222 5279.689789 2642.321777 -3363.247356 5972.187805 2180.557861 -0.179138 -0.067444 -0.041504 -3907.27293 6753.55011 1802.550049 -0.253296 -0.084229 0.030518 -3041.040325 6448.828735 2078.994141 -0.226135 -0.127563 -0.211182
2694.945545 3766.476669 2019.530029 1948.03133 4812.490082 188.510742 1817.740803 4791.755829 -730.85022 -0.701904 -2.038422 -2.516479 1472.251301 4987.471771 -1694.468384 -0.511627 -3.863983 -3.00354 1191.442814 4862.674713 -988.656616 -1.199951 -5.523071 -2.785645 -2279.158916 3160.959587 3241.519775 -2812.650127 5279.103241 2640.668945 -3367.806072 5971.130066 2179.180908 -2.687988 -1.140137 -1.967773 -3914.002361 6750.610352 1800.303955 -4.858704 -3.022156 -2.836914 -3046.174908 6448.540649 2078.571777 -3.263855 -0.370483 -1.013184
2693.122368 3770.1091 2019.284668 1925.255852 4754.667053 165.809326 1824.153862 4739.392242 -756.359863 14.12323 -48.834229 -26.814575 1455.469093 4998.890228 -1694.827271 -9.072037 14.947815 -1.663818 1190.913506 4814.462585 -1026.950684 7.180862 -44.68277 -39.598999 -2282.427254 3162.965126 3241.627197 -2834.92054 5266.512451 2615.986328 -3398.989449 5942.233582 2143.50708 -23.473206 -25.367126 -36.97876 -3950.136299 6731.98822 1797.34375 -28.423767 -15.092773 -4.265137 -3048.98304 6473.242493 2078.336182 4.902039 28.231201 -1.540527
2666.942558 3773.154068 1993.054199 1898.47744 4670.458679 104.473877 1771.361351 4700.103912 -811.121216 -26.302185 -40.657959 -68.712769 1403.671608 4996.005859 -1735.409546 -25.307159 -4.253998 -54.533691 1158.462257 4770.897369 -1074.6698 -5.960922 -44.934845 -61.670532 -2307.956886 3152.31266 3228.739014 -2836.112709 5235.346527 2542.530518 -3401.353798 5963.28949 2165.390625 24.125977 19.686279 7.932129 -3974.973488 6747.947083 1855.737305 1.653137 14.589233 44.442139 -2978.460121 6492.145386 2093.769531 97.013245 17.533264 1.481934
2666.615448 3762.97226 1904.406738 1857.665405 4664.676514 44.395752 1740.466461 4719.693298 -868.02002 -14.669037 13.033295 -36.732788 1379.286728 4993.164673 -1797.62146 -8.159027 -9.397278 -42.045898 1158.657761 4665.30838 -1156.518555 16.421356 -112.145081 -61.682739 -2323.362122 3155.515823 3229.078369 -2841.687012 5194.538422 2437.642822 -3478.610229 5869.471741 2086.403809 -61.030579 -100.37384 -58.820801 -4105.25177 6642.93335 1880.773926 -114.052429 -111.569824 45.202637 -3022.408447 6464.690247 1971.182861 -27.722473 -34.01123 -102.420654
2660.791264 3769.438629 1881.335449 1843.333073 4656.847229 19.489746 1718.091373 4703.636627 -891.851196 -9.188385 -23.336639 -15.38269 1341.95406 4974.590454 -1815.667114 -24.145966 -25.854187 -9.597168 1123.320484 4629.194794 -1170.216064 -22.150574 -43.393555 -5.249023 -2336.863766 3163.704491 3206.376953 -2835.37817 5181.230316 2352.749023 -3458.456478 5822.696533 1923.927002 33.340454 -54.055176 -154.02832 -4081.578426 6583.793335 1669.705811 36.860046 -66.419983 -202.619629 -3071.019344 6437.266541 1896.170654 -35.424194 -34.703674 -66.563721
2630.006027 3734.082489 1793.487549 1768.177109 4522.340088 -59.56543 1684.785538 4472.304688 -963.743286 24.787445 -235.160675 -44.455566 1147.033463 5022.00943 -1634.564209 -136.827316 43.59024 208.539429 859.796677 4438.826904 -1117.136841 -205.430527 -194.196625 80.515747 -2371.053391 3111.575775 3193.151855 -2698.46962 4981.976776 2046.616211 -2976.625443 5440.046692 1227.130127 539.924316 -386.478577 -669.360352 -3671.771011 6105.086975 943.217773 467.900696 -482.535095 -699.051514 -3163.35701 6233.712158 1698.348389 -34.244385 -207.383118 -170.385742
2454.131069 3729.852982 1651.135254 1482.464504 4476.90155 -153.371582 1479.645901 4099.207916 -976.496582 -136.034393 -375.40451 0.69519 1182.637386 5065.385742 -1081.752319 104.709167 41.068573 566.260376 865.742016 4333.604279 -1385.922852 75.050583 -107.530365 -255.337524 -2459.515781 3037.764797 3048.851318 -2526.453342 4638.91098 1528.474121 -2744.358006 5084.42749 688.886719 301.372681 -357.926941 -524.794922 -3261.661167 5680.959167 77.01416 479.215088 -426.435547 -852.755127 -2802.980137 5932.40387 1891.312256 429.482117 -303.616028 206.412354
2371.715498 3717.637787 1604.272461 1413.272657 4484.960785 -158.076172 1235.968428 3960.02739 -856.773071 -219.233398 -140.243149 152.244263 1230.166426 4957.96936 -929.972534 71.973114 -108.479004 184.300537 663.904219 4212.889099 -1263.61145 -177.393723 -121.777802 154.832153 -2454.209795 3060.833015 2758.205566 -2311.939592 4275.147095 959.315186 -2333.369036 4655.130005 77.830811 435.433044 -430.360107 -578.535156 -2722.323198 5404.31366 -426.97876 563.782043 -277.70813 -471.472168 -2434.05797 5514.046936 1318.878174 393.366241 -419.419556 -539.91333
2321.835203 3742.492371 1585.068359 1461.597471 4433.611755 -261.628418 1123.15959 3959.782944 -938.861084 -104.472275 -2.709045 -31.705933 1226.604033 4956.546936 -923.843994 4.77417 -3.887024 56.51062 528.567686 4178.946991 -1213.499146 -126.999969 -36.406708 100.494385 -2401.817293 3154.986687 2201.049805 -1968.801699 3818.281326 171.66748 -1859.329348 4061.295929 -752.318726 482.376251 -596.298676 -779.767456 -1984.353456 4704.04068 -1488.334961 746.306305 -702.737579 -1010.974121 -1839.636049 4583.781586 894.578857 602.758484 -932.72995 -373.917236
1976.397108 3855.770569 1533.66333 1425.490888 4073.585205 -526.992188 808.45033 3975.558395 -1161.072998 -234.222183 30.933228 -204.937744 1407.44615 4554.54361 -609.909668 261.329193 -386.845551 331.208496 330.772566 3731.91803 -944.813232 -117.308044 -431.871185 285.960083 -2554.018236 3126.942558 2201.491699 -1745.906817 3143.771667 186.287842 -1710.01845 3514.735031 -696.749878 229.797974 -531.403122 72.843018 -1346.1682 3643.683395 -1599.534302 718.672333 -1045.199509 -93.925171 -1206.567599 3715.275803 772.750244 713.555527 -853.348007 -104.554443
1721.168385 3807.966766 1110.695801 961.846714 3668.98407 -907.849731 224.814281 4180.466461 -894.157104 -526.739693 229.244003 326.332397 1011.610661 4610.163116 -1352.409668 -338.939133 79.955444 -683.083496 1177.131596 4973.750153 -756.193848 903.255386 1266.16806 248.035889 -2466.358776 3224.150314 1504.746094 -1843.74342 2814.106493 -552.82959 -1381.542645 2831.213655 -1400.979004 385.372162 -659.185438 -644.812622 -1161.423855 2707.885519 -2357.908936 241.640701 -911.461939 -698.95813 -1942.384167 2884.994297 141.350098 -678.920212 -805.945568 -571.983643
1679.8102 3805.671234 1357.540283 777.060261 3610.711746 -582.703857 230.598392 4158.989716 -1026.181641 122.944603 -31.096802 -109.476929 1008.780613 4556.297302 -1514.833374 114.330444 -63.48587 -139.876099 584.015675 3052.122307 -670.750122 -475.955429 -1931.247902 107.991333 -2459.88966 3261.169739 902.976074 -1050.378857 3037.455463 -739.702148 -870.083752 2447.864742 -1476.306152 628.619385 -392.968969 -52.779541 -780.390835 1852.920456 -2254.946899 498.193512 -864.585119 125.509644 -474.675159 2465.53833 97.720947 1584.869499 -429.076023 -21.081543
1676.695728 3804.843597 1334.691162 773.696766 3587.04422 -603.131104 224.958782 4122.273407 -1059.639282 -1.318779 -39.980774 -29.898071 1015.687656 4501.3591 -1542.700806 11.227875 -58.202667 -24.307861 581.382313 3030.033035 -812.175293 1.687469 -25.353737 -137.865601 -2457.130718 3263.014565 888.162842 -1041.337795 3031.499443 -748.170166 -857.424526 2437.577343 -1480.453491 16.980057 -13.551865 -0.587769 -764.739742 1837.679901 -2254.997559 19.971924 -18.50502 3.508911 -399.769592 2469.244213 78.520508 79.226398 0.441418 -15.640869
1371.28931 3768.836212 986.333008 -305.577731 3618.177032 -454.532471 -75.153027 4508.66394 -435.369873 -220.78373 378.286285 656.134644 870.292454 4923.063202 -450.686035 -66.067123 413.599854 1123.880005 -315.783238 3743.732758 698.865967 -817.837472 705.595474 1542.906494 -2173.744869 2920.694008 -174.716797 -699.266262 2470.854397 -1805.465698 204.113369 2873.368149 -1861.832275 1140.865974 427.686558 -349.51355 639.818211 3239.657974 -1021.742554 1483.886032 1393.873825 1265.120239 339.009304 2780.501657 -1930.618286 818.106976 303.153195 -1977.27356
1078.925304 3714.481506 747.008057 -389.41041 3825.795746 -919.746094 -176.073847 4589.577332 -446.749268 -34.864187 46.017456 -60.46875 799.070644 4913.712158 -313.977051 -5.165176 -44.246979 87.619629 -477.109699 3240.261726 -9.379883 -95.269828 -538.366966 -757.335205 -2150.704212 2838.120966 -302.836914 -631.363392 2334.201889 -1887.18689 267.919369 2758.089994 -1894.451904 129.862633 -150.17409 -81.708984 658.859615 3131.665878 -1031.391602 85.098038 -142.888031 -58.738403 385.648327 2602.196255 -1892.764282 112.695656 -213.201337 -11.235352
1084.350128 3571.067276 637.850342 -855.627899 4091.143951 -321.02417 -80.174503 4590.200653 -379.465332 120.198183 -20.441742 68.31543 762.344666 5185.240479 -485.288086 -12.427139 250.463257 -170.279541 -498.344002 3213.776665 -5.554199 3.064537 -47.550125 4.857178 -2137.719116 2781.733667 -347.678223 -597.769432 2201.954994 -1887.822876 73.990707 2803.762202 -2307.823486 -169.629822 24.607145 -412.340088 898.078995 2966.668949 -1730.704956 263.518219 -186.061993 -698.28186 195.620193 2655.251102 -2335.844116 -165.729294 31.989784 -442.04834
1270.820007 3549.97879 379.194336 -141.629658 3490.11116 -1295.722656 -128.830719 4191.25946 -715.842285 -61.303158 -417.734222 -322.822266 732.365036 4710.024567 -537.266846 -42.626572 -494.008942 -38.424072 -98.148556 3047.481747 -206.634521 387.548504 -185.087948 -187.525635 -2152.612 2787.794101 -282.06665 -640.682812 1950.480423 -1674.659424 240.985832 2075.395355 -2083.339233 154.348183 -747.159877 238.03894 1004.645233 2552.537766 -1640.012817 93.919296 -432.924213 104.246826 -341.581191 1193.533478 -2057.272949 -549.848326 -1480.510654 292.125854
1207.599945 4331.044464 1193.464355 -3.133278 4194.604263 -709.484863 -368.617842 5031.377869 -494.362793 -196.707137 468.962708 190.654297 682.818832 5082.610626 -498.308105 -6.466217 1.430359 8.133545 -118.914833 3536.38237 -198.786621 22.313709 117.744923 -22.977295 -2123.070068 3080.027437 -336.529541 -504.47814 2504.778214 -1848.161011 458.488388 2737.390022 -2045.264893 260.582542 290.838966 7.249146 1278.730164 2965.572033 -1457.223511 317.164917 41.878567 151.964111 87.093887 1988.158417 -2312.319946 471.755065 423.469238 -285.872192
904.553223 4119.464951 2051.640625 330.451431 3870.134048 -75.310059 195.789948 4619.644012 441.790771 529.884703 -265.56839 899.769287 427.357178 3802.057114 -145.443115 -289.984741 -1134.388046 316.480713 875.127792 3424.90284 -470.83374 959.519539 34.685936 -308.431396 -2061.91246 2963.481312 -230.611572 -548.198662 2173.138046 -1688.33313 330.271225 2051.974869 -2130.940552 -162.74025 -539.249687 -122.059937 1106.414566 2194.967575 -1492.219849 -206.838684 -624.438992 -71.380615 -270.080533 1539.230499 -2529.958496 -391.697507 -302.762451 -254.022827
454.014816 3674.511108 115.429688 -74.700794 2664.338055 -1675.333862 39.235115 3140.840702 -942.678223 -139.030266 -1379.30685 -1335.611572 273.824501 3838.232193 -281.777344 -136.00811 135.671539 -87.476807 725.729523 3194.768105 -740.436401 -131.873703 -130.638275 -220.745239 -1965.817184 2807.870207 -327.189941 -605.449123 2145.62561 -1854.436035 106.080055 1619.535522 -2197.285156 -206.666603 -332.942886 -17.487183 -35.13855 1337.675171 -3116.896362 -1124.028549 -757.795944 -1575.819092 -35.325775 1620.635834 -2415.426636 252.279325 180.901794 163.389282
449.540672 3592.429504 -171.920166 25.703888 2432.112732 -2003.377686 398.295097 2201.502838 -1197.663574 342.289238 -877.106724 -166.328125 990.755653 2898.218389 -725.652466 700.160408 -877.782664 -355.217896 481.975288 1750.927429 -1110.339966 -260.524979 -1381.609535 -281.246338 -1909.991112 2842.72639 -371.525879 -515.29911 1954.812164 -1878.50647 52.351456 1881.518021 -2683.244629 -70.499344 324.213638 -397.302246 106.854935 1497.655487 -3617.615967 125.22274 222.211456 -412.062378 178.258095 1750.297775 -2760.478516 196.813126 191.893082 -256.394653
477.063866 3575.739822 -227.480469 -51.107388 2458.103943 -2054.311523 527.24308 1809.489288 -1765.460205 130.035858 -407.138367 -547.080078 462.48661 2368.969116 -905.931396 -527.181168 -544.374089 -159.562378 427.652092 1964.307175 -2707.645264 -53.235321 198.254929 -1576.588745 -1909.789314 2856.073351 -383.693848 -517.832394 1940.333633 -1871.384277 33.556328 1896.060944 -2687.625732 -17.707253 -0.581894 16.335449 133.431892 1394.940491 -3558.927002 27.664833 -117.839813 79.405518 93.458977 1689.229279 -2747.314453 -83.711243 -76.193314 33.880615
528.807678 3629.99054 -80.3479 -87.465248 2409.907913 -1821.137695 361.507416 1975.296402 -2494.866333 -162.335739 139.445419 -817.127075 386.827698 2237.398453 -1497.920532 -72.258987 -157.932358 -679.710083 460.425873 1882.750244 -2818.517456 36.173706 -107.918625 -198.59314 -1935.802307 2948.249302 -233.977051 -449.829531 2154.22966 -1712.141113 95.111809 1579.566498 -2305.189209 64.955406 -342.85614 294.715576 -17.240372 1235.085907 -3251.744385 -147.272339 -186.216278 219.46167 242.461815 1562.483215 -2343.432007 152.402763 -153.107758 316.161499
529.080925 3613.470764 -113.703613 23.796844 2434.929886 -1923.502808 117.452354 2263.683777 -2823.435669 -251.093445 270.429001 -343.33374 334.340019 2268.32901 -1813.131714 -59.526062 12.972183 -329.975586 502.125893 1771.115494 -2950.456543 34.661636 -129.593124 -146.703491 -1903.335915 2982.687316 -218.961182 -358.268485 2219.584885 -1659.595337 85.9235 1562.459106 -2254.542236 -16.226692 -35.065765 35.882568 -101.29858 1012.764893 -3087.86377 -91.096592 -240.279388 149.116211 270.658112 1461.464539 -2265.750122 21.157913 -118.977051 62.91748
635.656624 3585.760803 -191.573486 21.442184 2379.54216 -1917.196655 170.729065 2027.299347 -2743.463135 63.876152 -222.345123 141.707153 397.428398 2217.841263 -1765.568237 73.68782 -36.448441 109.298096 487.995491 1681.093674 -2913.666992 -3.53096 -75.982513 98.52417 -1865.073967 2973.419065 -320.765381 -311.798267 2156.99913 -1682.139893 -155.040321 1793.655014 -2579.123535 -230.36438 245.235214 -262.84668 297.32708 1504.680481 -3427.949219 409.225101 505.954895 -278.35083 119.469261 1661.071243 -2679.333496 -140.589409 213.646011 -351.848755
751.3451 3605.482635 -198.878174 18.629837 2417.633057 -1888.849487 240.224037 1929.13414 -2623.890381 64.44088 -93.363266 122.741699 589.894829 2100.770493 -1680.006104 187.412338 -112.268829 88.731079 521.058388 1603.493805 -2766.851807 28.008804 -72.797928 149.984131 -1822.159615 2957.674007 -349.349365 -373.299613 2001.621933 -1732.470703 -247.71925 1842.131882 -2690.979004 -97.733021 53.278809 -108.686523 292.679863 1393.869781 -3408.189087 -9.701309 -106.008759 22.929077 76.907501 1561.830139 -2754.188232 -47.615852 -94.439163 -71.685791
939.196472 3583.238297 -211.650391 196.701698 2501.798668 -1982.191162 261.602135 1851.614685 -2622.496338 22.956581 -45.201645 38.728027 522.781143 1207.25647 -1867.202148 -65.535202 -861.196213 -149.862061 172.502022 1825.985413 -2967.857056 -346.977882 254.809418 -163.671265 -2020.305328 2892.730403 -408.905029 -227.462397 1784.261017 -1141.260376 -590.994167 1486.483917 -2006.976318 -341.696434 -323.330154 721.33667 -161.039753 1485.987244 -2919.858398 -452.141132 124.435272 525.664673 49.146042 1445.272369 -2370.240479 -26.182976 -84.23996 421.281738
1165.295906 3580.190506 -112.374268 357.081108 2651.171856 -1931.640015 222.133255 2014.179459 -2570.285645 -18.522263 145.363541 -23.371582 279.796104 1298.824005 -1840.631104 -222.038422 74.366302 -49.01123 101.085815 1963.422546 -2883.458862 -50.469589 120.235901 8.815918 -2184.820671 2862.448788 -323.83667 -577.85387 1605.511475 -1210.817261 -705.857697 1393.220978 -2161.038208 -93.916912 -110.464172 -229.644165 -30.882912 1392.425079 -2906.970215 151.103458 -110.763397 -62.694092 -79.062767 1512.813721 -2330.438843 -107.262192 50.340118 -35.78064
1435.84549 3713.051147 157.103271 522.321014 2835.708294 -1598.949585 445.865479 2517.439003 -2436.150513 220.23632 481.537437 145.559692 329.253159 1905.426102 -1642.843018 45.961151 584.87999 209.212646 282.556 2371.82785 -2711.810913 177.974281 386.683197 183.07251 -2260.508118 2826.866541 -257.355957 -741.966095 1667.30751 -1332.936401 -746.450653 1407.043457 -2265.15564 -44.08886 -7.899628 -92.692871 44.033508 1432.258301 -2863.118896 71.420517 18.111115 55.275879 -122.389164 1593.247223 -2357.695923 -46.8223 58.711395 -15.83252
1589.484138 3710.896606 12.855225 719.858971 3031.580162 -1845.36499 526.256218 2836.228886 -2699.42749 77.23381 244.585476 -288.765259 69.798164 2623.090897 -1827.668457 -262.611923 643.460388 -210.313721 197.294731 2596.774368 -2948.600464 -88.418198 150.742111 -262.277832 -2428.80703 2657.883987 -401.419678 -745.140343 1702.191772 -1422.015991 -311.384282 1198.416748 -2123.017578 431.909442 -282.831116 116.64978 206.880493 1528.831635 -2898.687744 159.690056 22.368927 -61.057129 -379.578264 2241.5448 -2341.586304 -260.346029 574.09317 -9.378662
1689.969482 3744.018555 66.358643 775.978088 3170.987625 -1826.300659 490.120773 3085.228701 -2680.092773 -26.837006 245.422544 16.235352 133.242264 2940.695639 -1741.043091 72.742538 314.027472 83.526001 122.205238 3009.975978 -2926.42395 -65.791054 409.624339 19.077148 -2495.766907 2450.803986 -641.876831 -589.023094 1635.157166 -1394.118652 -202.262917 1387.921143 -2252.98645 118.419805 185.927124 -133.068237 -645.491219 1626.982422 -1391.821289 -843.073273 94.573517 1503.76709 -885.339775 2086.485825 -2149.036865 -496.463072 -158.636246 189.450073
1858.576717 3785.38475 132.182617 827.89114 3283.207378 -1699.819336 560.662289 3189.597874 -2551.228027 13.923264 107.378206 114.133301 91.502972 3252.311821 -1662.573853 -98.357544 314.625216 63.737793 88.882504 3215.632362 -2754.765015 -89.940987 208.665417 156.92749 -2312.465153 2267.426224 -701.64978 -311.70419 1602.311249 -1288.421021 518.243389 1563.743591 -1781.412964 663.888054 178.831482 456.842041 1295.491848 1619.580536 -1171.323853 1884.364815 -4.392853 205.765991 560.207424 1485.206604 -1906.478882 1388.928947 -598.270187 227.826538
1931.410408 3787.865295 155.350342 842.758217 3296.760826 -1647.755127 569.40197 3186.896191 -2495.960083 -21.781998 -8.912621 57.108765 44.721832 3259.280815 -1638.814087 -77.302818 0.758057 25.600586 35.958271 3263.891373 -2648.129883 -83.445911 42.048073 108.475952 -2246.583672 2240.519791 -730.415039 -216.065478 1608.505249 -1254.119873 682.843513 1498.229218 -1592.505493 134.078445 -71.725311 190.748291 1659.992409 1581.658325 -1454.334106 333.978882 -44.133148 -281.169434 681.767921 1451.877441 -1738.041382 91.038818 -39.5401 170.27832
1903.92355 3747.279968 62.105713 783.914318 3287.706242 -1727.730103 512.299404 3175.154572 -2575.288696 -86.568069 -47.976665 -77.89917 -15.428429 3278.539658 -1724.277344 -89.615765 -16.976204 -84.033813 -4.880085 3233.841953 -2747.285156 -70.30386 -66.284466 -97.72583 -2095.969944 2182.747726 -954.597778 -20.496292 1560.757599 -1260.600586 862.415676 1324.977417 -1573.488159 150.106659 -209.486847 20.446777 1851.131344 1359.207153 -1592.980957 161.673431 -258.686218 -137.217407 811.918774 1513.759308 -1737.264404 100.685349 25.64682 2.206421
1788.01548 3635.385132 -137.070312 742.918205 3200.581026 -1999.355469 503.743629 3090.372777 -2864.96521 5.377502 -90.475459 -259.267578 -128.141327 3267.5704 -2090.274048 -98.779621 -16.662922 -335.587769 -7.662392 3115.994616 -3076.759644 11.15097 -123.541002 -299.065552 -1987.580223 2121.902618 -994.135132 68.212166 1493.140259 -1492.902832 936.251869 1241.260681 -1856.392822 87.76947 -89.4104 -252.495728 1730.948067 873.250275 -1377.890625 -106.25 -491.650543 245.499268 1047.836037 1545.553284 -1581.47522 249.85054 26.100311 186.19812
1777.467442 3601.684456 -201.933594 748.074436 3144.617023 -2096.781006 474.349689 3056.515839 -2965.595093 -40.706406 -36.294987 -127.01416 -188.623323 3151.302872 -2187.072144 -71.794462 -118.705578 -123.182373 59.815273 3048.410808 -3215.830078 56.165199 -70.021856 -165.454712 -1895.109615 2063.061752 -931.030273 86.87685 1466.690674 -1767.020264 955.842915 1016.688843 -1882.616577 8.27858 -227.009888 -52.608032 1751.767826 404.218445 -1781.083984 9.507294 -471.469879 -429.577637 948.032703 1429.533844 -1746.228638 -111.115799 -118.457489 -191.137695
1786.269703 3515.269356 -267.4646 762.393513 3115.319896 -2168.865967 442.226963 2998.483853 -3014.60022 -13.574982 -53.602359 -52.557373 -69.192753 3062.111049 -2130.669556 137.978315 -84.762197 52.850342 14.39455 3016.080415 -3229.205933 -26.872978 -27.900767 -16.928101 -1904.946117 2015.776138 -962.562866 98.44347 1406.131134 -1711.742554 882.82526 1012.025909 -2151.422729 -54.46991 -0.233307 -272.358398 1647.289906 412.071228 -2410.556641 -85.930176 12.28241 -633.024902 837.974033 832.113342 -2452.449951 -91.510925 -592.990875 -709.77356
1823.274937 3440.383072 -213.149414 727.597904 2956.241927 -2049.49707 442.206364 2827.584515 -2904.232788 43.455582 -98.805223 103.540039 -174.582825 2986.563648 -2105.709229 -61.913891 -3.453285 18.132935 -7.306328 2883.549862 -3123.613281 21.775303 -60.436437 98.765259 -1982.016659 1881.773453 -1017.840576 -131.350422 1299.146881 -2097.252197 518.678303 818.984528 -2651.773682 -320.670776 -120.947266 -507.178345 1340.08707 522.55188 -3147.202759 -263.726654 182.574768 -743.473511 440.750141 863.328857 -3087.692871 -353.747711 103.309631 -642.070312
1726.09539 3426.85955 -274.58374 694.802055 3007.823515 -2158.077393 390.210609 2868.582592 -3002.410889 25.387192 -18.156281 -87.677612 -116.629181 3061.329339 -2139.343872 135.33659 15.611333 -23.134155 -86.797314 2940.172091 -3198.769531 -2.10804 -2.532129 -64.655762 -2217.982063 1972.528 -1018.770752 -455.547552 1397.39502 -2231.90979 192.055435 960.591583 -2820.408325 -249.239922 82.452698 -158.134155 716.928596 365.081787 -3431.668701 -545.775528 -216.624451 -273.965454 209.51004 999.866486 -3134.13208 -153.857155 77.38327 -35.938721
1736.601067 3285.547485 -337.434082 666.641731 2886.107974 -2180.443115 380.40493 2760.994148 -3024.666748 -11.797714 -21.248112 -89.25293 -103.038292 2930.765321 -2154.154663 11.598854 -44.223686 -81.807861 -109.825478 2853.572912 -3210.424194 -25.020199 -0.258846 -78.651733 -2310.78083 1918.556595 -933.115234 -564.530869 1410.640106 -2163.338623 34.449425 1097.519531 -2858.017578 -159.598045 223.26828 -104.606323 339.025154 573.819275 -3644.637451 -379.895477 295.07782 -279.96582 156.797066 1105.643463 -2846.07666 -54.705009 192.11731 221.05835
1770.78537 3335.399323 -432.193604 675.890732 2929.344263 -2279.940796 384.013596 2814.38467 -3131.484985 -9.406662 -16.018353 -34.004517 -171.468735 2943.230824 -2287.779541 -81.44577 -56.943371 -60.811157 -90.497913 2898.645697 -3325.065918 6.312237 -24.33609 -41.828003 -2322.736206 2034.570923 -988.956299 -578.319607 1532.536163 -2255.663452 2.87384 1420.332031 -3033.076782 -44.590912 253.403625 -102.245483 176.659584 1227.254486 -3999.733276 -175.380898 584.026337 -282.282104 120.628014 1413.843994 -3046.293335 -49.18438 238.791656 -127.402954
1807.690239 3326.785526 -464.157715 698.381004 2929.827976 -2297.227783 421.419029 2827.098656 -3152.318115 10.488663 1.145077 -22.771606 -186.104927 2941.886163 -2347.133179 -41.552963 -12.91357 -61.292114 -58.121605 2910.047054 -3347.072754 5.459538 -0.167551 -23.945312 -2352.840767 2099.492722 -958.709106 -458.78005 1479.711761 -1906.16333 213.522644 1557.181549 -2606.768799 183.732033 125.280609 424.369507 718.209038 1581.164246 -3467.247314 514.632683 342.340851 530.547485 167.464752 1428.759003 -2796.990356 19.919968 3.3461 247.364502
1914.779911 3351.77578 -439.973145 733.406162 2932.089949 -2220.849609 466.129704 2793.898411 -3073.521118 -22.957916 -30.344715 74.534302 10.236645 2987.251294 -2187.926025 128.672981 48.220661 154.944458 12.148952 2893.088398 -3290.800171 2.601967 -14.103127 52.009888 -2247.07922 2177.780685 -925.812378 -236.215377 1658.6409 -1668.156738 399.362202 1620.50354 -2404.656372 118.170967 66.177521 197.849731 1109.267521 1541.110382 -3100.640259 323.389893 -37.198334 362.34436 476.08675 1708.142548 -2541.723633 240.953407 282.239075 251.004028
1933.054962 3324.744625 -465.693359 731.560593 2905.872688 -2230.309448 480.025024 2803.968983 -3091.782227 -22.501068 7.146378 -43.839722 27.259026 2955.718946 -2197.789917 -19.374008 -34.456542 -35.442505 86.47831 2848.142872 -3348.875122 37.932968 -47.86972 -83.653564 -2162.299652 2236.788635 -868.182983 -137.901831 1693.813019 -1546.773682 610.701752 1601.727905 -2160.679932 174.943161 -21.699829 218.397827 1288.589325 1464.409943 -2877.684326 142.925415 -79.624634 197.377319 644.786911 1649.783325 -2394.306641 132.303772 -61.283417 121.838379
1879.453831 3266.394825 -560.169678 760.507984 2885.779276 -2379.512939 428.20734 2804.082375 -3212.70752 -71.239624 -0.891857 -109.138184 -101.816301 2855.25116 -2353.602295 -148.497267 -101.473036 -144.025269 67.307186 2788.4272 -3458.280029 -38.593063 -60.720921 -97.617798 -2043.53323 2317.841415 -886.306152 -36.302528 1670.078125 -1501.340332 692.807941 1486.781006 -2114.017944 62.68425 -115.952148 58.449097 1389.964085 1295.80658 -2795.585327 81.95282 -169.608612 93.886108 550.889301 1578.183136 -2266.116943 -113.31955 -72.605438 139.976807
1921.516495 3254.90099 -442.611084 788.092575 2851.588802 -2252.459717 411.337776 2770.872688 -3068.301392 -33.082008 -32.491913 103.373413 -128.780117 2776.139393 -2211.965942 -43.17626 -78.393993 100.603638 68.774719 2773.520317 -3305.117188 -14.744911 -14.18911 112.130127 -1881.826096 2272.9702 -1025.13916 124.912376 1544.590302 -1559.606323 914.671097 1232.511292 -2031.462402 205.650711 -253.551941 41.522827 1528.035812 1031.03653 -2788.804321 121.859283 -264.052277 -34.251709 700.657501 1512.117615 -2213.821411 133.555756 -65.347748 11.262817
1939.838066 3289.632492 -338.114014 813.429527 2877.800121 -2157.116699 376.519203 2766.873398 -2941.370239 -29.218636 -24.504356 86.118164 -80.101013 2694.496574 -2037.709961 54.279041 -102.147884 133.442993 80.737801 2749.451218 -3183.61084 17.563019 -44.574165 80.693359 -1842.500191 2180.884933 -902.55188 67.023373 1552.194366 -1811.720581 842.53315 1025.745392 -2076.397705 -66.53801 -227.270966 -85.748291 968.279457 851.35437 -3050.691528 -554.156418 -200.187225 -302.700195 877.717552 1357.254791 -2174.755859 182.659988 -175.367889 -1.747437
1973.36483 3279.274197 -296.086426 807.349205 2807.486858 -2078.843384 353.905449 2709.430599 -2856.854248 6.240768 -2.038746 77.958374 -93.033304 2559.053459 -1956.384888 15.922232 -80.039062 74.767456 90.741539 2640.883408 -3119.319458 38.858261 -53.163757 57.733765 -1947.840462 2095.223465 -876.116333 -86.26791 1445.809326 -1873.358154 642.625389 931.83197 -2268.076172 -171.053238 -38.509369 -198.236084 849.696083 632.432404 -3198.520508 -89.728851 -163.517914 -154.386597 625.354881 1149.813843 -2419.533081 -223.508148 -152.036896 -251.334839
1731.767845 3159.988556 -226.414795 605.68203 2683.186226 -2003.870239 134.271431 2618.720379 -2762.774658 -3.187943 5.587692 -22.86499 -333.702192 2429.785156 -1893.529053 -24.222813 -32.97039 -54.088745 -37.661514 2474.263153 -3072.194214 88.043022 -70.322342 -69.819336 -2470.385475 1976.179047 -665.646362 -589.891701 1198.611603 -1460.933838 -81.308823 1040.998993 -2265.079956 -507.488136 205.464935 -113.948364 55.128555 773.396912 -3206.2854 -578.121452 237.262421 -124.709473 -243.477097 1005.671692 -2567.692261 -652.385902 -47.844238 -265.10376
1823.618622 3182.177086 -366.950684 700.19577 2746.840782 -2169.82605 270.984879 2670.492516 -2957.483521 71.096802 -20.940571 -72.095337 -287.937021 2630.279617 -2116.937256 -19.851475 127.781754 -100.794678 -68.942261 2643.234291 -3183.117065 -96.897392 96.25843 11.690674 -2560.382843 2060.448456 -732.660522 -703.539314 1505.511475 -1765.099487 -386.783386 1147.67334 -2608.425903 -371.09121 33.961639 -220.732422 106.888618 938.191528 -3444.127197 -13.856583 92.081909 -115.228271 -199.662495 1143.184662 -2716.189575 -21.802044 64.800262 -25.883789
2084.810848 3298.804321 -268.837891 905.672359 2785.714874 -2007.246704 346.177425 2668.518105 -2699.459229 -17.959824 -70.181503 287.907104 -452.581558 2589.190865 -2090.755615 -257.796907 -109.295845 56.064453 -61.267376 2705.520058 -2813.514404 -85.477486 -5.921326 399.485474 -2476.103458 2125.98053 -765.72876 -616.420574 1672.052612 -1828.908081 -165.75428 1153.568573 -2508.914185 127.876736 -62.311859 129.394531 364.780102 1306.720123 -3330.839844 164.739113 300.321503 143.170166 -41.870079 1422.132874 -2802.359619 64.640045 210.741119 -56.287231
2218.931561 3300.696297 -328.847656 905.379238 2753.247738 -1960.339966 335.926685 2706.509552 -2654.168091 -56.624565 20.73101 65.050659 -206.34974 2906.110954 -1827.515869 199.857993 299.659653 282.999268 -128.097076 2878.119202 -2695.662842 -113.203526 155.338707 137.611084 -2570.90868 2200.666656 -702.493286 -606.179523 1758.322449 -1568.790894 144.589329 1200.799408 -1817.960815 263.969784 29.970398 710.712891 2.552509 1594.820557 -2716.517334 -408.601418 270.839996 634.082031 -425.660782 1483.698273 -2614.904785 -430.164528 44.304962 207.214355
2242.664928 3231.088028 -350.351562 1033.959255 2687.599564 -2062.592773 408.154278 2675.022469 -2707.790527 56.129112 -39.249535 -43.169556 135.812778 3040.96673 -1808.101807 326.064038 127.093325 29.866943 14.957619 2590.426369 -2855.385742 126.956215 -295.455284 -149.27002 -2645.021534 2282.71225 -581.240234 -746.475277 1707.423401 -1515.116577 130.64024 1305.325012 -1591.287842 -30.047569 96.763153 237.125854 150.872517 1667.709503 -2513.978271 132.221527 65.126495 212.991943 342.435207 1490.929871 -2052.579956 751.997509 -0.530853 572.77771
2305.551739 3124.202957 -385.994873 1168.702831 2611.639709 -2166.760254 475.354366 2575.953751 -2743.510132 60.224686 -62.411613 -39.525757 45.101681 2984.148018 -1922.495117 -97.686501 -20.161607 -118.199463 -25.752525 2724.949093 -2688.339233 -47.685547 171.179829 163.240356 -2622.955647 2281.821518 -540.328369 -732.160168 1576.446533 -1420.117188 57.695732 1010.263367 -1422.537842 -79.91991 -258.404541 164.943848 212.97102 1557.237396 -2239.728394 55.1231 -73.815002 270.443726 317.953777 1356.160126 -2061.914062 -31.456833 -98.11264 -13.140259
2268.103447 2955.766984 -484.282227 1220.226707 2523.668365 -2326.453857 386.517143 2449.640808 -2651.776733 -67.326279 -61.363602 3.922119 272.064819 2490.067062 -1651.44043 248.474083 -429.131615 183.243408 36.391735 2363.708878 -2737.480469 83.655205 -296.290874 -136.952515 -2646.061287 2270.10704 -424.534912 -755.800781 1512.932129 -1231.471558 -211.283598 861.223602 -1693.685913 -247.468386 -84.090424 -358.959351 -88.518143 1244.290619 -2598.799438 -279.978218 -247.997437 -446.882324 28.444939 1140.371704 -2145.692139 -267.997894 -150.839081 -171.589355
2209.04295 2878.053389 -557.717285 1269.550152 2441.948738 -2448.476562 401.979809 2271.875763 -2308.76709 -0.634613 -190.47348 263.095093 285.131054 1884.3853 -1389.542847 -3.031044 -618.390198 181.983032 159.705563 2181.059799 -2718.823853 107.216549 -195.357513 -61.257935 -2572.524281 2490.796356 -452.327881 -744.145985 1468.129272 -1066.663208 -359.793749 657.867584 -1419.523926 -164.60743 -216.064453 194.247437 28.582268 1203.394775 -2144.920654 101.003132 -53.604279 373.964233 88.024273 996.066132 -1908.128662 43.482056 -157.014008 157.648926
2292.42897 3001.825708 -662.157593 1191.984024 2431.157036 -2399.274902 1134.861221 2490.757141 -3281.417236 732.479553 180.658112 -971.748047 1001.798019 1968.401718 -2446.012573 716.265106 45.793152 -1055.567627 378.356819 2393.117447 -3058.57605 218.249397 173.834381 -338.850098 -2511.03035 2495.340462 -494.057007 -711.905556 1568.531952 -1251.966553 -186.600442 786.104584 -1103.90564 172.791448 90.013733 316.520386 -16.549969 1346.028748 -1886.57959 -45.534096 104.410706 259.243164 67.17907 1034.788513 -1960.530396 -21.247063 0.499115 -51.499634
2402.641029 3022.557815 -820.424194 1091.804619 2328.835297 -2386.30188 1001.40522 2256.396408 -3274.188232 -192.320251 -249.128799 131.121826 608.39077 1742.955627 -2505.098267 -452.2715 -240.214157 64.807129 136.492615 2252.45903 -2593.086548 -300.728455 -155.426483 589.382324 -2440.996513 2477.374229 -359.453125 -725.000648 1716.647797 -1476.002197 -167.940606 1036.949158 -1079.521484 -40.204414 236.076508 148.276978 11.953907 1389.865417 -1984.232788 -30.360374 29.068604 26.239624 -257.834864 1350.091705 -2327.782593 -383.878183 300.535126 -243.359375
2448.412218 2958.197212 -863.064575 1121.952562 2181.902924 -2373.234863 1101.91083 2188.894272 -3267.548828 27.693405 -40.400696 16.654053 531.486101 1741.192398 -2573.390503 -149.716873 25.338211 -58.277588 626.293154 2131.232224 -1844.372559 416.988335 -94.125366 758.728638 -2386.34654 2432.142105 -359.000244 -645.151396 1784.986877 -1503.753662 307.224703 1715.646896 -1629.935913 402.353104 705.799179 -540.39978 53.334818 2167.375336 -2469.611816 -31.431293 804.611359 -475.36438 -128.774292 1624.463806 -2359.872437 56.248367 301.473541 -22.075195
2402.547731 2910.190926 -983.067017 1140.733004 2128.766479 -2590.292969 1001.020174 2202.513504 -3484.708252 -92.504654 28.259735 -112.530518 483.970041 1785.271835 -2711.835327 -39.130058 58.71994 -33.815918 479.053011 2352.09877 -2213.029785 -138.854141 235.50705 -264.02832 -2428.921385 2443.637352 -429.641113 -628.48525 1828.2827 -1564.401245 308.821497 2100.225601 -1502.149658 9.982796 399.219208 232.415161 164.901915 1895.314713 -2472.154541 119.953098 -257.42012 102.086182 308.198977 1852.008438 -2357.337036 445.359271 242.185135 107.164307
2394.486208 2904.963412 -991.890259 1129.083071 2121.536713 -2596.262817 993.617449 2191.790924 -3491.904907 -9.496078 -7.287827 -13.217163 467.837725 1773.936081 -2724.847412 -18.22567 -7.901001 -19.032593 436.823206 2361.067619 -2257.297363 -44.323158 12.403603 -50.288086 -2425.639219 2447.541428 -424.129639 -635.982122 1833.160019 -1577.686157 303.075113 2105.442581 -1545.857544 -7.839737 8.651733 -49.728394 145.053205 1901.16333 -2514.127197 -21.942062 9.283371 -47.993164 254.269114 1871.955948 -2438.1604 -56.023216 23.382263 -86.843872
2311.769323 2925.813303 -1061.254272 1059.169226 2127.111206 -2642.977905 836.001348 2167.878494 -3514.852905 -144.961777 -27.073746 -51.027832 445.666876 1840.039444 -2641.829224 -9.516525 62.942047 54.938354 544.976492 2086.532745 -2034.423828 120.80761 -277.69619 194.793701 -2424.571009 2470.18364 -354.299316 -684.769983 1710.739517 -1461.138306 238.892508 1588.878174 -1731.220703 -51.528282 -519.725723 -213.442993 186.048059 2043.00087 -2613.492432 53.649178 138.676224 -127.445068 173.456755 1978.591995 -2335.612183 -68.158035 103.474731 74.468384
2213.330612 2942.841039 -1083.309326 1020.367126 2174.554062 -2721.101074 714.173126 2184.982605 -3566.989746 -68.48793 -6.179581 -68.944702 390.629616 1883.837433 -2659.343872 -1.696968 20.514297 -34.32251 463.718567 2147.69928 -2098.439941 -27.917633 37.882843 -80.823975 -2470.253677 2482.745934 -316.293945 -734.625511 1717.984772 -1419.99939 -190.247151 1452.46048 -2175.974731 -375.799366 -159.701385 -461.56189 -55.086393 1630.475922 -3142.794189 -187.794161 -435.80864 -546.109619 165.407486 1562.669067 -2112.396851 45.291023 -439.206619 206.407471
2198.668346 2965.065098 -1054.771729 1009.194775 2149.051819 -2673.202515 702.447338 2176.471176 -3518.944092 -10.842819 -21.93367 33.182373 411.051502 1881.606293 -2597.935181 21.304855 -15.653381 46.54541 435.885525 2174.639206 -2069.785156 -26.950073 13.517685 13.791504 -2467.013416 2480.645638 -304.468994 -716.373272 1755.753784 -1413.335571 -123.099723 1423.760223 -2103.99231 68.030397 -42.122498 57.119141 49.595242 1674.054871 -3049.042358 105.564604 30.156708 78.88855 163.571682 1613.507538 -2222.739868 -0.952835 37.416229 -125.206299
2200.765095 2916.815224 -1044.80957 1009.442387 2090.384521 -2681.409302 937.35918 2109.14711 -3586.107788 247.089844 -29.225311 -1.693726 435.497303 1871.032104 -2732.260742 36.623802 27.524567 -68.855591 562.185688 2296.584473 -2161.001587 138.478165 160.044022 -25.74646 -2487.765789 2358.872986 -415.140381 -688.767567 1806.120987 -1581.574707 276.458187 1955.220566 -1543.817139 411.735911 569.559097 625.645142 -183.654681 1834.250488 -2424.819946 -221.071922 198.294373 689.692383 -115.551548 1736.374893 -2648.272705 -266.945229 160.96611 -360.062866
2169.71262 2872.345619 -1070.24353 1005.586643 2038.864822 -2725.514526 912.292576 2118.47168 -3625.822754 -32.865753 31.795883 -14.390259 413.242435 1885.866089 -2767.662354 -30.054016 37.305298 -10.076904 569.562397 2305.813293 -2211.192017 -0.42244 31.700134 -24.865723 -2526.502132 2324.314461 -457.545166 -710.477657 1859.113007 -1639.695435 254.168568 1701.950607 -1596.171875 -30.088768 -230.798645 -27.030029 -0.145779 1885.736313 -2547.990723 175.709754 73.957138 -97.846069 -23.650208 1846.943817 -2665.667725 84.102192 133.040237 7.929688
2168.908043 2872.711325 -1070.374146 1004.869957 2039.170609 -2725.646973 911.721916 2118.311539 -3626.002808 -0.467834 0.042191 -0.062866 412.651215 1885.892334 -2767.816772 -0.488396 0.228577 -0.037231 567.535744 2307.356339 -2212.558594 -1.923828 1.745377 -1.24939 -2526.554756 2324.271088 -457.485352 -710.471077 1858.890991 -1639.431763 254.01989 1701.069946 -1595.088501 -0.045853 -0.678329 1.200562 0.840893 1885.701981 -2547.035522 1.089497 0.167999 1.072388 -22.840385 1847.892761 -2665.142212 0.912647 1.151276 0.6427
2093.221798 2941.066375 -1097.873535 957.086926 2093.342514 -2746.38916 742.053661 2140.890961 -3621.762085 -135.169449 7.460709 -34.968262 409.674282 1883.900604 -2700.10437 31.521873 -17.110443 28.503418 191.654224 2360.56839 -2404.9646 -341.382713 38.093338 -231.61499 -2577.203922 2381.081047 -350.59082 -850.494251 1861.466217 -1613.900146 27.406864 1510.859375 -1839.642334 -192.11422 -205.329285 -283.762817 -12.837486 1844.133072 -2776.958618 20.820427 -56.687622 -269.13208 -126.740427 1900.233307 -2647.439575 -69.401236 37.221832 -21.506348
1981.447239 2985.849501 -1091.109009 837.889042 2214.050293 -2761.84021 600.36356 2357.508583 -3617.53418 -60.701675 210.015144 -6.570435 268.592548 2269.276047 -2668.268433 -60.093307 378.772964 21.037598 230.550251 2317.046204 -2123.964233 119.884453 -50.124664 270.202026 -2703.453121 2453.482704 -246.268311 -932.299404 1816.57402 -1373.972778 -443.067884 1826.084137 -2209.856567 -389.486322 308.622284 -381.012573 -2.873688 1600.157013 -3069.893799 90.952225 -250.578537 -303.733521 -786.047344 1769.349823 -2271.766357 -578.318491 -137.485962 364.874878
1978.836174 2991.491588 -1088.345337 836.874046 2221.671448 -2760.757446 599.271431 2370.022888 -3615.487061 -2.775192 14.438133 2.878418 267.716942 2276.859283 -2666.740112 -2.55867 9.507065 2.359619 225.194702 2327.053146 -2125.136108 -7.038612 11.930771 -0.340576 -2701.305122 2454.230804 -244.838867 -931.755714 1813.536987 -1372.427979 -443.17296 1818.048325 -2208.604736 -1.788139 -6.111984 2.08313 -6.061993 1571.763763 -3064.484863 -4.871368 -26.469421 6.240234 -785.357742 1760.735016 -2269.907837 -0.993462 -6.690979 2.689819
2282.721786 3314.564667 -125.17334 1123.985519 2766.123428 -1868.009644 528.116302 2665.554352 -2532.583008 -74.046936 325.752411 1117.421875 164.866028 2730.99144 -1594.642334 -105.742722 484.353104 1106.615601 152.014771 2811.239824 -1259.020386 -76.071739 514.407625 900.633545 -2779.346237 2562.531357 -178.581543 -1236.12999 1872.210846 -1572.188721 -636.715965 1577.133331 -872.893066 -196.434813 -210.694046 1370.229492 -524.791107 705.913849 -414.598389 -521.620922 -835.628967 2684.404297 -1992.283249 2266.231384 -802.415161 -1209.817314 535.717316 1502.010498
2345.702705 3465.979652 33.990479 1147.149239 3042.622776 -1741.994629 623.965187 3070.677309 -2482.03125 95.353622 403.908968 52.749023 331.421204 3218.823738 -1518.837891 166.059914 486.618309 78.001709 119.135017 3284.980278 -1236.987305 -33.375015 472.526464 24.230347 -2739.842796 2589.782448 -116.658936 -1320.550499 2107.560043 -1742.845459 -1272.241173 1589.51828 -916.737061 -636.02047 11.170959 -41.646729 -813.508072 1163.848572 -136.605225 -289.212227 456.720734 280.19043 -581.244144 1612.355194 -1726.276855 1410.543842 -655.090179 -921.664429
2349.793987 3611.296921 226.455078 1164.316082 3414.538918 -1611.334229 819.470577 3379.126167 -2454.47937 201.421432 310.264959 34.989624 209.82687 3800.39772 -1749.251099 -115.678291 583.390083 -222.975464 139.263439 3567.236481 -1114.058228 26.044464 284.072304 130.366821 -2863.783588 2702.408752 -56.031494 -1511.732807 2261.456985 -1765.387573 -1481.448765 1925.741196 -843.510742 -203.29155 338.039017 80.664062 -1209.566822 1522.762756 36.690674 -390.142708 360.730286 180.733643 -1066.004124 1908.30574 -2217.681885 -478.843937 297.766647 -483.967285
2335.76376 3760.830307 387.941895 1239.145107 3708.117065 -1535.015259 830.424175 3808.105698 -2352.374878 7.463379 423.651466 122.563477 367.556438 4449.216614 -1689.865723 154.239349 643.490829 79.84436 125.934124 4182.384796 -1173.043213 -16.819534 609.820251 -38.526001 -2902.557163 2755.483856 161.472168 -2014.608555 2554.427185 -1887.712402 -1808.563786 2659.585514 -925.285034 -330.60524 728.516254 -61.315308 -1717.707767 2484.434738 -1919.891357 -511.631165 956.343918 -1936.123047 -1606.316319 2816.318455 -1079.054565 -543.802414 902.68465 1159.086304
2412.231674 3889.072037 788.885498 941.703186 4345.138702 -779.709473 944.871063 4152.163467 -1671.582031 108.77182 332.116241 634.11438 343.487091 4292.974243 -2488.302612 -29.744415 -168.183899 -845.115356 446.069794 4308.732147 -114.713135 314.460602 114.405823 1011.651611 -3033.127823 3016.923432 613.608398 -2390.602036 2948.87424 -1516.309204 -2621.019669 2792.221889 -574.117432 -818.130951 120.694847 304.489136 -2330.882492 2859.551163 -1535.536499 -618.849792 363.174896 337.676392 -1902.261734 2874.758081 -1221.136475 -301.620483 46.498098 -188.760376
2441.862831 3933.654556 1083.927002 961.486855 4642.774658 -364.329834 747.638206 4722.266388 -1244.040527 -185.843506 566.545181 425.649414 558.867683 4795.270538 -2243.573608 226.769943 498.738556 242.836914 367.974663 5094.878387 296.711426 -66.70578 782.588501 409.532471 -3293.404808 3061.224976 1328.056641 -2597.046928 3467.310791 -736.906128 -3088.480492 3249.379807 80.734863 -456.071472 453.600178 652.960205 -2561.723137 3417.198372 -755.444336 -219.451294 554.08947 778.200073 -2128.858452 3335.366631 -1119.596558 -215.207367 457.05081 99.647827
2378.808441 3984.764252 1152.698975 1009.117279 4916.602783 -298.099365 808.854218 4944.31015 -1189.705811 54.540787 234.429016 34.880371 636.151276 4932.770081 -2200.905762 70.608368 149.884796 23.213501 383.836365 5267.42218 361.202393 9.186478 184.929047 45.036621 -3302.324371 3091.326799 1452.791748 -2859.717865 3830.36972 -604.063721 -3221.481781 3586.485825 278.348389 -139.676514 349.491272 178.15918 -2919.988251 3962.437363 -607.443848 -364.940338 557.624245 128.546143 -1876.680298 4418.910522 -242.758789 245.50293 1095.929146 857.383423
2320.902748 3995.708389 1188.183594 1203.561592 4905.993805 -464.821777 1110.186958 4783.526154 -1362.192383 303.065643 -163.320923 -177.436523 1153.763771 4754.111023 -2382.537842 519.345398 -181.195984 -186.582031 277.385368 5570.275574 -609.450684 -104.718094 300.316467 -975.603027 -3318.403587 3156.400623 1882.76123 -2949.80587 3906.431122 -174.815674 -3323.621178 4726.099243 211.806641 -100.406494 1137.076492 -71.491699 -3133.807945 4575.105286 -762.72583 -212.086792 610.130997 -160.231934 -3096.285057 4985.974426 86.213379 -1217.871857 564.526978 324.022217
2181.57856 4013.984146 1311.989746 1125.788612 4814.807739 -409.619141 1010.629158 4980.117188 -1288.806152 -85.253754 203.689117 11.589355 810.649605 4940.52124 -2280.205688 -328.81012 193.508301 40.535278 640.083809 5049.788666 -1553.671875 377.002487 -513.388824 -1006.018066 -3292.423515 3069.890976 2431.022949 -3118.592339 4178.12767 538.460693 -3387.869377 4923.722076 -22.570801 -49.944153 204.720917 -296.174316 -3532.071037 5105.202179 -990.059814 -383.959045 537.194977 -289.130859 -3027.64904 4918.460541 -272.807617 82.940063 -60.415802 -420.817871
2091.588211 4045.261765 1388.461914 1075.286789 4817.505341 -370.69458 931.441956 5019.192963 -1238.371582 -76.815414 35.49881 53.830566 825.550537 5107.944031 -2241.463623 17.27272 163.845825 42.138062 561.653519 5000.314636 -1536.447754 -76.058502 -53.050995 20.620117 -3271.770401 3059.05077 2536.993408 -3311.814651 4526.23642 896.877441 -3519.573135 4964.887695 55.223389 -129.33197 37.588654 81.190186 -3782.349014 5405.201111 -797.806396 -247.906189 296.421967 195.649414 -3342.83638 5415.100403 7.180176 -312.815552 493.062897 283.383789
2058.33456 4037.100906 1479.281006 1139.074001 4867.046051 -315.784912 971.189175 4990.405273 -1196.911621 36.85997 -10.353851 45.264893 818.580761 5099.167023 -2195.491943 -9.857025 9.65683 49.776611 426.709728 5090.232544 -1298.640747 -137.831039 108.351746 241.611938 -3162.334995 3129.112244 2646.298828 -3411.593723 4802.464447 1226.776123 -3787.590427 5220.558014 430.391846 -270.904541 274.104156 378.973389 -4255.174351 5763.6026 -265.177002 -475.712585 376.835327 536.434326 -3581.69138 5721.261597 347.939453 -241.742249 324.595032 344.564209
2022.447987 4047.06604 1525.065918 1098.94289 4837.724609 -309.550781 878.124409 4971.546021 -1186.04248 -98.121033 -8.925171 -29.533691 783.489017 5189.874573 -2183.386841 -40.14801 100.641632 -28.297729 348.24419 5047.252502 -1267.225342 -83.521805 -33.045959 -8.987427 -3127.235088 3170.86895 2784.251709 -3498.710613 4935.927582 1475.129395 -3990.203838 5406.994019 764.874268 -207.669678 196.370087 294.07959 -4497.058697 6048.75885 175.827637 -246.940613 295.090332 400.601807 -3733.341045 5910.395508 644.602051 -156.705933 199.067993 256.259766
2023.902435 4049.101105 1507.719727 1099.051361 4843.228149 -325.952148 859.885941 4984.397736 -1196.904907 -16.039047 4.528656 -12.659302 755.565948 5208.527985 -2192.486572 -25.723648 10.330353 -10.896606 303.870659 5064.224396 -1227.981567 -42.17411 8.648834 37.446899 -3112.04071 3178.939438 2882.434082 -3514.737549 4993.437347 1650.648193 -4095.163574 5619.290771 1160.498047 -102.760315 203.973694 393.826904 -4574.107971 6430.047913 799.980469 -74.849854 372.966003 622.355957 -3743.742981 6076.856079 945.031738 -8.202515 158.137512 298.632812
2028.591385 4046.034164 1518.746338 1069.55925 4777.389679 -335.821533 894.496918 4859.397888 -1233.703003 37.479858 -115.107574 -66.018066 924.40834 4820.530701 -2263.17627 171.711273 -378.105011 -99.909668 338.587418 5016.759949 -1058.480225 37.58564 -37.572174 140.281372 -3101.811142 3185.466156 3007.084961 -3564.799728 5042.954865 1843.422852 -4227.353134 5722.660828 1565.952148 -129.320679 113.262329 376.234131 -4759.045944 6582.176514 1496.611328 -182.069092 162.020874 667.410889 -3860.20195 6185.487061 1220.793457 -113.590088 118.523254 246.541748
2107.661552 4049.367752 1602.515869 1045.094261 4877.51236 -137.081299 893.100929 5038.418121 -1023.331299 -37.840424 167.94693 188.023071 961.071129 5103.265076 -2044.064941 0.218353 271.661072 196.762695 337.476082 5114.539185 -882.129517 -37.555771 86.705933 154.002075 -3016.442757 3257.375526 3037.415771 -3538.797798 5133.542023 1955.03418 -4236.991463 5824.171143 1900.83252 -46.082764 90.437012 312.531738 -4719.015694 6566.43158 1419.309082 3.585815 -26.818237 -99.650879 -3689.644051 6074.853516 1696.828613 134.113464 -121.706848 453.686523
2111.760883 4048.322144 1600.183105 1047.932758 4877.263641 -138.428955 894.793415 5038.545837 -1024.470825 -1.580582 0.174103 -0.565796 961.009846 5103.639069 -2045.365601 -3.334351 0.42038 -0.726929 338.528805 5115.669403 -880.463257 -2.220345 1.176605 2.23999 -3011.134777 3259.73793 3041.876221 -3533.216686 5137.585297 1962.005615 -4228.974133 5830.840759 1908.945312 4.744263 6.716003 8.686523 -4705.169811 6573.273315 1421.793213 10.572815 6.888123 3.057861 -3686.848583 6081.995544 1688.848877 -0.4776 7.188416 -7.406006
2131.592369 4035.544052 1552.280273 1083.107109 4831.897583 -213.327637 1010.73864 5092.994232 -1086.663818 104.438477 53.762054 -71.679077 1045.61779 5225.99823 -2103.493652 73.101196 121.672821 -67.614136 476.537361 5021.409454 -1023.356934 126.501808 -94.946289 -152.379761 -2961.872902 3274.702568 3153.742676 -3499.293251 5214.514313 2193.132324 -3878.864174 6007.954102 1750.72998 338.60321 176.427002 -167.701416 -4444.318275 6808.928833 1514.25293 249.344788 234.969177 82.973633 -3615.165138 6173.679504 1553.707275 60.176697 90.99762 -144.627686
2124.296608 4045.927887 1504.810791 1043.548775 4788.776703 -279.222412 1045.175972 5056.147461 -1158.740234 28.981323 -34.192963 -79.437256 1270.361061 5332.334747 -2126.775513 219.287262 108.990326 -30.6427 429.531212 5019.514771 -1130.889282 -52.462158 0.759125 -114.893188 -2938.614769 3295.087128 3158.548584 -3497.574425 5255.056915 2223.878174 -3904.15493 6071.285095 1838.983154 -30.746765 65.984802 80.892334 -4625.638084 6743.888245 1604.168701 -186.775818 -62.38678 82.554932 -3730.311546 6295.785217 1845.137939 -120.602417 124.759521 284.069824
2134.750843 4040.86441 1491.697998 1039.953327 4781.192627 -285.775146 1025.563221 5050.149384 -1165.031738 -31.855164 -0.939484 -16.49292 1236.19463 5327.270508 -2136.45813 -46.408844 -0.005646 -19.884033 395.426235 5027.505798 -1106.276245 -46.347389 13.049622 14.411621 -2917.670574 3298.28228 3173.474121 -3478.390484 5266.683044 2255.83374 -3885.292645 6085.595703 1876.119385 6.619873 19.369202 26.934814 -4570.826702 6789.232788 1623.665771 42.56897 50.403137 9.295654 -3605.381756 6345.960083 1725.125732 112.687378 55.233459 -130.213623
2126.837311 4048.190384 1512.849121 1100.565491 4724.950409 -334.807129 935.163116 5023.761139 -1190.532837 -99.765472 -15.956116 -39.518433 1298.279877 5350.458374 -2101.777954 52.719879 33.619995 20.662842 369.52404 5028.572693 -1116.315918 -35.267563 11.499023 -24.057007 -2885.761566 3293.973045 3180.32959 -3448.522797 5273.433838 2277.233887 -3936.983795 6075.595093 1957.689209 -61.056519 0.431519 67.55249 -4587.73056 6806.260376 1683.037109 -26.269226 27.459717 45.354004 -3589.411163 6422.707214 1726.483154 6.605225 87.17926 -12.659912
2136.864014 4040.392075 1537.041016 1115.636444 4732.328186 -307.108154 950.776749 5043.467102 -1158.28064 5.85762 29.234467 21.890869 1322.410583 5383.377686 -2060.921021 14.374695 42.447815 30.495605 374.554443 5052.286682 -1067.042236 -4.725609 33.242493 38.912354 -2874.368896 3285.564384 3190.793457 -3434.978333 5269.648285 2297.983398 -3922.498779 6073.511047 1982.080078 4.729004 7.444458 14.029541 -4564.119263 6812.044678 1707.952881 13.855286 15.312805 14.554443 -3577.164917 6425.539856 1770.98877 2.490234 12.361145 34.144287
2136.940575 4040.32486 1537.183838 1115.737419 4732.349243 -306.940918 950.875969 5043.551178 -1158.087769 0.027695 0.155487 0.107422 1322.530174 5383.526611 -2060.692749 0.048065 0.220337 0.142822 374.603233 5052.385559 -1066.759644 -0.022736 0.170288 0.197144 -2874.271431 3285.503693 3190.874023 -3434.861946 5269.625702 2298.148193 -3922.37751 6073.502197 1982.280273 0.049744 0.062561 0.114746 -4563.924751 6812.098389 1708.15918 0.122986 0.125122 0.12085 -3577.081795 6425.577698 1771.40625 0.011597 0.109253 0.332031
2136.940575 4040.32486 1537.183838 1115.737419 4732.349243 -306.940918 950.875969 5043.551178 -1158.087769 0.0 0.0 0.0 1322.530174 5383.526611 -2060.692749 0.0 0.0 0.0 374.603233 5052.385559 -1066.759644 0.0 0.0 0.0 -2874.271431 3285.503693 3190.874023 -3434.861946 5269.625702 2298.148193 -3922.37751 6073.502197 1982.280273 0.0 0.0 0.0 -4563.924751 6812.098389 1708.15918 0.0 0.0 0.0 -3577.081795 6425.577698 1771.40625 0.0 0.0 0.0
2138.708572 4038.126526 1540.236816 1117.9319 4732.028656 -303.198242 952.732391 5044.165802 -1153.856201 -0.168991 3.192749 2.41394 1323.766403 5384.745178 -2056.391602 -0.789185 3.796692 2.483521 374.839172 5054.123688 -1059.210815 -1.789474 4.316254 5.731201 -2871.508408 3283.439484 3192.822266 -3431.643906 5268.47229 2302.299805 -3918.870163 6072.984009 1987.861328 1.481934 2.059937 3.763428 -4558.417587 6813.559875 1714.719238 3.48175 4.039612 4.742432 -3574.17778 6425.970459 1781.585693 0.878601 2.970886 8.361816
2177.861767 4019.156342 1587.354736 1315.225658 4693.412323 -339.367676 1012.995281 4965.53421 -1164.654541 7.63237 -55.274353 -25.59082 1299.79948 5332.322845 -2086.12854 -76.597443 -29.065094 -44.529419 393.139896 5247.091522 -657.542725 -34.329796 216.325073 386.87561 -2782.347431 3292.441177 3150.952148 -3342.753925 5312.466736 2349.960938 -3857.178669 6067.76825 1967.539062 9.060974 18.141479 -35.114746 -4412.992268 6881.045532 1723.64502 92.7948 90.842896 -5.866699 -3454.835529 6529.873047 1893.184814 66.711731 127.259827 96.806641
2175.511665 4020.549088 1584.597168 1316.087379 4705.059814 -342.390137 1019.692192 4955.610352 -1177.547607 6.472855 -9.044342 -17.897949 1181.527443 5269.837646 -2148.640137 -118.496094 -61.605682 -67.516479 401.623077 5251.785126 -620.565796 8.259125 5.57312 31.972046 -2768.027916 3301.002426 3146.80542 -3341.741905 5318.64624 2343.206787 -3887.150536 6053.058472 1960.571289 -30.195923 -13.830261 -11.972656 -4409.730492 6886.77948 1708.326416 3.03772 6.613464 -20.323486 -3520.474205 6517.792358 1816.044922 -65.862732 -11.201172 -82.144775
2175.203762 4019.964523 1585.010986 1315.392666 4704.684448 -341.696777 1018.086758 4955.060883 -1176.571655 -1.386032 0.349274 0.681763 1176.122189 5268.536224 -2148.518677 -5.185852 -0.402679 -0.172729 400.948429 5251.993408 -617.687378 -0.455246 1.107025 2.584229 -2767.963505 3299.809418 3148.212891 -3342.045841 5317.794647 2345.81543 -3887.863407 6052.719116 1964.780273 -0.493469 0.559387 3.914795 -4409.941044 6887.441711 1714.870605 0.00885 1.560974 6.25 -3521.344242 6517.325134 1819.815674 -0.650635 0.431519 3.476562
2177.18689 4012.117538 1601.865234 1314.012299 4694.965668 -326.082764 1046.986084 4938.3992 -1173.969727 24.918671 0.19928 -2.756958 1112.46521 5213.581543 -2168.781128 -67.637634 -38.093719 -25.621338 424.474106 5242.631378 -521.380005 19.545021 7.498932 90.948486 -2754.28894 3295.079918 3144.285889 -3321.757507 5309.552612 2323.447266 -3973.651733 6015.056763 2074.216309 -89.768982 -20.801392 104.077148 -4560.286255 6843.860168 2123.282471 -154.325867 -26.720581 403.052979 -3515.710449 6528.805237 1832.700195 1.653137 28.341064 7.525635
2177.220802 4012.070923 1601.633301 1314.026222 4694.744568 -326.358643 1046.979942 4938.014069 -1174.282227 -0.045853 -0.375061 -0.20752 1112.258263 5212.996368 -2169.158325 -0.246658 -0.575104 -0.272217 424.421272 5242.217407 -521.970215 -0.092545 -0.4039 -0.485229 -2754.18911 3295.273399 3143.981934 -3321.476402 5309.659424 2322.824707 -3973.152428 6015.236511 2073.239746 0.459595 0.189819 -0.871582 -4559.827232 6844.051819 2121.550293 0.419312 0.201721 -1.627197 -3515.013695 6528.795471 1831.654053 0.657043 0.000305 -0.941162
]