08-13-20_Thad_4K.alligator_in_orange_flowers.0000000000 [ 2814.43367 3523.862457 1443.041382 2489.82933 4666.742096 -226.925049 2573.506699 5398.065796 199.871216 0.0 0.0 0.0 2444.597702 5381.797791 -746.052246 0.0 0.0 0.0 2550.085831 5070.99823 962.653198 0.0 0.0 0.0 -2980.600357 3189.219766 2224.984741 -3541.358719 5170.500336 1965.328979 -3897.565994 6002.000427 1820.182495 0.0 0.0 0.0 -3657.295303 5109.049835 1980.527954 0.0 0.0 0.0 -3868.351517 5750.513306 1387.739868 0.0 0.0 0.0
2907.793999 3638.40168 1303.607178 2567.037163 4714.263153 -513.790283 2654.472771 5358.076172 91.763306 90.569 -78.497314 -107.251587 2293.639488 5945.646057 -627.865601 -141.355286 525.340576 119.042969 1896.438103 5487.702026 151.426392 -644.0448 378.196106 -810.370483 -3149.924049 3329.03986 2311.109619 -3734.659767 5370.615387 1883.115234 -4025.269814 6104.406128 1343.101807 -118.100891 63.89801 -476.224365 -3622.137184 5337.175446 1799.753418 44.761047 189.61792 -179.918213 -3887.301064 6136.412048 954.934692 -9.346619 347.391052 -431.948853
2904.331741 3652.280502 1269.749146 2536.273575 4700.285034 -571.038208 2682.294846 5298.421021 75.206909 36.203308 -51.479797 -22.943726 2409.422226 6084.558716 -482.254028 124.163971 147.088013 139.224243 1894.252701 5157.686462 -841.069946 6.195831 -321.84021 -998.883667 -3168.763657 3341.139622 2323.301392 -3737.47551 5394.274445 1874.696655 -4053.794479 6115.562744 1323.928833 -20.143433 19.33197 -25.560303 -3628.198166 5366.727905 1800.790405 2.320251 37.727814 -5.350342 -3861.906357 6192.732239 972.55127 33.77594 64.495544 11.229248
2904.331741 3652.280502 1269.749146 2536.273575 4700.285034 -571.038208 2682.294846 5298.421021 75.206909 0.0 0.0 0.0 2409.422226 6084.558716 -482.254028 0.0 0.0 0.0 1894.252701 5157.686462 -841.069946 0.0 0.0 0.0 -3168.763657 3341.139622 2323.301392 -3737.47551 5394.274445 1874.696655 -4053.794479 6115.562744 1323.928833 0.0 0.0 0.0 -3628.198166 5366.727905 1800.790405 0.0 0.0 0.0 -3861.906357 6192.732239 972.55127 0.0 0.0 0.0
2903.544693 3654.746895 1259.120483 2532.209091 4696.130219 -586.154175 2680.264664 5280.798645 72.51709 -0.98526 -17.830505 -2.525635 2418.342056 6127.256165 -395.72876 9.964752 42.489319 86.689453 1911.626205 5186.746368 -842.487183 18.418427 28.851776 -1.253052 -3170.757675 3342.470856 2323.905029 -3741.131516 5396.304779 1874.746094 -4060.971298 6119.223938 1327.227783 -6.131897 3.453064 3.463135 -3624.101181 5371.546478 1796.784668 5.141907 4.610443 -3.841553 -3872.595749 6203.901062 986.581421 -9.64447 10.960693 14.194336
2903.617706 3654.687347 1259.048462 2532.338257 4696.028137 -586.271362 2680.746613 5280.558319 72.44812 0.492859 -0.243988 -0.073242 2419.212952 6127.237854 -395.622559 0.881805 -0.021973 0.101929 1912.158203 5186.956177 -842.666626 0.542908 0.206146 -0.183716 -3170.756073 3342.513695 2323.884888 -3741.104889 5396.360168 1874.710083 -4060.919342 6119.318237 1327.22229 0.062866 0.090637 -0.009766 -3624.030609 5371.617126 1796.730347 0.081482 0.066986 -0.058594 -3872.52243 6204.056396 986.656494 0.084229 0.151672 0.070801
2897.186317 3705.664558 1238.197632 2460.994911 4684.331055 -659.46228 2633.939705 5261.158142 15.78064 -24.705811 -32.62558 -80.623779 2322.371712 6002.033997 -604.544067 -74.740143 -138.42926 -232.877808 1875.929756 5158.642426 -956.519165 -14.12735 -41.539154 -137.808838 -3222.912102 3358.178425 2392.643433 -3767.845879 5438.934326 1899.019165 -4110.84362 6122.393188 1295.48584 -27.823181 -10.150452 -55.692749 -3629.131584 5446.818237 1849.961548 17.000122 61.975708 29.274902 -3893.274345 6279.71405 1038.742676 1.349182 62.432251 28.129883
2898.151779 3700.968781 1217.322998 2453.899307 4657.590027 -691.123047 2636.382523 5263.886871 -44.0979 4.933319 2.448273 -63.027344 2356.409836 6090.711975 -563.657227 36.528625 88.397522 37.738037 1861.511612 5137.767639 -985.893555 -11.927643 -21.155243 -32.523193 -3226.409073 3360.958557 2386.18042 -3772.187271 5439.86908 1880.166016 -4105.389175 6123.48999 1270.45105 7.944946 0.816345 -28.183594 -3603.725662 5469.385529 1833.944092 27.896423 22.286835 -19.16626 -3873.64357 6313.044128 1059.73877 22.121277 33.049622 17.84729
2898.037033 3701.025162 1217.269287 2453.725357 4657.54425 -691.209106 2635.958481 5263.942566 -44.211426 -0.3508 0.059967 -0.102539 2355.417709 6090.151367 -564.439087 -0.918884 -0.556335 -0.770874 1861.147995 5137.449493 -986.015015 -0.290375 -0.313873 -0.110474 -3226.445389 3360.986919 2386.014404 -3772.15889 5439.871826 1879.849854 -4105.198441 6123.410645 1269.959717 0.263977 -0.075073 -0.480347 -3603.640823 5469.407806 1833.659668 0.158081 0.02655 -0.273438 -3873.199234 6312.95166 1059.158325 0.517578 -0.088196 -0.569458
2898.287125 3725.687523 1139.910889 2453.879623 4679.302673 -765.041504 2601.692886 5296.645813 -122.146606 -25.783691 -7.671509 -40.878906 2362.255173 6056.782532 -748.81958 15.319366 -73.743591 -147.324219 1850.232315 5069.415283 -1130.762939 -2.433777 -108.408966 -107.69165 -3238.73558 3350.347395 2386.010132 -3749.466171 5414.061584 1805.823364 -4119.809799 5990.094604 1114.910278 -6.129456 -173.690796 -117.993164 -3575.60051 5553.134918 1826.229858 36.522217 43.352356 29.626465 -3674.68132 6379.002686 959.473877 206.999817 25.67627 -62.628174
2897.894402 3728.123398 1112.724609 2459.005699 4709.244995 -773.59314 2439.223289 5513.530426 -367.189941 -163.141479 200.342255 -241.795654 2363.544121 5833.763123 -1323.610229 0.617065 -239.561768 -571.542969 1743.474388 4986.324768 -1268.927612 -107.42981 -99.632874 -134.916992 -3245.210304 3351.447973 2370.26123 -3720.309181 5381.613007 1672.969971 -4072.606239 5829.228821 887.223511 46.531677 -177.408142 -224.439087 -3639.404335 5768.554382 1780.0 -64.475708 198.877106 -42.982178 -3669.344215 6292.955322 740.001221 4.665222 -102.589722 -216.224976
2892.876625 3746.490898 1096.870728 2438.504066 4621.580811 -806.467285 2201.611824 4982.241211 -1584.807739 -248.427734 -564.980316 -1165.006714 2020.197639 5329.887695 -2503.24707 -354.16275 -537.566528 -1127.025757 1662.273827 4875.628204 -1825.455933 -92.01683 -144.387665 -503.917236 -3229.455376 3312.247365 2304.063721 -3678.841972 5304.077148 1567.404785 -3846.353264 5667.245789 696.63269 215.436707 -195.674133 -137.979736 -4141.178093 6439.125671 1226.564941 -512.590027 636.880188 -500.823975 -3677.791557 6093.054199 615.875854 -19.263611 -233.592224 -71.514282
2892.375221 3746.871872 1096.002197 2437.443275 4621.244202 -807.540894 2200.175209 4981.351013 -1586.027222 -1.325226 -1.162109 -1.000977 2018.359566 5328.50769 -2504.576416 -1.726685 -1.651917 -1.11084 1661.154747 4873.993073 -1826.747437 -1.00769 -1.907043 -1.072998 -3229.816399 3312.074327 2303.597412 -3679.41143 5303.675842 1566.42334 -3846.935844 5664.741821 694.776001 -0.471191 -2.775879 -1.638184 -4144.442253 6440.414429 1217.631836 -3.152771 1.016846 -8.7146 -3678.816948 6089.984131 612.912598 -0.914001 -3.34198 -2.744751
2689.410477 3689.002609 870.592041 2257.08046 5190.663757 -440.358276 2288.949051 5432.893829 370.463867 147.757721 281.122284 2368.792114 2143.995438 5739.219513 -517.319336 184.619751 240.29129 2399.558105 1601.577682 4973.534546 -851.970215 -0.593185 -70.879059 1387.078247 -3241.839523 3188.509998 1701.286621 -3624.625168 5145.279846 1161.833496 -3830.504074 5329.584045 292.910767 75.415649 -505.578308 10.435791 -4196.820297 5728.63266 -468.021851 6.605835 -882.202301 -1273.352661 -3715.274277 5897.912445 201.204834 22.52655 -362.492218 0.593262
2595.887489 3601.936588 917.721558 2108.680153 5287.464447 -70.921021 2050.506935 5096.897125 741.099243 -246.954651 -295.731812 371.835938 1780.180244 5481.956635 -70.648804 -372.327728 -216.997986 447.871094 1680.604439 4798.253784 -613.912354 70.514221 -135.015869 239.258423 -3218.145103 3067.240448 1667.471313 -3396.093407 4906.699219 805.006714 -3437.881432 4880.975952 -93.911133 384.110107 -408.343201 -385.621338 -3944.104881 5310.354156 -734.117432 244.202881 -378.013611 -264.89502 -3500.898094 5352.413025 -288.007812 205.863647 -505.234528 -488.012085
2507.519073 3523.265724 932.37793 1894.149323 4948.005371 -258.962402 2041.898346 4419.897537 339.901733 21.898804 -669.362259 -356.552124 1438.11058 4651.563034 981.812744 -311.562271 -822.756271 1097.106934 1229.284515 4141.69693 -437.816772 -420.812531 -648.919525 220.740967 -3174.636688 2975.654449 1548.616943 -3234.991913 4807.422791 797.723389 -3532.27005 4447.137756 58.641968 -63.881226 -426.200867 197.198486 -4286.82663 4920.312653 153.135376 -312.214355 -382.404175 931.898193 -3095.930634 5008.904419 -288.546143 435.474854 -335.871277 44.107056
2542.13768 3578.048344 843.28186 1694.468155 4791.104584 -454.428711 1229.234848 4120.989914 -406.826782 -863.181 -345.879059 -677.39563 1780.541611 4837.049713 -562.285767 291.913528 138.515244 -1474.765625 1235.101089 3969.903755 -80.338135 -44.700928 -218.76461 426.811523 -3098.384323 3165.496445 1336.583862 -2727.535934 4630.571747 37.034302 -2862.018356 4291.010742 -763.444214 619.734192 -203.09845 -752.753296 -3748.396225 4400.754242 -642.268677 487.912903 -566.529846 -726.071167 -3035.094528 5541.004944 -685.212402 10.318604 485.129089 -327.333374
2386.732483 3668.6654 699.002686 1334.493103 4526.44043 -703.955688 1602.89917 4255.788574 11.333618 394.046173 50.539932 522.704468 1100.836945 4230.684433 -746.634521 -659.322815 -690.624008 -79.804688 796.278572 3957.498016 265.754395 -418.440666 -96.664467 450.636597 -3133.076477 3148.518333 1021.437988 -2476.600037 3909.926071 -680.818481 -2608.48053 3747.908916 -1528.14209 273.919678 -627.360554 -660.153809 -2826.529236 4547.533646 -1193.070679 942.24884 62.520676 -446.257935 -2403.275146 3766.559925 -1702.836304 652.201233 -1858.703747 -913.079834
2253.768997 3723.307323 708.624268 1124.574356 4395.066071 -735.981445 1179.412613 3996.180954 -32.311401 -424.398041 -230.086746 -69.603271 906.833458 3936.083069 -898.17749 -194.91497 -265.08049 -177.501221 666.697731 3720.45536 184.244385 -130.492325 -207.521782 -107.468262 -3013.723526 3175.015221 790.727539 -1985.03746 3807.654457 -775.142822 -2472.240982 3412.581797 -168.068237 135.328064 -305.806246 1334.115601 -2007.469254 3074.981956 517.234497 818.148499 -1443.030815 1684.346924 -2037.383041 3366.286449 -1662.990112 364.980621 -370.752602 13.887939
2142.196274 3729.90118 690.936279 938.358955 4187.052383 -767.252808 844.784546 3855.368271 -36.806641 -324.272385 -124.915161 -21.640015 558.203049 3838.816795 -896.459961 -338.274727 -81.368752 -15.427246 444.182353 3631.803846 175.355835 -212.159696 -72.753992 -26.033325 -2827.330246 3204.939671 421.049194 -1543.245468 3593.556776 -1021.536865 -2106.814346 2964.239426 -815.127563 375.782318 -432.444849 -664.204102 -2050.308914 2291.093674 -234.360352 -32.483978 -767.990761 -768.739624 -1241.281052 2961.10714 -1831.714478 806.457672 -389.281788 -185.869141
1952.356415 3754.337845 791.635742 599.865704 4017.48291 -593.391724 477.167578 3730.948658 155.422363 -349.71467 -89.59631 100.725098 122.619781 3828.278122 -677.180176 -417.680969 24.28463 127.775879 -72.136383 3875.675392 429.915161 -498.416438 278.694849 163.05542 -2727.830505 3177.460556 167.610474 -1246.839294 3446.561164 -1116.239014 -1515.283966 2615.534821 -1110.675659 609.432678 -313.881302 -387.052002 -1243.02063 1799.965668 -863.510742 825.190582 -456.304703 -720.654297 -1007.97348 2638.884735 -1801.046143 251.209869 -287.399101 -60.835571
1836.515732 3695.095005 827.791748 388.78231 3992.500572 -435.76416 222.49402 3674.481449 287.366943 -209.423389 -32.561874 62.398682 -134.718475 3774.420509 -539.09668 -212.088089 -29.952278 68.537598 -351.918945 3794.527321 523.24707 -234.532394 -57.242737 23.786011 -2857.598801 3158.740673 419.927979 -1288.432846 3146.034431 -769.543457 -1260.494003 2644.898834 -1479.207764 300.040131 53.269348 -438.078003 -1284.552689 2212.470322 -2257.208862 3.718109 436.409988 -1463.244019 -922.717743 2568.469315 -1581.931152 130.505905 -46.510086 149.569092
1767.004433 3699.295673 776.682129 335.610311 3945.834427 -520.679932 23.642197 3589.543095 134.669189 -193.352365 -83.451538 -138.997803 -289.706116 3697.636356 -709.921875 -149.488182 -75.297337 -157.125244 -439.986916 3650.934238 354.953613 -82.568512 -142.106266 -154.593506 -2759.815483 3160.852642 323.73291 -1138.995323 3077.607307 -796.740723 -1034.663963 2569.959412 -1496.254272 231.329498 -73.452606 -3.346558 -918.334923 2107.640686 -2249.962158 371.717224 -103.342819 20.946655 -596.129341 2463.716125 -1583.4552 332.08786 -103.266373 12.175903
1742.963562 3706.175671 751.226196 325.526021 3868.053322 -591.051636 -232.496948 3537.445803 -100.456543 -261.433449 -49.06415 -246.460571 -426.538849 3739.01701 -969.088745 -142.127037 44.413795 -270.501709 -593.859634 3723.478088 146.204224 -159.167023 75.576992 -220.084229 -2656.921387 3152.689629 172.040405 -1033.254547 3050.039597 -962.848511 -966.029358 2471.834259 -1616.995239 63.340302 -95.09201 -132.075806 -277.674484 2093.594666 -2050.266113 635.366135 -11.012878 188.361206 -553.641663 2381.504745 -1670.966797 37.193375 -79.178238 -98.846436
1643.264637 3711.25843 774.585571 197.450066 3809.844093 -554.334717 -179.772892 3285.591698 -55.08606 64.735909 -221.417704 -30.270386 -490.233212 3663.10606 -829.821167 -51.68251 -45.474548 63.626709 -692.740993 3571.554508 261.870117 -86.869507 -121.487179 40.025024 -2509.86311 3162.489338 118.970337 -856.540661 2969.062347 -973.612671 -584.462643 2410.675964 -1595.495605 393.578568 -30.721893 -54.141235 -290.401897 1943.568878 -2306.873169 -0.715561 -119.589386 -332.247925 -342.922344 2377.831879 -1704.382324 222.731171 26.763535 -109.056396
1605.346298 3722.551231 752.609863 196.356106 3803.826866 -613.494873 -104.589691 3376.435266 12.421875 77.483559 87.169862 50.717773 -578.762131 3589.832878 -740.570679 -86.228561 -76.946888 72.460327 -708.733749 3485.525627 170.803833 -13.692398 -89.702587 -107.856445 -2445.771561 3156.029797 34.725342 -805.470123 2920.783348 -1065.487061 -447.679596 2555.025864 -1779.044189 139.083405 140.676193 -200.338745 -145.668221 2172.781525 -2535.162964 147.034035 225.53894 -245.079956 -122.905655 2469.205322 -1798.48999 222.317047 87.699738 -110.897827
1600.309715 3723.348389 763.689575 173.471556 3805.654564 -588.937988 91.812191 3004.962234 -448.709106 203.820667 -367.770028 -477.316284 121.144886 3277.27663 -1323.596802 707.325802 -308.853245 -599.211426 -4.750423 2760.484238 -257.313843 711.402111 -721.338387 -444.302979 -2450.430946 3152.06171 76.367188 -762.157784 3034.190826 -975.649414 -469.492226 2832.746124 -1780.352783 -14.393845 281.423264 -17.493896 -14.819298 2751.874313 -2554.13208 138.267708 582.795792 -35.154419 38.030243 2597.851181 -1724.650879 168.354683 132.348862 57.653809
1624.709721 3694.443893 833.705444 129.450645 3829.750366 -416.978149 97.574654 3186.183128 -909.87915 -0.676575 216.759834 -482.733154 200.985069 3462.025433 -1771.248169 73.401146 220.287743 -469.214478 101.708755 2966.459084 -1149.007568 100.020142 241.513786 -913.256836 -2497.005825 3124.307442 184.21814 -782.617855 3041.782417 -800.497437 -417.391262 2762.535667 -1543.220825 45.661926 -34.671516 215.568848 187.092018 2673.116531 -2196.901245 195.472279 -43.218842 335.667725 91.249847 2510.242386 -1389.511108 46.780567 -52.069855 313.57666
1582.043266 3689.910316 826.140137 63.642902 3720.717888 -407.232056 123.661537 3601.085529 -1208.386841 52.461834 413.829708 -301.038208 218.281384 3511.774149 -2110.52063 43.671265 48.676023 -341.802979 -44.376793 3266.069632 -1427.648315 -119.710598 298.537855 -281.171265 -2541.692238 3137.417145 215.706787 -807.659264 3068.590851 -740.123291 -518.67733 2762.329025 -1506.657104 -74.911118 -1.279335 34.033203 222.87827 2591.798401 -1979.60083 62.161202 -82.390823 214.769897 120.528164 2442.774887 -1210.412598 55.653267 -68.540192 176.567993
1512.835503 3731.594696 756.467896 136.127834 3594.969406 -642.351074 139.643888 3218.950844 -1367.451782 44.651861 -403.103008 -158.658447 24.875088 3442.437129 -2248.920898 -164.736786 -90.305343 -137.993774 -32.145882 3199.635601 -1749.456177 40.900421 -87.402353 -321.401367 -2529.087639 3160.95726 173.370972 -767.488594 3110.74789 -755.903931 -535.477791 3009.589615 -1598.168335 11.869049 226.292267 -91.104736 83.280373 2837.660599 -2230.03418 -110.928388 224.893875 -250.026855 73.632145 2584.875565 -1417.491455 -18.226509 121.132355 -206.672363
1563.552361 3740.517807 771.022949 152.529392 3672.510128 -590.518799 102.023926 3322.238431 -1324.18335 -55.685682 94.380727 63.723145 -39.831219 3472.860718 -2214.508057 -82.772026 21.516728 54.867554 -20.441513 3200.21143 -1629.335938 -6.361351 -8.331032 140.574951 -2463.737068 3160.59515 105.005493 -782.600136 3166.216125 -953.875732 -509.958076 2977.68589 -1765.874023 7.453995 -40.810585 -147.250977 -87.912788 2895.480881 -2554.754639 -189.258881 48.913422 -304.265747 -93.558731 2627.869568 -1727.055664 -185.256596 34.087143 -289.109497
1542.557678 3740.54512 748.309326 107.453384 3682.646961 -577.381592 82.384491 3367.972567 -1324.940796 0.745354 37.542303 25.239258 -225.087204 3505.661516 -2170.9198 -164.871197 24.608965 69.584961 -43.766232 3207.322445 -1616.091309 -2.93993 -1.080818 39.241333 -2379.091339 3183.560886 121.170654 -690.388489 3161.365566 -911.040039 -561.878967 2953.005066 -1749.777832 -31.536102 -32.872658 42.092896 -341.708221 2900.588913 -2615.742188 -233.410645 -3.083801 -34.990845 -83.251305 2872.070541 -1845.210571 30.692215 236.00914 -92.158203
1519.496212 3724.190788 769.511719 94.733372 3655.344124 -556.015015 62.343445 3361.641929 -1308.510742 3.520298 9.228139 7.042236 -264.4063 3487.547607 -2145.378418 -15.757751 -2.555132 16.153564 -65.211105 3182.139034 -1588.792725 2.11647 -9.624634 17.910767 -2450.92783 3175.86441 193.446655 -741.099873 3173.721771 -788.794556 -609.1395 2917.810593 -1610.247192 -23.699188 -19.635696 130.142822 -464.654484 2820.833511 -2484.794922 -99.384918 -64.196625 121.559448 -107.74622 2805.335617 -1640.79834 -0.933571 -51.176147 195.024414
1519.499779 3724.172134 769.438477 94.720612 3655.248299 -556.073608 62.315884 3361.413386 -1308.519287 0.004272 -0.259671 -0.022583 -264.385033 3487.089615 -2145.443115 0.053101 -0.48912 -0.078735 -65.249481 3181.808815 -1588.740845 -0.006542 -0.361347 0.037842 -2450.829353 3175.918922 193.377686 -740.976448 3173.658028 -788.830566 -608.968773 2917.634659 -1610.24353 0.20256 -0.207062 -0.010376 -464.462624 2820.425262 -2484.763794 0.223694 -0.439377 0.01709 -107.658081 2805.536423 -1641.057739 0.119972 0.169678 -0.273438
1454.162674 3733.10463 750.077515 82.459812 3517.120419 -621.546631 128.447866 3287.618237 -1397.338257 119.287081 -61.816084 -104.605713 -282.885323 3455.420876 -2190.741577 34.654808 -19.689674 -61.085205 -77.623501 3128.400574 -1723.245239 40.781078 -41.429176 -150.291138 -2530.586319 3220.276232 401.026611 -700.602646 3169.663982 -344.110718 -505.384903 2925.617943 -1158.721924 156.738968 19.962349 435.734863 -313.66394 2720.604172 -2007.29187 203.953781 -87.842026 461.685181 -102.500076 2826.75766 -1230.106812 58.313103 33.200302 395.164185
1477.413654 3713.367996 786.205444 -40.779381 3761.266441 -442.833862 18.190269 3394.434981 -1163.947144 -130.711336 129.877658 207.851562 -270.709248 3388.925462 -2027.151489 -8.277664 -43.434501 138.050537 -104.670563 3225.823574 -1471.877441 -47.500801 120.483913 225.828247 -2487.669201 3198.314285 392.718506 -697.042141 3066.915703 -438.7854 -169.084911 3099.521198 -1133.831787 315.846252 196.964169 -0.649414 -149.449024 2791.911964 -1973.810425 143.761177 94.368706 7.941895 30.654736 2887.130356 -1171.861572 112.701073 83.433609 32.705688
1505.191345 3718.082962 771.151733 5.082111 3698.321724 -499.91272 93.843279 3307.651143 -1211.192017 80.526686 -96.915064 -20.818481 -259.603271 3411.224875 -2049.945679 15.979652 12.168188 3.632202 -99.411793 3204.635057 -1574.538574 10.132446 -31.319742 -76.234741 -2452.205048 3228.36791 295.252686 -694.178009 3106.524525 -631.743774 -385.781898 3042.112484 -1452.318115 -211.823311 -67.53994 -292.059937 -73.835468 3023.433533 -2296.77063 80.487232 221.390343 -296.533813 -79.326992 2887.991982 -1523.969116 -105.108051 -9.2696 -325.681152
1524.363785 3736.824875 741.206055 82.0012 3723.084335 -594.229736 176.02201 3348.851583 -1313.346558 61.409459 33.971741 -82.717285 28.659954 3535.067596 -2197.800903 267.493954 116.614022 -128.417969 15.615959 3395.752914 -1738.331909 94.25848 183.889158 -144.356079 -2412.062912 3209.45014 238.253174 -689.075623 3132.933884 -755.675659 -463.925018 3017.888641 -1597.224121 -98.912392 -31.452541 -125.46875 -67.224216 3104.238625 -2400.618896 -14.15802 73.576393 -84.411011 -76.498432 2933.780556 -1678.837891 -17.940712 38.559875 -135.431519
1527.259464 3742.544136 675.178833 215.394174 3691.485424 -789.303589 338.852797 3377.250701 -1532.792969 181.30672 7.468332 -189.137573 290.518084 3419.64329 -2446.826172 280.334063 -136.355093 -218.716431 178.059518 3282.129068 -1901.821899 180.919492 -134.554632 -133.181152 -2449.692593 3185.640926 120.776367 -747.939053 3194.961681 -914.022217 -541.005917 3032.354736 -1752.910767 -58.604965 -6.464691 -125.377808 -48.367825 3147.559147 -2498.035889 37.332325 22.389736 -67.108154 -118.246593 2967.690964 -1831.860352 -23.272228 12.979622 -122.713623
1566.066475 3765.006523 599.0448 275.688276 3716.36549 -897.278442 245.159671 3591.255932 -1707.678833 -110.612929 173.95274 -142.734375 270.115113 3393.705304 -2606.685791 -37.322774 -65.990477 -127.70813 132.403212 3294.796667 -1916.04187 -62.57611 -27.384892 17.931519 -2478.608971 3191.051064 8.660889 -816.813316 3155.608368 -1106.296997 -607.817345 2978.146477 -1946.202393 -83.731232 -94.26075 -161.140137 -42.414303 3190.877113 -2620.171509 -10.966282 3.265476 -89.984131 -142.343521 2929.171486 -2015.264893 -41.016731 -78.571968 -151.253052
1705.032215 3740.620384 669.729004 281.225777 3825.257187 -680.601807 225.255888 3345.945597 -1337.926636 -41.855211 -228.026094 366.066284 387.376442 3187.612934 -2224.466553 95.309901 -188.808129 378.533325 86.512642 3086.764755 -1474.501343 -67.841997 -190.747671 437.854614 -2561.809826 3139.216976 -42.197266 -908.344784 2981.195717 -1136.342163 -660.355587 2594.865265 -1884.768677 -74.48967 -365.996971 57.747803 -215.039043 2960.527916 -2575.386963 -194.576168 -213.064957 41.098633 -247.488041 2842.553215 -2065.063477 -127.095947 -69.33403 -53.484497
1782.201424 3749.874573 558.55835 330.255594 3836.940498 -773.056641 235.75195 3168.004227 -1235.560303 18.777598 -197.62948 135.239868 491.859379 3159.629326 -2117.832642 112.764473 -47.671719 139.507446 38.478966 3204.289303 -1795.637817 -39.75214 97.836437 -288.262939 -2640.089836 3062.405472 -119.671021 -965.451469 2828.971329 -1182.262573 -747.360878 2477.73407 -1960.841064 -78.723755 -136.819305 -43.198853 -145.131454 2739.179688 -2580.894165 78.189125 -241.036339 27.366333 -329.674797 2722.897568 -2102.354736 -73.90522 -139.343758 -4.417725
1831.939869 3730.652657 501.686401 487.805443 3678.000107 -929.923706 279.210334 3426.962417 -1677.334595 47.76718 242.020935 -409.978638 18.78027 3205.452118 -2526.260376 -468.770313 28.885536 -376.63208 -33.937111 3199.790268 -1891.036987 -68.107281 -21.436291 -63.603516 -2633.660107 2894.223518 -409.003906 -880.663433 2657.69722 -1319.143677 -793.981609 2116.721039 -2005.410767 -42.311935 -377.950287 -12.774048 -137.452564 2532.685089 -2458.361206 11.987686 -223.431854 154.328613 -348.148746 2576.648178 -2273.38501 -14.165154 -163.186646 -139.234619
1833.530855 3472.285557 975.730591 385.922918 3615.872726 -284.73938 146.918759 3313.098125 -984.606323 0.490303 90.650173 306.104736 32.083364 2984.032097 -1810.842896 146.084971 -16.905556 328.793945 -381.983099 3122.027349 -1058.869629 -215.264111 126.751547 445.543823 -2834.424162 2727.066841 -311.334839 -1006.652174 2403.796616 -906.40564 -984.468031 1898.414917 -1602.432251 -57.704544 -13.791656 16.35498 -275.970106 2236.333008 -2003.389893 -5.735664 -91.837616 68.347778 -552.764082 2126.077347 -1845.65979 -71.833458 -246.056366 41.101685
1962.159631 3498.246155 981.659546 443.145006 3590.795403 -226.339111 -5.085542 3050.992165 171.682739 -92.872305 -291.560001 1147.318726 -553.269408 3016.094685 891.173096 -526.220775 2.608547 2693.045654 -216.429045 3317.151551 -1062.611084 224.68605 165.670161 -12.711792 -2974.078925 2728.164291 -288.242188 -1101.651556 2147.586288 -456.654053 -1202.65734 1566.782074 -1094.510498 -159.057312 -361.086884 498.951416 -794.839575 2008.025131 -1750.748901 -459.737473 -257.761917 243.670654 -728.469336 1990.808182 -1534.143677 -116.573257 -164.723206 302.545776
2054.980488 3434.692965 849.890137 556.996937 3586.006622 -359.057007 -27.236738 3450.82653 172.963257 -59.717078 389.339676 50.061646 -676.775875 3236.432376 757.22229 -161.07235 209.843001 -85.169678 14.658103 3444.107971 -1199.06189 193.521266 116.46173 -87.669678 -2984.120464 2679.663925 -353.22876 -1184.437695 1962.546082 -618.331299 -1222.914257 1530.20874 -1364.415894 -57.8228 -47.068024 -221.124268 -571.130352 1889.811249 -1841.598511 186.143341 -128.708572 -42.068481 -781.290035 1818.8974 -1620.730591 -90.386581 -182.405472 -37.805786
2178.49597 3453.014927 870.148926 686.857405 3574.643459 -373.403931 144.348068 3654.574623 219.811401 132.580738 187.022934 60.176392 -446.351099 3261.555049 784.06311 191.420708 8.397515 40.169067 -192.872496 3479.103699 -989.399414 -246.534667 18.270569 222.990723 -2928.338442 2608.351135 -407.963257 -1112.465105 1862.198334 -576.860352 -1106.257982 1437.59491 -1335.979614 77.652206 -109.338989 41.764526 -445.856218 1891.286621 -1725.841675 86.270065 -15.249786 129.085083 -561.908846 1664.906006 -1559.041748 180.377121 -170.716553 75.01709
2228.206692 3446.085644 697.105713 694.193707 3617.807083 -507.768555 203.988752 3577.855835 139.550171 10.787659 -94.675636 1.547241 -369.131451 3255.027838 771.647339 28.366623 -24.48406 69.3927 -133.407917 3576.452408 -1162.102051 10.611553 79.391861 -90.894165 -2897.15601 2587.616348 -382.74292 -1092.006092 1810.669403 -647.102051 -1108.060474 1333.571014 -1380.819092 -50.655518 -121.980743 36.968994 -399.243984 1853.852997 -1556.755981 -2.240791 -55.390472 250.894165 -516.491566 1673.378448 -1613.327637 -3.435745 -9.484406 27.522583
2312.672405 3459.410105 637.561646 818.081989 3633.243256 -618.909912 204.67948 3539.568939 -92.299194 -31.973534 -77.011871 -166.328125 -476.235447 3354.2923 487.415161 -139.768257 60.539486 -218.710938 -156.769924 3643.772659 -1253.659058 -56.026268 28.595276 -26.035767 -2863.092213 2565.617142 -422.740479 -1063.390903 1786.217804 -729.754028 -1014.249897 1321.492157 -1471.038208 61.146317 -50.803833 -24.697876 -337.032413 1890.003204 -1625.916138 29.54731 -2.574768 -3.638916 -467.371464 1703.399658 -1682.841187 16.455841 -8.703766 -3.99231
2312.617512 3459.427023 637.529907 817.991924 3633.133888 -618.930664 204.632312 3539.689846 -92.224731 0.007116 0.091915 0.053711 -475.989437 3355.538791 488.198242 0.300293 1.217499 0.762329 -156.931591 3643.267536 -1253.621216 -0.107384 -0.534115 0.01709 -2863.059521 2565.561371 -422.879639 -1063.329906 1786.173859 -729.807129 -1014.142361 1321.413879 -1471.070557 0.161819 -0.107269 -0.053101 -336.893063 1889.870605 -1626.030273 0.193634 -0.161591 -0.134888 -467.217999 1703.287659 -1682.848511 0.207748 -0.140991 -0.028076
2302.816629 3415.938702 734.61792 791.192904 3505.057964 -506.952515 37.350426 3300.081245 -281.936646 -126.857835 -203.196248 -276.767578 -519.821997 3510.588799 409.066772 -3.408508 191.462361 -166.187134 33.236017 3467.873344 -1433.695679 230.59166 -138.981838 -267.130127 -2882.608023 2521.174774 -475.596924 -1032.231665 1843.419189 -696.715088 -1001.395254 1246.611328 -1336.322632 53.171158 -38.390198 47.692261 -346.79244 1767.847748 -1658.632202 30.524673 -85.610504 -119.657593 -463.892317 1653.384399 -1644.378662 43.749733 -13.490906 -48.585815
2302.255907 3415.342522 735.059204 790.65896 3503.025894 -506.699219 36.876144 3292.850993 -286.273804 0.29274 -6.582364 -6.751709 -526.739073 3495.098267 401.987305 -6.150055 -14.842644 -9.494019 38.907986 3465.132513 -1438.121338 6.43899 -2.092943 -6.84021 -2882.435102 2521.278076 -475.549316 -1031.870756 1843.917847 -696.610718 -1000.514021 1247.770233 -1336.829224 1.648254 1.806793 -2.921143 -345.838308 1769.686737 -1657.931519 1.721153 2.486877 -1.713867 -463.41258 1655.206146 -1644.267578 1.246758 2.469635 -2.303467
2302.25214 3415.26824 735.025635 790.664845 3502.836437 -506.749878 36.928415 3292.190027 -286.620483 0.095253 -0.619462 -0.452881 -527.178783 3493.751583 401.437378 -0.396729 -1.30518 -0.656128 39.371405 3464.732342 -1438.496094 0.506401 -0.358667 -0.480957 -2882.421322 2521.303482 -475.529175 -1031.856518 1843.947754 -696.586304 -1000.485058 1247.823029 -1336.82373 0.071945 0.094299 -0.100708 -345.79977 1769.750366 -1657.886353 0.08152 0.105133 -0.061035 -463.38007 1655.259247 -1644.234619 0.075493 0.094604 -0.073242
2284.535418 3355.867329 699.747314 806.776552 3293.789676 -618.637085 370.630617 3152.338362 -1301.59729 391.964273 -132.382793 -1097.1698 -371.894598 3117.431793 -1848.861084 213.546257 -368.850918 -2332.491455 350.372858 3247.037868 -1727.424927 369.263525 -210.225601 -371.121826 -3091.867476 2667.947922 -370.397339 -1203.131666 2168.7043 -827.796631 -1074.307737 1504.06601 -1398.880005 -15.560608 263.711853 -144.249268 -274.174604 1902.407532 -1554.880981 129.887238 140.126038 20.812378 -602.242689 1772.248383 -1632.120361 -80.600548 124.458008 -70.078735
2369.285526 3361.96825 678.239136 891.95673 3254.630251 -654.244995 498.180637 3061.801567 -1355.649414 48.80806 -76.86492 3.387451 -353.71397 3071.400166 -1724.085083 -60.561333 -32.359753 182.215576 382.505341 3196.527748 -1720.461426 -46.609478 -36.838245 64.403076 -2977.480984 2653.743744 -365.306396 -1138.748684 2341.364899 -1134.822388 -815.103741 1845.951843 -1800.438232 180.462036 355.557709 -344.118652 -179.38879 2337.441483 -1368.339233 16.043854 448.705826 243.981323 -614.444561 1897.262268 -1897.929077 -90.943832 138.68576 -208.369141
2452.934608 3387.30217 555.348511 933.294716 3221.989317 -779.986572 525.429401 2897.306099 -1442.050781 -48.16164 -177.38945 3.118896 -337.200089 3078.743343 -1784.273071 -58.896523 -5.550804 29.332275 339.194574 3135.26432 -1770.115356 -118.72117 -74.15741 39.866333 -2854.995995 2687.403107 -343.531494 -992.321968 2496.646271 -1191.33606 -821.326485 2058.18428 -1967.062988 -81.633148 199.338455 -77.104492 -31.067162 2443.868179 -1665.993652 72.911224 93.532715 -208.134155 -303.216438 2153.371429 -2030.726318 235.817719 243.215179 -43.276978
2413.450451 3406.93593 429.984741 863.299885 3182.758799 -884.996338 436.658859 2873.964767 -1550.9729 -101.620369 -51.480675 -48.087158 -452.187901 3101.817036 -1807.480469 -127.837639 -5.065651 37.627563 197.109652 3111.548271 -1821.177979 -154.93475 -51.855392 9.772339 -2848.218861 2746.494102 -334.986572 -976.078281 2712.336349 -1219.79126 -689.652348 2155.633087 -1885.975342 118.82431 69.309464 141.922607 -28.948784 2350.131302 -1251.402588 -10.731449 -121.876221 475.426025 -165.994434 2455.285797 -1779.337769 124.372177 273.775024 312.223511
2392.302475 3449.779921 404.298096 845.480804 3235.333757 -919.041748 369.789152 3020.314331 -1589.61853 -65.95809 114.667435 3.414307 -559.136581 3147.743073 -1763.52356 -106.037064 14.243908 86.016846 208.720374 3153.221817 -1943.80188 12.52234 9.991417 -80.563965 -2909.337692 2842.942963 -190.9375 -1010.849838 2816.46431 -1022.601929 -476.788025 2123.9534 -1291.786499 213.77594 -63.361816 636.248779 -663.463745 2748.27076 -617.999878 -633.603344 366.457329 675.462646 -560.914688 2415.806351 -1550.472412 -394.008636 -71.161575 270.925293
2399.213028 3446.028004 401.45874 853.152924 3241.228361 -922.224731 379.648457 3028.447533 -1594.356689 1.964865 10.985985 6.110229 -544.547043 3145.802135 -1795.064697 6.695099 0.911846 -20.692749 213.92158 3152.640762 -1940.605469 -2.693233 2.271729 14.0448 -2920.633011 2856.82373 -153.909912 -1034.465561 2841.14418 -1010.132446 -480.411606 2138.146973 -1197.149658 -11.518021 17.046356 105.485229 -677.162933 2813.33065 -578.382568 -21.593628 67.912674 50.465698 -538.940201 2400.621262 -1473.204956 14.080048 -12.332306 88.115845
2399.412022 3445.803347 401.237793 853.380985 3241.163654 -922.369995 379.842157 3028.403702 -1594.439087 -0.176649 0.170097 0.571289 -544.2523 3145.726948 -1795.437622 -0.075607 0.138741 0.280762 214.002771 3152.44709 -1940.52063 -0.289159 0.020256 0.738525 -2920.533657 2857.283936 -153.336182 -1034.433498 2841.289749 -1009.489136 -478.854885 2137.846756 -1190.004272 1.186371 -0.086288 7.799072 -678.231716 2817.122078 -576.638794 -1.439133 4.005356 2.397461 -535.764523 2397.578583 -1467.307739 2.805328 -2.828751 6.550903
2399.456997 3445.76086 401.188965 853.436184 3241.144505 -922.411499 379.904346 3028.389015 -1594.47937 -0.011778 0.011559 0.10437 -544.171314 3145.684223 -1795.548096 0.007019 -0.016479 0.03418 214.054313 3152.405739 -1940.53833 -0.022426 -0.015106 0.126953 -2920.524693 2857.376137 -153.225098 -1034.440556 2841.333237 -1009.376831 -478.507557 2137.827682 -1188.518677 0.273361 0.007172 1.630249 -678.455524 2817.959442 -576.300049 -0.297775 0.863609 0.483398 -535.107746 2396.970901 -1466.091309 0.582809 -0.581436 1.361084
2399.460506 3445.757647 401.187134 853.44183 3241.144629 -922.414551 379.910917 3028.390923 -1594.482422 -0.000296 0.005264 0.009155 -544.16338 3145.684395 -1795.55542 0.001068 0.003529 0.004883 214.060845 3152.403355 -1940.539551 -0.000334 0.000973 0.010986 -2920.522099 2857.38575 -153.217773 -1034.439793 2841.337242 -1009.368896 -478.481007 2137.824249 -1188.398438 0.019684 -7.6e-05 0.132446 -678.474445 2818.026428 -576.274414 -0.025787 0.070343 0.037842 -535.05167 2396.915894 -1465.990601 0.04921 -0.051651 0.112915
2399.460506 3445.757647 401.187134 853.44183 3241.144629 -922.414551 379.910917 3028.390923 -1594.482422 0.0 0.0 0.0 -544.16338 3145.684395 -1795.55542 0.0 0.0 0.0 214.060845 3152.403355 -1940.539551 0.0 0.0 0.0 -2920.522099 2857.38575 -153.217773 -1034.439793 2841.337242 -1009.368896 -478.481007 2137.824249 -1188.398438 0.0 0.0 0.0 -678.474445 2818.026428 -576.274414 0.0 0.0 0.0 -535.05167 2396.915894 -1465.990601 0.0 0.0 0.0
2376.437664 3486.411896 444.935913 855.743656 3284.185314 -903.895874 394.797926 3070.979538 -1583.094482 4.823914 12.280693 26.031494 -540.398121 3166.558952 -1731.221313 -6.297836 -9.433365 78.977661 227.990751 3178.235722 -1926.516724 3.866811 -4.475555 28.666382 -2944.384174 2963.848305 -97.960205 -1037.185078 2816.49662 -885.326538 -573.299885 2241.339417 -1421.831665 -104.881973 73.207245 -218.789673 -693.407993 2837.734146 -711.264038 -24.996643 -10.600204 -120.346069 -564.015446 2441.470261 -1568.867188 -39.026871 14.246445 -88.233032
2437.0965 3515.932207 519.398193 895.89735 3391.307096 -815.566406 698.062954 3223.85006 -1623.088989 297.81661 143.559914 1.707764 841.480427 3258.509483 -682.907104 1376.43013 82.639923 1090.016479 170.902243 3449.245586 -1855.148315 -62.536926 261.699257 113.070679 -2868.826809 2957.421188 -292.110596 -992.61282 2790.364494 -1147.20459 -649.746456 2171.506577 -1724.552612 -81.894989 -79.143448 -261.018677 -489.414959 2558.046112 -887.927856 198.544617 -288.998642 -134.961548 -595.308514 2582.161942 -1821.325684 -36.741486 131.381073 -210.756226
2406.685276 3562.414055 427.227783 960.77776 3483.617704 -1015.137329 572.934189 3255.389481 -1734.516602 -152.882061 -18.43586 -80.01709 -92.328815 2966.564598 -1117.544556 -961.562538 -341.920166 -403.226929 315.501276 3440.510283 -2060.762329 116.845738 -58.710585 -174.203491 -2772.581387 2963.927383 -404.334717 -978.532925 2688.813629 -1399.023438 -824.916668 2446.855469 -2266.54541 -202.923508 225.373611 -510.582275 -340.295315 2235.036469 -1494.378662 121.366348 -372.984924 -575.040283 -449.542294 2987.898827 -1773.831177 118.012924 355.761604 78.905029
2340.452042 3567.168159 393.682861 909.361916 3563.351345 -1044.984741 626.704979 3386.053953 -1818.571777 66.434994 115.149946 -79.216919 -243.562088 3073.008003 -1622.669067 -138.569069 90.928879 -500.286255 302.426955 3580.38228 -2065.3479 -0.410118 124.357471 0.252686 -2836.773911 2980.028 -347.662354 -987.761917 2652.537689 -1182.296753 -954.883041 2341.828537 -2033.900146 -117.30217 -120.541458 237.483521 -168.326263 2182.707367 -1565.388184 184.633255 -67.843628 -66.171265 -375.149918 2800.454102 -1762.058716 87.05658 -202.959251 16.610718
2404.878845 3577.186031 474.492188 1046.64032 3710.811043 -1011.205444 655.357399 3438.523185 -1699.884033 7.318726 50.918939 144.174194 455.385752 3306.673889 -791.046753 677.614145 232.115593 857.108765 616.687469 3694.148006 -2185.471191 292.92682 112.215433 -94.636841 -2766.694489 2981.269531 -340.495605 -905.38269 2599.166794 -1090.945435 -886.5271 2162.549438 -1879.807129 47.022247 -180.829391 179.579468 18.599319 2200.459824 -1698.771973 165.591888 16.202164 -107.897339 -282.349739 2740.090942 -1738.034668 71.466484 -61.913452 49.510498
2547.260361 3518.330932 808.760376 1170.303726 4042.161484 -513.690796 1127.653809 3555.954609 -1175.003052 442.150307 147.910244 466.300049 544.878807 3177.325153 -568.646851 59.346952 -98.869915 163.81897 777.886505 3833.557053 -1664.378662 131.052933 169.887867 462.511597 -2702.354965 2916.306725 -286.560669 -840.580673 2636.383514 -975.459595 -736.257172 1758.631287 -1018.475952 120.123825 -373.439331 802.750244 -270.09922 1956.989594 -1770.285645 -318.844643 -212.991409 -130.094604 -969.582443 2130.292206 -1638.347168 -717.378807 -579.319916 41.106567
2635.613632 3465.881481 1071.592407 1465.920792 4603.564377 -41.032104 1214.257736 3875.093536 -320.847168 109.012375 368.973522 777.632446 1084.824371 3827.630272 588.85437 562.354012 700.139713 1080.977783 748.368149 4321.862335 -1033.441162 -7.109909 538.139877 554.414062 -2657.836533 2885.043144 -211.893921 -805.010834 2587.968369 -903.69873 -803.587036 1735.846863 -1134.572144 -44.921417 27.050171 -192.619629 -127.607307 1888.665771 -1715.615845 164.90036 -18.489227 -21.853638 -835.378342 2009.544525 -1584.937134 156.612549 -70.913086 -23.113403
2517.877083 3365.350075 1357.807617 1261.902428 4615.957031 493.493042 1666.404762 4396.008224 -183.447876 597.677307 598.180313 -161.363525 1344.206429 5169.477692 193.265381 404.912338 1419.113045 -694.351807 832.49897 4518.595352 885.787964 229.661102 273.998642 1620.466309 -2914.291191 2949.446297 -53.049316 -1053.026924 2376.746445 -494.991455 -995.118904 1635.847473 -969.071045 -46.001587 -22.733765 -133.261719 -218.84922 1717.405548 -1423.132324 54.288368 -93.994598 -6.279297 -1498.166618 2105.661469 -755.946655 -517.257996 173.382568 530.227661
2636.080093 3306.769639 1352.44751 1620.159683 4562.912903 249.260254 1773.376541 5175.199432 760.410767 82.910614 768.164597 951.115723 1587.73262 5726.29425 1462.164307 219.465027 545.789948 1276.156006 1193.339157 4824.263306 -67.199097 336.779022 294.641342 -945.72998 -2896.673508 2957.189445 -67.111206 -1094.684982 2287.200928 -545.094604 -1090.776749 1485.285492 -893.892212 -119.719009 -161.588593 82.435913 -222.598991 1464.105377 -674.036255 -27.810936 -264.326782 756.353149 -1673.993607 2118.729019 -667.369385 -199.888153 2.040939 95.834351
2754.378014 3221.791935 1440.092773 2007.629051 4802.969818 593.084106 2452.255211 5264.551544 1082.942505 635.923462 104.717407 321.618652 2282.952843 5838.031769 1762.526855 652.265015 127.102814 299.449463 1655.117607 4964.36264 249.642944 418.823242 155.46463 315.928955 -2793.765907 2942.77916 -55.369263 -1061.460762 2169.088058 -576.796265 -983.287849 1331.024628 -791.098633 64.533691 -138.895569 101.880493 -201.987762 1185.46524 -391.05896 -22.343979 -263.274841 282.064209 -1688.775673 2096.736221 -626.279907 -57.737274 -6.627502 40.176392
2772.16692 3353.422168 1402.947998 2017.157612 5043.816071 591.538696 2475.232563 5487.817078 1136.783447 37.010498 178.248444 59.498901 2228.718128 6370.517578 1353.295898 -40.201569 487.468719 -403.572998 1796.12505 5596.785583 372.632446 155.040588 587.405853 128.647461 -2808.32304 3039.72784 -81.841431 -1021.505718 2144.75502 -524.855957 -918.505917 1263.284454 -694.763794 78.815079 -112.757263 101.992798 -103.696918 1058.742676 -306.118164 112.32399 -171.739655 90.598755 -1694.892406 1949.848175 -558.933716 7.916412 -191.905136 73.00415
2776.065598 3366.896331 1410.983276 2036.978378 5070.534363 606.405029 2546.490402 5512.536011 1107.442017 79.949493 15.788879 -11.400146 2536.720657 6433.97522 1307.089233 316.694183 54.527588 -28.265381 1861.216965 5682.766571 404.448242 73.783569 77.050934 49.75708 -2803.575058 3040.097923 -104.390259 -1019.727631 2120.376816 -519.525757 -914.975586 1229.486237 -637.133789 12.221985 -42.728271 75.571289 -103.696518 1027.64389 -237.127075 8.692055 -40.028839 86.932373 -1711.999893 1891.914825 -509.342651 -8.415833 -66.863403 67.532349
2776.362953 3371.351444 1396.642456 2032.113686 5069.967194 584.959717 2531.63105 5523.792877 1085.842896 -14.620056 6.038666 -12.977295 2458.03257 6449.056091 1252.940063 -78.448792 9.862671 -45.527344 1829.180641 5667.81723 378.974609 -31.797028 -20.167542 -16.851807 -2800.005455 3038.762894 -115.890503 -1018.125954 2107.74147 -516.573486 -914.729729 1213.658447 -610.52063 0.485153 -21.04599 35.234985 -105.940552 1013.656158 -204.061279 -2.004738 -19.205933 41.687622 -1716.872063 1874.444122 -489.245605 -4.632874 -22.688904 28.718872
2874.805756 3423.985057 1334.199829 2108.361511 5043.052826 377.91748 2534.289398 5617.118683 824.848633 -72.359161 46.549988 -191.065063 2328.946533 6531.647949 696.77002 -204.103546 35.81604 -486.240845 1806.078339 5658.460693 154.873047 -98.119812 -56.132355 -154.172363 -2634.705048 3060.315208 -235.919189 -860.074844 2088.413696 -602.582397 -833.939133 1185.613556 -693.233643 5.773087 -74.820709 -12.783813 -106.947479 776.612549 -282.321167 -76.024437 -283.819427 -8.330688 -1652.977753 1757.279816 -108.635254 -11.123199 -163.940125 450.539551
2874.805756 3423.985057 1334.199829 2108.361511 5043.052826 377.91748 2534.289398 5617.118683 824.848633 0.0 0.0 0.0 2328.946533 6531.647949 696.77002 0.0 0.0 0.0 1806.078339 5658.460693 154.873047 0.0 0.0 0.0 -2634.705048 3060.315208 -235.919189 -860.074844 2088.413696 -602.582397 -833.939133 1185.613556 -693.233643 0.0 0.0 0.0 -106.947479 776.612549 -282.321167 0.0 0.0 0.0 -1652.977753 1757.279816 -108.635254 0.0 0.0 0.0
2874.585304 3403.796368 1381.072998 2110.73307 4888.185272 255.216064 2415.730934 5456.267853 787.290039 -181.626282 -115.563965 -101.793823 2147.918434 6317.988281 530.966187 -244.095917 -168.372803 -230.039062 1650.691872 5606.152039 279.508057 -218.454285 -7.02179 60.39978 -2501.923485 3048.064957 -249.707031 -764.244881 2031.217804 -572.550659 -722.727394 1132.333221 -550.831299 48.143921 -7.993469 78.167114 -158.238525 443.442688 -789.556274 -114.358864 -287.882996 -571.470337 -645.107155 1069.468231 -761.964111 944.80278 -642.524719 -717.564087
2865.49942 3440.872936 1452.383423 2053.228302 4921.580505 316.516724 2445.496216 5482.574768 811.925659 47.563019 27.479095 -32.647705 2237.264404 6279.883118 342.84668 107.143707 -36.932983 -245.402832 1704.618225 5657.537994 187.286987 71.724091 52.558136 -149.504395 -2502.464447 3041.850395 -245.335693 -759.958496 1989.697113 -568.850098 -692.956467 1085.432739 -494.029541 47.568665 -45.728302 -0.481567 -192.340508 299.823608 -523.547363 -16.304245 -142.446899 208.725586 -422.483368 1056.759491 -758.422852 240.421524 -11.53656 -53.742065
2830.625839 3454.228354 1446.572876 2010.239792 4917.869873 298.02063 2531.084671 5473.392792 662.371826 105.231781 -0.101166 -157.262573 2293.102493 6231.847534 147.138672 75.481415 -38.954773 -203.416748 1687.636795 5673.544159 180.3302 2.661896 25.086975 -14.665527 -2510.475998 3021.851807 -261.33667 -763.011475 1974.442749 -559.816284 -689.13353 1074.75296 -453.614502 23.466263 -1.598969 32.706299 -221.574287 269.851685 -431.068726 -9.590454 -20.891113 84.769897 -402.723007 1028.160553 -679.665527 39.403687 -19.518127 71.048584
2817.279377 3518.055668 1433.533936 1948.482838 4899.694519 191.37207 2472.112446 5428.488922 605.229492 -46.053314 -66.710205 -52.549438 2150.484486 6069.00116 -26.70105 -129.699097 -184.65271 -169.246826 1687.66283 5646.575317 9.726562 12.944946 -48.775177 -166.010742 -2520.808239 3042.287827 -279.671021 -766.219311 1972.116394 -579.716187 -694.721813 1058.419189 -605.429688 7.330627 -38.140106 -147.22229 -246.63496 274.893799 -345.731201 -12.141762 -16.764221 89.93042 -382.846966 946.311951 -386.691284 32.794952 -103.654938 297.567139
2809.060879 3516.122265 1476.248169 1960.373898 4958.340607 294.7229 2455.46072 5489.120636 737.952271 -12.677002 76.563416 110.615234 2129.818935 6197.952271 188.146362 -16.690826 144.882812 192.739868 1652.414913 5588.742065 47.93396 -31.273193 -41.90155 16.099854 -2522.971745 3028.844452 -274.682617 -768.719807 1964.453583 -579.395142 -686.335011 1053.222656 -616.832275 12.361526 10.735168 -33.510132 -215.706501 282.381287 -363.33374 34.903183 23.419189 -39.710083 -377.806339 931.243591 -369.446411 9.01535 0.863342 -4.862671
2809.060383 3516.093521 1476.410522 1960.494251 4958.412476 294.929199 2456.146107 5488.942108 737.824097 0.719452 -0.128479 -0.166016 2131.35088 6198.223877 188.101807 1.56601 0.321655 -0.082397 1653.397846 5589.124756 47.849731 1.016998 0.432739 -0.12207 -2522.958202 3028.852806 -274.672241 -768.697414 1964.498291 -579.432373 -686.285152 1053.28125 -617.105103 0.083923 0.108643 -0.310669 -215.75407 282.271729 -363.945312 -0.013504 -0.059509 -0.649414 -377.738323 931.223755 -369.620361 0.102081 0.030212 -0.211792
2801.404991 3531.951847 1424.667969 1937.589531 4972.90863 272.799683 2536.615562 5522.134247 506.724854 70.655212 32.731628 -188.530273 2072.799034 6166.790466 -12.773438 -68.366089 -31.893921 -158.306274 1667.994041 5597.498627 -9.769897 4.781952 7.913361 -15.050659 -2505.639381 3023.376999 -310.709229 -767.264442 1965.254822 -647.578735 -795.652657 1055.575256 -618.774414 -119.181747 1.833496 40.899658 -329.775963 251.57959 -700.367432 -123.836136 -31.152649 -293.853149 -310.13485 876.598511 -358.679199 57.78923 -55.085754 53.510132
2796.763668 3534.610996 1439.387207 1934.989223 4980.218811 292.56958 2498.365536 5518.399506 621.015625 -36.381378 -0.366211 112.021484 2122.815762 6223.326721 108.907471 51.885376 59.904785 119.411621 1692.153835 5627.119446 24.632568 26.028442 32.989349 32.133179 -2507.995396 3022.044868 -308.481445 -767.770405 1968.834076 -648.573608 -790.963306 1058.919373 -630.446167 6.557999 6.712646 -13.94104 -306.591129 267.42218 -723.533325 25.053482 19.211121 -25.435181 -308.684101 878.806458 -372.220459 3.319397 5.576477 -15.810547
2810.17395 3576.352043 1418.148804 1952.351074 5009.756165 232.542114 2576.660767 5488.892975 554.940796 59.358673 -63.962708 -65.418701 2300.122986 6250.717468 51.054688 158.370667 -7.06543 -57.196655 1720.943146 5652.562408 -33.084106 9.852753 -9.013214 -57.060547 -2490.134583 3025.052299 -339.935913 -759.778442 1942.551575 -710.264893 -730.567093 1055.557098 -484.655151 41.459656 -37.818451 146.447144 -389.78981 211.186523 -259.180298 -102.135239 -90.691833 465.009155 -302.044601 996.438751 -586.222534 -12.297058 83.176117 -213.345947
2798.239517 3602.593651 1403.192749 1929.649734 5012.16217 193.183594 2443.977127 5557.847443 596.383667 -129.563751 57.495117 46.983643 2148.644028 6218.128357 -27.774048 -148.35907 -44.048462 -73.287964 1660.433884 5583.971252 -151.722412 -57.389374 -80.050507 -113.097534 -2493.538895 3030.707512 -340.12207 -769.877472 1939.080353 -727.34436 -732.090378 1066.074371 -450.217285 1.596603 -0.942078 39.978638 -413.526154 231.842957 -159.613647 -20.616455 9.197083 105.107422 -312.226028 1051.337738 -654.934692 -7.061539 43.439636 -63.171387
2799.01638 3601.67963 1405.217896 1932.625542 5014.180908 197.297974 2452.180901 5554.404297 601.02356 7.80365 -2.305756 3.875732 2158.619041 6239.203186 3.102417 9.57489 22.212219 30.112305 1657.304192 5600.797729 -126.80603 -3.529816 17.963867 24.152222 -2495.267982 3031.197891 -336.651611 -771.270714 1941.353149 -726.608887 -732.411613 1068.296509 -450.001831 -0.721359 3.359528 -0.548706 -411.989784 234.667664 -159.924927 1.136246 3.962097 -1.075439 -314.338188 1054.010925 -656.088867 -2.512283 3.810577 -1.918335
2800.002594 3603.195229 1412.119141 1935.328979 5025.11261 214.577637 2478.312988 5541.772461 618.049316 22.438965 -10.896301 17.867432 2152.034454 6264.674377 85.769043 -10.27771 27.206726 83.508301 1648.786774 5654.211121 -38.987427 -12.210541 55.148926 88.660278 -2499.359589 3032.416229 -326.939087 -776.465988 1942.415771 -719.686279 -736.285553 1073.167877 -431.947632 -7.567062 6.606903 18.895874 -416.008606 243.886108 -129.946899 -7.711945 10.953979 30.819702 -322.710571 1062.444611 -652.058716 -12.065506 10.16922 4.871826
2800.00473 3603.116589 1412.960205 1935.664978 5025.555115 215.880737 2480.713501 5540.80246 618.331299 2.432098 -0.729828 0.357666 2157.785339 6265.488281 86.474609 5.782471 1.054077 0.78125 1652.585754 5655.727386 -38.754272 3.830566 1.756439 0.308838 -2499.598389 3032.468567 -326.481323 -776.703644 1942.645569 -719.456787 -736.424942 1073.477631 -431.560669 -0.107803 0.549927 0.462646 -415.939255 244.373779 -129.361572 0.100937 0.727844 0.661011 -322.983475 1062.545776 -651.196899 -0.241318 0.341339 0.9375
2800.00473 3603.116589 1412.960205 1935.664978 5025.555115 215.880737 2480.713501 5540.80246 618.331299 0.0 0.0 0.0 2157.785339 6265.488281 86.474609 0.0 0.0 0.0 1652.585754 5655.727386 -38.754272 0.0 0.0 0.0 -2499.598389 3032.468567 -326.481323 -776.703644 1942.645569 -719.456787 -736.424942 1073.477631 -431.560669 0.0 0.0 0.0 -415.939255 244.373779 -129.361572 0.0 0.0 0.0 -322.983475 1062.545776 -651.196899 0.0 0.0 0.0
2797.554932 3596.07235 1419.11377 1933.75946 5022.169037 232.244873 2506.341705 5509.711151 627.737427 25.193329 -17.936707 8.158569 2214.636536 6278.826294 145.588379 56.416321 26.492615 57.866211 1680.830231 5657.536316 -15.923462 27.809601 14.963531 21.583252 -2518.172607 3031.515617 -293.328857 -792.222519 1963.264465 -711.902466 -758.412399 1080.960846 -472.347412 -22.422333 20.637817 -42.034302 -406.83754 254.043579 -206.012573 8.66684 22.824402 -77.89856 -348.3815 1020.508881 -525.20752 -25.832901 -28.882294 124.741821
2797.566452 3596.04805 1418.967896 1933.735123 5022.088165 232.090454 2506.222 5509.660492 627.665405 -0.178375 0.00061 0.015259 2214.015427 6278.540955 145.463867 -0.679779 -0.23407 -0.037231 1680.655136 5657.449799 -15.930176 -0.233765 -0.035248 0.080566 -2518.212509 3031.533203 -293.197021 -792.301559 1963.273926 -711.812744 -758.602066 1080.964355 -472.296753 -0.248337 0.054779 0.137939 -407.147522 254.007263 -205.957642 -0.368652 0.014954 0.142212 -348.805161 1020.189667 -524.23645 -0.48233 -0.267944 1.05835
2794.436531 3581.73624 1374.40918 1933.810463 4992.453156 181.646118 2511.767159 5458.222198 587.7771 0.885315 -29.777832 -27.683105 2215.110512 6212.405701 93.117065 -3.564758 -44.474792 -40.141602 1685.380287 5630.020752 -55.230103 0.065308 -5.768585 -27.094727 -2538.961296 3024.726524 -251.299438 -820.963249 1974.515686 -703.899536 -805.38784 1076.850128 -549.188232 -51.445618 17.546234 -64.686279 -459.201164 229.369812 -367.778931 -56.713486 -2.97699 -149.616089 -532.653923 968.574219 -105.144653 -188.508606 -29.954987 431.296997
2741.868477 3466.067486 1330.586548 2052.863503 4918.842316 227.855225 2574.484291 5453.378754 539.937744 58.143158 52.395325 24.796753 2322.380562 6122.452087 -20.268555 102.696075 -32.714844 -40.749512 1773.759041 5596.623535 13.864746 83.804779 23.841553 141.730957 -2543.677177 2927.394829 -250.582886 -945.605125 1946.264954 -868.401489 -936.571922 1074.768829 -872.678833 -135.758057 55.157471 -250.854492 -514.054222 288.302307 -864.029541 -59.427032 116.171265 -423.614502 -636.445351 903.163757 -450.491943 -108.365402 -8.171692 -272.711182
2787.686615 3405.014734 1364.832153 2150.807495 4931.30249 375.335083 2604.021149 5555.617065 587.565308 -27.686462 123.753815 57.268677 2214.225922 6201.993103 101.339111 -165.37796 101.056519 131.248779 1831.56189 5603.411255 165.874634 0.579529 28.303223 161.651001 -2493.383484 2892.78286 -216.860962 -943.839874 1953.007965 -941.182861 -852.854004 1101.637268 -845.76416 26.494598 48.383942 36.555786 -421.842422 331.838989 -823.059082 34.98848 65.052185 50.611572 -747.804184 1007.073364 -920.030518 -168.582153 125.42511 -459.897461
2725.06588 3337.705889 1393.48999 2161.78875 4908.196716 477.843628 2657.077599 5516.171875 574.72168 64.369965 15.194092 -47.971191 2230.614738 6024.663391 -13.262329 27.702332 -122.69043 -149.729004 1818.544121 5427.199097 141.115112 -1.704254 -121.572876 -59.887085 -2504.104652 2870.205956 -153.196411 -961.057777 1924.011841 -815.116577 -1027.379036 1086.063232 -683.790894 -163.211517 39.065247 126.845703 -721.741447 280.461731 -814.733276 -288.58551 3.262024 -26.801758 -827.720451 944.273682 -911.654663 -68.602753 -8.1604 -26.751709
2725.158577 3338.03628 1392.115479 2161.290321 4908.03009 476.055908 2653.810158 5517.366638 578.232422 -3.731689 0.907288 4.831543 2229.731026 6028.713989 -8.972778 -1.347961 3.763123 5.610352 1816.629219 5430.001984 142.600708 -2.37915 2.515411 2.806396 -2503.718529 2870.193596 -153.851318 -960.917168 1922.941589 -814.724121 -1027.490501 1085.344543 -681.402588 -0.575714 -1.006165 3.709106 -722.565575 279.055176 -809.63623 -1.288376 -1.694031 6.417847 -827.366829 941.983948 -905.804443 -0.110626 -2.577209 7.171021
2725.164871 3338.041811 1392.06604 2161.284561 4908.022003 475.993042 2653.762589 5517.374725 578.269653 -0.062866 0.001068 0.078125 2229.731522 6028.77594 -8.922729 -0.014801 0.054932 0.090942 1816.610489 5430.05722 142.597046 -0.034027 0.048218 0.037231 -2503.709335 2870.195274 -153.863525 -960.915909 1922.912445 -814.707031 -1027.494125 1085.326996 -681.31897 -0.018921 -0.024567 0.124512 -722.5914 279.015808 -809.462891 -0.041122 -0.046387 0.214233 -827.35878 941.927338 -905.640869 -0.007248 -0.063629 0.204468
2735.801239 3345.894938 1436.937866 2090.958862 4859.089508 463.275146 2501.714172 5427.719879 834.346313 -144.999695 -107.370605 255.53833 2294.363556 6171.503601 390.74707 71.680756 125.011902 399.13147 1798.861389 5634.481812 405.750732 -10.700378 186.708832 262.615356 -2512.957153 2965.517178 -72.633667 -1000.018463 1863.345795 -565.50293 -1085.132751 1034.848633 -374.612427 -50.589905 -68.194122 306.168213 -946.317596 182.188721 -233.708496 -216.677475 -114.542847 575.216064 -809.534454 918.307037 -555.025635 24.873047 -41.33606 350.076904
2709.880714 3339.801683 1451.159668 2068.696785 4931.638489 609.688721 2590.275307 5529.660034 609.859619 103.282928 105.285187 -255.969238 2066.792336 6153.780518 250.238037 -212.849426 -14.378052 -171.991577 1811.667976 5774.128723 739.116211 27.528381 142.991943 301.882935 -2528.144646 2999.474812 -27.804565 -1014.546776 1852.606506 -401.867676 -1094.298668 1004.598694 -334.633789 5.555878 -26.904907 8.496094 -624.735527 266.717529 -367.76123 336.303864 87.87384 -165.535278 -814.688759 876.483765 -464.545288 9.56749 -38.478241 58.997803
2708.234558 3339.780178 1439.28894 2050.656128 4918.722076 587.481689 2595.711823 5491.433563 652.518921 2.729492 -37.238922 51.920166 2209.061432 6161.652527 212.357178 139.562073 8.859558 -28.619995 1803.788605 5732.936554 562.718506 -10.586395 -40.20462 -167.136841 -2503.330688 3015.975418 -37.832642 -1003.449097 1846.45752 -393.707275 -1085.750427 999.374542 -321.199341 5.841217 -4.236603 22.695312 -615.57518 261.943359 -348.543701 6.453323 -3.786621 28.478394 -799.796753 863.620148 -435.393066 12.184982 -11.876068 38.413086
2708.023148 3339.817572 1439.788208 2050.334244 4918.76358 588.135376 2594.670029 5491.88324 655.426636 -0.924072 0.57724 3.013916 2208.814926 6163.035583 216.016235 -0.128784 1.51062 3.765259 1801.270828 5731.664429 564.283447 -2.400055 -1.144562 1.671143 -2503.138046 3016.045895 -37.978516 -1003.345718 1846.403656 -393.670654 -1085.642166 999.327393 -321.223755 0.225983 0.080414 0.081787 -615.228195 262.065125 -348.607178 0.464706 0.249329 0.042725 -799.658813 863.402557 -434.942627 0.255661 -0.090027 0.556641
2708.016853 3339.81988 1439.799194 2050.323067 4918.764496 588.148193 2594.63459 5491.898346 655.513306 -0.032349 0.018463 0.093994 2208.810158 6163.085632 216.12915 -0.001678 0.053406 0.120239 1801.18763 5731.622009 564.324341 -0.080109 -0.039062 0.048218 -2503.128319 3016.04744 -37.990723 -1003.340416 1846.396942 -393.669434 -1085.641289 999.321747 -321.217041 0.003967 -0.002289 0.014038 -615.230446 262.05719 -348.590088 0.000839 -0.004578 0.024414 -799.660912 863.387299 -434.912109 0.000992 -0.011902 0.037842
2708.016853 3339.81988 1439.799194 2050.323067 4918.764496 588.148193 2594.63459 5491.898346 655.513306 0.0 0.0 0.0 2208.810158 6163.085632 216.12915 0.0 0.0 0.0 1801.18763 5731.622009 564.324341 0.0 0.0 0.0 -2503.128319 3016.04744 -37.990723 -1003.340416 1846.396942 -393.669434 -1085.641289 999.321747 -321.217041 0.0 0.0 0.0 -615.230446 262.05719 -348.590088 0.0 0.0 0.0 -799.660912 863.387299 -434.912109 0.0 0.0 0.0
2698.846169 3333.272419 1490.441284 2044.425545 4919.01001 649.648438 2588.762856 5470.324402 819.47998 1.000061 -12.22641 145.011597 2297.846107 6190.317383 384.584961 95.907745 36.579285 149.500732 1767.159309 5692.000275 614.883423 -27.156525 -30.2742 31.604004 -2481.911736 3020.345802 -59.286499 -980.981712 1854.292297 -420.227661 -1063.795738 1004.332123 -426.049805 28.717346 14.35791 -123.787842 -592.353096 274.239807 -526.326904 29.749146 21.530151 -196.691895 -730.080833 963.374939 -689.221802 76.451874 109.335175 -273.264771
2696.14502 3328.45149 1519.34021 2052.383575 4922.304077 684.345093 2580.963745 5464.805756 920.515137 -4.59137 -1.381683 84.07959 2234.508362 6162.855225 490.003052 -60.130005 -23.325195 88.462524 1802.525024 5719.036865 696.799927 38.573456 31.173553 64.960938 -2451.464081 3019.498119 -98.85498 -950.032349 1852.672272 -458.408813 -1035.88089 1006.070099 -533.700562 31.122589 5.874939 -124.606323 -568.683548 285.561218 -702.264404 26.877289 15.458374 -192.893066 -668.751373 982.363281 -799.359131 64.537201 23.125305 -127.092896
2695.184708 3329.278555 1519.338989 2051.561203 4923.048859 683.757324 2584.475021 5462.393341 917.60498 4.909363 -2.795715 -3.615723 2247.558517 6164.528809 486.032715 14.448242 1.290283 -4.675903 1802.58522 5717.201691 689.641724 1.458282 -2.218475 -7.86377 -2451.34758 3018.544331 -101.16272 -949.249191 1852.096863 -459.929199 -1034.037399 1005.519867 -537.391357 3.241577 -0.933533 -4.396362 -565.116959 286.548157 -708.059082 4.964676 0.603638 -6.500244 -664.134598 983.834686 -804.041138 6.014862 1.088104 -5.387573
2679.804382 3349.716568 1491.288452 2039.819946 4929.849701 621.852417 2561.495056 5454.520264 911.392822 -2.072906 -23.845062 4.790039 2266.152344 6180.028687 485.608521 39.500885 -0.472107 10.578003 1777.44812 5709.474335 626.542969 -4.230042 -23.699341 -52.096558 -2437.345276 2999.469986 -170.079346 -925.80925 1833.349609 -503.323364 -995.908661 985.544891 -593.583984 59.035797 -35.94696 -45.19043 -503.123322 288.146667 -790.511475 82.900696 -14.373474 -71.450195 -589.243393 990.7901 -881.967163 95.798264 -9.016571 -66.923828
2665.914497 3428.58655 1352.849121 1983.151588 5006.408844 441.19873 2524.815407 5528.477783 735.744629 -12.864838 23.549194 -92.443237 2255.234718 6204.171448 194.761353 12.897186 -26.265564 -207.642212 1689.599037 5646.583405 216.472778 -64.034271 -113.299255 -326.865234 -2440.793266 2987.40757 -247.250366 -850.900993 1896.187897 -653.152466 -792.656746 1028.466187 -672.479248 227.066727 -7.48703 4.309692 -508.888741 235.985718 -964.942017 18.049393 -102.569275 -91.225586 -462.505989 957.016449 -1012.4646 150.552216 -84.181976 -47.29248
2665.503426 3428.955431 1353.023071 1982.533302 5006.630554 441.238403 2523.058357 5528.933868 737.474365 -1.326599 0.281219 2.002563 2250.4842 6203.353577 196.38855 -4.320068 -0.992737 1.900024 1688.517952 5647.79129 218.265991 -0.650635 1.03302 2.06604 -2440.541344 2986.889687 -248.596191 -850.49221 1895.460052 -653.398438 -792.017479 1027.7211 -671.552734 1.069717 -0.919952 1.199341 -508.286476 234.657898 -962.490845 1.032715 -1.502686 2.723999 -460.995979 956.064606 -1011.577148 1.94046 -1.126709 1.160278
2688.429909 3543.123789 1330.784302 2004.154854 5118.591461 372.424927 2587.389259 5579.080963 710.999146 36.438141 -61.037903 8.134155 2211.086769 6210.249634 163.535156 -67.290192 -104.28894 1.755981 1743.30555 5744.241791 151.397705 26.894836 -14.734497 -32.258911 -2368.266563 3103.599281 -337.786865 -771.373177 1978.820801 -727.859497 -529.692726 1140.107727 -833.887939 234.431992 1.20163 -127.72583 -466.802406 253.117981 -690.465088 13.591309 -92.724915 306.635132 -419.856148 1066.264496 -1079.366455 13.24707 -0.985107 -33.179932
2822.146988 3621.956968 1235.444946 2058.76091 5222.466736 344.307861 2697.679214 5696.354523 558.966064 -20.753021 33.652344 24.378052 2317.68486 6408.483887 108.07312 -24.444885 114.613037 120.949097 1849.725266 5901.978607 138.374634 -24.62326 74.115601 163.388062 -2158.626785 3136.694412 -386.92749 -585.690308 2017.809753 -946.237183 -303.038101 1178.293762 -994.672852 95.611649 -45.435181 15.626221 -37.327118 309.255066 -986.387939 298.432312 -27.484131 -119.511719 -202.982483 1036.022949 -1299.466553 85.830688 -113.862762 -43.688965
2819.875565 3691.031075 1126.310425 2040.448532 5341.495667 274.311523 2728.54744 5790.938263 428.856812 30.620575 19.58374 -32.057495 2367.50267 6323.128357 -254.562378 49.57016 -160.35553 -264.58374 1882.448654 5803.559113 -195.22644 32.475739 -173.419495 -235.549316 -2116.10405 3246.407394 -446.498413 -559.440689 2083.994293 -1068.118896 -373.123093 1210.30304 -955.249634 -70.332642 -42.990723 137.474976 -142.261696 344.207764 -737.489014 -105.182228 -40.047302 346.950684 -148.68618 1027.908936 -1375.825806 54.048653 -83.114014 21.692505
2827.633247 3683.653727 1167.105103 2002.038918 5318.123016 313.029785 2766.660042 5643.982544 426.430054 33.420868 -131.191254 -32.37793 2396.798592 6415.06958 33.09021 24.604187 107.705688 257.701416 1849.880409 5865.325775 -23.619995 -37.259979 77.531128 141.655273 -2088.919334 3237.723961 -423.735352 -537.32151 2063.901062 -1057.1698 -369.371834 1194.008942 -881.42395 -0.940475 -0.529633 43.874512 -154.561844 345.524292 -581.37085 -16.991882 17.080994 126.166992 -131.18618 976.785278 -1273.460693 12.808266 -35.359192 72.41394
2807.954636 3663.920059 1163.668213 1983.353195 5326.681366 369.355469 2716.89064 5680.715942 567.063599 -31.971588 62.694702 135.744019 2340.851364 6398.847351 90.114746 -38.149414 9.739075 52.13501 1838.197556 5898.025055 39.827881 6.11496 58.660583 58.55835 -2118.5009 3214.333115 -404.73999 -553.794708 2078.82782 -1069.448242 -266.391983 1250.231476 -856.700439 120.777664 82.183838 19.833984 -36.270714 379.609985 -647.597656 136.088943 60.046997 -71.116333 -77.985916 1015.342407 -1213.735352 70.998077 64.518433 54.835815
2809.945221 3655.137529 1168.959961 1999.04129 5327.849731 390.55481 2717.841949 5684.717255 627.249146 3.317261 15.938873 61.533203 2376.775208 6398.253784 121.236572 38.289795 11.343994 32.469482 1846.442566 5865.392303 38.830566 10.610962 -20.69519 0.350342 -2115.424957 3198.982887 -411.585693 -551.258926 2054.089203 -1049.963989 -233.90892 1243.379059 -818.38562 34.849014 5.085144 39.662476 -14.04808 363.955688 -645.314331 24.588585 -3.716736 3.630981 -85.199509 996.274261 -1135.509644 -4.847641 -7.130585 79.573364
2807.62249 3658.607664 1156.636353 1990.548058 5327.692566 375.62561 2718.732109 5672.486572 602.034302 3.605957 -13.958282 -23.152466 2394.394798 6470.230713 227.399902 20.335388 70.249329 108.225708 1851.863518 5904.682007 75.98877 8.136749 37.562103 39.220581 -2116.909065 3197.356834 -415.606079 -551.926308 2048.059692 -1045.612183 -228.178139 1245.092926 -795.773926 8.446579 -0.013733 24.674072 -2.894402 370.688171 -604.050903 13.869476 5.004883 43.325806 -84.72084 991.881714 -1098.328857 3.194466 -6.120148 39.243164
2807.619362 3658.600283 1156.676025 1990.559425 5327.697449 375.675659 2718.829842 5672.422943 601.9104 0.117645 -0.053864 -0.145264 2394.707832 6470.239258 227.243652 0.332947 0.018311 -0.177612 1851.896858 5904.711304 76.026611 0.053253 0.039062 0.016479 -2116.929893 3197.365837 -415.575562 -551.935921 2048.102112 -1045.612183 -228.150215 1245.141602 -795.802612 0.047836 0.058441 -0.050049 -2.833214 370.737 -604.117432 0.0811 0.058594 -0.087891 -84.664536 991.956635 -1098.361206 0.076218 0.084686 -0.053711
2820.228844 3647.374907 1178.787231 2000.530205 5315.266724 398.167725 2710.193596 5680.485687 649.838257 -11.758575 11.434021 39.053955 2383.792839 6448.079834 218.400269 -14.037323 -18.788147 -17.717285 1861.573448 5905.004272 96.28479 6.55426 3.664246 11.384277 -2119.601326 3220.694904 -384.249268 -558.343925 2084.26239 -1045.803223 -188.045921 1289.560394 -837.821045 36.981964 47.79007 -50.892334 47.371902 402.691956 -737.44751 47.082787 35.326233 -142.203979 -44.587479 1055.954895 -1148.703613 36.954727 67.369537 -59.216309
2828.029251 3676.286325 1173.114014 1999.075546 5337.733917 357.774048 2776.369247 5647.640228 450.513916 73.697815 -54.489136 -202.55249 2293.649826 6370.686951 80.725098 -82.62085 -99.03656 -140.90332 1808.063736 5839.681549 14.349976 -45.987549 -86.9664 -85.162964 -2157.572403 3307.845421 -328.59314 -628.448105 2140.059052 -1046.353149 -202.124023 1360.179443 -868.031616 -6.555939 48.975372 -33.438721 76.959343 475.292358 -830.083618 37.109604 50.956726 -95.864258 -10.581665 1173.825226 -1158.972778 41.527977 96.226654 -13.497314
2838.803062 3690.070467 1185.873413 1991.000023 5339.61441 357.17041 2709.808464 5693.23822 620.863037 -69.573822 38.751984 169.515991 2419.254265 6511.473999 244.431763 122.5914 133.94104 162.873535 1826.066551 5930.74295 81.853638 14.989777 84.215393 66.670532 -2214.103737 3301.768265 -311.373291 -670.463982 2155.647736 -1042.969971 -286.497383 1344.711914 -903.165283 -87.386398 -22.313538 -35.966797 36.879997 473.835754 -854.955444 -43.092384 -8.302612 -25.704956 13.138084 1219.129944 -1192.2229 20.706711 38.45871 -34.083252
2827.159615 3717.211676 1159.373779 1988.590584 5379.175873 326.226196 2687.144508 5727.017059 654.823608 -8.660431 22.184601 52.745361 2412.427711 6568.425598 309.359741 7.176971 45.357361 83.712769 1813.981514 5827.424011 -47.192993 1.918488 -114.913177 -110.261841 -2288.705101 3289.168816 -295.67688 -716.540031 2194.692535 -1067.591553 -332.25132 1369.289856 -1020.595703 -31.750412 12.983704 -98.64563 32.973404 517.188721 -907.611694 10.096931 31.758728 -33.87146 -3.534164 1305.896454 -1236.256714 -2.668724 75.172272 -25.249023
2836.871414 3722.108727 1142.504272 1989.905777 5318.576965 178.731079 2723.871994 5667.615509 428.782349 38.061371 -56.976318 -223.03772 2404.905014 6504.174194 98.768921 -6.188812 -61.826172 -207.58728 1792.178116 5845.879364 -129.477539 -20.469513 20.880585 -79.281006 -2337.266464 3338.678761 -248.794556 -763.704529 2271.889191 -1078.046875 -383.546677 1441.337433 -1140.705566 -49.961472 74.472809 -117.106323 25.105972 624.844055 -926.209717 -6.533546 110.080566 -15.594482 -69.085426 1403.655548 -1300.253906 -64.217377 100.184326 -60.993652
2914.031868 3663.376064 1256.034546 2002.343788 5141.174164 116.166992 2661.495399 5514.762421 527.990723 -83.962097 -33.604126 -53.700562 2358.60096 6316.451721 78.598633 -67.889557 -68.473511 -173.079224 1805.97065 5678.004456 -207.531128 -7.792969 -48.625946 -230.962524 -2440.615349 3263.055325 -83.35083 -774.84539 2278.148193 -907.63916 -535.323524 1404.177094 -1109.960327 -173.36235 82.088623 -122.163696 -238.644753 614.443665 -670.623779 -285.336227 108.848572 102.677002 -89.922066 1396.826935 -1194.58313 -42.422142 112.420349 -47.238159
2806.577377 3622.202187 1495.612793 1955.425644 5095.700684 422.731323 2657.610092 5514.215393 593.903809 85.907593 29.227753 -121.329956 2233.788528 6262.236938 220.86853 -35.019531 -24.440002 -44.973145 1762.897873 5655.232391 112.384033 46.720123 7.002716 132.672119 -2601.966782 3157.032795 60.189209 -904.952545 2336.43837 -712.211304 -727.717514 1471.64093 -883.568115 -102.601089 97.238617 39.14917 -536.570511 771.734314 -315.953369 -208.132858 187.06543 167.427368 -259.53083 1441.104431 -1104.937744 -79.815865 74.052277 -97.597656
2801.399536 3614.683971 1409.829712 2092.947235 5112.850342 280.249023 2494.819183 5690.345612 725.574341 -192.969971 202.731171 180.01709 2387.733307 6003.725891 -148.12561 123.765717 -231.910095 -320.647583 1726.067352 5599.302673 -155.845947 -67.009583 -29.328766 -219.883423 -2610.903625 3116.101398 122.232666 -1076.18866 2598.74588 -1103.261108 -886.78421 1755.710144 -864.101562 -189.245758 310.670166 67.81311 -647.756653 1124.688263 -241.077881 -141.365204 379.554901 123.222046 -374.525528 1612.099915 -1287.800903 -145.173759 197.596436 -134.516602
2664.791183 3529.396954 1490.042114 2117.002029 4800.671387 116.453247 2449.936447 5403.445587 542.266846 46.978455 -219.809265 -242.251587 2147.69249 6042.434387 -28.477783 -148.179626 105.799255 60.703735 1716.614609 5454.077606 -66.893921 82.408447 -78.134308 30.007935 -2789.793625 3130.406895 260.092163 -1419.90593 3030.015049 -1158.773804 -1296.509933 2173.242416 -1261.97876 -317.864532 484.623032 -456.821289 -1057.250595 1608.33847 -613.047485 -317.632751 550.740967 -430.913696 -965.131989 2072.736206 -1531.66748 -498.74527 527.727051 -302.810669
2679.985657 3615.275669 1336.846924 2277.330627 4853.470459 -121.079712 2463.232422 5428.730621 420.299072 -59.364624 -15.095215 -18.074341 2217.685852 5981.536865 -260.430298 -2.667236 -101.277771 -128.059082 1807.602692 5514.214783 -276.715698 18.327484 19.756927 -105.928345 -2576.277618 3075.275764 -28.396606 -1531.888885 3360.231243 -1685.564575 -1283.859711 2536.640778 -1531.668091 -60.010376 323.018112 -165.795898 -1133.21106 1689.714813 -1284.207153 -148.621063 40.996094 -567.266235 -1494.586029 2929.950256 -1011.384888 -602.114639 816.833801 624.176025
2701.469002 3626.089096 1223.887329 2311.494026 4847.456665 -262.056885 2388.187294 5385.406799 345.111084 -116.028595 -18.253021 43.241577 2271.254463 5950.523071 -364.105225 12.585144 -5.942993 14.754639 1893.222084 5388.408661 -593.43689 44.635925 -100.735321 -198.291626 -2601.744041 3036.391888 263.895874 -1795.570488 3849.971199 -1360.346069 -1893.384972 3038.118668 -1678.205566 -650.508728 526.548691 -28.10791 -1262.769737 2598.755341 -2144.048462 -170.542145 934.111328 -741.411743 -1941.134911 3491.246319 -577.870483 -487.532349 586.366863 551.94397
2624.023819 3610.681992 1257.42981 2408.941574 4932.792511 -150.622559 2597.938766 5573.287964 302.194824 241.208496 188.328247 -52.528076 2241.523361 6061.218872 -372.069092 1.725922 111.142883 -17.575684 1810.249557 5433.491669 -332.927856 -51.515503 45.53009 250.897217 -3023.171463 2866.620522 1305.543823 -3200.18898 4653.350067 499.730225 -2876.054764 4822.447205 -288.344727 -951.212769 1784.77562 1380.249023 -2850.143509 4039.964294 134.794312 -1555.916748 1441.656036 2269.230957 -2288.080215 4637.970734 58.701782 -315.488281 1147.171497 626.960449
2618.133087 3586.552505 1355.650635 2565.464478 5130.171509 70.913696 2595.167236 5430.961609 848.296509 0.153656 -83.604126 450.773926 2346.440125 6178.730469 343.339844 107.841949 176.233826 620.081177 1857.105103 5498.586426 -82.397461 49.780731 123.816986 155.202637 -3144.340973 2975.91156 1550.168457 -4203.163605 4710.710602 1459.178467 -4063.149872 4358.099747 645.186768 -1184.169922 -405.625229 838.203735 -4656.279449 4586.562042 1310.289307 -1803.210754 605.319977 1080.167236 -3884.350128 4483.884506 539.91333 -1593.344727 -95.363998 385.883789
2612.205544 3568.017502 1385.264282 2449.622383 5086.231995 93.971558 2602.217445 5423.518677 837.08313 21.628723 9.763184 -47.678833 2332.197151 6075.545044 228.910522 0.335541 -85.979309 -150.894775 1824.734993 5507.391968 -64.359131 -17.791595 26.011658 -18.427124 -3124.439507 2878.264503 1662.374878 -3874.4981 4737.72522 1378.567505 -4252.397881 4646.710815 573.589478 -174.669495 305.817184 -108.062744 -4962.105522 5146.851501 864.667358 -291.247559 577.495575 -482.087402 -3947.511406 4821.957245 469.008789 -48.582764 355.278854 -107.369995
2650.093956 3574.121647 1381.056519 2518.432426 5119.252319 103.681641 2538.479729 5369.992371 898.962402 -87.665405 -54.58313 66.010132 2377.430229 6195.98938 489.234619 21.305389 119.387512 264.454956 1784.473991 5509.33548 -26.51062 -64.18869 0.886688 41.97937 -3126.914406 2885.498772 1725.651245 -3958.000832 4729.419861 1505.335083 -4229.970741 5090.070343 729.086914 -1.500549 442.302704 159.628296 -5020.947609 5486.297302 981.66626 -82.769775 338.388977 121.129761 -4291.015968 5189.545898 741.833496 -367.432251 366.53183 276.955566
2655.589905 3571.466465 1377.379761 2523.100586 5115.825043 98.651123 2549.946747 5366.701508 893.828735 3.661194 -2.472992 -4.368286 2382.201385 6201.887817 505.639648 -3.034668 6.716309 17.17041 1789.89151 5511.083221 -20.123291 -2.388306 2.565613 7.15271 -3118.070068 2894.82872 1732.527466 -3940.376892 4743.165741 1513.258667 -4182.121277 5148.046417 748.741455 40.04364 58.793945 20.419922 -4969.810486 5577.463989 953.325195 43.331299 91.984558 -27.575684 -4188.763733 5269.343567 766.464233 94.446411 80.61554 25.396118
2666.300735 3592.626934 1283.10791 2488.560104 5248.022461 130.153198 2619.10881 5520.546112 914.754028 70.406799 96.760559 113.265991 2427.300034 6281.824036 391.484985 46.343384 22.852173 -21.813965 1804.109726 5667.671967 5.545654 15.462952 99.5047 118.009644 -3151.462021 3065.037022 1529.0979 -3803.22319 4937.446594 1004.682617 -4102.532272 5341.652985 251.972656 80.83374 136.522522 -404.428101 -3959.937973 5803.630066 -539.395752 1011.117249 169.082031 -1400.380249 -3859.417343 5406.199951 -6.337891 330.591125 79.772339 -680.461426
2635.165405 3542.339535 1287.597046 2522.785034 5296.230164 282.554321 2599.674988 5569.389038 1073.740845 -1.457672 68.883209 152.382202 2349.115753 6180.476685 400.372925 -60.20813 -81.307068 2.283325 1811.836243 5651.818542 131.444702 25.702667 4.186859 119.294434 -3165.270691 3093.505974 1623.413696 -3863.278809 4977.092438 1213.305054 -4304.844666 5499.426727 620.636597 -184.336243 177.814026 362.059326 -4292.264404 5845.009155 -239.561157 -314.350281 61.419373 293.22998 -4069.415894 5515.82962 280.747681 -192.0224 129.669952 280.480957
2621.444016 3537.413311 1292.059937 2539.259567 5321.229858 328.47229 2465.060806 5400.397644 1163.877563 -133.415985 -161.817627 73.182373 2259.011459 6267.04895 847.519531 -88.906097 93.746033 430.192261 1738.921738 5574.021301 147.125244 -71.716309 -70.623474 -1.273804 -3158.946304 3115.798512 1666.670532 -3926.416397 5001.274261 1387.160034 -4427.258072 5640.997009 983.85437 -121.21521 148.744049 346.263428 -4419.196548 5807.805634 69.802856 -125.733948 -30.029755 292.409668 -4184.728165 5675.195465 615.789795 -114.114075 166.539612 318.087769
2611.58329 3454.099026 1450.212402 2611.835976 5436.82785 829.84375 2739.324684 5538.200531 1676.845703 283.770752 238.947601 388.013916 2572.751808 6321.054077 1132.631836 323.247223 155.149841 160.158081 1698.400764 5565.496368 763.129272 -31.014099 92.619781 491.049805 -3201.009636 3162.226558 1832.406006 -3922.242546 5118.257294 1549.915771 -4241.698112 5855.895996 1084.827271 195.066833 316.043701 -23.981323 -4450.82531 6022.915344 171.896362 -22.121887 316.254425 -22.860718 -4250.836601 5805.787048 745.769653 -56.601562 231.736298 5.025635
2572.617035 3421.685295 1520.697021 2826.381531 5463.058472 1184.909668 2738.92746 5477.192688 2045.704346 -30.388641 1.940155 297.426758 2431.959686 6343.106689 1731.257324 -170.783539 85.00061 527.193604 1884.079437 5601.628571 1158.554688 155.687256 99.0802 323.99353 -3157.01828 3144.370666 1902.197266 -3918.477631 5103.117065 1705.906982 -4291.660614 5819.846802 1242.058105 -79.953918 26.898804 85.79895 -4394.869537 6199.105835 372.279663 25.964355 239.138489 128.951416 -4213.473969 5812.540283 897.078857 7.371216 69.701233 79.877319
2542.065125 3432.230549 1543.685303 2847.733765 5475.814209 1283.084717 2757.91275 5432.828369 2141.998291 11.467285 -37.860107 76.625977 2472.294769 6323.864746 1885.249023 32.817078 -12.737732 134.32373 1894.289551 5584.589691 1238.826904 2.692108 -10.534668 60.604248 -3122.602386 3147.232132 1992.327881 -3874.494476 5112.630768 1851.049805 -4271.821747 5813.94928 1385.159912 12.320862 0.606689 123.433838 -4398.53714 6267.799988 555.975952 -11.185608 75.198364 164.02832 -4122.871246 5831.647644 1060.490723 83.084717 25.611572 143.743896
2540.877304 3423.196182 1573.600464 2930.446091 5458.526611 1371.430054 2756.613998 5463.135223 2218.190308 -7.696838 38.493195 55.772705 2581.98555 6373.242798 1931.594849 103.292694 57.564392 25.926514 1961.981735 5666.699524 1324.393921 61.294098 90.296173 65.147705 -3092.923355 3159.48452 2007.67395 -3863.760757 5119.095612 1900.934448 -4275.268631 5829.371033 1462.224731 -9.844971 23.608093 56.645508 -4383.313675 6319.866028 651.776733 8.825378 60.25238 75.38147 -4098.166275 5867.622986 1130.745239 18.306885 44.161682 49.835205
2541.630058 3421.89249 1569.89502 2928.740349 5457.170868 1365.147705 2758.921013 5479.58725 2212.327881 -2.26059 18.415833 -5.678711 2577.037468 6408.072205 1998.952637 -9.515686 36.793213 67.541504 1962.9739 5716.838379 1381.66748 -3.575439 52.102661 57.457275 -3086.196632 3162.566547 2014.456787 -3853.421059 5123.497925 1911.156006 -4260.921059 5838.182373 1476.126709 9.779968 10.775146 14.085693 -4366.924782 6335.029907 669.42688 11.821289 17.127686 17.833862 -4081.669044 5878.943787 1148.416748 11.929626 13.284607 17.855225
2546.259651 3417.90802 1569.989624 2933.299599 5453.180542 1366.138306 2791.788673 5479.738922 2218.339233 27.573395 2.23938 1.971436 2599.153023 6417.142029 2060.967407 16.821289 11.157532 57.974854 1965.170326 5751.641541 1535.791626 -3.097839 36.890869 150.084229 -3076.528282 3167.111197 2026.395874 -3837.973289 5130.467987 1928.746948 -4242.130699 5849.326477 1497.594604 13.496094 13.231812 17.427979 -4345.067101 6350.006714 692.927246 16.563416 17.064514 19.460449 -4056.164818 5888.757935 1165.209961 20.209961 11.901855 12.753296
2554.003258 3413.341675 1572.283325 2942.689018 5448.440247 1371.37146 2822.499657 5480.230865 2226.599731 20.78125 3.379822 6.21582 2661.507225 6389.671326 1930.856323 52.424469 -24.582825 -132.155762 1944.972801 5705.192871 1589.204712 -30.127258 -43.560791 51.368408 -3066.367836 3173.516278 2033.827515 -3822.895241 5138.772888 1939.507446 -4222.747536 5861.304626 1510.632935 9.45343 14.866028 10.993652 -4316.234474 6359.859619 703.577271 18.902893 12.740784 8.605347 -4040.923195 5902.056274 1180.250854 5.31189 16.186218 12.996216
2554.003258 3413.341675 1572.283325 2942.689018 5448.440247 1371.37146 2822.499657 5480.230865 2226.599731 0.0 0.0 0.0 2661.507225 6389.671326 1930.856323 0.0 0.0 0.0 1944.972801 5705.192871 1589.204712 0.0 0.0 0.0 -3066.367836 3173.516278 2033.827515 -3822.895241 5138.772888 1939.507446 -4222.747536 5861.304626 1510.632935 0.0 0.0 0.0 -4316.234474 6359.859619 703.577271 0.0 0.0 0.0 -4040.923195 5902.056274 1180.250854 0.0 0.0 0.0
2554.117355 3413.247795 1572.272949 2942.883835 5448.323364 1371.379395 2822.733383 5480.120544 2226.607666 0.085144 -0.09079 0.037842 2661.707687 6389.854431 1931.801758 0.05188 0.202637 0.975342 1945.458603 5705.630798 1589.265137 0.337219 0.457458 0.090332 -3066.188431 3173.646803 2033.861084 -3822.588882 5138.942719 1939.541016 -4222.308731 5861.560974 1510.695801 0.290222 0.275879 0.092773 -4315.676956 6360.194397 703.67981 0.408936 0.354309 0.132446 -4040.424271 5902.320557 1180.353394 0.350342 0.283813 0.132446
2563.366928 3406.568928 1570.626221 2955.142136 5440.607758 1370.426025 2834.370041 5474.678497 2225.263672 -1.93924 -3.947601 0.539551 2655.723648 6408.025513 2033.07251 -19.559937 19.665527 103.154297 1991.112747 5749.828796 1580.153809 32.078247 45.692444 -7.227783 -3052.512741 3181.226416 2042.806396 -3802.598495 5148.593903 1953.026123 -4198.176804 5876.180725 1529.272461 10.55603 16.114197 20.460205 -4291.941147 6383.009033 727.704468 10.159912 24.309082 25.908203 -4012.171249 5917.242432 1198.017578 14.677124 16.416321 19.547729
2563.462219 3406.504784 1570.616455 2955.299225 5440.531464 1370.435791 2834.610291 5474.580688 2225.285645 0.126343 -0.088043 0.0354 2656.103516 6407.841187 2032.547607 0.265961 -0.174561 -0.511475 1991.377563 5749.905701 1580.158691 0.150909 0.08667 0.018311 -3052.408295 3181.276855 2042.907715 -3802.465668 5148.656006 1953.19458 -4198.057709 5876.280212 1529.520264 0.005188 0.109253 0.26123 -4291.926117 6383.239746 728.048096 -0.098877 0.240479 0.357056 -4012.051849 5917.359619 1198.251953 0.005493 0.126953 0.247803
2563.462219 3406.504784 1570.616455 2955.299225 5440.531464 1370.435791 2834.610291 5474.580688 2225.285645 0.0 0.0 0.0 2656.103516 6407.841187 2032.547607 0.0 0.0 0.0 1991.377563 5749.905701 1580.158691 0.0 0.0 0.0 -3052.408295 3181.276855 2042.907715 -3802.465668 5148.656006 1953.19458 -4198.057709 5876.280212 1529.520264 0.0 0.0 0.0 -4291.926117 6383.239746 728.048096 0.0 0.0 0.0 -4012.051849 5917.359619 1198.251953 0.0 0.0 0.0
2579.514771 3391.706409 1578.707275 2982.835083 5423.435669 1385.087891 2883.92868 5466.651764 2242.037354 34.667969 -5.378265 14.371338 2685.410919 6386.463013 2009.832764 14.656982 -18.827515 -25.095215 2044.30954 5745.401001 1559.226074 38.281555 -1.954041 -23.312988 -3033.566589 3194.871454 2048.369141 -3770.068054 5166.781464 1961.842041 -4154.235229 5902.763977 1542.775879 29.172058 29.034424 10.875244 -4239.108276 6419.286804 746.791992 38.167419 38.597717 16.363525 -3954.794922 5940.189209 1204.451904 42.606506 25.380249 3.81958
2581.346436 3390.186005 1580.541992 2986.479492 5421.456604 1388.024902 2890.106812 5464.057465 2245.209961 4.594269 -3.126831 5.506592 2695.238953 6382.214661 2003.930664 8.244171 -4.780884 -3.568115 2041.922302 5735.021667 1564.796143 -3.9711 -10.911865 7.904053 -3030.24231 3199.871502 2042.207031 -3760.867615 5173.484497 1949.780273 -4136.626587 5909.956665 1524.197998 16.02478 6.660156 -16.243896 -4205.074768 6416.235657 720.198975 32.449646 -3.583679 -24.259033 -3932.160034 5944.690857 1187.709961 21.051025 3.969116 -14.407959
2595.004158 3379.598866 1585.490112 3010.330544 5409.660492 1399.558716 2933.060951 5462.058716 2258.231812 26.427917 -4.166107 12.11792 2738.680458 6343.872986 1906.050415 26.915283 -40.509033 -98.78418 2059.049873 5697.823181 1557.74231 0.601349 -39.365845 -7.957764 -3012.9562 3213.979464 2049.005737 -3728.843651 5193.236084 1956.599731 -4092.380638 5933.761292 1527.227173 27.719727 21.637268 2.125244 -4135.639915 6427.044983 713.335571 52.90863 8.641968 -7.767334 -3887.147789 5968.397827 1196.618042 28.486023 21.539612 8.00415
2594.066963 3378.590622 1587.264404 3007.851601 5408.587341 1401.619873 2926.475105 5462.219238 2259.671631 -7.930908 1.083679 2.884521 2724.107094 6363.496094 1966.755371 -15.918427 20.546265 62.149658 2072.762032 5719.753723 1549.168701 12.367096 22.853699 -7.128906 -3009.092216 3217.954617 2045.057373 -3719.181938 5198.692017 1948.874512 -4074.474602 5940.924072 1515.943604 16.560974 8.085938 -9.838867 -4104.164543 6428.434448 698.187256 30.13031 2.312622 -13.703613 -3865.323296 5974.891357 1189.495239 20.479431 7.416687 -5.678101
2587.603035 3374.500351 1601.044922 2962.974129 5410.67215 1400.919189 2918.195839 5433.957214 2263.049316 -7.4646 -26.212463 -5.008545 2654.372749 6366.424561 2256.899414 -68.919678 4.978027 281.757812 2086.789742 5773.791809 1659.353027 14.842377 56.087646 101.798096 -3015.275841 3222.076969 2057.86377 -3686.0989 5216.561432 1961.845703 -4096.612816 5926.281433 1523.187256 -21.323547 -12.593079 -1.142578 -4111.561546 6439.362488 720.767212 -6.582336 12.9776 14.193726 -3840.707054 5996.288757 1204.058838 25.430908 23.44696 6.177368
2581.360397 3368.196888 1615.325928 3035.149612 5393.869781 1464.647217 2822.081985 5453.521423 2299.94751 -91.230316 29.258423 26.719971 2629.882126 6390.963745 2143.460693 -19.607086 34.233398 -123.616943 2081.819839 5719.04541 1507.366943 -0.086365 -45.052185 -162.164307 -3008.776932 3218.563156 2075.948486 -3690.606766 5211.763458 2008.070068 -4110.83992 5919.593506 1574.44458 -9.343567 3.006287 41.079102 -4179.150467 6518.788147 836.401978 -62.705383 89.119873 105.456543 -3815.678177 5997.939758 1229.742432 29.912415 11.345215 15.505371
2557.616348 3346.353226 1672.419434 3007.013626 5372.88681 1557.403564 2984.816208 5532.225494 2405.394287 152.070923 104.341278 69.422607 2724.669876 6431.981812 2158.757324 84.124451 66.655273 -20.727539 2163.281784 5519.578094 1360.611572 70.798645 -173.830109 -182.779541 -2997.915268 3188.379602 2138.470459 -3747.252121 5153.805695 2226.431885 -4005.340195 5761.496277 1572.39502 94.836426 -132.460022 -38.07373 -4261.393967 6442.207947 958.074341 -92.906799 -50.942993 85.648193 -3694.65477 6034.468079 1428.95874 110.360107 62.165527 163.192139
]