11-08-20_Colby_4KDepth.monkey_above_chair.0000000002 [ 2571.393948 3833.391228 1212.877197 -112794.327667 70358.081188 -95.047977 2538.736782 5807.30896 175.532227 19451.750492 100009.17254 8794.816487 2575.555935 5802.192383 -749.605103 69100.09874 98023.095534 -5458.317645 2348.75845 5935.267639 -1754.751587 98907.875847 71542.203046 -14825.873991 2267.353725 6530.170288 381.2854 83584.511872 117908.691712 24444.466921 -3069.565525 3185.051675 2725.280762 -4025.539356 68728.46053 74846.116014 -3431.183872 5412.846527 2645.418701 -80615.852907 96463.183774 142621.583179 -3968.88895 5983.227234 2029.477539 -84433.711512 97854.269903 155122.957504 -4418.607273 6594.849548 1346.391602 -74079.639203 94355.609591 33510.113475 -4665.87534 6020.812988 2472.04834 -175273.549302 67984.297953 220053.709494
2597.390938 3837.983017 1229.442749 -102102.355099 68956.852385 -28.542054 2585.395088 5821.073608 196.80481 24056.387077 100000.379022 9771.914591 2587.113838 5832.453613 -731.389771 71150.854645 100000.110743 -4996.757465 2352.73365 5980.906067 -1735.409546 99999.866606 74709.482737 -14074.316657 2365.435371 6572.015991 387.180786 100042.73116 121460.968545 24899.064565 -3084.652214 3221.283123 2682.924194 -5135.391889 72900.546611 70932.333301 -3443.571281 5454.616852 2583.445435 -81790.706001 99192.52739 134152.747294 -3976.829033 6030.729675 1964.819946 -84870.370896 100452.242107 144102.538826 -4443.200188 6634.005432 1281.5448 -75593.074172 96049.754789 28409.212006 -4378.146172 6370.137939 2370.704956 -137478.228244 90171.946251 199890.796134
2597.397461 3837.984467 1229.44519 -102100.416162 68956.380595 -28.53035 2585.404968 5821.076355 196.808472 24057.241973 100000.151609 9772.165965 2587.119751 5832.45636 -731.386719 71151.522728 99999.889257 -4996.641017 2352.736511 5980.909119 -1735.406494 100000.133394 74709.329128 -14074.134902 2365.447845 6572.016296 387.191772 100044.667834 121460.422689 24899.748054 -3084.654236 3221.290383 2682.918091 -5135.70306 72901.053634 70931.973313 -3443.572388 5454.625397 2583.433228 -81790.990701 99192.917713 134151.364568 -3976.831055 6030.737305 1964.807739 -84870.674144 100452.479144 144100.823382 -4443.206177 6634.010315 1281.531372 -75593.581304 96049.775298 28408.342206 -4378.094177 6370.182495 2370.697632 -137472.016203 90174.776607 199889.818317
2671.91864 3872.871704 1213.093872 -78169.102458 67086.970826 2.17363 2658.663635 5868.440857 156.035767 31410.874352 99999.848391 10019.099746 2536.773071 5880.856018 -773.494263 64143.351734 100124.846699 -4899.112034 2339.362793 5975.062866 -1802.591553 97743.703122 69448.433721 -14759.042038 2367.132568 6598.539429 456.334839 99957.277967 118811.9857 31147.211224 -3124.073181 3314.790428 2593.812866 -10256.275111 81882.491275 66827.710571 -3477.518005 5564.575195 2385.671997 -86679.289635 105445.713694 113619.079528 -4021.239624 6129.63562 1749.932251 -89565.402187 104494.911785 116077.915581 -4545.112915 6687.877808 1054.697876 -83302.612558 96487.147294 15938.741088 -4123.410034 6370.730896 1801.918335 -108419.568688 86890.561818 109015.409363
2836.711483 3867.269363 1263.186646 -37491.327882 60264.545964 441.834961 2876.326962 5968.132935 391.497192 58640.990223 107359.458348 24604.65497 2660.237484 5987.269897 -527.706909 79852.291261 108137.607672 -761.014762 2356.879177 6102.783508 -1536.586304 98951.283796 78070.461948 -6277.18039 2420.234737 6704.011841 761.265259 107528.722638 127034.807877 53656.964941 -3145.951786 3360.258238 2602.909546 -15216.222643 82681.979619 71301.079437 -3508.738651 5606.08017 2240.198364 -92307.76671 105447.555628 99927.339666 -4070.483036 6169.017334 1606.431274 -95626.31018 104328.212581 99898.385889 -4626.445255 6708.406372 909.89563 -90307.366246 95080.589775 10188.215378 -4040.898075 6504.856567 1639.085083 -100624.819346 93447.954287 91203.970521
2839.985161 3866.719856 1270.881958 -36457.49831 60022.849233 526.36676 2881.786613 5969.346924 403.036499 59709.551589 107365.584887 25422.65511 2671.861687 5983.118286 -517.775879 81779.676684 107469.709363 -674.239962 2376.933098 6090.937195 -1530.098267 102113.65711 76737.085 -6115.52844 2419.661369 6689.64447 784.806519 107707.787185 125013.27064 55496.918781 -3147.725716 3359.663899 2602.838745 -15247.894475 82327.901449 71380.384208 -3511.565132 5605.583344 2240.512085 -92482.40609 105278.907375 100072.686741 -4073.850288 6168.36792 1606.94519 -95813.484423 104184.529935 100101.665764 -4630.308418 6707.623291 910.565796 -90486.685463 94950.281736 10261.618307 -4044.973335 6503.816223 1639.463501 -100883.780649 93288.979203 91373.631064
2929.388313 3844.403648 1386.079712 -16759.067106 53808.863017 2386.523453 2873.243904 5938.835754 498.28064 61761.30651 100583.443056 32164.818243 2653.912849 5820.493927 -412.979126 82361.897988 85447.686786 -104.223855 2329.177284 5786.109161 -1421.547852 98343.865891 46930.706211 -3972.054817 2343.368263 6360.830994 1104.009399 98370.381327 83565.616782 82431.097349 -3178.671684 3351.320946 2610.961304 -16876.627313 76142.441398 72212.173848 -3534.138908 5592.226257 2208.602905 -92576.364589 101621.103041 96243.063209 -4105.03582 6182.435913 1608.239136 -96795.200575 103475.276113 100333.420666 -4737.030754 6738.441772 994.028931 -97315.090158 95470.107486 14633.624938 -4043.349724 6518.410645 1623.901978 -98441.365688 92681.109597 89317.386848
3027.854958 3809.813728 1402.044067 -4075.584511 42431.148671 3759.312962 2797.71244 5739.11026 223.651733 53513.447389 71265.560993 16999.290781 2422.361794 5612.884827 -632.637939 54203.460543 58526.146842 -1384.688273 2147.429543 5348.524628 -1620.202637 76403.846833 15816.432716 -7260.31604 2314.462013 5941.816559 1034.801636 96937.100521 40817.11938 79709.8628 -3233.372154 3341.982985 2602.044067 -23826.79138 64065.592163 75285.325232 -3531.029625 5570.468597 2111.566772 -89282.288735 94037.525269 89475.644905 -4084.579735 6175.379944 1511.96106 -92514.990155 98573.936549 92194.736479 -4842.798729 6805.259094 1178.515015 -104444.746484 96204.84948 30134.731374 -3985.321007 6490.57312 1454.419556 -90524.648757 86770.15855 72774.522203
3231.626434 3749.337559 1462.935791 2280.994996 25791.383731 8424.073709 2718.107758 5389.150848 -12.849121 42438.633435 32066.302275 9355.105599 2469.602509 5137.155914 -884.104614 59776.32749 17495.988681 -4055.649394 2052.145538 5412.76001 -1813.265991 64549.476443 14309.570633 -10339.362249 2244.792328 5761.340179 678.187256 85410.182908 22820.837833 56119.337151 -3304.064178 3187.758675 2722.647705 -42383.431508 27213.591092 96388.432497 -3441.811371 5389.152985 2093.17749 -77514.101411 69218.28993 96131.979988 -4030.282745 5707.773132 1333.292236 -87140.360146 59883.071189 78193.624148 -4730.097809 6420.145264 1052.813721 -95231.853595 66477.781867 26136.237816 -3771.990814 6421.174927 1223.795166 -70803.879604 75561.054773 55176.457559
3378.055916 3583.536258 1770.245972 15819.635366 11768.806725 16677.847096 2792.041512 4881.985779 63.650513 51718.283738 5837.119188 6943.9137 2445.022163 4756.331558 -782.276611 56102.462155 3185.68338 -4833.799506 2068.956947 5454.25293 -1448.666992 65918.374372 15470.266756 -4966.261961 2241.828499 5387.928162 735.187378 84141.707773 6360.089183 49899.318674 -3234.146538 3068.31089 2923.720093 -25541.114395 13846.093231 103420.498895 -3408.395195 5121.616669 2017.446899 -73893.856839 47899.802628 71931.97973 -3895.196648 5551.16806 1265.097046 -74551.067764 49997.711284 53489.884194 -4409.54113 6345.885315 890.702515 -71373.490648 61545.232339 8195.41031 -3620.894585 6150.657043 1183.318481 -58615.011222 58152.387052 37753.280737
3518.58778 3168.924026 2087.74292 41522.864772 393.492535 29211.930997 2896.467113 4404.556198 403.776855 67676.214556 11.891601 16085.958042 2584.767895 4416.357269 -445.556641 74460.783925 136.413509 -1499.572962 2128.976727 5223.636627 -859.581299 73294.556295 10285.699078 -44.00931 2287.555828 4957.575226 1033.604736 91498.300238 411.485666 62667.52346 -3189.526234 2711.274643 3011.501465 -16278.61258 886.157597 98318.843073 -3392.858448 4771.918793 2247.971191 -71853.766373 32683.464552 82586.849746 -3697.650318 5015.406342 1355.272217 -57232.773677 29218.064375 49178.543339 -4023.471851 5805.684967 840.224609 -46803.834368 40400.007667 2288.15935 -3454.501209 5839.447174 1443.359375 -46071.691121 47066.978096 49788.344394
3620.961037 2849.97551 2311.740723 64203.370766 -3852.559184 46934.16593 3057.967873 4226.309586 746.136475 93960.537555 -621.416685 37615.076394 2736.582375 4275.135269 -89.302979 95229.436327 -78.789262 136.180147 2236.117134 5129.669342 -266.062012 85568.643165 8159.159429 5375.729682 2386.081276 4491.567841 1456.851807 105941.754604 -3474.744659 99443.045877 -3148.314171 2591.642532 3044.28833 -11491.025626 -0.088496 99783.907831 -3333.579063 4664.046173 2371.992188 -66135.044169 28631.101071 94526.52267 -3580.268822 4778.347321 1445.843506 -48998.060399 21321.81265 56667.915494 -3371.40255 5458.717804 759.432373 -17506.86285 27901.120516 581.850184 -3008.803368 5593.913116 1671.75415 -20576.74953 36857.392435 72773.194711
3708.436546 2450.37735 2521.471558 91854.026615 -31792.026864 61427.713696 3171.714439 3961.597252 1104.437866 117460.968768 -6071.650159 64449.015472 2812.370872 4147.184296 313.339233 108023.288822 -1178.644572 3776.217266 2310.988426 5008.470001 342.086792 96313.015128 4497.283051 21985.213128 2383.003197 4322.21138 1778.80188 105839.421712 -8268.614939 126649.151874 -3202.898293 2269.942551 3073.532104 -20810.02689 -13158.639135 95014.837661 -3345.019875 4297.679901 2322.128296 -67212.022276 12361.049759 80745.696663 -3189.833412 4326.706772 1378.59436 -23821.910198 8108.730244 42495.521761 -3011.414833 5272.407837 1193.660278 -7171.79563 21397.261519 11992.885073 -2539.242287 4889.161377 1423.825073 -4336.792203 11728.54549 39369.630428
3735.553875 2226.919327 2575.205078 100889.879675 -57350.322405 66201.178963 3207.980938 3693.207169 1133.348389 125161.843671 -16531.874232 66291.515718 2638.906841 4139.511414 629.494629 80647.611172 -1142.640708 11473.844013 2238.248577 4893.80249 1128.287354 86089.807868 2291.26961 65685.007141 2280.425091 4216.166916 1841.206055 88616.279108 -11762.829506 132546.982868 -3233.034687 1985.179291 3073.937988 -27634.980724 -44411.928033 93744.054717 -3316.187763 3957.477531 2222.324219 -63863.455186 3560.881285 68970.388025 -3019.394245 4102.93541 1332.696533 -15726.580405 4084.18943 37186.474501 -2621.308308 4989.149628 1296.341553 -1124.206251 13618.253821 17134.903604 -2409.431019 4561.643066 1500.178223 -1992.921423 5029.62137 45333.517738
3786.452618 2218.581085 2496.611938 114985.86367 -66660.250228 69429.683448 3174.414349 3546.962214 937.909546 115315.333491 -28375.25818 57066.94954 2597.652874 4215.881653 851.96106 73071.518125 -903.632768 24461.652927 2028.903942 5019.524231 1001.287231 58762.436575 3667.381929 64208.395466 2311.698589 4024.259262 1854.84436 91706.472823 -23729.567714 146997.578685 -3368.200703 1909.004364 2960.377808 -73420.102647 -66198.667524 92916.954599 -3450.23592 3803.339233 1916.390991 -82225.693322 714.264359 50185.282 -2649.974384 3889.370651 1401.470337 -4154.558401 947.318731 54441.901845 -2266.115131 4769.907379 1589.523315 133.610972 7528.538964 50492.482591 -2395.724964 4588.828354 2066.292114 -1968.511637 4546.599663 132125.453556
3785.852203 2130.274506 2540.892944 124285.680889 -78911.95227 73497.946007 3130.312958 3534.266949 1067.410278 111299.512599 -28608.886925 69540.482277 2538.448944 4195.888519 1062.680054 68398.447712 -1032.353733 34761.805799 1923.774414 4972.466888 1169.638062 50147.821096 2871.036932 75859.20671 2177.272339 3992.249985 1921.541138 74825.619774 -25036.788451 154047.545314 -3394.943085 1872.58728 2934.550171 -74114.731537 -71197.529033 88890.01725 -3354.38736 3771.158905 1894.193726 -66876.713529 535.082828 47405.26322 -2575.890503 3586.581917 1371.218872 -2262.618222 -27.035271 50145.179742 -2483.642426 4138.845673 2174.494019 -188.923452 373.985613 129354.246003 -2489.86145 4017.481956 1399.586792 -3107.060987 1.340191 44883.760961
3767.243481 2055.021973 2560.339966 125998.293442 -90514.103053 77836.447288 3082.626171 3447.806883 1096.055298 106227.562316 -34217.376326 74498.641924 2458.369274 4023.418427 1348.442993 60954.392678 -4096.676582 53661.521391 1780.615368 4589.452362 1804.934692 38515.40856 -252.22024 134108.576502 2059.504833 3628.420544 1938.83606 61597.558856 -50110.506823 158254.162956 -3414.575062 1800.583038 2922.310181 -72819.174088 -84100.437947 89271.92256 -3249.041004 3724.438744 1952.749634 -52304.882655 280.289048 53861.899055 -2507.308064 3309.208498 1520.120239 -1020.771902 -1480.354207 68652.920618 -2154.960651 4160.744171 1844.815063 1053.808519 499.204901 81749.545321 -2194.381886 3610.682697 1502.405396 -11.516311 -2126.334944 56835.650617
3746.06493 1951.379547 2759.713135 119053.0452 -110065.534063 95874.33479 3136.695423 3456.583095 1369.846191 118173.628076 -33869.427437 100425.678045 2419.917164 3965.689278 1490.369873 56573.626975 -5746.630634 59300.434733 1617.694416 4555.461349 1504.984131 25427.851489 -523.170653 99619.026249 1885.410786 3463.204603 1501.262207 40996.377861 -64956.501799 100558.509447 -3434.052563 1737.898254 2960.772705 -79197.084763 -98179.03899 86609.942685 -3315.597973 3651.800976 1956.757812 -59273.406481 22.805782 48717.749726 -2639.613323 3337.906666 1358.87085 -2912.24714 -1256.411762 44176.41494 -2479.944744 4208.575745 1776.590576 -96.34926 734.306068 65101.556247 -2318.162975 3812.419281 1346.209717 -538.758147 -519.815266 35857.450007
3683.882008 1963.014832 2841.407471 92254.356312 -105237.517435 99439.247642 2937.84502 3379.94556 1436.003418 77238.112211 -38549.255133 101735.3872 2331.101551 4016.271057 1532.918701 44876.574626 -4026.859596 58302.657298 1443.192921 4426.223526 1363.186035 13538.88368 -1944.536935 82946.391056 1884.857197 3485.100203 1450.706787 39583.417423 -61647.294142 89927.982269 -3438.673229 1656.11969 2928.132324 -86244.169703 -113613.923824 77221.566361 -3285.260143 3534.730921 1878.198242 -57278.495351 -128.26591 37892.510149 -2424.7299 3386.202641 1498.027344 -378.980663 -773.633183 52605.844497 -2103.06654 4300.26329 1384.298096 1447.598402 1486.543492 22440.176423 -2106.447582 3692.297707 1605.34668 90.574329 -1246.868948 55128.177097
3653.081417 2014.526978 2859.647217 85780.271855 -95722.93211 100632.861296 2883.216915 3440.404963 1478.400879 69896.620614 -33972.903717 106109.345674 2297.083797 4097.125168 1559.726562 42426.528489 -2289.429068 59538.606253 1409.14938 4482.885742 1343.479004 12339.548734 -1123.732376 80590.873174 1824.858913 3515.741262 1549.797363 34554.784243 -58822.129291 98769.922658 -3444.998112 1674.834442 2906.431885 -84238.128418 -109064.250042 74021.557029 -3232.958927 3514.444218 1801.876221 -50420.090847 -206.643914 31686.818124 -2343.902531 3397.413036 1482.76001 -14.29182 -694.178807 49975.948549 -2086.695957 4335.826492 1420.107422 1735.876496 1805.760994 24305.492973 -2112.353916 3688.895607 1494.327393 107.736453 -1268.947339 43151.440125
3647.463932 2016.824036 2850.587769 83864.18943 -95555.378557 100562.328997 2864.882755 3414.349228 1454.180298 66855.916557 -35986.057497 103995.142271 2294.444828 4076.230164 1575.935669 42112.54688 -2714.743538 61365.179611 1421.616459 4463.704453 1315.001831 12968.127385 -1391.566582 79021.92652 1803.079777 3571.625919 1470.289917 32390.061334 -54073.671331 91708.682516 -3460.792599 1667.760773 2852.865601 -91032.103515 -111021.474286 69571.448092 -3251.561947 3465.480032 1688.848267 -52421.54714 -494.369032 24905.935752 -2329.434566 3377.731991 1478.378296 -1.878849 -836.641073 50409.518218 -1766.395473 4165.096588 1578.024292 7006.46244 568.158993 38025.770488 -2109.788876 3661.098633 1567.876587 115.468458 -1525.578783 51129.761474
3664.449863 1969.597473 2830.130615 92110.857623 -108227.046639 104682.909842 2925.743809 3326.461611 1371.800537 78437.559012 -44632.417846 99575.226041 2491.45731 3995.597229 1748.128662 66482.334227 -5143.425566 78908.133057 1555.024662 4180.765915 1486.534424 21461.690817 -8731.937825 97268.694286 1985.466099 3589.53824 1396.14624 53339.886251 -54416.099472 89280.986072 -3482.47488 1717.686005 2799.6875 -96916.985894 -104585.258418 69177.460473 -3254.759426 3456.122723 1552.902832 -51890.37225 -735.502743 19890.807901 -2341.955624 3243.714619 1399.295654 -4.450352 -2307.141138 47345.123476 -2076.420193 3986.451416 1968.773193 1940.005035 4.366026 88989.557888 -2347.934933 3507.50947 1223.914795 -731.851513 -3569.885527 25628.386463
3654.091396 1949.506531 2864.754639 91831.346214 -110130.877204 110962.066648 2937.668056 3311.21397 1396.845703 82223.294246 -45063.958689 103966.770831 2490.455227 3961.245155 1793.005371 67614.219851 -5831.437634 83425.25804 1553.235836 4161.659927 1542.043457 21986.991315 -9046.07001 102871.197262 2055.590572 3538.817358 1286.385498 63635.909885 -57948.860265 79741.883916 -3504.173679 1731.946869 2755.375977 -102384.800378 -99151.32264 65697.158937 -3258.336277 3457.942576 1491.260986 -51260.976027 -638.306657 17073.607669 -2343.108463 3216.862373 1402.298584 -0.464995 -2509.05065 48459.273534 -2587.784672 3931.015167 2017.4646 -479.293973 -8.011728 97110.329959 -2339.701939 3392.221293 1219.960938 -582.449793 -5206.085496 25919.19729
3655.976181 1951.217346 2858.334351 94799.335753 -110034.977461 110016.964432 2936.487656 3307.899199 1386.768188 83249.873006 -45441.792425 102628.555125 2486.479721 3955.081329 1784.747925 68006.319655 -6048.74533 82718.747401 1546.054459 4145.081863 1537.055054 21968.522405 -9679.826404 102432.914654 2062.970047 3520.225039 1261.372681 65579.28279 -59709.332144 77487.21434 -3505.141373 1742.34314 2752.449341 -99696.840668 -97135.984957 65428.474074 -3252.208633 3461.132159 1479.343872 -49894.542896 -622.75987 16481.098402 -2339.846725 3212.123356 1381.550903 1.108819 -2582.579316 46377.16093 -2501.841049 3985.22049 1951.377563 -93.941541 8.501757 87689.240665 -2334.442978 3404.346936 1190.739136 -489.896554 -5022.012129 23860.593539
3641.272011 1965.49118 2786.421509 87571.487501 -104370.544387 103405.549401 2986.416664 3263.644104 1255.247192 91148.720557 -47851.084464 89127.589895 2645.528297 3939.603462 1697.255249 89870.758104 -6037.691256 77566.855918 1680.965462 4130.459137 1667.462769 31574.687632 -9635.419897 116946.486707 2109.991493 3572.017345 1369.674683 71181.930784 -53803.80002 90093.6125 -3480.592003 1691.852722 2758.154907 -91954.773483 -104841.727792 68533.483179 -3323.922081 3421.914847 1511.373901 -58420.681023 -818.247294 19530.138386 -2694.386559 3225.342007 836.107788 -3672.41261 -2233.246626 9092.410611 -2267.642326 3940.553246 1327.339478 406.592498 -0.043586 24291.192223 -2440.00515 3961.471977 1080.41687 -1650.826029 -11.037551 18431.829087
3644.163284 2133.732224 2722.618408 89825.319795 -75137.832068 90376.090634 2875.470352 3427.263589 1220.844727 72142.196319 -34664.316524 81352.022958 2751.365738 3701.972656 2050.379639 107547.497752 -15062.073562 106947.952964 1980.250931 4079.277573 1556.479492 61282.408454 -11487.068459 103927.968559 2118.957901 3713.994751 1225.90332 73039.031385 -42241.286232 74094.539907 -3504.000168 1707.408142 2757.530518 -100537.539189 -100852.293989 65650.05028 -3263.249435 3387.979808 1433.786621 -51367.671502 -1126.250594 14171.505634 -2315.46669 3411.437889 1499.116211 22.069356 -584.814525 58526.200147 -2185.846024 4369.763412 1387.1875 987.961818 2168.610117 26560.838329 -2239.063034 3738.144646 1289.068604 -48.308253 -863.641442 30932.852413
3661.069775 2209.417114 2565.927124 93565.718973 -74648.587859 84371.296861 2916.309643 3533.775992 1088.317261 78135.821481 -32226.929163 78862.010466 2686.824474 3894.354057 1857.454224 96052.464729 -9962.708448 99102.875178 2010.64146 4454.052734 1405.285034 64128.174287 -2654.949605 100381.700842 2051.086864 3861.384659 1152.885132 62785.068934 -36792.270323 77503.985932 -3501.393299 1806.578674 2647.196655 -101948.719338 -95025.221722 65751.909328 -3222.116566 3431.753254 1273.450317 -47695.975009 -1448.398624 12009.379518 -2288.398457 3588.981943 1306.034546 69.521742 -128.15034 49740.33691 -2118.814716 4542.647858 1366.947632 1559.240135 3299.890503 33998.70243 -2222.717762 3818.130417 1199.223022 -27.087567 -813.040169 32655.007291
3646.488571 2211.495361 2558.153687 89929.922177 -74358.320096 82847.869822 2935.071335 3581.679897 1106.140747 82097.666088 -28953.079542 80491.359684 2727.921982 3831.130257 1924.130249 103308.457901 -12532.511751 105111.395059 2229.054947 4186.774597 1149.806519 92664.354585 -10158.223482 78764.78536 2114.214249 3854.311295 1084.505005 72065.823087 -37307.382745 71142.946285 -3501.471939 1803.143616 2663.087769 -100303.619558 -95817.149207 66885.143853 -3312.528152 3561.099014 1446.454468 -56927.346297 -320.065803 20237.923649 -2442.197647 3668.2444 1087.785034 -297.847008 -2.675849 29450.074484 -2227.943649 4054.753952 1951.868286 657.230387 20.432406 102932.035358 -2260.091782 3685.868969 1130.764771 -115.28804 -1947.628387 27055.840757
3653.255482 2172.662201 2668.875122 90032.360069 -76340.380823 86340.518915 2947.604237 3538.531418 1201.665649 83185.340237 -30092.621875 81864.447924 2653.973866 3707.344418 2016.360474 90477.332306 -17056.597985 105917.27311 2291.071491 3917.143173 1119.417114 100620.643038 -21200.914151 70068.67814 2141.784534 3716.116352 1086.586304 75130.111578 -45654.075348 64272.710554 -3469.020519 1805.053406 2766.42395 -88932.215222 -89809.281378 68747.728916 -3220.877514 3520.895896 1491.426392 -47849.18407 -402.724415 18150.708962 -2299.885845 3425.721741 1278.848267 34.939937 -791.585889 38569.650945 -2264.435711 3769.86372 2188.441772 399.728103 -553.265905 127216.148795 -2221.97752 3386.472054 1207.89978 -30.623062 -5826.260391 26555.524608
3653.27755 2172.563095 2668.925171 90038.732762 -76362.115308 86339.231365 2947.602806 3538.498335 1201.785278 83184.572793 -30097.454238 81871.578286 2654.192772 3707.248287 2016.574097 90510.672074 -17063.29143 105932.285375 2290.871391 3917.13131 1119.818726 100590.984547 -21203.579807 70093.914099 2141.614647 3715.992298 1087.128296 75104.782631 -45666.757342 64312.149141 -3468.991737 1805.03952 2766.487427 -88921.208918 -89820.134691 68748.083318 -3220.749855 3520.806184 1491.400757 -47836.461697 -403.524441 18146.258906 -2299.852486 3425.368776 1278.528442 35.001493 -794.282795 38535.157367 -2263.726845 3769.582481 2188.068237 403.44611 -554.894621 127143.556922 -2221.936073 3385.916705 1207.58606 -30.552872 -5836.94032 26528.266915
3698.794746 2160.727844 2580.909424 99911.218182 -82031.559893 78230.131147 2952.713203 3537.355294 1148.469238 81149.961599 -31782.141515 78530.158501 2599.388924 3627.878113 1950.490723 79840.481032 -22575.802871 101959.683472 2121.700172 3838.679466 1110.932617 75287.149582 -27008.412237 71288.401866 2115.7407 3580.173206 1039.251709 69019.062229 -58977.907049 62453.897237 -3435.865593 1822.319031 2784.229736 -82009.921113 -91076.314921 72946.16312 -3148.144035 3454.857101 1416.604004 -42289.684012 -1157.324259 15645.461947 -2227.181358 3410.453973 1193.428955 240.083908 -1079.711044 33268.697454 -2211.860466 3715.862598 2115.86792 611.665663 -1017.684842 119359.995681 -2144.399681 3338.079882 1117.893066 20.285372 -7187.523292 22018.234291
3701.474476 2166.2883 2573.143311 100088.821247 -81147.550009 77062.397949 2950.646534 3538.992348 1139.127197 80399.822684 -31679.653424 77260.912778 2597.300587 3631.684904 1940.981445 79224.292224 -22367.388638 100901.167139 2120.158863 3842.159767 1100.921631 74818.520902 -26808.544899 70428.358106 2114.64632 3585.468483 1029.094238 68560.797437 -58522.684169 61511.790014 -3433.713512 1822.886505 2787.382812 -82017.75524 -90992.800891 73103.711865 -3149.926586 3456.383289 1419.764404 -42669.432696 -1142.979051 15722.289511 -2231.220837 3414.877419 1186.580811 208.38141 -1045.747885 32561.679926 -2221.863384 3712.754307 2111.652832 535.101845 -1040.504461 118422.463656 -2150.881939 3350.181179 1108.75 9.495838 -6951.059935 21311.735352
3679.632416 2156.161652 2602.529297 97614.623816 -79027.410417 74010.841355 2918.785858 3497.304649 1147.530518 77401.047233 -32987.311494 72056.026117 2599.471588 3737.822495 1931.68457 81681.446227 -15581.603564 94949.322552 2055.891113 3907.580032 1124.702148 68704.124663 -21732.334232 68199.7773 2098.514404 3660.779305 1063.387451 68362.865106 -50114.834762 59934.833499 -3405.678558 1825.446777 2847.231445 -65521.698449 -85639.867922 73675.302966 -3095.387726 3540.010481 1593.009033 -36263.178788 -293.332625 22026.034905 -2754.255219 3066.816139 846.109619 -5220.851879 -5205.354262 7947.390286 -2384.872894 3755.137138 1422.542725 13.306579 -632.484201 28753.046476 -2461.40625 3894.550591 885.725098 -2073.937299 -271.25455 7041.655938
3677.719383 2124.178314 2580.349731 92309.759066 -79743.362786 69957.75774 3007.083397 3506.622095 1132.061157 90871.263184 -30409.247583 69072.406705 2685.250816 3825.73864 1882.442017 92594.257176 -10555.687441 89419.940577 2167.230949 3871.76609 1047.450562 81005.641737 -22182.838088 61889.320643 2097.088585 3709.373817 1302.866821 66267.085448 -44060.018154 79291.734062 -3370.287819 1784.833374 2887.155151 -57850.408193 -88335.339245 76551.31345 -3207.250404 3599.367218 1767.816772 -48258.692714 -12.611868 32392.451322 -2758.511086 3230.920868 1023.637085 -5672.051515 -2368.070538 16272.680679 -2133.645821 3808.236656 1483.178101 1215.277822 -269.085364 32800.577484 -2400.098152 3976.30558 1204.945679 -1422.085386 -12.841761 23357.704206
3674.954605 2114.298553 2595.337524 92514.514474 -78114.583479 68872.41373 2992.615128 3561.236696 1208.030396 88800.443977 -25515.351269 74860.829744 2613.588943 3969.990616 1887.822876 82242.352561 -5088.200942 87743.028266 2159.603958 3943.41774 1012.391968 80448.947378 -17441.416289 57848.117459 2225.496292 3866.385345 1055.540161 85660.31432 -31493.524743 56548.227288 -3379.739609 1775.473328 2890.256958 -59948.884542 -86140.613864 74415.074321 -3249.916 3681.097469 1915.669556 -52364.744427 152.130167 41569.423888 -2711.795731 3223.681335 1285.436401 -4458.291482 -2218.640979 33322.914094 -2174.389572 4011.810646 1459.505005 897.049369 61.376708 28856.882586 -2337.920456 3821.974297 1225.807495 -725.529285 -377.21356 23131.879082
3627.44976 2149.563141 2549.390869 89026.899206 -71453.729381 64071.39203 2976.795769 3624.584808 1175.36499 92779.616831 -21284.084164 71677.819635 2683.10833 3989.119873 1919.853516 98661.898779 -4396.348976 91012.639379 2180.40554 4127.679138 1082.022705 88183.504232 -9373.420755 62923.436862 2206.056023 3959.715805 1090.633545 88436.092318 -25295.619458 59621.361033 -3416.241951 1773.355103 2867.641602 -59766.904225 -85109.163737 72596.245131 -3340.823555 3782.480927 2119.956055 -58268.198098 857.711515 59648.382985 -2852.885933 3375.81908 1417.696533 -7143.332081 -760.874012 45870.550905 -2231.264992 4100.16037 1590.411377 747.617339 330.847266 40666.946303 -2464.986763 3810.411301 1360.976562 -1741.879594 -397.677283 33620.041771
3618.179817 2143.876572 2532.555542 89449.658517 -70888.372181 62384.945228 2966.878242 3671.33112 1202.147827 92899.840643 -18189.821558 74911.4892 2681.802254 3992.161865 1974.254761 100157.056008 -4087.032723 96176.504233 2197.257576 4213.434753 1138.267212 91972.73672 -6288.112737 67056.157482 2203.911171 4023.440857 1119.325562 89778.655391 -21212.996473 62054.318883 -3431.52813 1786.808014 2841.174927 -61425.339325 -80510.232047 70172.52353 -3420.19268 3868.016014 2283.425903 -66266.44049 1945.795081 76282.028166 -2851.05114 3373.497553 1703.589478 -6790.730078 -713.93201 78825.458154 -2261.533012 4138.21373 1573.040161 612.657763 544.370874 39213.516558 -2524.811363 3872.515678 1533.676147 -2483.525267 -132.607017 49487.334767
3619.406815 2156.082687 2527.070312 87524.307336 -68749.690709 61293.933862 2973.181534 3690.864582 1202.174072 92751.25166 -17072.914069 74425.782519 2715.721817 4018.916245 1981.053467 104560.362903 -3416.658344 96409.722942 2207.22496 4236.503372 1158.271484 92375.746329 -5580.403933 68195.687486 2205.454483 4035.506439 1136.05957 88892.233649 -20474.605928 63058.091749 -3428.291855 1792.874298 2842.581787 -62790.535737 -78938.181645 69890.659674 -3427.809677 3878.53344 2300.443115 -68041.980063 2120.467812 77646.681346 -2818.014908 3363.599913 1782.836914 -6080.921515 -767.354674 88864.336973 -2295.343857 4164.933701 1597.634277 375.51927 698.724054 41124.619191 -2536.111984 3936.129608 1554.626465 -2793.891267 -14.395653 51161.045708
3626.42807 2167.615204 2536.521606 88462.204335 -67404.822989 61336.52135 2956.01181 3694.563408 1203.545532 88749.873923 -17014.434369 73553.560359 2726.209564 4034.469833 1989.212036 105612.708688 -3132.277338 96325.059053 2182.242584 4266.016922 1189.376831 88339.925517 -4863.418042 69810.181574 2181.477814 4044.95079 1163.396606 84460.712806 -20114.988092 64546.63366 -3431.435699 1812.224121 2859.419556 -65421.259783 -75669.776596 70650.86216 -3359.68277 3887.926025 2259.180298 -60488.471796 2219.917927 72319.658307 -2862.587433 3400.586886 1606.35437 -7446.16958 -551.427276 65111.67524 -2242.819061 4148.975449 1713.942261 662.199705 596.616493 51974.207222 -2469.168396 3926.976204 1513.540649 -1809.421567 -26.778223 46206.020357
3625.030994 2187.817535 2527.089233 84575.527232 -63655.454548 60696.428138 2941.026783 3699.328461 1181.306763 84072.613404 -16502.664408 71468.965812 2701.677418 4040.286331 1964.299927 99843.067228 -2898.796873 94356.902753 2143.915424 4316.672363 1187.754517 81771.2175 -3532.362989 69960.21529 2151.170826 4059.286194 1161.954956 78224.926603 -19106.998838 64728.337072 -3432.186413 1853.199615 2855.508423 -69604.365875 -67019.900544 70625.95473 -3380.10725 3947.211075 2314.830933 -64092.373987 3272.281645 78616.705372 -2777.806988 3432.032804 1782.128296 -5421.994489 -360.231285 88022.203377 -2281.260204 4193.373032 1420.474243 372.262832 888.891861 25572.277486 -2493.550396 3994.219894 1513.621216 -2331.118735 11.404091 46566.599817
3629.9753 2256.259918 2444.954834 87970.382509 -56879.844325 55722.2782 2898.678608 3710.390778 1054.42749 77553.514757 -16975.635076 61723.466053 2649.943256 4062.550735 1831.627197 92493.063896 -2859.923368 85677.004492 2076.632099 4392.840729 1085.368652 73835.974472 -2416.542573 65161.212465 2077.050495 4101.063766 1108.432617 68296.133391 -18037.629366 63312.572141 -3456.140728 1942.403259 2792.595215 -76696.579363 -55124.694567 68027.708228 -3334.775066 4006.741486 2141.905518 -58233.565997 4009.467462 64492.92294 -2783.481121 3558.158436 1501.099854 -5425.885056 -36.254565 57615.951488 -2283.209515 4336.96907 1823.898926 390.583268 1864.08173 69252.303812 -2436.946392 4091.78688 1445.333252 -1449.354238 155.678945 43514.518773
3632.087479 2314.452667 2383.306274 89185.190753 -50391.838199 51260.667528 2863.245316 3723.776608 964.103394 71793.644423 -16772.055663 54527.25127 2541.615677 4167.868042 1664.63562 76590.417011 -1234.29721 73149.988859 1970.524521 4417.640457 884.883423 61329.461005 -2145.690456 52858.357827 2008.245621 4155.758591 1029.002075 59220.348292 -15876.267838 58475.058102 -3458.729782 2003.658752 2755.595093 -77093.564549 -46929.645321 66272.363496 -3305.883408 4050.879021 2052.774048 -54857.013968 4726.124843 57758.827321 -2747.269821 3580.536366 1432.911987 -4517.85511 -19.628294 52244.607211 -2142.019882 4324.118271 1224.158325 1483.98135 1661.619308 16048.382405 -2427.6931 4114.108582 1262.269897 -1316.908148 196.025771 29508.150523
3624.935074 2494.562836 2198.789673 84892.194177 -32142.304573 41386.217811 2743.325577 3810.170898 748.220825 52315.355353 -13689.869386 42290.559789 2384.090347 4282.556305 1413.644409 55133.215359 -307.782775 60094.251679 1786.274948 4558.629227 660.350952 41540.199109 -602.345953 44121.140682 1883.87886 4288.560944 825.671997 43460.303659 -11198.745047 49402.524498 -3487.677841 2218.48053 2569.379272 -91527.599922 -22316.542407 56750.780258 -3178.193283 4171.350327 1663.710327 -42381.182992 7058.39958 32761.846782 -2561.019211 3736.435432 1070.756226 -1330.628355 141.327058 26823.500962 -2157.345352 4628.925171 983.109741 1275.750364 5090.511298 7984.634492 -2158.905106 4229.912109 966.862183 47.637998 623.672454 15379.235466
3613.728161 2847.580261 1740.955811 79679.515493 -11776.999285 22685.765779 2552.472057 3822.78223 122.818604 28110.088471 -18350.64646 14810.243329 2379.445629 4288.920593 872.581787 53948.466878 -1348.231894 38950.994308 1755.209484 4983.456116 489.033203 38200.311689 1159.812423 47164.927223 1795.90559 4312.434006 71.33667 33684.667391 -14638.88352 18624.832318 -3516.595936 2656.902161 2166.055908 -106824.328158 -1104.743193 41958.176573 -3002.744007 4396.895905 931.688232 -27625.553581 10524.628263 6806.16343 -2269.183369 3843.39241 625.345459 153.730895 142.310882 12584.808389 -1945.190601 4772.187042 494.813232 3956.921978 5673.211699 724.146429 -1857.503376 4278.568878 489.47876 3089.314036 329.080642 4476.930877
3666.539307 3284.004135 1170.510254 96354.915513 -2424.122651 9994.598971 2419.887695 3952.074757 -496.54541 15823.453888 -24098.601258 4157.955887 2155.735016 4490.826187 184.47998 30419.781015 -1771.396085 21277.757451 1588.936005 4903.422241 -554.348755 24558.825389 -530.574422 14338.626636 1687.442169 4419.716949 483.320312 23721.371914 -20586.896263 66831.752749 -3565.788269 3150.383034 1466.654053 -131890.835569 3481.256936 19426.546659 -2670.919342 4068.964672 -337.984619 -7979.885151 238.632172 -9271.097777 -2388.722839 4255.008392 578.985596 -69.010018 1168.668628 32837.474674 -2182.493286 4810.723801 -227.803955 990.881689 2977.159578 -3824.999546 -1854.274902 4227.568169 115.999756 3114.158272 -224.471874 3656.132027
3684.69965 3439.111786 959.051514 77544.377481 -88.455302 3155.564751 2389.21442 3833.319831 -738.568726 8570.193291 -33044.29355 304.413018 1737.715702 4437.400665 -585.461426 2276.462864 -3074.170238 1079.336306 1352.135105 4933.248596 -1378.526001 7166.024898 -422.888558 50.069041 1427.423954 4320.809898 90.441895 4112.493391 -27099.471092 39112.997373 -3408.665829 3335.999908 1303.083496 -93300.477679 13979.013766 12586.37088 -2427.612057 3550.552311 -653.250122 -2534.734252 -4636.008348 -23742.433321 -1640.446529 3815.125568 -150.578613 11309.742691 -472.018546 261.350082 -1857.245998 4589.952621 -734.952393 4125.287917 832.125088 -31379.570379 -1491.751614 3848.387957 -604.346924 10588.785462 -3796.548455 -9452.431843
3630.321217 3449.788666 814.654541 57765.144847 98.43448 157.022059 2260.757923 3685.465746 -844.155273 2305.286608 -39878.840169 -224.749131 1713.684101 3776.881876 -137.386475 1428.275092 -29222.115254 8560.496896 1374.896717 4273.923073 -946.438599 7486.049751 -17306.510984 3640.843861 1228.191853 3824.378824 -821.640015 47.786643 -60140.006653 1812.643042 -3386.31361 3294.099846 1394.468994 -89981.440996 15224.045696 14352.405782 -2381.033306 3455.737343 -546.020508 -1840.912675 -5483.99305 -20463.339746 -1460.03233 3485.356846 -840.391235 18122.05904 -3046.59019 -24036.611469 -1890.4846 4354.411125 -1043.986816 3356.658538 89.24667 -68381.054447 -2079.073315 3691.887243 -1364.656982 15.647021 -5386.141787 -77688.921103
3563.597536 3484.280682 709.587402 35211.515845 2824.59387 -2195.733474 2012.305727 3359.241295 -812.520142 -1465.85828 -58068.835823 -1735.459309 1299.82831 3634.869279 -329.573364 -5731.48123 -30946.168077 1581.353178 979.114046 3851.54747 -1266.989746 -126.895771 -35332.618955 -43.889688 1357.195711 3676.690693 -1262.095337 1139.049842 -63020.30921 -2939.275117 -3279.498472 3368.136864 1411.241455 -59724.237887 36068.853974 8729.928071 -2075.934935 3128.426437 -420.059204 462.190055 -11460.866493 -22368.708315 -2040.153685 2512.535706 332.51709 947.980375 -25658.446512 6304.823455 -1896.406889 3264.64695 -305.773315 2850.446273 -9241.10274 -15779.323087 -2546.217375 3516.717491 -700.961914 -6013.123055 -6458.145436 -27504.100657
3369.975452 3233.310232 500.911865 11890.417867 2965.045858 -24092.586928 1641.078663 2978.344345 -763.122559 -19018.886085 -70541.438488 -7834.384677 881.21706 3005.191765 -290.140991 -28869.268336 -61244.43145 20.670818 474.449482 3410.370746 -1114.779053 -13388.130419 -49354.95135 -559.432005 684.379139 3201.515665 -939.182129 -17559.969885 -84856.303402 -2150.785978 -3134.440441 3168.999195 700.135498 -10959.384865 43954.61653 -7818.345571 -1502.712383 2433.434906 -551.583862 27893.748298 -30869.91126 -51986.685457 -1275.86874 2017.67395 288.212891 28860.774483 -35914.238976 32.300818 -1666.392498 2329.524689 -563.685303 8163.710377 -28837.79614 -62807.759063 -1057.092648 2021.155396 -652.985229 30855.852975 -51321.624279 -46886.571433
3205.241585 3176.040497 264.547729 174.180922 1614.682818 -47861.568885 1362.597694 2852.370644 -777.992554 -51695.637189 -83431.577653 -10278.6513 911.447029 2728.569031 -21.834106 -27031.491776 -89360.18285 1424.519839 268.836327 3319.178739 -505.370483 -27258.609366 -56433.131331 3001.633709 2057.440681 3089.462738 -562.55188 54032.552574 -96379.162081 46.268341 -2844.600334 3121.677322 100.865479 9073.127214 38315.201926 -43128.172021 -1127.669258 2055.664673 -686.293945 63680.379957 -54531.077265 -69228.404604 -710.613785 1630.166931 63.122559 70111.542907 -55726.244931 -3277.822993 -1156.80645 2114.496384 -663.665161 24383.893012 -36982.825515 -81290.944662 -602.838821 1788.770142 -853.477783 61940.589379 -64030.805692 -73952.649753
3144.873886 3190.915375 122.06543 -1260.613335 1325.477513 -61368.505594 1262.475662 2808.938179 -859.536743 -71398.291784 -91734.674075 -13357.244135 919.779434 2646.882477 -48.185425 -28699.084483 -102345.274658 1281.982287 325.672798 3058.079071 650.263062 -25095.266867 -84564.315985 47442.678043 1862.262192 3093.099537 -648.873901 29858.441184 -99174.536212 -24.553485 -2722.826004 3062.148342 -143.791504 26276.750463 27256.152039 -62673.087676 -969.935074 1949.695892 -822.937012 79875.229306 -64743.530389 -82328.437341 -511.807404 1404.771881 -172.590332 86405.679245 -71351.171343 -11812.052982 -1028.955917 2000.828247 -766.705322 28661.823981 -43127.695328 -93735.413598 -472.009506 1778.360291 -1019.017334 70656.049616 -66344.215236 -93641.452833
3081.916637 3214.976006 110.139771 -1817.891757 1289.206954 -72485.357792 1164.286633 2809.499969 -760.402222 -79634.849592 -94762.305793 -12634.963122 616.97073 2597.015839 -90.999146 -54865.893515 -111815.064649 282.260593 144.082432 3080.066414 644.760132 -35615.084821 -84973.928435 42165.544868 1542.937298 3136.143913 -345.34668 10152.42922 -97194.539042 928.062071 -2580.800495 2915.87677 -413.775024 89248.062135 10994.988078 -99640.319936 -730.448246 1806.838989 -664.726562 122558.181547 -78843.924366 -74294.901287 134.154263 1435.067139 -847.397461 170279.223411 -71057.677725 -80788.58795 -776.051998 1758.972473 -670.963135 43724.236573 -56023.778111 -92043.78547 -503.060284 1906.752014 -1194.100952 72325.605618 -60260.800009 -132507.268605
3127.836361 3162.729282 63.360596 -277.527401 317.060311 -74292.999739 1189.103756 2850.540504 -782.861328 -75142.74305 -91138.74875 -12196.336323 445.611248 2619.261093 -356.452026 -77227.299028 -110353.034066 -331.920026 104.675369 3036.511459 481.425171 -39022.650113 -90907.266995 34974.580238 1434.558468 3078.285675 -217.039795 5193.220424 -105197.071201 3170.250241 -2402.687473 2834.026489 -534.761353 181688.610261 5246.402843 -110288.831418 -535.368748 1841.069183 -999.396362 156654.543873 -76800.166248 -109621.557501 264.654331 1371.143951 -769.625244 189307.713482 -76021.405384 -67006.603596 -574.346676 1875.652161 -788.033447 55579.17065 -50719.978625 -104580.110069 -484.641514 2010.84259 -1422.719116 74062.749949 -54981.20682 -166520.963866
3102.930641 3186.249142 6.295166 -1570.566101 343.211608 -81795.219567 1197.965736 2789.745331 -873.453979 -76484.109827 -101096.686458 -16872.017316 580.032463 2618.618622 -261.185913 -61356.18517 -113121.982958 -18.956557 79.742641 3047.081871 484.37439 -42902.437394 -92070.640751 34982.284771 1218.532753 2992.446594 -53.109741 96.241917 -118285.500221 6772.17214 -2545.530357 2884.193802 -473.951416 97817.936981 6828.966061 -103293.068249 -861.44619 1627.695618 -985.144653 99813.365902 -98431.520004 -108160.914107 -415.418434 951.90094 -479.586792 100024.522564 -108679.744704 -37016.820467 -54.101229 349.446411 200.65979 91153.710694 -154423.939613 -8434.808111 -192.053423 1381.053619 -637.843628 100803.309721 -96844.91439 -54251.757678
3117.861004 3235.634079 34.492188 -276.203603 293.214361 -76503.827865 1222.541485 2855.885124 -897.276611 -67902.238778 -99619.668017 -17422.86086 570.847301 2751.239624 -298.925781 -59147.036102 -103266.262512 -63.278441 44.469738 3088.694801 481.110229 -43721.444525 -93490.402108 35530.127699 1080.080395 3074.004059 -17.636108 -403.078698 -114869.912672 8141.180874 -2717.936268 2895.824852 -408.590088 43732.392655 4584.917728 -94124.5226 -1074.292469 1726.605988 -1216.869507 74293.191946 -94104.914894 -137652.234983 -442.604733 1005.013885 -1196.605225 99975.480442 -108773.122065 -126110.432451 75.44817 643.635864 -443.869019 103974.614132 -134655.751865 -57596.222354 -196.336522 1279.042511 -802.019653 103159.971729 -108650.555988 -71083.165923
3134.04068 3232.940025 27.325439 -182.270042 193.831626 -78098.933165 1236.182709 2868.170319 -911.306763 -67398.796784 -99145.160025 -18520.211161 582.923355 2766.322708 -312.549438 -58954.737943 -102452.86532 -117.51044 54.863319 3101.278229 468.999023 -43734.907575 -93025.80986 34604.113901 1074.972458 3114.090309 -37.059937 -588.601424 -110973.171798 7428.592415 -2754.329376 2905.084076 -351.155396 30884.017623 4623.228827 -88348.589326 -1124.57016 1773.598785 -1244.005127 66769.93798 -90447.898212 -142390.267155 -483.856983 1063.138733 -1328.43811 94468.459601 -104795.411012 -149709.435044 52.906246 721.152954 -578.179932 101190.85231 -129216.095734 -74450.556758 -210.436318 1294.644928 -962.489014 100575.424456 -108095.641284 -92300.985601
3162.168121 3228.007755 -20.426636 -0.756834 62.367165 -79655.298867 1286.680756 2891.065292 -1020.322266 -60282.747298 -98300.18989 -22929.161603 530.952454 2821.80191 -548.873901 -66297.927272 -97681.909066 -1678.371901 -85.83416 3125.806084 180.670166 -58929.362569 -92075.637216 22725.843111 870.554504 3210.597382 -201.134644 -6456.626395 -101364.869983 4281.837369 -2824.90097 2916.477661 -246.112061 14833.04346 4404.331104 -73612.548802 -1228.310852 1770.8255 -1187.991333 54289.848225 -92224.741023 -129367.365052 -618.014183 1027.305298 -1196.573486 80417.869455 -108951.73941 -121258.699456 -185.513912 832.964478 -332.721558 81845.98165 -121859.09037 -42804.840172 -448.811512 1398.350983 -1319.291382 76778.771433 -101407.598194 -141218.294362
3182.049198 3179.831219 79.802246 497.672611 272.97781 -74219.938331 1328.961735 2799.01268 -925.794067 -50842.235898 -100012.261733 -20595.824693 543.113422 2750.554276 -511.930542 -61852.14259 -96851.452298 -1927.906496 -165.076699 2988.416977 150.001831 -65495.845673 -98808.30338 19206.698234 456.437321 3141.232224 -287.041626 -34309.53455 -100335.299493 1802.765256 -2891.008358 2827.87159 -186.535645 8185.186769 3934.493326 -73309.822329 -1256.896801 1515.485687 -747.29248 53586.195998 -109794.029427 -81467.450352 -1244.426022 992.483063 54.927979 32585.777509 -105470.386902 -5147.079126 -985.501461 1123.049927 992.191162 33810.523156 -95574.291003 8280.134682 -727.810993 1557.233124 -909.690552 55159.388953 -84388.292268 -88044.320125
3190.43848 3192.951927 88.488159 594.382825 690.337556 -72802.757453 1347.536564 2744.70459 -879.570312 -48904.062645 -104212.667959 -17759.857452 468.642597 2801.350517 -802.745361 -72355.798204 -88511.722206 -7581.240231 -395.59288 3052.414894 -385.355225 -96159.212647 -89230.741779 4140.349656 148.240719 3126.174374 -898.491211 -72316.323237 -99665.261696 -3100.603431 -2857.408199 2856.254807 -141.044922 12337.789261 6392.909393 -68547.549392 -1273.516064 1502.805176 -697.22168 51317.539485 -108951.305607 -75720.802428 -1208.496456 1511.56601 252.401733 34540.880016 -66875.770222 -643.510002 -738.978748 1600.463257 1102.398071 46508.455347 -65090.337927 13823.757294 -662.54961 1800.760345 -1274.389038 59939.250465 -67253.368067 -142683.889481
3179.842167 3177.933979 172.175293 940.172742 800.380493 -69819.364297 1326.635838 2718.451614 -751.238403 -48756.834296 -104747.451095 -14108.448492 470.729084 2791.120911 -557.651367 -69074.55789 -87172.74207 -3496.858044 -394.592953 2996.726723 -127.248535 -92905.275416 -92971.01459 8489.924307 88.064899 3119.375744 -924.661865 -77917.735467 -97909.103109 -4814.392016 -2850.149899 2839.386024 -160.587158 17389.587471 6685.684417 -76325.816933 -1238.855495 1535.765533 -723.703003 57469.900502 -103353.896347 -85062.995068 -1296.026669 1289.946594 190.172729 30509.916917 -80122.216796 -2848.073967 -653.625965 1552.996216 869.428711 52789.525928 -66504.654053 2406.128466 -541.946735 1682.191315 -990.917358 71963.373394 -73284.776497 -107201.173004
3140.918941 3179.935379 135.271606 184.262087 1176.437512 -73995.009873 1276.469479 2694.675522 -735.126343 -54730.105603 -105365.629406 -13216.987262 436.732464 2766.574669 -490.145874 -72625.724871 -87809.313422 -2370.007555 -425.282307 2940.787468 -46.749878 -96121.181408 -97174.77871 10748.011872 35.115891 3099.700336 -865.073853 -84777.673938 -97995.775513 -3530.824564 -2795.171604 2832.262077 -199.303589 31209.832503 7378.006022 -80095.210416 -1186.242237 1507.173767 -687.765503 64438.929759 -104327.494942 -80817.854964 -1284.627094 1243.831024 214.481812 31675.757839 -82019.839439 -2231.125111 -584.696941 1625.652161 763.574219 57535.547766 -61482.102809 610.435979 -463.15815 1625.036774 -878.581543 79819.243626 -75745.393028 -91062.63842
3131.366196 3181.312256 124.924316 53.822454 1278.189286 -74751.215357 1263.151779 2690.980301 -731.016235 -56946.175656 -105367.438531 -12823.483285 428.223724 2757.61982 -470.688477 -74049.524703 -88408.111447 -2037.642296 -433.695641 2914.931717 -22.276001 -97577.212769 -99737.367147 11592.113086 21.541977 3089.471073 -798.105469 -87180.298988 -98748.68323 -2298.945671 -2779.919205 2831.627312 -211.015015 34698.44757 7562.334931 -80885.168013 -1173.010406 1498.763123 -678.257446 65805.363639 -104805.257643 -79321.923998 -1287.167969 1230.582123 220.037842 31416.34283 -82692.736764 -2023.653137 -624.99855 1577.690582 834.031982 54915.966485 -63886.082955 1783.672196 -465.779037 1629.552307 -882.592163 79414.618874 -75214.475007 -91041.437746
2986.299801 3222.039261 -112.596436 -7503.556837 615.458038 -102874.092928 1033.551083 2828.298264 -810.064087 -101080.5201 -98043.244731 -15420.286314 325.462856 2883.334961 -296.817627 -92964.117953 -83156.391696 -227.676609 -372.160358 2893.656731 396.061401 -92396.612071 -111721.33444 28799.945348 -8.171921 3216.36301 -172.584229 -96046.204946 -93289.952343 3274.500401 -2569.40958 2942.910995 -362.533569 101260.967053 9667.073036 -94535.992748 -890.461369 1684.710236 -770.307007 100186.808423 -94252.658512 -86614.436644 -637.897739 1144.404907 -39.239502 80488.164898 -94730.241619 -9768.0704 -186.480188 1148.159027 815.368042 83329.463691 -94787.853427 1943.388004 -279.36017 1505.864258 -811.010742 95067.67283 -88879.309418 -78263.073298
2975.369968 3220.034161 -91.239624 -8044.046786 756.4009 -103413.695701 1026.414967 2825.94593 -794.077148 -101428.621137 -96935.335447 -15895.434572 314.328785 2877.552071 -287.22229 -93866.275209 -82539.378033 -303.248334 -442.687759 2886.858559 339.024048 -101746.040095 -111157.136624 25043.433378 -9.375839 3207.934875 -151.119995 -95355.0676 -92958.941275 3207.707785 -2548.651791 2934.360733 -387.988281 113440.949411 9863.33077 -100360.328079 -870.190105 1676.125946 -788.78418 104006.027855 -93984.056184 -91643.365941 -558.010807 1106.777191 -105.291138 88950.768963 -96719.852867 -14381.73027 -75.65465 1053.990326 729.706421 92377.678653 -100395.16384 326.525173 -271.191111 1530.462799 -885.106201 96445.942194 -86367.952932 -91186.509559
2945.720673 3205.730171 -112.519531 -11856.677892 338.698031 -102414.765561 986.65947 2818.556747 -794.651489 -110523.253112 -99987.739018 -14476.470271 212.732582 2874.023552 -387.802124 -111384.895213 -84853.078893 -798.865172 -398.238411 2884.067726 382.351074 -96046.862781 -113647.762746 28300.794234 -2.006626 3223.005276 -157.211914 -94982.564165 -93217.23916 3624.711597 -2478.33725 2941.175575 -477.740479 146839.273935 9142.415383 -107684.121044 -810.604744 1650.108032 -821.829224 112353.594716 -98186.086972 -92208.944827 -399.169922 1074.081116 -198.312378 105276.762853 -100574.062633 -18202.645432 195.537262 1082.883911 563.303223 114851.810059 -99605.615393 -206.896436 -237.109106 1558.501129 -1022.613525 99426.226364 -85631.022633 -106567.397214
2935.112247 3206.243629 -62.659912 -10419.164582 257.732655 -97241.252287 993.246021 2863.016586 -811.658936 -104493.251686 -95595.465889 -16038.969512 182.950382 2926.069641 -485.45166 -112558.362089 -80091.495689 -2016.939778 -384.00444 2895.540314 316.668701 -90811.25722 -113303.19955 24713.503711 41.755791 3233.430748 -159.877319 -84301.362991 -93023.697009 3320.08425 -2536.951351 2969.332581 -481.639404 128035.672359 10491.630426 -109785.163695 -888.201427 1657.286072 -832.597046 103979.245389 -98334.667242 -95063.519386 -168.693089 1097.570343 -591.37207 135191.340005 -99427.580394 -52419.282628 -0.931606 851.435242 327.51709 99918.06384 -116718.69329 -5314.343337 -81.483898 1479.588165 -384.765015 118798.181632 -91781.918417 -34815.815087
2968.14188 3203.710213 -56.327515 -8629.022459 238.298832 -96544.691755 1006.504841 2865.484619 -796.444092 -105127.765466 -95249.388537 -15315.502082 209.837132 2936.055908 -425.309448 -110761.9091 -78972.761941 -1302.772379 -319.261255 2917.505875 410.523682 -84223.772963 -110549.316161 28935.997644 60.927162 3261.242199 -118.045654 -83872.291199 -89897.827875 4115.246142 -2581.803951 3002.710533 -458.475952 98746.933403 13052.480373 -107133.125861 -948.30862 1645.814819 -798.511353 92799.793861 -99423.71038 -91201.1905 -269.48709 1248.460846 -1330.08667 120892.434948 -88081.385994 -160145.791313 305.831051 1106.09436 -559.036255 125492.371041 -98588.517684 -79204.007192 -199.652202 1385.427246 38.853149 104039.157115 -98602.239353 -8467.612892
2974.174614 3242.132187 -18.612061 -4488.827966 275.787802 -93652.026994 1007.504463 2931.807861 -806.401367 -96847.079797 -91413.05267 -16726.701191 201.792564 3014.565659 -440.0354 -105232.631583 -74296.983997 -1666.484949 -461.100197 3037.903557 305.020142 -98269.071543 -100262.978187 23424.050745 20.730553 3294.35463 -155.891113 -83771.2846 -90033.702613 3061.953268 -2774.705544 3115.569153 -312.113647 42463.476185 20087.562404 -92053.701474 -1176.016502 1688.032684 -640.509644 68169.213209 -98650.054676 -75462.548849 -684.040031 1257.657776 -1339.714966 80634.670806 -89920.192826 -165079.06086 127.836533 1178.249512 -795.697021 113049.961204 -96031.107332 -116255.30859 -237.517815 855.968018 -148.746338 104355.710117 -144759.814767 -18988.339718
2959.554634 3259.778862 6.775513 -4036.424011 382.328669 -92941.496094 975.943794 2941.2323 -774.727783 -98925.286191 -91171.285534 -16114.352006 199.659996 3003.85498 -333.782349 -102133.780828 -76195.899231 -779.510821 -336.669321 3094.823189 510.410156 -78399.717354 -94569.616934 31995.764949 -28.382397 3322.6684 -116.444702 -88197.984291 -87746.522601 3415.073056 -2808.87722 3150.865822 -290.505371 38659.967676 22952.415057 -91896.428002 -1212.829628 1675.865631 -496.245728 66246.224927 -100577.954971 -62862.977823 -819.289665 1279.57016 -1281.524048 69938.996012 -88855.929913 -158014.133843 -44.297104 1233.829803 -671.813354 100081.969741 -92819.858832 -100243.07368 -495.094032 876.773071 217.736816 80734.271357 -143558.691283 -3629.690087
2960.907574 3242.08107 67.958984 -1675.273697 808.629377 -83687.491359 1054.470501 2916.434708 -829.411621 -77144.408609 -88366.927031 -18664.278154 194.121037 3040.245132 -662.041626 -96631.320599 -67483.244102 -5761.658104 -392.648315 3164.223709 129.77356 -80530.941808 -81673.669299 16114.424166 90.382214 3268.731232 -286.9104 -64833.580086 -88323.776775 1041.571897 -2968.829975 3218.451862 -65.74585 12316.239479 36934.233434 -67675.47772 -1361.215763 2032.17926 -884.263306 53837.556227 -64460.650448 -105061.428343 -1656.909351 1338.860626 -300.948486 16475.341041 -81147.043662 -28468.149886 -1117.017002 1658.143921 -1049.162598 32619.520223 -64203.74207 -162651.857543 -930.380955 1311.000214 99.731445 48001.86832 -103665.210062 -7196.047502
2998.766594 3284.564819 59.767456 -857.683007 1434.532631 -81930.778489 1092.133141 2923.030243 -825.050659 -73573.969229 -88720.00168 -17205.103798 216.423492 3036.591034 -759.451294 -95752.362963 -68808.372042 -7611.423744 -391.832781 3215.667019 5.568237 -82631.514331 -77330.467447 12692.65256 82.505798 3281.62075 -399.378052 -68235.735903 -87967.568099 311.494612 -2974.463387 3286.806107 120.064697 9031.648864 45260.139089 -49209.414059 -1394.378319 1993.509369 -583.829956 48573.151409 -68347.231555 -68564.494482 -1134.327736 1319.727783 38.569336 46061.2057 -83166.481092 -7246.558995 -1410.264626 1524.872894 -875.575562 19564.636571 -72294.930575 -127744.186599 -1461.770058 1679.679871 136.419067 16638.545479 -78200.466294 -5145.422133
2995.326157 3301.267586 185.604248 -384.191417 3582.327621 -74950.220443 1117.583694 2912.185097 -725.599976 -65940.09097 -83082.694629 -15647.685453 245.301933 3032.359734 -685.142212 -88002.705743 -63343.261511 -7506.265815 -671.696663 3248.729267 -384.074707 -120477.233685 -68109.586427 2354.741103 -125.411072 3185.743389 -977.823486 -96863.73833 -91931.175624 -7565.918628 -3020.556412 3292.055092 430.395508 5954.641181 55471.484962 -31517.158951 -1467.429886 2182.871246 -559.526978 43372.056144 -49511.539409 -73297.054116 -1605.162277 1710.083313 251.795044 19015.74238 -54393.279743 -2709.414714 -1443.759918 1872.359314 -693.112183 19107.178298 -50496.592706 -109603.866731 -1074.96521 1845.569305 437.923584 38423.032178 -64027.027911 -397.870135
2991.834297 3304.317751 159.372559 -871.908932 3808.598937 -74973.914863 1103.844032 2911.646614 -725.671387 -70530.682489 -82755.556603 -14323.622252 233.104973 3023.196526 -652.460938 -92109.117141 -63896.30136 -6058.104416 -660.319939 3240.826969 -289.750977 -120974.322586 -68540.035788 4265.437303 -148.297997 3179.087124 -918.823242 -103186.229031 -92290.006563 -5367.971025 -3028.942986 3309.543591 512.148438 3708.482319 58974.617933 -24849.792722 -1495.888634 2233.377304 -540.615845 39304.821666 -45833.370384 -68668.081406 -1613.862724 1768.251648 277.531128 17940.985537 -50929.501345 -1605.824552 -1455.577583 1993.236542 -654.342041 18163.803919 -44620.794484 -99757.221386 -1059.572258 1966.936035 450.576172 38481.770419 -56798.379019 -127.272934
2854.195862 3416.013908 75.354614 -19364.690881 9777.095031 -85300.469439 922.310333 3102.992783 -794.093018 -116317.31467 -60820.382589 -17789.352395 322.123299 3277.140265 -161.689453 -87775.819963 -40328.715388 -14.766901 -309.560781 3579.732552 548.800659 -78975.152821 -38466.294138 33350.179987 -194.957514 3375.420835 -251.102905 -122490.225276 -69990.921771 1215.307424 -2868.703918 3443.568091 994.081421 17320.25763 87595.517067 -4651.939855 -1505.801086 2483.24585 -392.721558 33039.36242 -29684.617034 -54261.999158 -1291.282654 1941.893768 367.114868 31891.233689 -40895.993796 -350.662501 -1101.166382 2362.866135 -497.949219 30048.606347 -28641.575072 -77553.48551 -871.029549 2765.703926 666.11145 47157.21079 -20185.148433 1412.890618
2865.72649 3452.938795 155.255737 -18212.750118 13022.891436 -72187.413606 1022.370548 3172.667351 -893.613281 -96793.144402 -52792.654561 -22212.639887 249.194546 3162.796173 -456.628418 -99843.283628 -48225.331073 -1973.053984 -616.543407 3483.711872 -81.341553 -124361.958487 -44453.037225 9631.451113 -188.393183 3259.47855 -781.42334 -121995.935368 -80005.064845 -2185.439198 -2800.557232 3467.447157 1102.619629 31434.304691 96083.666576 -1908.296329 -1515.794582 2506.655655 -353.232422 31871.182742 -27594.247676 -48666.882025 -1560.855694 2203.247986 552.554932 17407.614633 -28299.78335 888.637687 -1175.790386 2388.310013 -329.02771 26577.134726 -27135.876454 -54333.794411 -1111.249065 2386.653976 841.247559 31338.657207 -34171.569099 6766.852494
2866.657429 3453.557606 153.043823 -18324.01822 13042.295737 -71955.156595 1022.814579 3173.959255 -894.928589 -97032.034852 -52705.245267 -22037.589275 249.877872 3164.049816 -457.612305 -100004.26956 -48147.17749 -1931.235218 -615.596561 3484.967337 -81.853027 -124480.491218 -44380.648231 9731.025262 -187.833772 3260.880709 -782.23938 -122204.721261 -79893.192114 -2135.60082 -2800.374432 3468.77676 1113.223267 31058.705354 96302.267619 -1677.980994 -1518.887081 2509.832458 -346.565552 31475.697985 -27446.350491 -47749.619656 -1563.67445 2206.51413 559.215698 17205.917928 -28178.57248 1043.873567 -1178.126278 2390.288391 -322.370605 26405.532949 -27076.771454 -53158.045489 -1114.229336 2388.914719 847.492065 31068.254613 -34087.164058 7154.884605
2866.68705 3453.569679 153.102417 -18323.607519 13045.570085 -71946.120919 1022.831306 3174.060955 -894.856567 -97034.003408 -52692.664156 -22032.115948 249.95739 3164.288197 -457.431641 -99995.730531 -48123.996173 -1928.637926 -615.40451 3485.334158 -81.531982 -124453.64142 -44349.255996 9740.313616 -187.523994 3261.699429 -780.734253 -122151.814116 -79804.461182 -2112.97825 -2800.3619 3468.784962 1113.411865 31055.108826 96312.271435 -1674.881811 -1518.932304 2509.953766 -346.491699 31469.737586 -27438.114708 -47741.989267 -1563.662682 2206.643906 559.291992 17205.242064 -28171.677404 1045.26107 -1178.166008 2390.392075 -322.318726 26402.688868 -27071.721687 -53150.642487 -1114.186058 2389.049835 847.536621 31069.2051 -34079.635815 7157.197246
2944.372101 3624.156551 294.989014 -17700.042411 24019.710633 -55319.768092 1123.27774 3622.528305 -847.576294 -91872.728523 -21639.821329 -18899.26724 430.946541 3814.60598 -318.02063 -83317.472823 -10094.436945 -493.46932 -318.886156 4073.173218 293.562012 -90840.204025 -11580.712793 23025.685474 -65.156116 3850.975075 -908.460693 -113180.849617 -32304.310446 -4317.773309 -2519.515839 3615.204372 2301.459961 104814.009383 123603.67675 32150.788457 -1703.096924 3081.248493 355.196533 13774.810153 -6542.412571 -6698.152346 -1618.79303 2638.638306 1204.056396 11932.304036 -14023.092441 33394.824294 -1902.121887 2484.390945 273.936768 3330.648123 -24789.836395 -7966.903767 -864.954147 2202.12616 854.632568 42087.891512 -44107.33987 7635.451972
3042.845421 3558.625908 480.713501 -6755.091489 24783.286265 -42438.495264 1353.213005 3733.577805 -834.562378 -54521.301698 -12267.274713 -21416.594189 853.944817 3869.938622 -108.150024 -33052.367617 -5734.64404 0.845444 571.272926 4615.329895 497.022095 -9565.200434 34.350999 29708.849915 1895.280418 3891.517334 -470.130005 34712.109331 -25195.627082 -15.826076 -2622.091866 3421.871538 2323.253784 60623.857923 95984.933124 29952.944423 -2214.10511 4550.99968 508.971558 -10.182983 25678.134006 -3951.935991 -2317.151833 5438.171082 861.954956 -120.09589 54611.446449 8231.432799 -1745.173988 5954.36554 1473.69812 6005.031835 51443.608811 32207.001723 -2724.590187 5094.553528 731.92688 -10316.454545 19510.020341 2251.546178
3054.634495 3585.564957 550.661621 -7001.311593 28950.988655 -39216.415799 1543.793888 3809.535332 -956.761475 -31919.199645 -8543.663536 -32028.965862 834.177418 3756.304817 -420.687256 -36322.93048 -8862.302287 -2611.514031 203.978291 4452.910004 -78.485107 -34503.999516 -434.790392 7623.075957 398.739376 4065.517807 -1029.255371 -47484.775995 -15290.598697 -9941.606972 -2718.264065 3251.941671 2686.893311 28056.647108 65744.725678 54675.830618 -2575.654049 4922.629852 1304.534912 -8245.576226 48841.851712 7099.688895 -2700.789089 4610.578003 406.09375 -6218.148736 18066.144651 -515.57943 -2267.384396 5331.973877 -101.286621 48.65405 25989.202781 -39409.711804 -3094.676723 5202.833862 1003.988037 -27152.804522 23867.005568 10135.540482
3063.401127 3596.437893 550.401001 -6726.666263 30278.197197 -37358.765055 1603.473606 3945.855675 -962.399902 -26202.11333 -4245.866396 -30863.040979 722.198429 3963.483353 -885.355225 -48745.525005 -2918.893304 -13821.880099 190.068989 4801.724854 -882.074585 -36208.42586 1923.196221 -473.663283 438.448429 4081.808777 -795.291138 -43609.79082 -14448.202685 -3424.232001 -2809.800472 3055.625877 2793.24646 9658.680441 35562.491959 66259.257551 -2836.23724 4749.566498 1456.221313 -23367.54664 37779.638029 13857.829339 -3027.149715 4492.650833 558.90686 -18359.638383 14465.698336 309.987913 -3006.917171 5218.30246 -93.380127 -8272.207622 22249.880642 -36722.472546 -2782.870541 5299.227905 321.600952 -13104.940158 27607.137538 -2242.183549
3151.04269 3630.231705 622.341309 -3802.042031 31747.455753 -31416.34293 1709.220791 4071.002731 -901.253052 -20954.375108 -1968.537692 -26580.749367 1031.150951 4565.921936 -605.948486 -23892.451294 3307.240812 -5736.357566 321.395893 4973.612976 -33.903198 -29491.464049 5178.226469 9302.737576 643.962536 4162.339325 -999.561157 -28035.362 -11874.750496 -8379.012522 -2780.2421 2967.104111 2988.394775 6918.226987 22755.117157 86047.460337 -2846.935825 4630.629578 1595.640869 -27952.730509 29854.106046 20903.211816 -3127.830906 4619.018402 679.63623 -26027.356428 17794.727216 2064.290229 -3043.091221 5436.28006 142.649536 -10481.210913 29141.605998 -18578.797135 -2719.621677 5297.850952 499.838867 -12640.165576 26804.367228 -56.798157
3179.121795 3613.839817 619.312744 -3265.000687 30295.207225 -31830.596274 1727.401214 4082.493744 -887.531738 -21109.199012 -1739.891332 -25801.449871 1063.544555 4582.420197 -568.384399 -22911.723764 3727.501088 -4960.45293 360.946631 5016.45874 -6.361694 -27956.676203 6436.028059 9997.947743 672.777724 4207.436523 -726.755371 -27241.909225 -10066.542704 -2293.002225 -2745.728974 2933.464279 3067.739258 8756.430825 19539.727519 94606.690877 -2845.799775 4635.221252 1722.801514 -29433.32991 30212.864051 28473.218699 -3172.68271 4670.908051 822.453613 -29712.156483 19601.259741 6080.571915 -3080.887971 5534.380035 364.064941 -12090.766096 32966.313666 -7192.786482 -2638.304353 5250.345764 568.568115 -10471.912505 25077.973355 54.33754
3143.359427 3633.446674 562.30957 -6530.866089 31052.740156 -37647.812136 1702.202811 4055.467682 -977.026978 -24132.842326 -2439.437163 -33087.422191 1038.752723 4602.841415 -737.577515 -25454.719772 3924.937425 -9543.756354 358.407378 5102.078705 -197.550659 -28704.14509 8792.470818 5122.121672 630.577064 4277.139359 -844.915161 -31769.414082 -8058.55125 -4757.960499 -2736.2707 2909.48555 3129.056396 9073.334017 16170.511049 100216.3259 -2832.331796 4645.294952 1817.510986 -28926.367817 30104.234241 34080.065375 -3197.071481 4745.147858 933.703613 -31592.317093 21792.152995 10160.487249 -2988.534799 5606.437225 504.213867 -9752.798851 35370.221008 -3009.379379 -2533.218637 5235.775604 650.806885 -7434.959661 24092.977244 527.336425
3135.953622 3628.032551 648.569336 -7315.897265 32204.184624 -31749.148623 1757.585244 3973.606415 -951.181641 -19170.070768 -3867.495903 -32317.230119 916.765084 4249.485092 -873.126831 -36528.275655 -3.030712 -14486.49866 325.748544 4931.004028 -448.898315 -31403.046538 4268.954175 1179.223107 637.03608 4302.791977 -716.586304 -31264.054295 -6725.437321 -2580.609976 -2706.761527 2817.808266 3197.39624 13325.822134 10183.322657 106470.643683 -2771.483207 4620.371246 1996.66748 -24387.529452 29659.455094 46749.873617 -3270.338187 4820.836487 1205.545654 -36264.241844 25262.176674 25626.064183 -2998.005729 5603.912354 683.304443 -10030.075502 35950.151942 -271.115629 -2459.37429 5233.77594 846.022949 -5516.844777 24633.463428 3992.312986
3118.880475 3671.576157 725.673828 -13365.882924 37287.99315 -26650.054382 1784.788373 4069.451599 -888.464355 -20057.98568 -1813.702971 -28527.236756 958.740475 4373.18573 -980.88562 -36079.507317 514.26566 -19071.043386 336.930897 5042.033691 -590.831299 -33578.794311 7484.882465 171.027757 616.689541 4405.877228 -1008.302002 -36963.986712 -3891.956635 -9910.143766 -2637.46352 2814.209824 3199.147949 19083.229169 10209.765182 105415.209208 -2771.254108 4553.046265 1927.199707 -27166.320715 26349.082964 40301.815906 -2992.78487 4772.016144 1026.697998 -22341.864565 23545.49532 13517.078111 -2760.175312 5598.704376 562.745361 -5448.355537 35899.371052 -2233.029275 -2327.39455 5224.59259 884.259033 -3448.812453 24441.019871 4814.706944
3119.14748 3671.314087 726.184082 -13478.911451 37356.77674 -26621.448809 1785.02135 4070.004044 -887.585449 -20138.968767 -1789.790211 -28473.832582 959.358356 4374.724426 -979.779053 -36131.389052 535.477753 -19030.191567 337.050388 5043.604736 -590.701904 -33665.872422 7563.24916 171.063378 617.771213 4408.190308 -1005.473633 -36971.034564 -3819.229091 -9823.350191 -2635.604107 2812.656555 3202.122803 19222.885593 10162.330632 105757.645089 -2770.891583 4553.484573 1933.242188 -27226.852233 26416.073119 40762.779884 -2992.575543 4775.939026 1033.681641 -22389.858427 23726.525607 13888.885275 -2755.282452 5608.244019 582.416992 -5376.000663 36328.838351 -1820.126561 -2328.52998 5232.714233 895.053711 -3493.079478 24774.00757 5152.199691
3092.573488 3695.453377 721.027222 -19109.540042 40982.12908 -26784.078839 1779.083345 4114.153824 -903.596191 -21894.355311 -1031.168622 -29400.235898 958.90413 4434.990005 -986.691284 -37505.591447 1306.900782 -19194.92673 359.155786 5118.825989 -589.147949 -32943.007693 10454.760488 187.844669 668.351457 4463.77861 -836.359863 -33255.612035 -2518.845968 -5092.628045 -2616.727049 2834.805832 3169.468384 20296.558546 12383.012147 102220.948063 -2759.038451 4600.970154 1938.189087 -27354.279415 29295.563132 41380.580049 -3037.849486 4867.371826 1067.266235 -25490.502993 27618.740417 15952.104361 -2811.982176 5623.811493 493.849487 -6813.853178 37299.480575 -3940.544086 -2457.642424 5503.985901 1155.812378 -6813.683724 36210.615379 17117.881354
3037.719012 3694.5961 730.957031 -33878.461176 44381.254029 -25112.402802 1841.342059 4207.848434 -948.034058 -18860.55989 -62.692849 -31674.026727 1004.732791 4472.809296 -1036.898193 -35766.157622 2403.744425 -20763.261213 500.342418 5221.265869 -630.593262 -24165.377543 16014.202819 95.394206 907.153522 4316.243362 -554.150391 -15875.449918 -5158.380294 -562.457946 -2558.102521 2870.69046 3069.794922 26953.173693 18001.687563 92271.352473 -2779.989728 4776.589966 2096.621094 -31266.275654 41289.850381 55978.146251 -3096.340131 4892.384491 1208.652344 -30424.736166 29883.890792 26266.341792 -3245.259503 5633.975983 596.777344 -20497.413167 38979.510709 -1260.219735 -2534.491528 5551.066132 1041.97998 -9959.520169 39728.217934 11728.551366
3047.700939 3703.073883 786.715088 -38595.752822 46528.970039 -21287.725317 1910.765667 4293.415146 -901.132812 -15828.929339 113.737634 -28274.226339 1093.13261 4612.782898 -959.397583 -30542.450307 6011.22196 -17539.283627 545.475292 5427.285156 -853.695068 -23263.89123 27607.524518 -454.100701 907.422543 4520.100098 -531.552734 -18117.321288 -1075.495677 -401.236471 -2526.74181 2920.496941 3000.577393 26704.671735 23956.155821 84701.123972 -2825.54369 4902.26532 2233.985596 -38021.99915 50285.400701 69272.489211 -3182.928638 5119.892426 1384.20166 -37917.59013 40746.418743 41105.307486 -3327.201099 5779.296875 687.131348 -25026.101029 45869.333193 -202.205708 -2716.559315 5662.851257 1209.663086 -18239.626429 45610.099496 21289.232088
3030.988336 3728.53981 785.235596 -40780.504566 50909.137265 -20867.3068 1961.474633 4317.979965 -955.0 -11644.537666 298.403932 -31583.714165 1215.210137 4664.533234 -1274.42749 -20083.042857 7951.078365 -31856.562983 692.879739 5489.001465 -1105.910034 -13689.89999 32110.820553 -3066.377245 871.852975 4644.445038 -1183.562012 -20249.632526 -69.490517 -15354.465825 -2530.783515 2971.317616 2955.646973 27346.104589 30888.442181 80773.565881 -2870.568671 4980.093842 2259.777832 -41576.213084 56558.649211 72746.429909 -3267.18946 5240.079041 1436.209717 -43238.082305 47392.675194 46921.296818 -3453.279243 5840.569153 692.867432 -30231.056601 49195.531271 -121.208912 -2880.962653 5728.323364 1267.88208 -25908.842421 49441.832962 25832.036619
3036.577682 3754.316521 819.543457 -44153.542361 55547.2813 -19907.144181 2018.162766 4401.795044 -937.913208 -9334.030568 1263.56242 -31749.287518 1399.140244 4953.708191 -1247.127075 -9955.305899 21386.522891 -31430.837371 1034.774551 5701.155701 -703.95752 -1843.98186 48384.183268 -4.066352 1096.525345 4156.671829 -1159.039917 -7683.852088 -9225.683193 -15147.236429 -2511.784134 3026.815472 2936.350098 27015.300583 39366.768413 76773.490991 -2910.135574 5076.304016 2387.020264 -47470.386629 64663.45213 84434.222201 -3289.408951 5353.744202 1557.921143 -46314.428485 54176.185064 57745.918672 -3493.732986 5887.969666 766.755371 -33075.902769 51957.168702 3.262934 -3221.436539 5893.610229 2064.818115 -48523.759438 59014.063099 112141.14447
3062.985482 3814.401131 789.377441 -40770.089418 59358.305192 -21440.958989 2036.014504 4364.20784 -1030.447388 -8958.166093 475.379873 -38466.490224 1459.653268 4937.443695 -1409.835205 -7606.684161 18750.965624 -40291.383178 1052.054696 5813.491974 -1127.492676 -1732.176114 55076.951646 -3622.593879 1067.743478 4839.159851 -1185.639648 -9691.333314 533.985668 -15960.291104 -2539.674125 3114.687595 2923.912354 18580.798914 47449.680302 76156.034694 -2999.447379 5198.888397 2441.849365 -58262.225128 72025.915592 91450.754788 -3394.975028 5535.439453 1627.459717 -55309.581446 63026.937353 66497.517454 -3663.572135 6084.384155 849.296875 -42312.434732 60380.557287 514.944795 -3095.732474 5867.295227 1410.256348 -40608.677266 55699.194202 35990.928368
3111.745462 3822.022552 796.639404 -35011.177779 58950.700599 -21878.348355 2114.958353 4392.733841 -1051.92688 -5913.973635 641.879492 -41410.532218 1592.964182 4997.323151 -1474.302979 -3440.702153 21424.412328 -45146.028877 1236.644907 5908.89801 -1209.553223 -17.247701 62656.728521 -5412.210929 1296.199808 4826.462708 -896.213379 -1866.495896 355.284831 -6706.364872 -2546.03591 3148.236313 2946.225586 13494.067751 51023.628087 77016.870222 -3030.042868 5253.492126 2509.416504 -64323.46965 75767.514439 97834.038742 -3459.006186 5613.200684 1713.75 -62422.505491 67230.593696 75418.129716 -3773.598471 6181.548157 957.941895 -49747.601037 65084.601818 2020.294606 -3190.153646 6014.873962 1559.908447 -48684.378915 63585.356854 48452.120476
3203.841009 3875.695305 943.959961 -23773.813367 68017.258845 -14916.051704 2322.02033 4392.204208 -1003.135376 -508.006637 729.116938 -40032.68228 1744.554815 4990.11261 -1380.65979 -790.169586 21525.708968 -41328.079499 1379.8281 5947.451477 -1378.521118 455.796076 67119.140371 -10332.508932 1330.347509 4974.88678 -1238.551025 -1828.23137 2275.994303 -20258.902436 -2544.02276 3191.414614 2999.923096 8927.712281 59611.986404 79213.582747 -3078.583307 5279.978027 2442.324219 -74255.907172 78851.105195 86173.427661 -3526.380854 5688.225403 1668.312988 -71222.440655 72676.968485 65850.598514 -3946.554193 6271.04248 962.770996 -62517.497517 70648.573108 1480.080556 -3336.413813 6148.054199 1582.712402 -62512.859962 72320.149632 47510.4031
3204.994764 3883.867149 967.598267 -23823.947175 69504.343258 -15501.262041 2369.397688 4342.273331 -1019.361572 -67.842625 307.344942 -44347.804402 1839.074659 5006.736755 -1357.468872 -17.97465 22566.472804 -42002.87678 1546.079512 5955.212097 -1619.366455 3518.390324 68025.081047 -19601.74473 1403.341093 5054.963074 -1098.535767 -557.81929 3930.911486 -15692.394375 -2544.492846 3221.625872 3057.870483 8671.715484 65191.932642 81698.157114 -3143.036547 5318.700562 2584.454956 -82860.134033 82436.976734 98854.994909 -3570.054674 5720.091248 1792.634888 -75389.028602 74911.610451 76985.222487 -4014.954576 6349.604492 1141.367798 -67191.155658 75350.584787 5239.089668 -3409.783373 6252.80304 1744.212036 -68813.65116 79226.926923 60749.934372
3203.350496 3873.479118 996.419067 -23899.194781 70843.052597 -15370.808091 2444.809084 4365.079498 -1006.123047 244.016136 664.483065 -45517.247952 1924.28525 5008.620453 -1389.474487 321.235999 23793.452953 -45674.470724 1611.684542 5897.633057 -1789.044189 5581.136435 64387.094162 -28009.59129 1636.900911 5015.248718 -716.843262 1535.445231 3473.257924 -4620.953353 -2540.198088 3218.867993 3106.155396 9415.494234 68161.793259 84014.63218 -3150.117826 5309.509888 2650.706177 -83650.485027 83335.974644 103747.988757 -3692.678251 5660.555115 1911.104126 -87189.254665 72229.618151 89249.017989 -4292.411833 6091.896057 1228.076782 -87326.387388 61821.305625 7486.889399 -3474.620695 6257.930298 1788.925171 -74410.654898 80848.656074 62779.445735
3199.48926 3885.194435 1016.911621 -24028.354735 74630.04349 -16054.605331 2477.515078 4412.040176 -995.132446 716.782035 1406.255359 -47462.904796 1963.06119 5029.428558 -1430.617676 821.657513 25813.700693 -50526.507607 1665.003481 5922.516479 -1837.549438 7692.324262 67950.670049 -31925.800351 1615.854769 5135.511627 -979.807739 1182.359692 6940.909456 -13376.548269 -2553.276243 3220.195105 3117.55249 8089.027517 70756.187313 81756.247597 -3177.466002 5308.774567 2649.73877 -86949.723706 84421.526156 99604.194809 -3681.461668 5747.323303 1927.06543 -85752.707366 78931.822442 86956.725573 -4275.827208 6317.362976 1345.498047 -85803.992562 75331.493827 11328.638759 -3498.374205 6317.038269 1876.031494 -76273.753388 85736.480533 69039.606439
3192.640543 3904.596939 979.059448 -24591.435673 76791.073266 -19188.84753 2507.416849 4455.772858 -1044.51355 1383.7473 2021.687304 -53469.07084 2023.820963 5098.879395 -1482.296753 2039.943575 29878.439208 -55108.656039 1851.206827 5966.826172 -2005.247803 17273.092211 71705.270215 -41669.150097 1644.384165 5311.502838 -1225.217285 1846.85709 13114.967756 -24846.945124 -2556.601095 3252.026066 3127.614136 8121.630521 75700.822875 81254.852538 -3180.755453 5340.086212 2635.029907 -86909.890581 86759.574285 96034.121875 -3725.075827 5804.187775 1955.971069 -89798.135954 82491.885998 88889.42883 -4298.80538 6465.39978 1451.51062 -87303.732887 84039.482525 16346.555076 -3516.051474 6314.214783 1839.822388 -77559.087139 85147.142683 63164.584652
3190.603561 3908.566666 977.876587 -25882.19822 78700.090489 -20183.993225 2503.38768 4471.734619 -1042.985229 1175.650355 2466.013706 -54738.25156 2037.054977 5125.876923 -1484.144287 2227.435761 32233.855836 -56274.451661 1883.607407 5994.545898 -2012.904053 18951.946213 75266.396891 -42947.339155 1812.441788 5219.356842 -718.688965 7484.034553 9818.427013 -6129.428731 -2554.841385 3253.383182 3130.210571 7671.64988 77504.392809 79994.221503 -3179.925613 5342.639771 2638.539429 -87527.698481 87728.79924 94707.095257 -3718.638077 5819.509277 1963.108521 -89683.819891 84138.07838 87859.38121 -4281.549454 6503.100891 1475.505981 -86379.337911 86933.833704 16914.126112 -3503.068008 6343.045044 1864.56604 -76858.968073 87696.342417 64308.764171
3116.370583 3955.785141 847.223511 -38502.559354 85604.483052 -31632.140824 2464.361458 4550.820007 -1186.851196 641.400589 4115.808657 -72867.858438 2117.696877 5326.705627 -1540.807495 4971.108 47062.937798 -62522.129243 2093.363228 6094.57489 -2231.394043 35475.428694 85145.792592 -58432.732432 2071.691933 5425.176697 -1969.213257 25155.587516 18454.691522 -81019.286882 -2564.996605 3289.54752 3143.948364 7683.063766 83643.107073 78424.784655 -3222.907066 5377.794342 2645.662231 -92098.892055 90515.753256 92140.318848 -3763.352928 5901.845703 2000.858765 -93239.192265 89705.636112 89084.895955 -4273.344994 6650.180664 1541.603394 -84960.158247 96237.221958 19266.303948 -3536.963463 6403.439331 1908.78479 -79029.389084 91587.330718 66066.703893
3111.194468 3959.81041 833.513794 -39934.71973 86634.119984 -33881.437633 2456.135874 4554.547882 -1201.981201 498.967656 4263.536172 -76179.82465 2112.452097 5317.056122 -1588.690796 4734.72952 46437.181283 -67248.006163 2112.274485 6035.303345 -2332.524414 37013.951466 79110.653571 -66451.810229 2026.471415 5400.888519 -2014.769287 21357.246986 17365.444696 -86579.092749 -2565.54534 3287.490311 3154.124146 7445.528562 83648.417429 78030.858891 -3226.176443 5378.164215 2659.950562 -92756.28187 90746.471232 92175.130087 -3769.455557 5905.636597 2018.870239 -94019.193284 90137.329766 89640.956421 -4279.406729 6660.064087 1567.456665 -85530.42067 97043.933233 20047.42508 -3535.76293 6415.049438 1929.695435 -79045.127315 92566.980367 66865.672971
3111.020079 3980.808868 824.987793 -37360.958494 90673.068467 -37277.29121 2519.584074 4710.188293 -1187.188721 2101.365588 9287.969469 -78125.780363 2122.249632 5351.273804 -1717.290039 5536.391274 49523.353899 -80284.270431 2140.863523 6029.158936 -2498.499756 40701.932123 78746.030559 -81416.438076 1958.298826 5514.728851 -2024.0802 17192.853512 23447.199879 -90506.548202 -2572.648439 3315.959549 3197.104492 8062.415281 90062.146185 79207.749709 -3256.143007 5382.728119 2633.571777 -95319.71734 91423.811994 85495.016807 -3801.710329 5950.389099 2029.090576 -96146.57932 93656.562278 86702.222473 -4325.633059 6666.114807 1531.90918 -88178.886216 97630.585407 15829.836294 -3567.264833 6425.19043 1938.325195 -80855.290816 93484.644835 64230.724871
3069.894772 4007.399826 768.157959 -47824.038306 98448.242751 -45941.315325 2515.448666 4824.514313 -1231.097412 1852.47752 14944.960288 -87950.247815 2165.093594 5458.542175 -1807.53479 7081.13752 60707.914972 -91547.706277 2215.106106 6091.355896 -2629.853516 47407.183302 87191.840812 -95447.901552 1925.212612 5630.956879 -2085.404663 14634.002104 31550.849389 -100397.961156 -2566.806889 3321.125765 3221.260986 8188.683459 94874.527352 77780.478227 -3259.611454 5399.738007 2675.206299 -96521.290746 94706.713377 85910.980844 -3805.052128 5942.454834 2041.551514 -97015.674751 94370.852969 83262.752931 -4336.932621 6684.989319 1585.056152 -89444.159331 100106.652044 16740.152087 -3591.296635 6467.581482 1993.696289 -83578.314785 97847.383101 66222.511483
3052.702618 4011.336517 745.26001 -52265.074768 100358.551331 -51355.735023 2526.958294 4848.291321 -1244.40918 2151.14884 16439.677006 -93616.54143 2196.051159 5489.747772 -1818.670654 8443.451908 64324.489605 -95488.073038 2273.782482 6134.832153 -2624.326782 53392.867144 92724.297662 -97727.990696 1929.178753 5686.977997 -2063.289185 14840.711048 35761.104398 -101393.578741 -2553.124714 3320.653391 3219.105225 9933.639441 96203.258284 74321.203216 -3271.286335 5394.163361 2722.885742 -98333.41401 94806.51836 87715.978569 -3794.026508 5927.130432 2067.922363 -95930.609617 93716.125956 82535.104635 -4336.201801 6653.404846 1605.778809 -89448.308672 98400.646598 16071.780485 -3654.068012 6465.30426 2098.968506 -89727.658853 98167.369615 74958.02106
3044.294729 4016.396103 670.842285 -58538.773389 104062.146725 -63125.23607 2553.82781 4919.671936 -1307.547607 2484.934576 21083.595715 -106593.975825 2230.345755 5571.517639 -1879.559937 9341.105778 74066.565082 -104616.077544 2388.698568 6247.019348 -2652.498779 64474.780947 107550.471631 -103345.98303 1972.976522 5883.253784 -1945.515747 16726.477064 51916.647475 -93105.310615 -2546.798716 3317.187433 3253.757324 8644.725842 98748.503328 74249.733832 -3278.269663 5397.207184 2768.372803 -101680.590478 96560.74 88878.987844 -3844.292917 5930.271606 2144.912109 -103029.533368 95090.417073 88161.861244 -4425.777292 6671.336365 1751.208496 -97916.157775 100661.10917 23294.383597 -3670.425425 6499.58252 2159.482422 -92915.293042 101849.578715 78074.08973
2967.110415 4025.263748 503.771973 -81667.49695 104378.267077 -84280.118401 2513.013735 5066.334381 -1418.237305 1329.704473 29789.391187 -123210.242784 2318.550539 5677.321625 -2087.545166 14093.449529 84691.190804 -126513.383594 2495.657473 6487.129211 -2715.734253 77317.628348 137527.330397 -109743.391525 1981.449862 5994.787292 -2003.369751 17165.749211 61000.577518 -99602.829137 -2567.945433 3350.351391 3247.95105 5835.68863 104551.757004 72962.835275 -3282.115049 5437.45285 2752.870483 -102575.857222 99798.841404 86299.394587 -3873.517942 5979.529114 2159.264526 -106495.036016 98298.157172 89168.709202 -4474.027586 6717.929077 1786.00647 -102105.783429 103392.175675 25326.492391 -3679.399595 6569.313965 2181.92688 -94034.999748 106611.770554 80013.252845
2912.924986 3992.939072 432.65686 -97921.413913 99642.090314 -97614.04311 2519.932585 5212.008972 -1377.172241 1614.961425 40998.227297 -121232.942539 2326.612272 5698.760681 -2134.179077 14902.062205 87830.445645 -134543.543596 2552.261381 6536.26709 -2695.126953 85415.826144 145232.330145 -110380.192374 2025.408964 5959.468079 -2189.181519 20771.738886 58419.592375 -122501.603016 -2612.062502 3329.186211 3227.8125 2360.574922 101259.377282 68291.664252 -3305.865908 5422.119598 2804.047852 -105388.636826 98929.534453 89010.435925 -3924.96747 5948.294067 2236.403809 -111724.438428 96407.217978 96161.312602 -4525.789003 6660.814209 1833.642578 -106067.379314 99893.404799 26854.888451 -3662.566652 6520.928955 2152.202148 -91843.728647 103412.191494 72928.445782
2890.073318 3994.716492 435.736694 -111822.407882 103277.463935 -108654.323773 2516.558151 5340.110321 -1288.655396 1165.846782 53448.448416 -119960.704588 2334.051895 5767.120056 -2084.225464 14369.095708 97904.42439 -137838.200857 2571.148911 6591.999512 -2660.325317 85801.234393 155779.392973 -114581.933688 2044.590073 5947.668762 -2269.453735 21015.540074 58978.683921 -141231.512378 -2599.996872 3311.299152 3275.562134 2094.561492 101305.525596 65242.483004 -3298.996506 5408.615875 2874.042358 -106778.806713 99381.082665 87891.886293 -3895.136337 5948.935547 2293.999634 -110156.355774 97838.12791 93012.271983 -4517.383652 6658.547363 1917.662964 -106720.814808 100981.11378 27186.660665 -3680.972824 6512.630615 2257.789917 -95306.429662 104156.215694 76090.526892
2873.548203 4004.53537 396.037598 -125580.241124 106517.776011 -127285.52229 2520.528641 5411.014099 -1281.530151 856.458448 60814.219706 -130900.98662 2329.524155 5847.629395 -2069.193115 12921.561389 108734.002859 -145313.725013 2725.518112 6703.554382 -2490.847168 104948.106246 173582.036773 -106407.254333 2077.211685 6040.083618 -2266.221313 22034.552822 68218.981072 -150852.370748 -2561.657486 3319.403238 3324.458008 3489.279786 104835.273533 62224.494114 -3282.758865 5409.32785 2931.341553 -107297.396961 100201.361124 85164.184257 -3895.866165 5944.347229 2365.288086 -112474.336355 98069.155286 91606.519511 -4516.271133 6671.392822 2022.363281 -108317.199628 102394.942796 29030.228408 -3687.038956 6515.046082 2332.866211 -97933.070414 104919.709461 75325.075291
2846.123085 3997.839203 354.888916 -145651.716678 108862.981186 -144380.964784 2529.118843 5474.822845 -1261.472778 630.28665 69113.329525 -137342.618648 2341.143379 5838.656311 -2083.634033 12326.292657 110020.015453 -154216.578564 2744.514198 6738.676758 -2382.957764 104507.85765 182008.147999 -102298.11687 2088.984261 6041.009521 -2251.646729 21233.774191 70153.684111 -156888.302772 -2524.087791 3317.377386 3345.69397 4925.688518 108750.404765 58503.102609 -3297.377281 5393.418427 3011.967163 -112951.750329 100520.949728 87246.591207 -3877.70443 5944.415894 2430.847778 -112907.947958 99548.778202 92066.658379 -4545.342064 6654.68689 2154.872437 -112774.66798 102563.829226 34923.025146 -3679.075584 6504.524841 2429.608765 -99377.126576 105578.843271 79621.357257
]