11-08-20_Ishan_4KDepth.alligator_in_wagon.0000000002 [ 2332.985115 3749.440384 2327.08313 478.132295 86.197242 910.344336 2324.780006 5994.14856 2637.351685 981.197369 930.240067 873.233376 1775.812111 5966.073608 1873.838501 798.095515 988.434933 915.689343 1533.060951 5977.315063 846.47644 974.48785 1027.679972 745.840829 1267.303658 5772.42218 1765.177612 1023.54572 931.504611 871.224081 -2258.721123 3860.371628 2696.184692 -546.660269 966.694481 135.519521 -2850.582085 6004.570618 3260.089722 -808.155148 950.353093 158.842442 -3640.750847 6637.771912 3288.666382 -897.655889 1058.179876 119.505702 -4091.944695 6517.729187 2361.939087 -808.935668 966.653381 -36.989027 -3394.342461 6542.246094 2650.905151 -841.189176 906.525416 48.446221
2294.943099 3759.766998 2370.393066 376.927309 387.160843 977.958496 2343.856826 6025.954895 2819.07959 986.702042 997.897183 987.527055 1935.901656 5894.226685 1960.863037 993.045281 981.626317 970.203687 1480.842299 5796.25824 990.200195 905.77014 959.387644 845.45816 1259.616103 5750.596313 1948.028564 988.812223 955.929527 981.307963 -2356.0887 3823.62236 2780.820312 -667.916222 999.459948 180.204083 -2898.924241 6040.912781 3294.926758 -846.925158 999.850217 167.205142 -3678.460984 6404.940796 2723.304443 -926.723448 988.307262 -49.620097 -4383.737473 6484.226685 1938.482666 -941.729885 977.451275 -153.561862 -3634.909348 6680.966492 2507.268066 -968.067039 983.903405 5.527185
2303.785443 3756.148224 2372.55188 388.446659 376.472026 988.688024 2360.762677 6020.860291 2833.052368 999.921293 994.977342 999.129685 1899.456983 5906.85791 1999.168091 940.664018 990.641211 998.072874 1556.538281 5837.594604 980.57251 982.031554 983.609541 841.478155 1269.133496 5820.863037 1971.762085 999.605194 999.845191 998.426524 -2362.499957 3823.235168 2777.155151 -678.229268 1000.360943 180.418974 -2913.53313 6040.33844 3288.234253 -858.002824 1000.099855 166.485115 -3701.426806 6403.712463 2726.889038 -941.523803 988.241797 -47.352331 -4413.224902 6487.698669 1947.809448 -955.870976 979.202119 -149.914718 -3648.95946 6694.820862 2504.480591 -976.588853 989.670276 5.894402
2303.785443 3756.148224 2372.55188 388.446659 376.472026 988.688024 2360.762677 6020.860291 2833.052368 999.921293 994.977342 999.129685 1899.456983 5906.85791 1999.168091 940.664018 990.641211 998.072874 1556.538281 5837.594604 980.57251 982.031554 983.609541 841.478155 1269.133496 5820.863037 1971.762085 999.605194 999.845191 998.426524 -2362.499957 3823.235168 2777.155151 -678.229268 1000.360943 180.418974 -2913.53313 6040.33844 3288.234253 -858.002824 1000.099855 166.485115 -3701.426806 6403.712463 2726.889038 -941.523803 988.241797 -47.352331 -4413.224902 6487.698669 1947.809448 -955.870976 979.202119 -149.914718 -3648.95946 6694.820862 2504.480591 -976.588853 989.670276 5.894402
2303.785443 3756.148224 2372.55188 388.446659 376.472026 988.688024 2360.762677 6020.860291 2833.052368 999.921293 994.977342 999.129685 1899.456983 5906.85791 1999.168091 940.664018 990.641211 998.072874 1556.538281 5837.594604 980.57251 982.031554 983.609541 841.478155 1269.133496 5820.863037 1971.762085 999.605194 999.845191 998.426524 -2362.499957 3823.235168 2777.155151 -678.229268 1000.360943 180.418974 -2913.53313 6040.33844 3288.234253 -858.002824 1000.099855 166.485115 -3701.426806 6403.712463 2726.889038 -941.523803 988.241797 -47.352331 -4413.224902 6487.698669 1947.809448 -955.870976 979.202119 -149.914718 -3648.95946 6694.820862 2504.480591 -976.588853 989.670276 5.894402
2303.826418 3756.187515 2372.492676 388.511946 376.40777 988.734418 2360.852785 6020.906067 2832.969971 999.999478 994.970925 999.132042 1899.797335 5906.981812 1998.936768 941.105552 990.686798 997.977297 1557.453585 5837.81311 980.139771 982.983502 983.703152 841.230685 1269.377108 5821.169128 1971.451416 999.995603 1000.0 998.288144 -2362.491026 3823.289795 2777.084961 -678.228097 1000.360943 180.427787 -2913.522825 6040.40863 3288.114014 -858.001288 1000.107729 166.475794 -3701.427183 6403.790283 2726.785889 -941.5285 988.251256 -47.357406 -4413.302794 6487.866516 1947.785645 -955.908303 979.245784 -149.897747 -3649.015379 6694.953308 2504.436035 -976.620731 989.70035 5.906454
2303.826418 3756.187515 2372.492676 388.511946 376.40777 988.734418 2360.852785 6020.906067 2832.969971 999.999478 994.970925 999.132042 1899.797335 5906.981812 1998.936768 941.105552 990.686798 997.977297 1557.453585 5837.81311 980.139771 982.983502 983.703152 841.230685 1269.377108 5821.169128 1971.451416 999.995603 1000.0 998.288144 -2362.491026 3823.289795 2777.084961 -678.228097 1000.360943 180.427787 -2913.522825 6040.40863 3288.114014 -858.001288 1000.107729 166.475794 -3701.427183 6403.790283 2726.785889 -941.5285 988.251256 -47.357406 -4413.302794 6487.866516 1947.785645 -955.908303 979.245784 -149.897747 -3649.015379 6694.953308 2504.436035 -976.620731 989.70035 5.906454
2303.827262 3756.191635 2372.489624 388.512547 376.405852 988.736526 2360.854239 6020.911255 2832.965698 1000.000348 994.971367 999.132042 1899.804587 5906.98822 1998.928833 941.114468 990.688003 997.974888 1557.474418 5837.82074 980.126343 983.004791 983.704895 841.224149 1269.382071 5821.180115 1971.442261 1000.002931 1000.003945 998.285136 -2362.491555 3823.293686 2777.08313 -678.229268 1000.360034 180.429142 -2913.523812 6040.413208 3288.110962 -858.002248 1000.107729 166.476127 -3701.429391 6403.795166 2726.784058 -941.530065 988.251381 -47.356681 -4413.307748 6487.874756 1947.786255 -955.910694 979.247197 -149.896416 -3649.019113 6694.960632 2504.436646 -976.622867 989.701412 5.907872
2290.372062 3758.489685 2363.110352 400.108316 383.661627 990.105132 2320.660911 6021.971741 2831.497803 980.172995 995.329626 1004.734558 1961.860099 5906.072388 1948.950195 1049.199948 989.71259 971.783522 1487.391715 5826.074829 985.474243 929.769387 976.671916 852.302375 1240.31301 5791.812439 1938.306885 983.884985 981.575633 984.137241 -2394.360299 3808.688736 2766.14502 -691.96255 980.276364 180.003427 -2935.373788 6029.770203 3270.030518 -859.58362 994.43706 164.319375 -3714.419808 6432.067261 2723.170166 -937.912993 999.550409 -45.409361 -4432.197824 6519.663696 1950.074463 -955.716487 991.288666 -146.499847 -3652.210031 6754.656372 2505.568848 -968.553302 1012.552712 9.190141
2297.286687 3762.657166 2360.481567 422.478503 375.415164 998.004662 2329.356084 6028.05481 2825.929565 992.651017 995.291565 1005.785914 1871.735845 5937.55188 1986.586304 935.402082 1006.390616 1001.28475 1560.708318 5889.410095 956.02356 1011.330139 1009.345242 836.420259 1230.755315 5845.468445 1958.555298 975.394794 1010.830635 1001.048984 -2401.524348 3811.110458 2762.609253 -694.957577 975.360029 182.039134 -2945.511165 6033.005981 3265.852661 -863.173528 992.970106 165.143927 -3721.677241 6442.488708 2719.126587 -939.524099 1001.298294 -44.471587 -4420.312495 6515.288086 1926.390991 -948.614393 987.234866 -150.992888 -3643.433528 6797.50061 2502.599487 -961.952138 1026.739258 10.419042
2295.391712 3773.832855 2344.492798 413.893748 395.414978 992.878192 2310.446796 6042.884216 2797.389526 972.337731 1001.401878 995.796463 1941.820698 5934.310913 1916.957397 1025.206957 1000.044503 964.039359 1523.900928 5862.266235 925.903931 970.137898 990.183011 824.21491 1188.805485 5835.03479 1952.005005 901.852007 1000.465743 1005.035694 -2408.651562 3815.961456 2750.718384 -705.462242 973.306052 182.666862 -2967.436657 6035.52887 3252.337036 -878.513623 991.007425 165.009109 -3760.156994 6446.04126 2729.898071 -962.858858 1000.135983 -37.406207 -4480.208263 6535.295105 1957.713013 -975.756042 992.481632 -138.904736 -3705.218945 6766.999207 2519.447632 -994.062003 1012.477231 19.092243
2295.441456 3774.062805 2344.284058 413.970467 395.234039 992.941455 2310.493031 6043.178406 2797.046509 972.371384 1001.417146 995.733602 1941.230488 5934.414978 1916.889038 1024.408791 999.933245 964.155819 1522.853413 5862.159119 926.02356 969.02764 989.965807 824.475451 1188.363667 5834.937744 1952.327271 901.102396 1000.23785 1005.385405 -2408.806744 3816.110001 2750.543823 -705.644164 973.141124 182.706179 -2967.775249 6035.688782 3252.080688 -878.733445 990.950149 165.006113 -3760.616131 6446.123962 2729.733276 -963.126738 1000.058321 -37.382282 -4480.787945 6535.353699 1957.633667 -976.01308 992.398892 -138.85948 -3705.749798 6766.982117 2519.25354 -994.332742 1012.365071 19.107131
2310.643554 3793.048248 2335.372925 448.062483 389.718282 1001.330225 2340.280242 6066.139526 2790.806274 1002.673267 1003.345415 1000.578639 1850.943694 5964.850159 1968.130493 907.284324 1006.601684 1006.928624 1587.832885 5907.321777 922.125854 1039.384966 1004.166689 831.520518 1268.204131 5832.746277 1897.510376 1036.779947 986.390313 980.094879 -2422.655702 3826.914673 2752.831421 -718.531542 960.568908 191.621806 -2999.958253 6045.412292 3259.960327 -897.665751 985.598746 170.909137 -3795.54419 6466.423645 2746.2323 -981.845095 1000.05745 -28.394593 -4527.063661 6567.287292 1983.418579 -995.246851 996.884872 -128.077444 -3718.884339 6755.515137 2503.52478 -999.853694 1000.087605 18.537519
2310.640621 3793.082657 2335.369873 448.045936 389.707733 1001.33866 2340.249233 6066.184387 2790.809326 1002.638599 1003.351168 1000.58571 1850.880489 5964.862061 1968.150635 907.19314 1006.585217 1006.947097 1587.431087 5907.292175 922.229004 1038.957734 1004.128687 831.599813 1268.047543 5832.818298 1897.648926 1036.511589 986.411919 980.185127 -2422.691441 3826.881409 2752.941895 -718.576688 960.475991 191.687561 -3000.061741 6045.35614 3260.147705 -897.73429 985.551658 170.962398 -3795.720005 6466.359253 2746.514893 -981.94842 1000.01613 -28.30832 -4527.329502 6567.270508 1983.786621 -995.364942 996.864157 -127.974951 -3719.04398 6755.35675 2503.734131 -999.936212 1000.012124 18.600612
2310.627894 3793.120651 2335.356445 448.067598 389.705815 1001.344987 2340.239558 6066.230164 2790.788574 1002.651944 1003.356479 1000.583353 1850.935206 5964.914246 1968.088379 907.297292 1006.594254 1006.91738 1587.495112 5907.347412 922.161865 1039.049776 1004.138275 831.564086 1268.050075 5832.940979 1897.596436 1036.555052 986.463773 980.163317 -2422.753301 3826.872177 2752.932129 -718.61849 960.412868 191.691629 -3000.183721 6045.335999 3260.146484 -897.796108 985.522017 170.966726 -3795.879521 6466.298828 2746.533203 -982.025827 999.975805 -28.297807 -4527.511601 6567.196045 1983.822021 -995.433884 996.82061 -127.960642 -3719.2804 6755.316772 2503.817139 -1000.042525 999.981814 18.629677
2305.113611 3842.846222 2325.175781 535.217882 421.306493 1010.052184 2247.980127 6123.658447 2709.100342 962.207416 1014.410274 957.798362 1712.013636 6064.817505 1914.172363 788.833228 1044.577546 981.457702 1228.529902 5872.323608 970.258789 714.631265 960.036118 876.762307 992.054529 5942.736511 2019.346924 661.824243 1028.087545 1064.550557 -2469.341803 3792.874756 2723.363037 -715.19307 859.564976 183.723694 -3043.647833 5999.77478 3260.864258 -893.864085 941.133142 175.313186 -3748.242254 6152.890625 2519.422607 -926.536106 854.957051 -91.219604 -4676.105719 6644.729919 2379.316406 -1038.474049 1010.453916 -15.997984 -3987.840643 6777.371521 2616.721191 -1109.423444 992.202665 55.833454
2269.543667 3827.519684 2341.864014 519.246698 351.410401 1022.814586 2232.776089 6101.329041 2753.013916 973.867621 997.236872 980.078774 1843.559017 5894.182129 1900.877686 1000.0 931.396433 966.591029 1385.579281 5730.400391 940.371704 908.20051 878.193647 848.788991 1076.709423 5844.73999 1905.441895 847.507352 966.92399 988.644382 -2520.508213 3759.779892 2700.823975 -741.160114 813.961065 166.042255 -3116.297703 5964.443359 3211.866455 -922.286543 922.57421 159.415335 -3859.939365 6103.223267 2508.347168 -974.545024 834.149071 -97.270362 -4733.626804 6663.240356 2715.629883 -1051.554708 1017.07031 73.147065 -4083.232822 6662.043457 2550.52002 -1143.371592 947.109103 33.909952
2269.543667 3827.519684 2341.864014 519.246698 351.410401 1022.814586 2232.776089 6101.329041 2753.013916 973.867621 997.236872 980.078774 1843.559017 5894.182129 1900.877686 1000.0 931.396433 966.591029 1385.579281 5730.400391 940.371704 908.20051 878.193647 848.788991 1076.709423 5844.73999 1905.441895 847.507352 966.92399 988.644382 -2520.508213 3759.779892 2700.823975 -741.160114 813.961065 166.042255 -3116.297703 5964.443359 3211.866455 -922.286543 922.57421 159.415335 -3859.939365 6103.223267 2508.347168 -974.545024 834.149071 -97.270362 -4733.626804 6663.240356 2715.629883 -1051.554708 1017.07031 73.147065 -4083.232822 6662.043457 2550.52002 -1143.371592 947.109103 33.909952
2164.495354 3824.663849 2304.111938 361.056914 293.066261 986.551819 2279.470024 6056.367188 2790.663452 1041.849875 956.609144 1015.102748 1892.842369 5667.206421 2015.664673 1098.405367 774.747259 1053.143815 1605.335197 6178.48938 1126.190796 1164.770981 1127.826318 993.39672 1154.395866 5871.109924 1918.579712 1017.260517 976.344057 1007.064772 -2477.820473 3694.989929 2584.081421 -667.185357 713.540593 110.519568 -3295.842018 5801.446228 3091.421509 -1019.62318 834.517124 131.140875 -3703.961525 5634.372559 2169.078979 -871.492215 638.426821 -193.040685 -4270.413551 5513.412933 1296.543579 -839.124981 569.352275 -309.132515 -4091.511574 5829.620972 2131.279907 -1135.104654 621.131073 -82.958324
2126.209049 3808.23967 2254.602661 300.999727 136.138275 909.433338 2260.29932 6018.363342 2710.010376 1031.066234 913.805089 966.320001 1878.46796 5538.610687 1999.494019 1089.710651 676.28481 1045.707266 1518.183994 5964.89563 1106.42395 1081.556206 993.806969 982.761589 1109.565983 5645.578766 1977.32605 955.982252 824.555 1046.257266 -2378.351498 3639.812012 2702.295532 -549.608979 612.660281 178.87067 -3236.261501 5651.029663 3379.944458 -977.21757 747.78604 211.148096 -3729.698086 5333.282776 2557.337036 -881.70052 507.059721 -76.299692 -4477.990627 5457.808838 1852.982788 -926.071803 539.797948 -156.117858 -3836.902981 5643.565369 2238.771362 -1003.937209 541.100986 -50.332356
2254.47052 3838.97789 2097.897339 557.770692 81.878366 725.532016 1310.092468 5879.695435 1873.030396 129.640324 781.578431 459.902861 1439.909668 5555.962067 1002.051392 509.930181 658.953697 422.496528 1103.161316 5131.094971 99.545288 648.239878 492.572498 299.892024 801.838074 5289.222717 746.239624 449.62707 578.276127 318.752273 -2154.614563 3644.622345 2685.040894 -302.28132 561.194803 197.19475 -1493.48175 5823.262939 2453.775024 120.389498 812.815248 -27.713135 -2323.296356 5969.660034 3010.986938 -78.941944 748.772373 73.33659 -3114.263306 6093.140869 2355.211792 -331.615696 767.975022 -5.50945 -2320.394745 6626.197205 2667.774048 -244.991757 903.968142 88.82912
2169.899216 3824.237061 1968.638916 466.886126 0.6915 543.741594 1589.592514 5944.466553 1639.63501 431.918799 825.183313 325.132104 1535.412827 5492.417755 836.972046 687.851604 614.087081 329.689861 1036.936264 5062.665863 37.529297 619.131138 450.837183 272.773963 725.861359 5066.506195 962.93335 387.526419 438.311752 467.058484 -2333.662491 3413.848801 2703.436279 -456.320545 249.563614 220.752829 -2797.375565 5513.548279 3368.621826 -675.67527 653.790583 228.315897 -2957.82692 4723.338013 2788.065186 -418.687803 238.602825 14.273547 -3939.096756 4953.71582 2646.561279 -673.899307 326.749977 80.463315 -2856.723709 4740.066376 2627.34375 -493.822082 173.257093 84.06593
2060.40453 3867.119522 1929.371948 316.147455 113.950572 469.526918 1733.328266 6053.75 1866.682739 599.971101 892.930492 468.905389 1548.543262 5614.609833 1081.657104 749.170133 684.065827 488.252036 1122.280293 5232.67395 224.768066 743.326059 538.893238 403.794341 858.167973 5237.734222 1131.570435 661.354363 533.965643 568.679351 -2311.4781 3334.586153 2741.275024 -395.800167 123.651446 239.714804 -2781.219006 5401.596375 3464.957886 -644.723328 589.136373 253.579426 -2830.861187 4440.775909 3236.987915 -327.483279 116.902425 146.486894 -3719.982281 4797.476501 2908.162231 -564.140105 260.380072 150.77 -2746.396618 4114.087524 3779.556274 -422.163878 -74.786925 417.56255
1933.386364 3858.415833 1798.796387 123.101167 83.828733 263.358874 1701.379375 6044.874878 1634.039307 597.272942 887.593566 326.383044 1539.826488 5525.733795 897.58728 776.252444 626.576271 374.532435 997.950268 5122.712097 123.560791 643.436443 476.946715 339.567469 751.184902 5170.078125 1076.685791 532.394371 493.247148 541.785417 -2025.084858 3326.585522 2963.140869 -50.066845 115.065698 369.16086 -2769.391193 5065.485992 4149.595947 -618.969255 419.86966 443.342003 -2647.683887 4119.849701 3899.718018 -206.480787 -13.360983 346.623735 -2565.431995 3224.638786 3440.050049 -48.918475 -345.625686 298.826738 -2343.171558 3947.516403 4425.440674 -206.079008 -138.575051 608.370141
1856.592484 3887.752075 1543.370361 -8.983546 87.271046 -127.104837 1604.459 6058.859253 1217.883301 514.457851 877.057575 77.428615 1464.199905 5407.240753 587.471924 688.842674 529.835205 189.834313 814.759598 4953.680725 -70.085449 461.546038 364.105445 222.323965 602.305222 5095.400848 972.824707 302.079827 429.719088 495.910802 -1689.893265 3447.248573 2884.967041 327.984243 237.050634 342.075713 -2073.537369 5348.06778 4001.809082 -175.044641 548.398288 411.058294 -1770.131149 4480.102768 3640.720215 299.305973 121.929681 278.443594 -1719.88472 3489.820595 3842.756348 323.397304 -254.351237 416.620833 -1323.623276 4412.194443 3867.910156 308.399755 29.98594 455.016573
1839.749546 3892.184219 1528.505859 -23.265097 65.920585 -164.327104 1561.86655 6060.456848 1200.791016 483.094024 871.307512 62.125025 1426.005039 5405.458527 572.539062 650.869324 522.392581 175.612586 778.582706 4942.104645 -80.627441 433.665369 352.050715 210.028864 569.564915 5083.709564 966.340332 263.758106 416.656118 487.799002 -1631.58865 3294.479117 3177.393799 402.394744 22.203638 500.757866 -1962.962246 5063.480225 4508.308105 -99.443468 399.60996 547.357448 -1725.402431 4104.363861 4503.295898 330.272783 -35.19101 532.605891 -1356.301098 3254.243672 4096.295166 485.83584 -348.879709 483.914964 -1427.261105 3981.282654 4262.989502 261.398757 -140.227585 567.795836
1747.387142 3896.545258 1698.582153 -215.996384 55.730788 165.489891 1476.295071 6079.580383 1582.590942 396.627767 880.248489 321.306207 1453.673458 5368.541718 1007.846069 680.460416 493.628624 475.739454 871.939983 4903.144226 302.004395 525.951973 325.915732 498.041389 616.124096 5081.122589 1094.242554 331.943575 410.881583 579.439933 -1411.135654 2772.699509 3828.556519 638.068685 -677.514697 873.941774 -1748.296757 3864.283791 5744.537964 32.213183 -210.481505 890.158893 -1199.068394 3046.959763 5748.040161 627.209548 -469.19545 908.428958 -628.646297 2217.76062 5816.054077 800.223872 -751.235756 958.410048 -1408.026142 3127.214689 5027.157593 268.320881 -472.918465 795.74021
1759.276218 3895.527039 1701.294556 -192.936925 32.341088 165.361255 1505.579166 6082.552795 1606.393433 424.28168 879.094493 334.833964 1473.012333 5376.959076 1024.876099 705.884189 496.164458 485.110839 883.061161 4922.794342 317.944946 537.415116 334.533202 507.43089 632.866459 5096.999512 1112.684937 359.348379 417.846214 589.085199 -1366.986141 2696.967163 3913.007202 686.235748 -783.809967 919.292024 -1697.133846 3686.315994 5885.917358 64.277385 -302.821485 927.952823 -1146.518841 2888.199654 5711.884155 657.051828 -535.802804 896.864658 -679.555187 1994.612808 5754.738159 777.979915 -839.056418 940.93537 -1370.946026 2492.539825 5629.275513 286.756873 -719.960601 969.768529
1780.784836 3898.305893 1688.35144 -152.186563 -27.086446 145.61032 1550.624924 6091.57074 1620.696411 466.303822 873.334473 345.012785 1499.423752 5392.331085 1031.196899 739.840572 495.118354 490.263173 892.409668 4952.864838 327.661133 546.33968 342.021159 515.44449 654.706573 5124.490509 1127.582397 394.123444 424.328382 599.193738 -1245.341721 2567.784348 4055.05188 818.613531 -977.274388 999.012041 -1515.847397 3390.421896 6114.682007 177.794238 -461.090408 990.748302 -1025.44014 2562.26387 5899.25354 725.586291 -675.644409 952.953433 -635.78804 1630.096741 5905.437622 796.664639 -986.179404 982.428287 -1136.318207 2251.573486 5965.957642 403.605322 -819.640234 1067.969697
1766.846085 3904.352951 1625.566406 -175.240606 -49.675028 62.939393 1531.295547 6096.568604 1523.500977 450.064246 868.664718 292.058402 1477.570724 5384.972076 948.64502 713.803637 482.748656 445.770781 865.40329 4932.413788 257.403564 520.365307 323.805664 475.949854 631.598206 5116.922302 1060.643311 359.57517 412.627602 567.15115 -1194.423218 2550.610504 4078.394775 876.872339 -1015.150408 1020.265967 -1432.609253 3338.912764 6156.296387 231.57197 -492.934388 1006.167799 -721.008415 2665.008049 6042.36084 900.39049 -638.407608 999.883422 -179.058132 1820.623932 6164.404297 996.446961 -917.110791 1057.093575 -980.494919 2117.63504 5971.578369 482.609834 -875.822848 1073.936975
1757.823162 3910.148239 1603.52417 -181.033075 -78.149556 33.686247 1526.103802 6104.989624 1509.25293 450.91354 865.641095 286.175368 1467.631207 5394.147034 932.700195 708.685164 480.500706 438.641043 850.575924 4943.464966 243.294067 511.194312 322.926128 469.524771 621.094265 5126.9133 1049.741211 352.257468 411.026998 563.581837 -1171.006641 2404.213333 4199.645996 909.200722 -1225.617079 1090.437208 -1435.644855 2998.541317 6339.969482 233.490418 -671.492633 1057.648234 -923.59293 2210.059891 6037.906494 788.387345 -829.080993 1000.077719 -498.668327 1295.752716 5955.505371 859.976383 -1124.391661 1001.539521 -1240.426579 1932.616577 5695.404053 355.735288 -952.191573 995.227382
1613.051414 3912.345467 1467.107544 -440.343304 -141.093409 -120.997779 1344.452782 6099.205933 1349.175415 290.833288 848.961598 213.307303 1354.403038 5365.185242 801.21582 575.926864 450.110457 382.972143 771.011391 4884.190521 104.829102 441.634624 279.231795 404.145506 513.451347 5040.873718 929.074097 195.950538 347.457794 518.119356 -941.982574 2369.888611 4223.897095 1174.695555 -1293.850393 1129.9359 -1112.915611 2745.677757 6419.805298 444.857034 -808.123368 1092.202209 -662.95517 1894.877319 6204.121704 944.505281 -964.642229 1063.35621 -233.91304 996.157379 6033.469849 980.989039 -1246.576265 1035.571433 -442.98233 1838.747101 6004.647827 760.930351 -995.123252 1098.634101
1446.158371 3883.22464 1372.540283 -764.311178 -365.530598 -180.180993 907.359695 5980.726624 1041.49292 -122.221998 745.328363 54.072489 1014.092789 5135.844574 722.062988 127.440276 283.103765 370.573209 571.762009 4412.133179 154.378052 235.325343 -4.376467 482.564898 295.888672 4730.123138 913.062744 -160.059978 141.102798 545.410382 -1000.988846 2651.71402 3930.794678 1112.869242 -953.130131 1000.658639 -1187.943497 3282.332048 6049.534912 399.284217 -549.003425 1007.676094 -598.17255 2597.544556 6426.751709 982.904764 -688.046413 1147.376274 -314.482789 1636.061554 6465.463867 947.044332 -1009.213731 1169.775014 -349.054563 2484.786377 5233.513184 809.168611 -754.899189 892.23077
1226.330147 3718.557968 988.170776 -1023.614788 -1313.979624 -724.346032 159.096146 5273.554688 -93.046875 -749.586556 187.825876 -631.576046 192.306557 4388.18428 79.06189 -846.582119 -249.502029 -6.849914 52.515068 3799.678841 -733.26416 -216.740437 -389.456415 -101.541284 329.240837 4089.399185 -493.07373 41.428876 -291.322688 -278.161836 -1231.197624 2992.479973 3485.923462 957.382165 -583.689384 792.133173 -1310.279121 4245.594635 5294.208374 377.883237 -92.910513 820.61753 -1574.597054 3326.581063 5467.252808 476.690146 -415.885923 883.04818 -1784.43325 2400.051575 5764.830933 345.649514 -738.359587 997.690719 -926.07254 3645.355263 5698.468628 564.91182 -330.222233 1047.383915
1168.764229 3645.490894 849.557495 -1076.45794 -1584.099151 -972.261809 -12.409363 4940.510101 -434.039917 -883.378219 -47.429137 -854.224975 75.370865 4066.304169 -230.078125 -961.01336 -455.660873 -213.472161 30.016594 3459.194345 -1038.641357 -208.068066 -579.033178 -323.023893 247.080421 3741.190834 -754.081421 -43.683405 -500.395042 -441.983575 -1191.087837 2845.897408 3621.702271 1035.048119 -766.347726 864.816001 -1231.785622 3947.518883 5525.617065 446.617239 -239.351302 882.387062 -683.586597 3148.060188 5584.821167 1002.095367 -485.183193 916.506785 -274.639053 2245.136337 5499.744263 1016.221317 -794.787982 924.092287 -619.970016 2930.181885 5028.566284 733.28113 -603.286289 851.442019
1163.749504 3638.08794 838.466187 -1075.26262 -1617.905939 -999.859555 -30.685425 4897.12677 -469.9823 -895.408531 -79.368926 -880.504938 65.328903 4024.24057 -262.409058 -966.884304 -483.779374 -237.957996 35.794525 3416.477919 -1071.755371 -196.110101 -603.813459 -350.148053 244.379234 3696.454391 -776.817627 -38.848147 -528.345696 -459.000231 -1226.264381 2726.297073 3730.34729 1002.660712 -925.553993 922.43744 -1314.241447 3694.693222 5704.863892 398.280957 -367.588473 929.935477 -910.452271 2811.189346 5723.314819 875.98756 -622.838323 956.182897 -640.248547 1864.1922 5579.171753 859.526201 -941.961754 944.413135 -543.028326 2774.839249 5186.812134 774.546611 -663.577579 895.973833
1162.86274 3632.826214 872.670898 -1056.049664 -1564.509965 -1000.09363 -30.39463 4905.159302 -423.319702 -885.025929 -60.488982 -872.573017 60.115471 4028.941498 -228.359985 -959.689923 -468.837291 -238.149551 34.001961 3428.882842 -1043.337402 -186.838141 -586.442819 -354.375529 237.77462 3704.842682 -740.355225 -32.180243 -512.09716 -457.692761 -1242.965584 2553.131104 3865.554199 996.008933 -1130.954248 978.451598 -1366.980934 3348.989782 5913.438721 371.790818 -533.366041 977.44894 -1120.919991 2414.168549 6009.396973 762.082164 -777.409807 1030.939051 -1040.468788 1424.515839 5943.292236 689.946559 -1104.586028 1034.312569 -953.670158 2204.86908 5648.674316 574.617966 -876.891672 1020.113788
1166.917229 3632.863235 928.575439 -1020.940438 -1461.699231 -985.943644 -15.735321 4956.08139 -325.011597 -858.017399 -5.800542 -840.005349 72.259369 4068.055496 -193.049927 -925.301174 -426.975289 -246.310559 59.070702 3508.346157 -1036.390991 -146.11347 -527.057701 -383.476404 243.736992 3772.198257 -715.167847 0.46741 -455.548433 -471.571039 -1218.248482 2375.292587 3993.580322 1038.163786 -1333.942692 1023.051423 -1350.337715 2997.99614 6099.79248 390.912181 -698.534402 1015.255852 -974.073563 2102.550354 6098.815918 853.621995 -894.503524 1043.323676 -798.139839 1222.83371 5668.533936 801.41294 -1172.919336 946.40542 -634.485149 2065.788879 5488.61084 741.022537 -921.172869 959.781357
1164.543419 3632.445812 949.44458 -1005.138338 -1410.265053 -966.599706 -23.769341 4966.526337 -285.706177 -855.779463 10.976541 -820.93008 56.986084 4079.05304 -147.877808 -931.788423 -411.385591 -222.952777 36.945839 3514.891376 -987.647095 -158.425794 -516.068791 -355.585433 226.606178 3772.667656 -645.935059 -10.698661 -447.445536 -434.875785 -1185.20916 2278.318787 4056.004639 1085.752226 -1445.51324 1052.346495 -1305.337181 2804.713211 6188.168945 425.756838 -789.892289 1036.718516 -963.022156 1897.993164 6246.120605 865.842398 -972.750407 1084.194569 -679.58416 944.795685 6263.989258 857.539376 -1275.254053 1106.092421 -773.952732 1745.20752 5647.747803 676.507607 -1040.160498 1003.181745
1323.462906 3871.95015 953.386841 -803.059012 -529.030563 -817.126503 -457.933903 3763.643532 -319.245605 -1322.153534 -882.404262 -789.361121 -178.048954 2920.654831 -121.259766 -1318.844907 -1192.899984 -151.10362 61.228218 3403.278637 -988.812256 -192.150805 -596.49815 -297.467336 523.999634 3389.518514 -223.504028 388.345646 -701.294583 -123.740188 -1564.525986 3643.018684 1030.020142 608.254356 322.417998 -582.208743 217.398186 4200.627136 -170.366821 1348.198961 -98.48832 -674.722509 611.6008 3767.137375 615.001831 1731.200488 -222.374551 -563.473821 65.437469 4109.238205 -154.54895 1157.267941 -66.094308 -621.114727 508.519287 2995.900536 -439.522095 1289.293039 -568.095267 -740.404981
1315.864639 3891.79863 875.066528 -808.278642 -480.19818 -943.708781 -336.723499 3518.993797 -528.681641 -1202.220812 -1065.742249 -920.926736 -160.003548 2658.039932 -279.944458 -1288.306436 -1371.110779 -252.190967 -122.739239 3311.22777 -1068.971558 -379.9474 -653.759671 -351.085217 503.867188 3362.547519 -298.096313 363.204582 -722.94337 -166.586979 -1560.006485 3676.645813 822.855835 618.632278 356.085723 -694.450595 185.266113 3984.842873 -527.293701 1331.09955 -211.795619 -770.679677 130.013161 3028.510551 -750.117798 1459.521237 -526.94567 -967.35505 273.381653 3942.95269 -352.25708 1249.936554 -133.385227 -673.635096 376.011276 2976.268158 -795.054321 1225.53902 -578.849239 -842.175882
1237.845078 3937.778549 679.492798 -992.292494 -356.961578 -1317.655387 -214.227676 3369.501409 -864.831543 -1100.324002 -1186.153598 -1150.753642 125.153618 2538.931808 -1023.432007 -929.954607 -1460.395263 -755.118601 14.535408 2700.680542 -2026.90979 -251.997655 -1011.977593 -1049.802915 -40.03437 2541.967468 -1915.444336 -562.867687 -1238.317014 -1175.895431 -1439.678116 3646.583767 577.15271 733.716088 294.356595 -842.49765 -87.884521 3064.61895 -1088.101807 1149.632852 -685.704554 -929.307825 -112.078915 2465.437851 -1864.533691 1312.805717 -763.336956 -1304.490528 -33.422012 3121.907921 -1107.666016 1109.728842 -456.424211 -885.257459 -196.007118 2542.303696 -2151.850586 931.989021 -752.963601 -1242.216078
1250.80555 3943.195496 672.831421 -947.459153 -251.561516 -1302.304444 -184.659309 3381.057529 -876.209717 -1062.920468 -1163.46246 -1148.069857 252.174797 2702.06337 -1290.185547 -748.290327 -1340.054992 -920.401299 -26.805153 2733.364563 -2268.862305 -285.108551 -982.03361 -1211.417705 -83.485603 2789.403152 -2066.133423 -618.632406 -1073.837214 -1259.155322 -1442.874641 3631.28767 690.78186 740.927846 300.236139 -770.762175 -390.832973 2892.464485 -1110.639648 965.201181 -762.809928 -931.214083 -60.270004 2290.052032 -416.217041 1347.909626 -826.813963 -869.788022 53.059502 3073.833065 -1028.082886 1151.628374 -467.352946 -859.324469 -120.222931 2316.080475 -1306.160278 974.753555 -832.762675 -992.137654
1318.269272 3985.900269 774.261475 -799.87681 -106.79767 -1151.635557 -221.296711 3495.923691 -695.270386 -1090.727868 -1086.086457 -1040.748284 -109.363918 3208.297529 -1547.855835 -1218.593314 -1012.285681 -1099.28889 230.160217 2765.623398 -2398.756104 -7.791812 -968.26561 -1314.285701 10.925674 3043.985863 -1815.842896 -450.052236 -922.129483 -1113.7096 -1481.401215 3672.363129 820.770264 706.8034 343.814782 -706.46893 -369.007902 2938.803024 -944.411011 983.577553 -743.493879 -889.759766 -390.317073 1966.24527 -861.768799 1163.99517 -962.196073 -1006.317772 -297.232828 2956.065292 -970.505981 1002.368693 -515.917393 -847.503364 -653.922958 2126.503754 -1371.398926 711.697448 -909.178988 -1015.208178
1387.641792 4023.541946 835.950317 -591.79682 -51.94028 -1052.206069 -177.299957 3578.427448 -613.164673 -1014.528803 -1044.063686 -990.55705 121.338921 3317.792692 -1426.257935 -864.208934 -956.385716 -1022.001872 422.48455 2349.309311 -1467.219849 231.898606 -1220.093505 -652.276853 151.170311 2889.986877 -1504.694824 -157.919425 -1032.049286 -924.559355 -1592.409554 3722.044525 859.367065 624.783269 377.084023 -687.330025 -327.874241 2902.973671 -752.50061 1032.202273 -774.038643 -838.553127 -732.97636 2067.585602 -1046.817627 989.292739 -930.878999 -1062.496264 -512.865362 3040.098572 -1011.779175 924.248106 -492.976546 -859.881191 -604.744844 2012.820892 -1155.81665 754.349983 -962.600705 -953.809364
1403.338585 4030.497513 884.619141 -532.900353 -40.769385 -995.469052 -138.476601 3629.045277 -591.229248 -964.14815 -1010.470906 -986.624288 341.147194 3374.414691 -1311.009521 -553.488685 -921.947418 -956.586104 388.223381 2916.683464 -409.928589 210.826032 -898.451177 91.152838 327.434731 2899.594994 -1492.060547 157.454081 -1028.775018 -926.525636 -1654.94915 3727.589951 915.720215 571.783398 378.746535 -664.824034 -375.833158 2907.088966 -674.024658 1010.948298 -774.126796 -821.468547 -790.673923 2029.544525 -691.599731 964.484532 -948.14242 -961.711917 -812.315025 2934.805489 -1102.783813 800.073784 -535.23884 -889.003602 -539.716606 1918.266296 -782.420044 793.935811 -1000.800311 -849.981196
1463.113632 4014.949722 976.564331 -407.66473 36.026678 -870.033956 -26.777725 3631.270981 -568.618164 -854.407755 -984.293641 -984.515684 182.761612 3304.81266 -1386.568604 -758.851583 -945.457744 -1019.022513 283.559952 2583.73703 -678.162842 104.953572 -1069.284825 -114.123067 -5.672684 2821.48304 -1474.16626 -387.990374 -1056.008154 -927.413451 -1773.165512 3651.86224 915.161743 446.339641 323.343359 -675.871628 -316.308632 2699.44252 -443.579712 1050.748128 -862.034728 -763.899339 -946.771584 1968.994751 -581.636963 877.642327 -959.020718 -934.799599 -1141.230087 2657.94693 -1277.738037 658.532594 -628.94905 -941.967718 -506.558454 2097.506638 751.688232 812.378248 -918.438833 -410.135158
1580.428123 4115.268784 1036.40686 -108.363813 201.705901 -774.514166 43.649559 3718.531914 -451.61499 -754.677569 -965.091148 -912.129293 236.760674 3567.35672 -1320.931396 -641.351235 -812.68233 -978.829489 148.2127 2863.537025 -596.965332 -0.858381 -944.17648 -59.409432 -163.961945 2966.895103 -1279.177856 -593.019629 -1003.905214 -810.085278 -2001.236458 3769.051781 911.2323 234.202713 398.019654 -680.580261 -528.730401 2530.819244 -162.265625 938.807697 -978.085561 -688.426158 -1245.058937 1967.374268 -501.748657 727.275499 -984.468485 -912.427345 -1327.783775 2666.912384 -1206.281738 592.33929 -648.931581 -923.728671 -766.423321 2018.5672 986.976929 699.730255 -972.434649 -343.135219
1775.393257 4163.810806 1296.509399 191.808698 363.307288 -360.995046 -51.055527 3712.684708 192.667847 -885.323763 -976.56364 -510.74911 216.789513 3566.734667 -660.007324 -724.611212 -819.655693 -557.610323 -80.872383 3094.293861 189.031372 -286.001111 -818.062412 486.860341 -379.042053 2992.728386 -602.504272 -1019.957446 -994.14218 -405.963301 -1943.883171 3769.274521 1039.301147 250.231257 385.110158 -620.972601 -618.01775 2360.206146 -26.400757 855.758883 -1069.442136 -657.029417 -1335.06588 1871.7836 -471.42395 651.61861 -1027.5205 -909.5785 -1341.825829 2568.49968 -1187.149048 567.629309 -690.732904 -924.164431 -947.674484 1851.802826 1078.291626 587.784546 -1040.737751 -322.639823
1873.873215 4152.849197 1363.898315 341.030129 426.837914 -265.595457 -125.963326 4236.787186 471.466675 -978.206796 -577.592936 -339.117256 441.738892 3646.396351 75.24231 -456.162533 -750.041767 -81.852315 -191.432114 3232.33778 760.859375 -425.900757 -724.287443 886.364424 -309.658146 3460.610914 -547.304077 -942.811116 -690.017259 -379.449913 -1887.385178 3631.454887 734.679565 287.158942 237.248285 -796.893529 -423.419724 2330.855942 -309.559937 963.836388 -1071.074397 -737.563925 -1211.132278 1887.752075 -687.590942 709.264501 -1010.354343 -977.383098 -1145.381546 2532.216721 -1454.066772 643.213245 -694.651001 -1000.243653 -893.935928 1934.197235 840.76355 603.248332 -998.799533 -395.143589
2072.683907 4123.761063 1362.751465 773.916754 156.678987 -215.577047 -97.424774 4117.313156 1021.313477 -931.363986 -689.883351 34.194951 394.048729 3818.431091 313.530273 -491.955366 -660.118467 94.735801 -170.475731 4226.371613 1063.427734 -382.162414 -176.694218 1123.833714 -320.25569 3588.875628 319.287109 -926.019699 -632.839138 172.996324 -2010.254326 3844.078636 941.821289 175.241213 471.871939 -665.146032 -857.594185 2130.191498 115.436401 703.745777 -1190.489328 -613.459792 -1338.148079 1774.08493 -663.424072 648.686414 -1071.142221 -961.268042 -1440.180779 2761.370621 -827.306519 523.919981 -619.921803 -821.180702 -1002.744217 1784.835815 1085.802002 559.229606 -1070.198066 -315.251173
2088.124046 4106.773071 1379.155273 787.023143 131.766652 -202.287448 -71.961136 4098.59314 979.335938 -915.516347 -695.450357 1.566779 79.907379 3380.142946 438.428345 -920.801133 -941.275077 171.1819 -36.568336 4237.551117 984.973145 -250.911528 -164.000689 1061.612311 -741.272659 3558.370962 929.361572 -1637.802521 -644.820638 543.49261 -2062.724342 3760.082321 503.408203 108.108433 375.296476 -913.446771 -742.736759 2056.516113 -48.256836 770.4702 -1222.174351 -660.474096 -1298.37574 1717.272034 -783.461304 666.344428 -1089.808467 -999.500519 -1483.244667 2703.349304 -709.607544 501.347835 -638.039942 -791.470122 -1332.866707 1521.766052 879.222412 389.836919 -1167.597287 -377.765285
2089.276848 4106.64299 1379.753418 790.129829 129.614248 -199.343576 -70.506554 4099.010391 978.206787 -913.731633 -695.42596 1.55185 92.265091 3393.669374 423.383179 -903.829021 -932.62621 162.010504 -37.325668 4237.892761 987.241211 -251.262445 -164.024658 1064.020792 -732.404079 3548.548918 909.140625 -1622.415581 -651.103541 531.715985 -2060.24662 3759.389763 497.598267 111.286887 373.871862 -916.059025 -739.969101 2055.425262 -52.210693 772.477308 -1222.920256 -661.250713 -1295.334053 1715.614014 -787.370605 668.319171 -1090.64109 -1000.332987 -1480.219307 2701.756821 -714.329224 502.848752 -638.802052 -792.455783 -1330.490761 1521.411591 875.455322 391.235765 -1167.882523 -378.538001
2212.000694 4127.152481 1363.218384 891.610403 31.873397 -134.626894 37.077065 4089.49192 981.829224 -879.19735 -734.113498 38.641604 424.754601 3644.337692 280.26062 -556.91954 -796.516562 103.369875 -47.681084 4155.866394 1037.689819 -336.876416 -235.919155 1138.577378 -267.2258 3310.190878 370.119019 -970.063831 -824.830633 232.895493 -2229.577522 3814.934425 699.151001 -152.351228 389.371578 -774.144853 -779.517746 2511.036301 -395.656128 702.771003 -1014.609626 -740.18272 -1537.622185 1923.483429 -629.436646 489.601514 -1023.74445 -937.398866 -1218.362617 2259.348755 -1528.325195 585.813141 -826.32987 -999.63452 -1164.667015 2428.187485 -1109.044189 438.501592 -834.388201 -939.099765
2070.543938 4108.603897 1343.897705 665.943608 37.709473 -193.951397 -25.84568 3918.603134 621.551514 -913.341799 -843.565919 -202.93762 156.660538 3417.172649 -132.729492 -877.077606 -932.883763 -178.242324 -82.565155 3266.269855 864.744873 -345.141925 -732.679145 1004.402186 -1065.956078 3688.628101 540.410156 -2248.072465 -579.576884 328.556978 -2106.498299 3665.428753 322.072754 12.113071 217.855864 -991.888285 -551.097622 2629.866943 -937.791138 863.457176 -944.40698 -892.117913 -1499.047813 2333.274231 -881.955566 526.98126 -848.4896 -1016.846062 -835.395889 2460.608978 -1644.799194 764.264846 -741.019927 -1035.480354 -827.629967 2483.384781 -1559.055176 620.452763 -805.349872 -1074.131289
1786.244698 4219.656219 852.770996 180.01045 304.620772 -956.329894 176.274338 3873.94413 -654.805298 -685.221381 -910.28338 -992.463713 51.017799 3452.901249 -1470.98877 -967.106946 -940.532742 -1025.983987 -503.364458 2581.883621 -1345.29541 -746.875893 -1150.658938 -537.633531 -239.958038 3329.363441 -1755.768433 -817.508364 -829.902203 -1055.414591 -2388.246727 3626.952438 -42.269287 -255.156464 104.237323 -1166.555114 -785.447655 2968.199425 -1494.293823 739.839002 -797.204424 -1030.291201 -1461.739922 2580.089569 -871.394653 569.819447 -767.143779 -998.917628 -855.706062 2801.305161 -1664.481812 771.898601 -627.887051 -1027.266627 -828.540039 2362.800827 -1092.556763 638.914551 -870.250902 -924.209393
1702.752686 4245.26001 833.150635 2.179584 399.178889 -1016.782601 111.985703 3834.723854 -674.016724 -752.704031 -940.924122 -1014.726052 16.434021 3348.686905 -1455.938721 -1021.928703 -1011.111268 -1026.196827 -771.481857 2696.682587 -1274.49585 -1035.170827 -1086.818724 -498.06875 -314.842291 3197.899857 -1670.154419 -952.61311 -912.704648 -1012.139874 -2362.140656 3668.989162 -47.035522 -233.889633 155.864977 -1177.739304 -743.035622 3111.114273 -1518.275146 762.305998 -726.442272 -1041.023199 -1424.248047 2767.068481 -877.297363 587.371309 -692.127883 -1005.235726 -666.626625 2815.398788 -1559.943848 851.284927 -623.62281 -1002.960043 -499.735937 2687.842941 -1215.728149 799.905432 -745.807762 -964.438812
1725.005684 4238.90686 839.356079 -25.504403 507.065741 -991.536157 99.318047 3876.857262 -667.353516 -799.247956 -887.096421 -1005.024192 43.355865 3358.797483 -1440.601196 -1034.373977 -983.333098 -1010.572766 -756.058502 2703.016129 -1280.355225 -1057.06461 -1064.864263 -496.248883 -246.87542 3191.532764 -1679.46228 -900.160753 -896.862005 -1012.693772 -2281.936607 3712.949352 205.087891 -185.771896 256.554101 -1033.058318 -776.114006 3287.155266 -1445.31311 718.664611 -621.14637 -1018.833517 -1374.427452 2746.406403 -847.344971 595.081636 -687.462768 -993.844155 -537.330637 2787.800446 -1443.413086 891.76686 -621.886236 -968.90101 -496.255884 2740.105057 -1255.666504 783.504992 -713.204486 -973.594074
1782.854843 4277.156754 957.542114 51.073641 699.288306 -833.27984 76.953392 4025.723839 -481.847534 -838.580823 -773.623576 -902.721703 119.551926 3423.075299 -1192.207642 -958.434114 -936.01589 -864.627183 -632.361202 3141.318226 -521.195068 -947.243759 -810.143806 26.691131 -135.835342 3242.63628 -1489.632568 -747.756774 -860.706719 -912.114894 -2257.616959 3758.247643 269.82605 -179.954568 326.613921 -1011.866419 -836.681786 3320.140495 -1451.425171 668.602177 -600.602063 -1027.747805 -1229.872437 2747.621994 -726.312256 666.640792 -683.857194 -965.795055 -666.793652 2976.696854 -1556.027832 827.139393 -546.09445 -1006.845283 -406.784556 3031.643219 -1533.10791 818.721654 -597.588826 -1061.872226
1739.307785 4227.445068 886.494141 14.804597 614.341365 -985.110671 131.208801 4056.892357 -662.384644 -763.093414 -729.677253 -1029.774268 89.23233 3440.459251 -1357.009888 -965.295927 -905.203558 -984.140851 -892.836609 3096.975288 -1433.400879 -1194.108535 -818.657456 -636.491023 -184.629498 3285.882988 -1585.883179 -786.90843 -815.959554 -981.790189 -2244.371109 3732.840977 239.262085 -137.877215 331.951187 -1038.191989 -735.477886 3463.463907 -1431.820068 748.092069 -513.20448 -1026.994157 -1237.196579 2956.384926 -729.605713 676.802783 -586.713086 -971.77422 -584.123745 3026.671028 -1517.007446 874.072094 -515.467692 -1000.79921 -447.1928 2934.042473 -1321.237793 811.096677 -623.931022 -1005.241564
1823.213501 4231.054382 1025.38208 150.477976 675.402783 -782.173295 187.34951 4062.649918 -483.909302 -724.075169 -717.552803 -928.674395 142.449646 3606.454735 -1289.302979 -914.672188 -788.75259 -953.682646 -835.91011 3298.006773 -1459.782715 -1150.226447 -697.562792 -670.609711 -134.752121 3225.869656 -1038.922729 -729.309137 -846.156129 -658.004817 -2202.431793 3743.140602 319.712524 -108.462011 360.098993 -1005.40781 -673.728695 3546.101809 -1333.634644 777.441233 -465.853001 -1006.058946 -1235.707474 3007.416115 -709.442749 669.046926 -561.430226 -972.145958 -503.970261 3080.917435 -1419.3396 902.390167 -490.318472 -980.01232 -381.387649 3036.814384 -1202.780762 836.441495 -579.976516 -977.063319
1945.144043 4203.030319 1045.319214 333.278757 648.957263 -724.930167 261.153755 4245.496063 -431.189575 -681.691335 -569.226578 -886.242606 193.965683 3770.960121 -1228.171387 -885.062758 -666.208501 -904.776434 -764.431572 3551.738873 -1578.137817 -1105.894438 -540.224642 -745.673438 -4.115372 3338.348374 -780.562744 -561.357537 -763.543928 -490.699125 -2169.315643 3803.676987 475.873413 -104.19169 468.979332 -911.35751 -769.306717 3553.354883 -1291.287231 698.932163 -451.199688 -990.911581 -1187.557297 3003.227577 -566.646729 679.837434 -554.283484 -925.822423 -705.430031 3248.649044 -1438.154297 801.980666 -417.256267 -981.543222 -448.645935 3213.952103 -780.372925 788.221261 -503.128206 -850.575797
2038.845291 4222.919388 1143.531494 477.235129 720.012515 -555.377058 281.600342 4423.596039 -262.70874 -681.923386 -442.211157 -777.832747 198.055038 4010.498009 -1100.810547 -907.108764 -510.50527 -821.020687 -690.633583 3708.147964 -1577.228394 -1050.182402 -452.555788 -745.070011 230.093384 3760.280952 48.012695 -207.762881 -505.594209 19.741509 -2130.129929 3871.667862 580.41687 -83.924594 555.104579 -853.337132 -775.631828 3819.257889 -1263.046875 681.936711 -318.166302 -983.227964 -1012.799606 3294.325914 -433.313599 767.654454 -436.762188 -886.247448 -658.673725 3416.959121 -1397.787476 813.326457 -353.475265 -970.556534 -480.20505 4113.913574 -509.013062 762.106385 -156.459196 -771.799389
2030.165863 4276.682587 1481.575317 396.315066 1043.674668 -38.196107 334.818878 5722.770233 1016.841431 -662.095525 516.850392 20.924139 -63.437538 5379.097595 231.751709 -1297.336204 405.578218 30.306727 -407.875824 4537.92717 -314.483032 -787.504431 34.839256 128.714764 -477.796211 4917.331696 579.181519 -1433.648022 221.176378 323.169166 -2117.529144 3907.355499 966.830444 -105.57801 633.431539 -660.223186 -959.783516 3936.017952 -1026.19812 545.730136 -247.220434 -929.183992 -1105.098877 3622.764225 -69.049683 696.599095 -293.241202 -789.559469 -600.296688 3457.673988 -965.95459 824.650704 -328.717049 -863.377757 -777.421074 3724.447784 -1576.890259 597.381158 -297.898724 -1093.107483
2179.456177 4136.067123 1515.718384 713.768105 536.354494 52.456594 794.088974 5864.238434 1205.266724 -214.36547 633.597797 154.014142 276.116219 5097.183685 1130.85022 -830.86617 232.918264 633.936589 1065.632019 5510.314941 590.775146 770.561318 601.443085 788.001872 -242.324152 5650.556488 1008.850708 -1024.299781 684.600677 599.180201 -2022.474823 3886.104622 1165.342407 11.418824 631.166428 -539.803252 -912.71965 4282.447357 -768.823242 582.706128 -62.082243 -853.999089 -1126.789169 3725.209351 33.198242 690.912 -243.492897 -753.752443 -883.699493 3889.967804 -947.980957 706.390002 -154.460197 -853.480553 -860.097122 3676.23188 -1008.931274 561.91315 -308.98098 -922.865471
2158.77346 4115.407944 1597.601929 714.200141 549.547044 132.681323 878.059349 5908.330383 1217.608032 -114.670896 682.832031 139.142723 302.640572 5213.851013 997.880249 -767.885809 325.360341 523.127273 1032.993126 5948.954773 1103.945923 758.248594 865.600004 1129.017523 -160.838394 5790.314484 1022.156372 -854.741741 785.296577 585.540705 -2077.23423 3875.209084 1391.295776 -25.682757 648.259373 -434.008146 -896.990547 4591.229401 -403.392334 605.750395 106.169783 -764.012353 -1037.325096 3688.280067 1.536865 753.819727 -248.844194 -773.679854 -505.813608 3992.336807 -819.052734 879.973551 -105.798143 -827.996468 -923.800201 3859.591255 -944.304199 540.52074 -228.918577 -914.391651
2204.471931 3964.118881 1639.608765 803.748284 136.277656 156.647731 981.867867 5299.268799 405.585938 -16.255775 279.382983 -401.665456 970.290413 5267.335358 -503.388062 118.355697 395.210055 -483.152872 791.964455 5194.852295 -1505.784302 505.102219 464.925193 -753.969799 570.935326 5902.780762 407.631836 356.638133 886.952802 189.603103 -2074.376945 3761.639214 1739.153442 -22.860958 567.626649 -256.456211 -827.157898 5430.013123 975.302124 649.504092 557.137102 -395.716858 -694.953423 4957.334137 127.769775 948.808121 290.181445 -744.548708 -949.957504 5464.11972 955.256958 686.524612 482.12736 -351.981797 41.70063 5362.790833 798.26355 1022.944835 372.363321 -416.569788
2207.195168 3968.213425 1685.928955 799.33496 229.38123 202.351555 1003.99189 5422.080231 548.200684 0.059374 381.576655 -322.650732 1051.821175 5389.926605 -364.848633 220.037008 487.811086 -405.069511 864.242439 5235.500336 -1362.293701 575.720302 498.497406 -665.721297 441.290398 5956.942444 91.204224 133.7243 931.454824 -17.583978 -2044.325829 3766.552277 1744.482422 4.632527 598.124581 -264.527863 -785.281258 5420.686188 933.17749 672.72712 561.588062 -412.621015 -625.675392 4980.695343 66.420288 985.468027 307.100615 -768.665467 -883.067894 5460.414886 916.055908 713.480539 487.688845 -368.083138 34.429741 5335.32547 832.064209 1016.830963 368.753735 -412.522956
2208.807487 3963.062744 1698.806152 805.175566 233.904381 217.870147 1011.508751 5424.059296 565.517578 8.488346 387.529193 -314.010442 1063.131371 5398.175659 -347.197266 236.849143 497.339393 -396.017788 880.820427 5251.837463 -1346.45874 594.52746 511.388179 -657.197507 429.852104 5936.669617 58.28186 117.017456 922.809742 -40.266334 -2041.66935 3765.065308 1745.948486 9.022736 604.403569 -265.876189 -780.078201 5418.575592 939.539795 676.84952 563.672088 -411.947925 -611.483536 4973.444366 77.520752 994.326692 306.684304 -766.525481 -881.473694 5462.197266 917.617188 714.762028 490.77901 -368.719059 39.506454 5335.783539 845.059204 1020.043021 371.338489 -409.880304
2208.647308 3956.235809 1722.153931 813.782586 242.868845 243.314817 1019.294434 5427.796631 595.930786 20.191632 396.740689 -299.981366 1077.259216 5412.218323 -316.264038 261.620037 512.480897 -381.335845 903.977051 5278.993225 -1318.533936 623.567209 532.02168 -643.416276 406.49498 5891.824036 0.239258 85.831372 900.721431 -81.335989 -2042.467346 3760.836334 1751.505737 13.107289 610.674881 -267.57634 -782.506142 5420.016022 956.785278 678.169026 568.936728 -409.595437 -611.569843 4979.921875 93.101196 996.856949 312.982679 -764.458175 -883.869209 5463.501434 934.950562 715.689126 494.740008 -366.343424 37.619286 5337.969513 861.900635 1021.361637 375.648457 -407.492683
2206.824074 3952.641983 1688.094482 774.623174 353.739908 205.776231 1106.455879 5616.192932 785.796509 85.903058 555.139702 -169.828166 1163.538246 5472.713013 -109.855347 352.242732 572.068083 -237.415454 968.351479 5285.252838 -1093.170776 672.177018 552.764567 -473.743881 581.171913 5899.032898 1193.895264 345.233015 923.661569 661.664227 -2087.463951 3770.127029 1625.062256 -55.966105 662.758966 -330.946975 -1140.66433 5402.764435 462.08374 441.507058 575.41328 -541.137353 -1511.901054 4674.038849 -75.306396 473.393877 200.493154 -810.80636 -1175.021706 5615.748138 -7.162476 581.105588 565.047194 -619.806114 -1308.307152 5203.573914 1502.634277 339.641499 335.324296 -217.862066
2245.712204 3982.175674 1617.298584 856.867626 368.281507 105.855395 1133.616714 5605.621033 682.183838 114.407426 528.575453 -228.1843 1155.539169 5530.79071 -218.982544 345.370281 593.135772 -300.692381 959.952774 5437.64328 -1210.610352 666.328794 624.924554 -548.327916 710.435257 5934.564209 1114.052734 563.974906 929.4904 620.455439 -2326.635513 3752.575302 1676.45752 -314.959019 605.021974 -295.211257 -1659.252853 5365.378571 326.948242 117.043121 543.315358 -574.455664 -2348.325119 4806.094971 -74.198608 -1.751878 243.719535 -806.630242 -1788.831253 5562.415924 257.967529 315.156935 534.427071 -543.998931 -2603.821945 4705.638885 1099.364014 -306.455891 132.818353 -331.198181
2245.753021 3982.185898 1617.250366 856.827912 368.278311 105.726759 1133.647461 5605.651398 682.162476 114.378705 528.589504 -228.214945 1155.558777 5530.838165 -219.008179 345.315368 593.159771 -300.726515 959.980164 5437.718201 -1210.643311 666.293578 624.961074 -548.370178 710.609818 5934.578552 1114.110718 564.163035 929.492467 620.474993 -2326.815186 3752.469788 1676.692505 -315.222706 604.867751 -295.095338 -1659.678802 5365.51239 327.333374 116.736811 543.377497 -574.357797 -2348.614655 4806.207886 -74.028931 -1.951657 243.761104 -806.587649 -1789.337921 5562.549744 258.468018 314.90986 534.474444 -543.86965 -2604.446411 4704.535522 1098.480835 -306.798472 132.387698 -331.462251
2245.76622 3982.181931 1617.241821 856.815276 368.279589 105.693018 1133.660355 5605.652771 682.160034 114.372323 528.593598 -228.223589 1155.568771 5530.844574 -219.011841 345.302602 593.1668 -300.736153 959.993973 5437.733002 -1210.650024 666.287495 624.971969 -548.382813 710.659485 5934.5755 1114.129028 564.212816 929.493218 620.479505 -2326.852188 3752.445679 1676.765747 -315.28474 604.841492 -295.060765 -1659.775467 5365.555115 327.456055 116.663665 543.401272 -574.327338 -2348.71376 4806.287842 -73.954468 -2.019323 243.795454 -806.568799 -1789.431992 5562.586517 258.633423 314.860378 534.490274 -543.827555 -2604.622879 4704.302063 1098.278198 -306.896472 132.299126 -331.524281
2245.76622 3982.181931 1617.241821 856.815276 368.279589 105.693018 1133.660355 5605.652771 682.160034 114.372323 528.593598 -228.223589 1155.568771 5530.844574 -219.011841 345.302602 593.1668 -300.736153 959.993973 5437.733002 -1210.650024 666.287495 624.971969 -548.382813 710.659485 5934.5755 1114.129028 564.212816 929.493218 620.479505 -2326.852188 3752.445679 1676.765747 -315.28474 604.841492 -295.060765 -1659.775467 5365.555115 327.456055 116.663665 543.401272 -574.327338 -2348.71376 4806.287842 -73.954468 -2.019323 243.795454 -806.568799 -1789.431992 5562.586517 258.633423 314.860378 534.490274 -543.827555 -2604.622879 4704.302063 1098.278198 -306.896472 132.299126 -331.524281
2245.76622 3982.181931 1617.241821 856.815276 368.279589 105.693018 1133.660355 5605.652771 682.160034 114.372323 528.593598 -228.223589 1155.568771 5530.844574 -219.011841 345.302602 593.1668 -300.736153 959.993973 5437.733002 -1210.650024 666.287495 624.971969 -548.382813 710.659485 5934.5755 1114.129028 564.212816 929.493218 620.479505 -2326.852188 3752.445679 1676.765747 -315.28474 604.841492 -295.060765 -1659.775467 5365.555115 327.456055 116.663665 543.401272 -574.327338 -2348.71376 4806.287842 -73.954468 -2.019323 243.795454 -806.568799 -1789.431992 5562.586517 258.633423 314.860378 534.490274 -543.827555 -2604.622879 4704.302063 1098.278198 -306.896472 132.299126 -331.524281
2245.767136 3982.180099 1617.233887 856.811666 368.280868 105.680366 1133.660202 5605.650177 682.15332 114.369567 528.593266 -228.227518 1155.567398 5530.841675 -219.018555 345.297131 593.166297 -300.740169 959.992142 5437.72995 -1210.655518 666.282693 624.971446 -548.386298 710.660324 5934.572449 1114.123535 564.209657 929.492654 620.476497 -2326.856003 3752.440567 1676.773682 -315.29193 604.837553 -295.05602 -1659.786606 5365.555725 327.467651 116.654929 543.402662 -574.324009 -2348.698959 4806.264648 -73.952637 -2.012452 243.786866 -806.568074 -1789.449539 5562.579956 258.649902 314.851545 534.488567 -543.822896 -2604.606094 4704.232788 1098.266602 -306.889455 132.273179 -331.527471
2245.767136 3982.180099 1617.233887 856.811666 368.280868 105.680366 1133.660202 5605.650177 682.15332 114.369567 528.593266 -228.227518 1155.567398 5530.841675 -219.018555 345.297131 593.166297 -300.740169 959.992142 5437.72995 -1210.655518 666.282693 624.971446 -548.386298 710.660324 5934.572449 1114.123535 564.209657 929.492654 620.476497 -2326.856003 3752.440567 1676.773682 -315.29193 604.837553 -295.05602 -1659.786606 5365.555725 327.467651 116.654929 543.402662 -574.324009 -2348.698959 4806.264648 -73.952637 -2.012452 243.786866 -806.568074 -1789.449539 5562.579956 258.649902 314.851545 534.488567 -543.822896 -2604.606094 4704.232788 1098.266602 -306.889455 132.273179 -331.527471
2245.768547 3982.181625 1617.230835 856.811064 368.282147 105.674039 1133.660698 5605.651398 682.150879 114.368406 528.593266 -228.229482 1155.567436 5530.842438 -219.021606 345.294902 593.165996 -300.742579 959.992027 5437.730408 -1210.658569 666.280772 624.97101 -548.388913 710.661507 5934.572754 1114.121704 564.208773 929.492091 620.474993 -2326.859016 3752.43927 1676.777954 -315.297113 604.83422 -295.053986 -1659.793892 5365.557404 327.473145 116.649266 543.402893 -574.322677 -2348.70472 4806.264801 -73.948364 -2.016714 243.786431 -806.566987 -1789.457893 5562.581482 258.656616 314.847161 534.488685 -543.821232 -2604.609871 4704.21524 1098.262329 -306.892201 132.265926 -331.528889
2245.768547 3982.181625 1617.230835 856.811064 368.282147 105.674039 1133.660698 5605.651398 682.150879 114.368406 528.593266 -228.229482 1155.567436 5530.842438 -219.021606 345.294902 593.165996 -300.742579 959.992027 5437.730408 -1210.658569 666.280772 624.97101 -548.388913 710.661507 5934.572754 1114.121704 564.208773 929.492091 620.474993 -2326.859016 3752.43927 1676.777954 -315.297113 604.83422 -295.053986 -1659.793892 5365.557404 327.473145 116.649266 543.402893 -574.322677 -2348.70472 4806.264801 -73.948364 -2.016714 243.786431 -806.566987 -1789.457893 5562.581482 258.656616 314.847161 534.488685 -543.821232 -2604.609871 4704.21524 1098.262329 -306.892201 132.265926 -331.528889
2245.768547 3982.181625 1617.230835 856.811064 368.282147 105.674039 1133.660698 5605.651398 682.150879 114.368406 528.593266 -228.229482 1155.567436 5530.842438 -219.021606 345.294902 593.165996 -300.742579 959.992027 5437.730408 -1210.658569 666.280772 624.97101 -548.388913 710.661507 5934.572754 1114.121704 564.208773 929.492091 620.474993 -2326.859016 3752.43927 1676.777954 -315.297113 604.83422 -295.053986 -1659.793892 5365.557404 327.473145 116.649266 543.402893 -574.322677 -2348.70472 4806.264801 -73.948364 -2.016714 243.786431 -806.566987 -1789.457893 5562.581482 258.656616 314.847161 534.488685 -543.821232 -2604.609871 4704.21524 1098.262329 -306.892201 132.265926 -331.528889
2295.473633 4000.195007 1572.116089 904.859702 519.213577 51.868241 1252.053375 5658.363953 599.366455 202.830614 579.872606 -272.526288 1210.531311 5551.733551 -301.514282 384.63946 618.763926 -345.828513 1024.493713 5452.844391 -1298.536377 707.367206 643.8905 -601.147618 811.31897 5895.897827 1124.431763 688.943884 916.768612 635.432864 -2697.124176 3518.340778 1281.63269 -748.802349 318.775413 -506.732325 -2253.688507 5020.510864 -284.649658 -272.90453 377.958876 -737.438262 -3062.918701 4472.003937 -303.679199 -423.55469 114.810912 -870.638797 -3939.396362 4216.32782 -715.645142 -632.002198 22.229328 -805.611956 -2900.310364 4393.320923 -548.814697 -467.348938 19.076009 -805.736137
2295.593815 4001.546936 1571.742554 902.881844 520.730139 50.826498 1251.416721 5659.787445 599.156494 201.157555 580.18694 -272.809164 1209.466343 5553.170166 -301.849976 381.733522 619.057835 -346.200381 1023.049412 5454.308319 -1298.967285 704.673677 644.161221 -601.619032 810.591068 5900.038452 1122.716675 685.878228 918.708237 634.23482 -2701.344662 3515.83107 1282.555542 -754.658135 314.142551 -506.347283 -2262.519741 5020.056915 -283.543091 -279.166855 377.228409 -737.199085 -3071.752071 4471.231537 -301.130371 -429.229914 114.092168 -869.950057 -3948.091488 4216.41098 -714.299927 -636.275942 21.879594 -805.307806 -2914.141293 4390.970993 -542.219849 -474.823181 17.785253 -803.887823
2295.63652 4001.576538 1571.659546 902.790383 520.756992 50.721059 1251.417313 5659.815979 599.0979 201.073424 580.190812 -272.832737 1209.444809 5553.196869 -301.911011 381.586614 619.060144 -346.226082 1023.012009 5454.334564 -1299.028931 704.540978 644.162964 -601.647352 810.585403 5900.132446 1122.622681 685.721306 918.751824 634.190448 -2701.475143 3515.751896 1282.798462 -754.898747 314.007038 -506.20018 -2262.93129 5020.142822 -283.233032 -279.481805 377.260135 -737.108541 -3072.186356 4471.340561 -300.69458 -429.528234 114.127172 -869.814122 -3948.567581 4216.545944 -713.80188 -636.521954 21.922701 -805.166046 -2914.754715 4391.033707 -541.679688 -475.174303 17.800526 -803.724596
2241.122551 4054.593506 1660.112915 1004.030569 618.612288 109.341226 1129.571495 5502.847137 442.897949 185.876935 444.863414 -408.473338 1085.747948 5436.636353 -464.607544 357.900001 522.835102 -489.145321 956.605034 5354.098663 -1475.293579 745.929147 569.962724 -766.388636 603.044701 5870.629578 685.964355 517.334066 882.3275 331.578409 -3121.045418 3684.382782 1825.193481 -1098.666541 497.971045 -235.269397 -2919.964943 5071.872559 101.331177 -626.221257 388.423314 -647.10616 -3494.054756 4458.373489 -404.762573 -609.650564 96.741596 -916.907777 -4425.027351 4081.121979 -428.922729 -797.835865 -41.745759 -742.369283 -3396.328011 4295.441132 -645.457764 -662.958806 -30.606153 -849.689833
2277.291336 4087.467728 1624.012451 1052.071986 674.31747 75.889477 1141.869583 5530.617065 410.324097 186.347056 450.802121 -418.667873 1081.69136 5493.782349 -500.782471 336.838278 547.556223 -501.934997 963.442764 5469.616394 -1519.107666 740.719769 624.763917 -785.717476 620.64827 5889.165649 672.053223 526.939134 881.684966 333.319069 -2992.410507 3833.299103 1631.246338 -970.641178 669.185308 -333.679555 -2664.925613 5048.069153 -208.706055 -473.203319 366.476431 -727.088747 -3436.679001 4481.680298 -436.185913 -583.674754 98.261568 -921.26913 -4362.697372 4083.618317 -438.212891 -775.842818 -48.334259 -740.339395 -3544.695663 4470.618134 -409.150391 -743.013672 29.52642 -776.213261
2266.524162 4104.869385 1611.948242 1046.459131 711.174964 65.417222 1135.21328 5520.115814 357.337036 187.548833 436.947867 -448.91203 1057.483482 5485.864868 -553.670654 315.209186 536.683083 -532.783944 954.78878 5499.780121 -1575.142212 739.950304 637.078386 -821.432086 606.293144 5887.826843 599.191895 516.283121 875.56305 292.127579 -3044.984016 3810.796051 1709.46167 -1019.572548 628.004361 -286.911156 -2729.946175 5119.381104 -70.687256 -509.124575 398.198738 -687.814484 -3610.775337 4679.471283 -104.620361 -678.393721 175.415898 -821.02653 -4287.265511 4051.516266 -512.667236 -739.561365 -64.033717 -758.999727 -3611.516304 4461.258087 -485.809326 -772.452443 22.58346 -796.729924
2278.265038 4067.490463 1713.781738 1089.65549 780.676891 127.40302 1120.307884 5532.016144 514.404297 183.044456 484.707796 -390.261232 1052.401237 5424.496613 -398.060303 321.961679 531.811939 -473.792731 1018.77758 5510.957031 -1427.700806 817.743286 674.289025 -763.262578 436.170235 5390.823975 -404.077759 251.389727 602.816398 -366.613249 -3070.054665 3750.316086 1843.745117 -1035.904073 619.381333 -248.964835 -2747.701302 5284.407806 233.67981 -513.89816 508.983811 -622.799172 -3611.09623 4805.323486 328.657837 -672.781467 248.749995 -711.94704 -3968.448219 4467.193375 -560.478516 -596.361681 117.091678 -790.012097 -3654.339333 4432.792969 -156.375732 -788.774149 32.438632 -720.22257
2260.021591 4066.271896 1758.15918 1101.36378 882.700813 160.511036 1153.95546 5477.031403 447.571411 238.018513 463.377133 -449.510784 1037.342606 5416.806335 -464.981689 334.076613 543.576246 -534.412772 924.608994 5459.908142 -1492.470093 744.323626 659.733573 -827.494242 483.781662 5395.014648 -552.276001 370.281847 621.136307 -473.450456 -3138.646622 3669.545479 1961.611328 -1084.569582 546.303846 -197.511529 -2939.513931 5492.632599 660.227051 -619.353703 627.255647 -513.355894 -3780.539627 5011.031799 445.422363 -755.579612 343.069611 -684.760133 -3999.495926 4467.304916 -385.53833 -599.350365 126.995142 -749.195698 -3699.758682 4843.714294 -22.445679 -799.388971 201.125347 -688.654124
2241.637459 3969.262466 1848.803101 1035.903137 855.425085 220.687491 1215.466805 5455.942688 568.166504 282.408813 513.707386 -407.808579 1070.090981 5326.501465 -330.31311 357.89068 543.704574 -482.527203 985.88932 5287.814178 -1357.754517 793.067255 613.125814 -771.168999 566.632271 5192.295074 -525.662231 482.950547 552.05052 -491.438031 -3100.125237 3506.904907 2001.134644 -1058.592505 450.80481 -206.555955 -3160.117302 5665.332489 1396.329956 -767.454164 760.404363 -327.841244 -3956.169243 5117.114258 1182.860718 -864.131958 423.240487 -482.346826 -3575.081596 4949.927826 258.182983 -421.061036 348.029104 -588.928682 -3801.895866 5110.267944 543.378906 -857.842938 339.113327 -540.560694
2208.583183 3948.804626 1859.432983 993.954147 834.304153 217.450497 1211.172142 5528.722992 658.553467 289.523591 577.659656 -357.675099 1049.222984 5374.551086 -236.038818 345.820731 585.470029 -428.725672 979.472923 5299.938965 -1265.728149 798.692819 628.858194 -714.403275 558.984795 5196.344147 -452.398682 489.79243 564.034521 -454.004246 -3091.466255 3499.39518 2070.421753 -1036.196352 461.2726 -175.022485 -3266.946602 5703.08197 1656.012573 -827.249681 787.300557 -260.435994 -4094.734993 5239.019165 1364.157104 -936.399473 479.243646 -432.222898 -3759.666939 5052.880707 422.064209 -496.279871 393.680408 -547.662547 -3664.875374 5225.382996 569.810791 -783.471772 389.559203 -536.516343
2211.913795 3902.787018 1920.913086 959.207157 767.785799 308.689441 1327.631416 5660.106201 884.934692 380.314358 694.782469 -217.53127 1178.48423 5423.216705 5.328979 489.650007 637.331125 -275.617421 1087.458992 5211.792297 -1004.592896 889.994262 595.725357 -534.18245 647.426262 5191.934357 -201.071167 601.555609 579.876354 -304.501496 -2988.683434 3491.06945 2177.532959 -946.526463 490.153417 -120.352585 -3432.637901 5698.366699 2169.406738 -944.666497 800.16381 -122.797316 -4282.803307 5435.862732 1726.535645 -1055.5402 571.813882 -327.185765 -4045.984459 5417.887726 736.479492 -630.028118 546.076142 -464.313828 -3744.446373 5481.175232 940.709229 -833.714629 500.062408 -431.334327
2183.120308 3890.018311 1889.025879 893.446255 752.503182 271.68438 1324.69471 5735.6427 955.444946 373.189137 756.168178 -165.406657 1167.186928 5474.935455 77.036133 468.593957 677.368067 -221.550844 1101.875038 5215.665131 -931.398926 900.335221 603.147857 -474.463201 678.587685 5315.090179 -177.075195 645.611033 661.310152 -283.269502 -2966.856194 3502.38781 2212.697754 -927.603216 517.211339 -95.01233 -3443.76049 5718.412476 2278.721924 -954.531401 814.919035 -90.133121 -4224.889946 5502.04895 1691.251221 -1025.128371 602.526091 -334.555641 -4081.62365 5529.31427 676.201782 -647.525319 592.567383 -477.892618 -3786.664238 5574.537506 1048.529053 -857.093867 539.668556 -396.987472
2160.505524 3871.323395 1885.383301 850.671101 732.938132 262.220127 1309.580231 5724.006958 919.70459 359.695878 757.901052 -189.594517 1190.568542 5361.356659 64.428711 500.86627 611.855298 -231.053948 1077.55722 5004.561157 -917.644653 875.790289 490.573734 -465.955532 553.763733 5233.142395 -171.282349 440.42176 619.495216 -280.831675 -2948.478394 3498.851166 2300.599365 -906.455938 531.096466 -47.217604 -3505.201263 5702.250671 2532.5354 -992.604317 813.838349 -21.419306 -4210.182037 5601.868591 1818.48999 -1016.220326 648.954833 -297.31658 -4362.656097 5782.95105 812.943115 -769.45193 695.795647 -441.116862 -3877.443695 5841.273193 1337.973633 -902.006128 648.172397 -313.474282
2142.973709 3898.373718 1874.630737 787.653446 697.835361 259.115986 1245.351486 5760.748596 892.653198 284.921592 758.853679 -201.242721 1190.932693 5454.303589 -5.153809 482.188709 649.706748 -270.943776 992.039566 5398.617554 -1051.246338 770.941649 695.427708 -554.931632 597.091827 5385.037079 -329.997559 488.279943 691.195663 -373.097575 -2858.881912 3598.07312 2378.605347 -824.086344 615.546373 1.074695 -3504.336777 5796.62323 2727.423706 -1001.13762 843.657567 34.168579 -4169.09935 5935.39856 1962.167358 -1001.027893 770.52785 -251.991355 -4831.811752 6209.498596 1197.853394 -979.9457 846.637206 -333.747408 -3806.134262 6274.134521 1464.503784 -873.576796 801.765731 -274.133132
2155.740852 3889.21936 1852.70813 786.713858 794.984804 185.207085 1190.628242 5405.7724 417.744141 220.31026 524.908999 -520.369643 1136.63166 5210.784302 -515.509033 392.491635 510.736318 -620.460766 893.817024 5275.141296 -1557.22168 654.008386 643.369193 -931.003134 568.002892 5178.183899 -858.286743 418.175407 583.760019 -711.425301 -2774.26281 3599.909782 2518.840942 -745.872198 660.788765 67.367041 -3456.799278 5761.360779 3055.08606 -979.563614 842.179034 117.832858 -4089.18972 5911.771545 2258.43811 -963.028805 774.08112 -170.206794 -4780.849876 6077.359924 1481.524048 -963.527794 808.14817 -262.104325 -3909.58828 6576.933899 2769.528198 -931.90325 931.284618 98.750717
2187.093697 3916.162262 1842.112427 786.063398 904.823621 174.819182 1202.952309 5384.001465 343.062134 201.907342 508.594179 -565.492683 1171.802254 5202.835541 -601.317139 397.123386 505.02572 -673.903681 911.869316 5322.327271 -1642.341309 639.709411 669.906073 -988.49297 601.745491 5142.741394 -953.504028 421.58662 561.491723 -767.26481 -2701.197166 3650.50972 2562.532349 -700.52426 726.807264 94.174931 -3438.689232 5809.189148 3113.22937 -988.102101 866.005848 134.938077 -4182.101402 5965.839539 2409.011841 -1034.046679 795.833983 -124.132292 -4918.934898 6380.918274 1767.985229 -1037.423978 924.939123 -182.764636 -3851.473351 6398.437195 1896.906128 -918.692227 862.020488 -153.302739
2197.179794 3924.659424 1851.431885 796.134706 932.454834 173.572886 1211.500168 5389.073181 337.047119 205.300747 510.891991 -575.827871 1172.161179 5212.374878 -611.44043 390.989122 510.051098 -687.170841 912.887573 5331.44455 -1656.75354 635.555227 674.027108 -1005.948354 604.996796 5140.718384 -960.178833 418.72678 559.074895 -777.563246 -2677.505264 3673.150749 2617.637939 -680.017555 754.260336 119.200644 -3433.162613 5824.46167 3207.633057 -987.757106 872.7694 157.943657 -4184.640274 5985.714417 2507.46582 -1038.331363 803.163429 -97.87754 -4975.627213 6475.543213 1989.047852 -1064.267808 960.698909 -125.239261 -3829.883499 6435.667419 2015.015869 -910.389598 875.673242 -121.922687
2212.382774 3932.663574 1880.534668 799.945406 971.6169 193.492525 1243.639183 5396.09787 338.339844 223.237895 516.958821 -586.306854 1185.697594 5215.85022 -612.977295 391.342511 513.221343 -699.74366 926.144295 5325.989075 -1664.274902 635.540981 671.677523 -1023.860774 619.663048 5137.633209 -953.835449 421.038531 558.001845 -784.481139 -2620.675545 3723.397293 2700.402832 -632.284564 822.552885 155.404107 -3457.375832 5837.220764 3355.554199 -1011.337728 879.903009 193.489624 -4094.244728 5953.776855 2536.062012 -994.37056 790.68591 -94.603852 -4821.702614 6437.069092 1918.110352 -1003.044077 946.378376 -149.367314 -3787.896461 6499.52301 2153.399658 -896.03674 900.869762 -86.842461
2210.345726 3934.929657 1897.024536 788.441099 999.803077 196.309869 1248.335381 5437.011871 384.052124 224.092121 549.8602 -566.446604 1198.28289 5229.152527 -563.189087 403.012264 524.910642 -676.761761 934.174156 5324.629822 -1616.057129 639.980813 673.449147 -1000.048274 640.622063 5144.637909 -909.611816 449.458524 565.06032 -766.389779 -2581.288795 3728.356323 2743.318481 -593.285508 835.022689 170.984761 -3466.054115 5819.289856 3418.131714 -1019.186225 873.088665 206.502373 -4097.618446 5989.214172 2602.367554 -998.458161 806.957277 -79.326521 -4759.440956 6514.650269 1944.244995 -977.595958 978.019158 -146.29353 -3796.839333 6453.81073 2213.208618 -902.404535 884.927574 -73.790301
2210.482483 3934.837494 1897.005615 788.370999 999.873407 196.366806 1248.454437 5436.972504 384.119873 224.041497 549.910653 -566.369598 1198.307648 5229.120789 -563.111572 402.816319 524.961451 -676.676625 934.084473 5324.634247 -1615.939941 639.705969 673.513907 -999.927589 640.565491 5144.611969 -909.46106 449.079486 565.111422 -766.264936 -2580.973053 3728.374939 2743.625488 -593.128333 835.191556 171.184061 -3465.460968 5819.344482 3418.637695 -1018.921479 873.171415 206.654501 -4097.080536 5989.541016 2602.983398 -998.249771 807.135003 -79.128237 -4758.876495 6515.387878 1945.17334 -977.425263 978.345646 -146.026317 -3796.592255 6454.415588 2214.118652 -902.367165 885.203433 -73.510989
2210.482483 3934.837494 1897.005615 788.370999 999.873407 196.366806 1248.454437 5436.972504 384.119873 224.041497 549.910653 -566.369598 1198.307648 5229.120789 -563.111572 402.816319 524.961451 -676.676625 934.084473 5324.634247 -1615.939941 639.705969 673.513907 -999.927589 640.565491 5144.611969 -909.46106 449.079486 565.111422 -766.264936 -2580.973053 3728.374939 2743.625488 -593.128333 835.191556 171.184061 -3465.460968 5819.344482 3418.637695 -1018.921479 873.171415 206.654501 -4097.080536 5989.541016 2602.983398 -998.249771 807.135003 -79.128237 -4758.876495 6515.387878 1945.17334 -977.425263 978.345646 -146.026317 -3796.592255 6454.415588 2214.118652 -902.367165 885.203433 -73.510989
2210.690193 3933.909454 1903.103027 783.691112 1000.084395 196.527075 1237.219429 5464.698792 429.77356 210.907393 570.724507 -540.847507 1200.055733 5239.224091 -513.190918 401.709951 532.253958 -647.78179 942.901955 5320.456848 -1568.032227 646.248105 671.686587 -970.0159 641.999092 5150.423584 -864.229736 447.178991 569.291554 -742.097622 -2571.964989 3748.00499 2752.739258 -586.085705 862.472782 172.91065 -3416.814384 5848.352661 3442.362061 -989.942075 888.341161 211.486638 -4004.821587 6046.850891 2601.981201 -947.134144 830.906323 -81.208955 -4637.080498 6510.548706 1873.604736 -925.533683 976.856675 -167.173096 -3838.397636 6450.84198 2303.674316 -924.551946 884.200479 -49.2502
2211.29425 3933.199844 1904.989014 784.405355 998.396166 197.166038 1238.457794 5464.751282 431.73584 211.854744 570.984959 -540.560309 1201.442719 5239.544678 -511.377563 403.2307 532.666756 -647.586218 944.039307 5321.745453 -1566.172485 647.187566 672.59785 -969.770607 643.450775 5150.831604 -862.571411 449.182585 569.731558 -742.010006 -2572.692871 3747.811508 2753.189697 -587.148311 862.622662 172.318851 -3418.726196 5847.830811 3443.010254 -991.296906 888.23232 211.249958 -4006.054688 6047.008667 2602.214355 -947.974834 831.095748 -81.589937 -4638.345337 6507.355652 1871.616211 -926.189496 975.743507 -168.128475 -3842.679443 6452.532959 2306.817627 -926.812889 884.972508 -48.777709
2225.373688 3934.085312 1919.202271 788.744667 1011.746638 216.815751 1251.64917 5468.163452 434.883423 213.102648 575.127394 -540.36151 1214.910126 5232.861176 -509.631958 405.3405 529.782589 -648.305456 953.257446 5319.186707 -1567.390747 644.396554 672.450462 -972.666622 650.933228 5148.292694 -862.321777 441.902281 569.584921 -743.605142 -2560.502472 3770.365677 2752.733765 -586.806706 895.525284 170.489222 -3417.96936 5878.241272 3435.813599 -998.29357 904.780404 208.513323 -3991.412048 6080.395508 2581.239624 -946.399388 845.64997 -88.66148 -4639.432983 6566.765137 1875.656128 -931.833445 999.543034 -167.80103 -3882.431946 6468.367615 2324.154663 -952.618563 891.98116 -44.567827
2222.62291 3925.0354 1923.686523 787.376654 1001.454544 205.869018 1253.411484 5462.328491 444.275513 216.733361 575.677505 -541.28125 1213.267288 5230.023804 -499.61731 405.890442 532.25446 -648.83595 952.514267 5310.439301 -1556.68396 645.774772 671.220192 -972.748096 655.113525 5145.197601 -851.691284 452.231438 571.738724 -743.722464 -2562.605362 3765.259781 2755.220947 -586.857035 897.494726 165.861258 -3409.43367 5871.861572 3445.374756 -991.629806 904.888627 208.169787 -4002.98317 6087.91748 2609.711914 -951.822387 851.406642 -83.419809 -4651.454544 6564.629211 1899.960938 -936.170817 1001.262218 -164.125268 -3878.753128 6454.331055 2335.238037 -949.751775 889.104742 -44.491619
2227.823143 3930.903549 1911.282959 791.266782 1002.629367 202.741681 1252.587547 5453.413086 421.343384 212.882165 565.161208 -549.223779 1216.59893 5225.43808 -523.565674 406.029042 525.559612 -657.623029 954.798698 5318.322754 -1579.119263 644.785688 672.531521 -981.201305 655.16964 5145.803833 -877.852173 446.97987 568.671941 -753.313581 -2562.078438 3775.437698 2743.352051 -589.816113 903.571114 165.152862 -3401.751137 5884.959412 3431.650391 -988.827032 908.687856 207.315941 -3999.286842 6090.970459 2596.561279 -951.555029 850.372896 -84.179235 -4651.540871 6569.640808 1891.947021 -937.613154 1001.040008 -163.422128 -3871.199379 6464.772339 2315.909424 -947.589366 890.980447 -47.028111
2227.746964 3930.598068 1912.709351 791.777342 1002.557759 204.203073 1253.122025 5453.840332 423.143921 213.70883 565.680119 -548.438405 1217.381058 5226.275787 -521.867065 407.51271 526.300662 -656.887325 955.812149 5319.786072 -1577.414551 646.200403 673.532123 -980.398768 656.132965 5146.812439 -876.360474 449.130151 569.470411 -752.752163 -2562.656784 3775.367126 2742.339478 -590.082642 903.85946 164.268214 -3402.976151 5884.815674 3430.018921 -989.386858 908.761034 206.712756 -4000.338821 6090.307312 2594.685669 -951.963633 850.220061 -84.908574 -4652.685318 6567.445679 1889.130249 -937.965436 1000.304644 -164.348223 -3872.874222 6463.656921 2314.244995 -948.25897 890.660832 -47.679957
2231.160164 3930.41481 1921.581421 795.673486 988.491204 208.650513 1261.002388 5442.015686 419.592896 219.833901 554.804678 -554.77797 1216.207008 5224.338531 -526.73584 404.045076 522.937222 -664.234321 956.334267 5318.956299 -1581.898804 645.240452 671.245207 -988.095188 659.562798 5145.444336 -877.855225 452.430053 566.674263 -757.552986 -2556.684074 3779.149399 2747.252808 -585.112556 904.664912 163.499485 -3399.705772 5884.971619 3437.623901 -988.23361 907.234333 207.069274 -3998.902245 6096.616516 2605.969849 -951.963981 851.498741 -83.427784 -4623.722496 6532.411194 1851.469116 -925.984131 985.568998 -176.331554 -3853.077354 6457.572327 2310.45105 -939.082653 887.082794 -50.61025
]