Naoki.w_a_r_m.2150 [ 1.787459069646502e-14 0.31060958874138106 0.32896039741954675 0.40081096640036395 0.4193145364883874 0.47737548226233056 0.4097789628196036 0.4126908504685616 0.4305997065838672 0.5065036867618902 0.49421496632340334 0.47602108872176285 0.4578608557409041 0.4306125987497412 0.46804824838639697 0.4722072202097198
1.787459069646502e-14 0.31060958874138106 0.32896039741954675 0.40081096640036395 0.4193145364883874 0.47737548226233056 0.4097789628196036 0.4126908504685616 0.4305997065838672 0.5065036867618902 0.49421496632340334 0.47602108872176285 0.4578608557409041 0.4306125987497412 0.46804824838639697 0.4722072202097198
1.787459069646502e-14 0.31060958874138106 0.32896039741954675 0.40081096640036395 0.4193145364883874 0.47737548226233056 0.4097789628196036 0.4126908504685616 0.4305997065838672 0.5065036867618902 0.49421496632340334 0.47602108872176285 0.4578608557409041 0.4306125987497412 0.46804824838639697 0.4722072202097198
1.787459069646502e-14 0.31060958874138106 0.32896039741954675 0.40081096640036395 0.4193145364883874 0.47737548226233056 0.4097789628196036 0.4126908504685616 0.4305997065838672 0.5065036867618902 0.49421496632340334 0.47602108872176285 0.4578608557409041 0.4306125987497412 0.46804824838639697 0.4722072202097198
1.787459069646502e-14 0.31060958874138106 0.32896039741954675 0.40081096640036395 0.4193145364883874 0.47737548226233056 0.4097789628196036 0.4126908504685616 0.4305997065838672 0.5065036867618902 0.49421496632340334 0.47602108872176285 0.4578608557409041 0.4306125987497412 0.46804824838639697 0.4722072202097198
1.787459069646502e-14 0.31060958874138106 0.32896039741954675 0.40081096640036395 0.4193145364883874 0.47737548226233056 0.4097789628196036 0.4126908504685616 0.4305997065838672 0.5065036867618902 0.49421496632340334 0.47602108872176285 0.4578608557409041 0.4306125987497412 0.46804824838639697 0.4722072202097198
1.787459069646502e-14 0.31060958874138106 0.32896039741954675 0.40081096640036395 0.4193145364883874 0.47737548226233056 0.4097789628196036 0.4126908504685616 0.4305997065838672 0.5065036867618902 0.49421496632340334 0.47602108872176285 0.4578608557409041 0.4306125987497412 0.46804824838639697 0.4722072202097198
1.787459069646502e-14 0.31060958874138106 0.32896039741954675 0.40081096640036395 0.4193145364883874 0.47737548226233056 0.4097789628196036 0.4126908504685616 0.4305997065838672 0.5065036867618902 0.49421496632340334 0.47602108872176285 0.4578608557409041 0.4306125987497412 0.46804824838639697 0.4722072202097198
1.787459069646502e-14 0.31060958874138106 0.32896039741954675 0.40081096640036395 0.4193145364883874 0.47737548226233056 0.4097789628196036 0.4126908504685616 0.4305997065838672 0.5065036867618902 0.49421496632340334 0.47602108872176285 0.4578608557409041 0.4306125987497412 0.46804824838639697 0.4722072202097198
1.787459069646502e-14 0.31060958874138106 0.32896039741954675 0.40081096640036395 0.4193145364883874 0.47737548226233056 0.4097789628196036 0.4126908504685616 0.4305997065838672 0.5065036867618902 0.49421496632340334 0.47602108872176285 0.4578608557409041 0.4306125987497412 0.46804824838639697 0.4722072202097198
1.787459069646502e-14 0.31060958874138106 0.32896039741954675 0.40081096640036395 0.4193145364883874 0.47737548226233056 0.4097789628196036 0.4126908504685616 0.4305997065838672 0.5065036867618902 0.49421496632340334 0.47602108872176285 0.4578608557409041 0.4306125987497412 0.46804824838639697 0.4722072202097198
1.787459069646502e-14 0.31060958874138106 0.32896039741954675 0.40081096640036395 0.4193145364883874 0.47737548226233056 0.4097789628196036 0.4126908504685616 0.4305997065838672 0.5065036867618902 0.49421496632340334 0.47602108872176285 0.4578608557409041 0.4306125987497412 0.46804824838639697 0.4722072202097198
1.787459069646502e-14 0.31060958874138106 0.32896039741954675 0.40081096640036395 0.4193145364883874 0.47737548226233056 0.4097789628196036 0.4126908504685616 0.4305997065838672 0.5065036867618902 0.49421496632340334 0.47602108872176285 0.4578608557409041 0.4306125987497412 0.46804824838639697 0.4722072202097198
1.787459069646502e-14 0.31060958874138106 0.32896039741954675 0.40081096640036395 0.4193145364883874 0.47737548226233056 0.4097789628196036 0.4126908504685616 0.4305997065838672 0.5065036867618902 0.49421496632340334 0.47602108872176285 0.4578608557409041 0.4306125987497412 0.46804824838639697 0.4722072202097198
1.787459069646502e-14 0.31060958874138106 0.32896039741954675 0.40081096640036395 0.4193145364883874 0.47737548226233056 0.4097789628196036 0.4126908504685616 0.4305997065838672 0.5065036867618902 0.49421496632340334 0.47602108872176285 0.4578608557409041 0.4306125987497412 0.46804824838639697 0.4722072202097198
1.787459069646502e-14 0.31060958874138106 0.32896039741954675 0.40081096640036395 0.4193145364883874 0.47737548226233056 0.4097789628196036 0.4126908504685616 0.4305997065838672 0.5065036867618902 0.49421496632340334 0.47602108872176285 0.4578608557409041 0.4306125987497412 0.46804824838639697 0.4722072202097198
1.787459069646502e-14 0.31060958874138106 0.32896039741954675 0.40081096640036395 0.4193145364883874 0.47737548226233056 0.4097789628196036 0.4126908504685616 0.4305997065838672 0.5065036867618902 0.49421496632340334 0.47602108872176285 0.4578608557409041 0.4306125987497412 0.46804824838639697 0.4722072202097198
1.787459069646502e-14 0.31060958874138106 0.32896039741954675 0.40081096640036395 0.4193145364883874 0.47737548226233056 0.4097789628196036 0.4126908504685616 0.4305997065838672 0.5065036867618902 0.49421496632340334 0.47602108872176285 0.4578608557409041 0.4306125987497412 0.46804824838639697 0.4722072202097198
1.787459069646502e-14 0.31060958874138106 0.32896039741954675 0.40081096640036395 0.4193145364883874 0.47737548226233056 0.4097789628196036 0.4126908504685616 0.4305997065838672 0.5065036867618902 0.49421496632340334 0.47602108872176285 0.4578608557409041 0.4306125987497412 0.46804824838639697 0.4722072202097198
1.787459069646502e-14 0.31060958874138106 0.32896039741954675 0.40081096640036395 0.4193145364883874 0.47737548226233056 0.4097789628196036 0.4126908504685616 0.4305997065838672 0.5065036867618902 0.49421496632340334 0.47602108872176285 0.4578608557409041 0.4306125987497412 0.46804824838639697 0.4722072202097198
1.787459069646502e-14 0.31060958874138106 0.32896039741954675 0.40081096640036395 0.4193145364883874 0.47737548226233056 0.4097789628196036 0.4126908504685616 0.4305997065838672 0.5065036867618902 0.49421496632340334 0.47602108872176285 0.4578608557409041 0.4306125987497412 0.46804824838639697 0.4722072202097198
1.787459069646502e-14 0.31060958874138106 0.32896039741954675 0.40081096640036395 0.4193145364883874 0.47737548226233056 0.4097789628196036 0.4126908504685616 0.4305997065838672 0.5065036867618902 0.49421496632340334 0.47602108872176285 0.4578608557409041 0.4306125987497412 0.46804824838639697 0.4722072202097198
1.787459069646502e-14 0.31060958874138106 0.32896039741954675 0.40081096640036395 0.4193145364883874 0.47737548226233056 0.4097789628196036 0.4126908504685616 0.4305997065838672 0.5065036867618902 0.49421496632340334 0.47602108872176285 0.4578608557409041 0.4306125987497412 0.46804824838639697 0.4722072202097198
1.787459069646502e-14 0.31060958874138106 0.32896039741954675 0.40081096640036395 0.4193145364883874 0.47737548226233056 0.4097789628196036 0.4126908504685616 0.4305997065838672 0.5065036867618902 0.49421496632340334 0.47602108872176285 0.4578608557409041 0.4306125987497412 0.46804824838639697 0.4722072202097198
1.787459069646502e-14 0.31060958874138106 0.32896039741954675 0.40081096640036395 0.4193145364883874 0.47737548226233056 0.4097789628196036 0.4126908504685616 0.4305997065838672 0.5065036867618902 0.49421496632340334 0.47602108872176285 0.4578608557409041 0.4306125987497412 0.46804824838639697 0.4722072202097198
1.787459069646502e-14 0.31060958874138106 0.32896039741954675 0.40081096640036395 0.4193145364883874 0.47737548226233056 0.4097789628196036 0.4126908504685616 0.4305997065838672 0.5065036867618902 0.49421496632340334 0.47602108872176285 0.4578608557409041 0.4306125987497412 0.46804824838639697 0.4722072202097198
1.787459069646502e-14 0.31060958874138106 0.32896039741954675 0.40081096640036395 0.4193145364883874 0.47737548226233056 0.4097789628196036 0.4126908504685616 0.4305997065838672 0.5065036867618902 0.49421496632340334 0.47602108872176285 0.4578608557409041 0.4306125987497412 0.46804824838639697 0.4722072202097198
1.787459069646502e-14 0.31060958874138106 0.32896039741954675 0.40081096640036395 0.4193145364883874 0.47737548226233056 0.4097789628196036 0.4126908504685616 0.4305997065838672 0.5065036867618902 0.49421496632340334 0.47602108872176285 0.4578608557409041 0.4306125987497412 0.46804824838639697 0.4722072202097198
1.787459069646502e-14 0.31060958874138106 0.32896039741954675 0.40081096640036395 0.4193145364883874 0.47737548226233056 0.4097789628196036 0.4126908504685616 0.4305997065838672 0.5065036867618902 0.49421496632340334 0.47602108872176285 0.4578608557409041 0.4306125987497412 0.46804824838639697 0.4722072202097198
1.787459069646502e-14 0.31060958874138106 0.32896039741954675 0.40081096640036395 0.4193145364883874 0.47737548226233056 0.4097789628196036 0.4126908504685616 0.4305997065838672 0.5065036867618902 0.49421496632340334 0.47602108872176285 0.4578608557409041 0.4306125987497412 0.46804824838639697 0.4722072202097198
1.787459069646502e-14 0.31060958874138106 0.32896039741954675 0.40081096640036395 0.4193145364883874 0.47737548226233056 0.4097789628196036 0.4126908504685616 0.4305997065838672 0.5065036867618902 0.49421496632340334 0.47602108872176285 0.4578608557409041 0.4306125987497412 0.46804824838639697 0.4722072202097198
1.787459069646502e-14 0.31060958874138106 0.32896039741954675 0.40081096640036395 0.4193145364883874 0.47737548226233056 0.4097789628196036 0.4126908504685616 0.4305997065838672 0.5065036867618902 0.49421496632340334 0.47602108872176285 0.4578608557409041 0.4306125987497412 0.46804824838639697 0.4722072202097198
1.787459069646502e-14 0.31060958874138106 0.32896039741954675 0.40081096640036395 0.4193145364883874 0.47737548226233056 0.4097789628196036 0.4126908504685616 0.4305997065838672 0.5065036867618902 0.49421496632340334 0.47602108872176285 0.4578608557409041 0.4306125987497412 0.46804824838639697 0.4722072202097198
1.787459069646502e-14 0.31060958874138106 0.32896039741954675 0.40081096640036395 0.4193145364883874 0.47737548226233056 0.4097789628196036 0.4126908504685616 0.4305997065838672 0.5065036867618902 0.49421496632340334 0.47602108872176285 0.4578608557409041 0.4306125987497412 0.46804824838639697 0.4722072202097198
1.787459069646502e-14 0.31060958874138106 0.32896039741954675 0.40081096640036395 0.4193145364883874 0.47737548226233056 0.4097789628196036 0.4126908504685616 0.4305997065838672 0.5065036867618902 0.49421496632340334 0.47602108872176285 0.4578608557409041 0.4306125987497412 0.46804824838639697 0.4722072202097198
1.787459069646502e-14 0.31060958874138106 0.32896039741954675 0.40081096640036395 0.4193145364883874 0.47737548226233056 0.4097789628196036 0.4126908504685616 0.4305997065838672 0.5065036867618902 0.49421496632340334 0.47602108872176285 0.4578608557409041 0.4306125987497412 0.46804824838639697 0.4722072202097198
1.787459069646502e-14 0.31060958874138106 0.32896039741954675 0.40081096640036395 0.4193145364883874 0.47737548226233056 0.4097789628196036 0.4126908504685616 0.4305997065838672 0.5065036867618902 0.49421496632340334 0.47602108872176285 0.4578608557409041 0.4306125987497412 0.46804824838639697 0.4722072202097198
1.787459069646502e-14 0.31060958874138106 0.32896039741954675 0.40081096640036395 0.4193145364883874 0.47737548226233056 0.4097789628196036 0.4126908504685616 0.4305997065838672 0.5065036867618902 0.49421496632340334 0.47602108872176285 0.4578608557409041 0.4306125987497412 0.46804824838639697 0.4722072202097198
1.787459069646502e-14 0.31060958874138106 0.32896039741954675 0.40081096640036395 0.4193145364883874 0.47737548226233056 0.4097789628196036 0.4126908504685616 0.4305997065838672 0.5065036867618902 0.49421496632340334 0.47602108872176285 0.4578608557409041 0.4306125987497412 0.46804824838639697 0.4722072202097198
1.787459069646502e-14 0.31060958874138106 0.32896039741954675 0.40081096640036395 0.4193145364883874 0.47737548226233056 0.4097789628196036 0.4126908504685616 0.4305997065838672 0.5065036867618902 0.49421496632340334 0.47602108872176285 0.4578608557409041 0.4306125987497412 0.46804824838639697 0.4722072202097198
1.787459069646502e-14 0.31060958874138106 0.32896039741954675 0.40081096640036395 0.4193145364883874 0.47737548226233056 0.4097789628196036 0.4126908504685616 0.4305997065838672 0.5065036867618902 0.49421496632340334 0.47602108872176285 0.4578608557409041 0.4306125987497412 0.46804824838639697 0.4722072202097198
1.787459069646502e-14 0.31060958874138106 0.32896039741954675 0.40081096640036395 0.4193145364883874 0.47737548226233056 0.4097789628196036 0.4126908504685616 0.4305997065838672 0.5065036867618902 0.49421496632340334 0.47602108872176285 0.4578608557409041 0.4306125987497412 0.46804824838639697 0.4722072202097198
1.787459069646502e-14 0.31060958874138106 0.32896039741954675 0.40081096640036395 0.4193145364883874 0.47737548226233056 0.4097789628196036 0.4126908504685616 0.4305997065838672 0.5065036867618902 0.49421496632340334 0.47602108872176285 0.4578608557409041 0.4306125987497412 0.46804824838639697 0.4722072202097198
1.787459069646502e-14 0.31060958874138106 0.32896039741954675 0.40081096640036395 0.4193145364883874 0.47737548226233056 0.4097789628196036 0.4126908504685616 0.4305997065838672 0.5065036867618902 0.49421496632340334 0.47602108872176285 0.4578608557409041 0.4306125987497412 0.46804824838639697 0.4722072202097198
1.787459069646502e-14 0.31060958874138106 0.32896039741954675 0.40081096640036395 0.4193145364883874 0.47737548226233056 0.4097789628196036 0.4126908504685616 0.4305997065838672 0.5065036867618902 0.49421496632340334 0.47602108872176285 0.4578608557409041 0.4306125987497412 0.46804824838639697 0.4722072202097198
1.787459069646502e-14 0.31060958874138106 0.32896039741954675 0.40081096640036395 0.4193145364883874 0.47737548226233056 0.4097789628196036 0.4126908504685616 0.4305997065838672 0.5065036867618902 0.49421496632340334 0.47602108872176285 0.4578608557409041 0.4306125987497412 0.46804824838639697 0.4722072202097198
1.787459069646502e-14 0.31060958874138106 0.32896039741954675 0.40081096640036395 0.4193145364883874 0.47737548226233056 0.4097789628196036 0.4126908504685616 0.4305997065838672 0.5065036867618902 0.49421496632340334 0.47602108872176285 0.4578608557409041 0.4306125987497412 0.46804824838639697 0.4722072202097198
1.787459069646502e-14 0.31060958874138106 0.32896039741954675 0.40081096640036395 0.4193145364883874 0.47737548226233056 0.4097789628196036 0.4126908504685616 0.4305997065838672 0.5065036867618902 0.49421496632340334 0.47602108872176285 0.4578608557409041 0.4306125987497412 0.46804824838639697 0.4722072202097198
1.787459069646502e-14 0.31060958874138106 0.32896039741954675 0.40081096640036395 0.4193145364883874 0.47737548226233056 0.4097789628196036 0.4126908504685616 0.4305997065838672 0.5065036867618902 0.49421496632340334 0.47602108872176285 0.4578608557409041 0.4306125987497412 0.46804824838639697 0.4722072202097198
1.787459069646502e-14 0.31060958874138106 0.32896039741954675 0.40081096640036395 0.4193145364883874 0.47737548226233056 0.4097789628196036 0.4126908504685616 0.4305997065838672 0.5065036867618902 0.49421496632340334 0.47602108872176285 0.4578608557409041 0.4306125987497412 0.46804824838639697 0.4722072202097198
1.787459069646502e-14 0.31060958874138106 0.32896039741954675 0.40081096640036395 0.4193145364883874 0.47737548226233056 0.4097789628196036 0.4126908504685616 0.4305997065838672 0.5065036867618902 0.49421496632340334 0.47602108872176285 0.4578608557409041 0.4306125987497412 0.46804824838639697 0.4722072202097198
1.787459069646502e-14 0.31060958874138106 0.32896039741954675 0.40081096640036395 0.4193145364883874 0.47737548226233056 0.4097789628196036 0.4126908504685616 0.4305997065838672 0.5065036867618902 0.49421496632340334 0.47602108872176285 0.4578608557409041 0.4306125987497412 0.46804824838639697 0.4722072202097198
1.787459069646502e-14 0.31060958874138106 0.32896039741954675 0.40081096640036395 0.4193145364883874 0.47737548226233056 0.4097789628196036 0.4126908504685616 0.4305997065838672 0.5065036867618902 0.49421496632340334 0.47602108872176285 0.4578608557409041 0.4306125987497412 0.46804824838639697 0.4722072202097198
1.787459069646502e-14 0.31060958874138106 0.32896039741954675 0.40081096640036395 0.4193145364883874 0.47737548226233056 0.4097789628196036 0.4126908504685616 0.4305997065838672 0.5065036867618902 0.49421496632340334 0.47602108872176285 0.4578608557409041 0.4306125987497412 0.46804824838639697 0.4722072202097198
1.787459069646502e-14 0.31060958874138106 0.32896039741954675 0.40081096640036395 0.4193145364883874 0.47737548226233056 0.4097789628196036 0.4126908504685616 0.4305997065838672 0.5065036867618902 0.49421496632340334 0.47602108872176285 0.4578608557409041 0.4306125987497412 0.46804824838639697 0.4722072202097198
1.787459069646502e-14 0.31060958874138106 0.32896039741954675 0.40081096640036395 0.4193145364883874 0.47737548226233056 0.4097789628196036 0.4126908504685616 0.4305997065838672 0.5065036867618902 0.49421496632340334 0.47602108872176285 0.4578608557409041 0.4306125987497412 0.46804824838639697 0.4722072202097198
0.0321036964427896 0.3697749699135858 0.30592401448993417 0.4809739700938923 0.47815875549884795 0.4285690518253734 0.4116370861840862 0.41294119949606767 0.3951900633688708 0.43586491460203924 0.5045928508079748 0.42757033898691016 0.4283774959146413 0.48521818051215826 0.49462600314434263 0.44131101216295004
0.18147287744501076 0.606425707145512 0.6776702383165902 0.5618929933436178 0.6227343587447738 0.3243665366581887 0.7024579885840396 0.4116626945837955 0.5802463687481129 0.4061293231004756 0.48762172459679326 0.35243602485614367 0.3631104349175911 0.4187589844774332 0.8263692619550492 0.4238222646360234
0.3611303007444484 0.835123058492266 0.655337056921 0.5650790634966323 0.5564223802879815 0.24014779376275447 0.8606734106201012 0.5619595532201289 0.7483566256491454 0.630744999446583 0.45352148670060266 0.12489755525757962 0.5414420616279786 0.546100915137111 0.6770524866399161 0.37410798617823043
0.49839471248424133 0.9290319146658772 0.7610845532205398 0.5560778965009818 0.49659459977589643 0.21577101517530525 0.8030712016253632 0.5276814205107374 0.7222621253080443 0.48093487948958763 0.4486805040267062 0.43298027843400144 0.30759349825100535 0.5889871198880936 0.5508877974655072 0.3825785368880061
0.5669832682679943 0.8943348347340351 0.8772103163841873 0.5822838652346078 0.45577601826695363 0.2751603428358211 0.7324355348664067 0.5407848639042023 0.7177927230098635 0.43850169195692085 0.34546861578440424 0.3378830855840117 0.31336257323636707 0.6472404698937702 0.41574259234686217 0.516191645869623
0.653853510533742 0.8776510748883422 0.9232474670387663 0.5551221325906148 0.4564394738061141 0.4255426320636456 0.6978334263448374 0.48191637625408607 0.5845179348244123 0.56963561168251 0.267102468620886 0.4367420844666109 0.3508238242085476 0.5497611876168667 0.2716364465145438 0.5515345210658906
0.6903954763148373 0.8601721018911801 0.9364829097150986 0.4561393967347293 0.4308303106924475 0.41910263736660425 0.6773285008856085 0.5348162930379619 0.46601014270042407 0.49911249146854475 0.35249025011978224 0.35513103051076716 0.3523182854052195 0.5201738519034197 0.24096332714422874 0.7427504949967547
0.7057818132251938 0.8306768739860548 0.932983891937909 0.44188147401750794 0.4468945405076061 0.3995611436609696 0.6264661318533428 0.5650406064509268 0.4480514839334804 0.45684891059256566 0.3384376567434813 0.4224609572708735 0.38487956029666737 0.463689607682392 0.25895436954965567 0.758590188456569
0.6880796613617117 0.8484096872065963 0.9037503363757986 0.4833376899306189 0.39909919361886204 0.4560303862540633 0.5465648756145879 0.4943521201561546 0.4964368710387203 0.39611417086556666 0.3684062124549402 0.47093877718536603 0.29582039866581844 0.3591656106620914 0.33509792095160207 0.785997394010212
0.6170086668543151 0.8365033528278463 0.6571134868456949 0.5510477457647904 0.25827194270081444 0.48250685380212044 0.36728892628005444 0.3574993294391263 0.5477236519497712 0.34662201601649356 0.40624238529321977 0.3566863736653735 0.21999618034735305 0.15775518516760728 0.3535023335147964 0.21867689428138434
0.580169956569758 0.8463093185851543 0.5653859309879989 0.5529775119408092 0.2672302637949253 0.4884884646560983 0.36852035970428654 0.34173746166676894 0.5902105927737327 0.355563636558353 0.3446799298574056 0.43018286734640526 0.20052424119083334 0.12119687144827057 0.26631691790743545 0.2610510761879077
0.5118997193637 0.8033994727192926 0.2912052404550237 0.5688096796034692 0.14477834383516258 0.3604567848786285 0.2877213434245234 0.38867657281292184 0.559916968870896 0.415693101028594 0.33620491447760215 0.5147449014903083 0.3187928873003539 0.42960888305948985 0.34345839091412866 0.3429361211995
0.41671183959847014 0.8204816055422817 0.1610203308519503 0.5875329288839927 0.3072342019167019 0.36873287491938955 0.3860633933453834 0.49201464864913913 0.6320150364138204 0.4899656697317576 0.4354875240047532 0.4920710058139351 0.43628383047148894 0.4953680464325285 0.41327544927011967 0.39881022996199933
0.32680494225778456 0.7884279550543911 0.15880872880541408 0.7381851796268151 0.4764184476657336 0.3214959957727044 0.40431991668903966 0.47788748961967353 0.6182740746509737 0.5156868918089542 0.45955727911049377 0.36824569031080967 0.5858378182699713 0.42325273618700254 0.4626008682888534 0.4158858306008063
0.2724610791287322 0.7313666030097034 0.17628269204733238 0.769815539394755 0.5474284098007105 0.2893503813714393 0.4086823927918754 0.4438722383940091 0.5445116377728498 0.4118844164673997 0.4477101254300962 0.34124996618266334 0.6155217346164011 0.48966920066066144 0.5025205751957293 0.4072599804197129
0.20169844326022326 0.6486384975538932 0.19885369589724106 0.7663123090899864 0.6350178660468864 0.2942191943925522 0.4031697972858352 0.4327342598816844 0.36166097068783776 0.34735104931305083 0.517622583262709 0.3795375762540839 0.41959484387479407 0.4926837041675173 0.47830752483352923 0.4559279515657991
0.16708554405331602 0.593799808613048 0.21963127752039457 0.7174301831315086 0.6140472094008965 0.316136968879943 0.40522660715207554 0.42147929270227724 0.3480414323510043 0.3389526514468033 0.5093767199596612 0.4115024667318522 0.37176630580915426 0.5521927899590185 0.45933348239884864 0.4088946689195037
0.15021645538500383 0.564402799907066 0.2311391022166025 0.6825706326052523 0.5922163476017497 0.334928065747515 0.40690511080681296 0.41891084610671814 0.35700080871853773 0.35889908946489796 0.5045187204319883 0.42511407968209547 0.3780969330872417 0.5501475535026398 0.45874601287285593 0.40352077132553454
0.16708554405331602 0.593799808613048 0.21963127752039457 0.7174301831315086 0.6140472094008965 0.316136968879943 0.40522660715207554 0.42147929270227724 0.3480414323510043 0.3389526514468033 0.5093767199596612 0.4115024667318522 0.37176630580915426 0.5521927899590185 0.45933348239884864 0.4088946689195037
0.16708554405331602 0.593799808613048 0.21963127752039457 0.7174301831315086 0.6140472094008965 0.316136968879943 0.40522660715207554 0.42147929270227724 0.3480414323510043 0.3389526514468033 0.5093767199596612 0.4115024667318522 0.37176630580915426 0.5521927899590185 0.45933348239884864 0.4088946689195037
0.2021510541958571 0.6341468792608423 0.20939102610244925 0.7220964917655495 0.5723190714290824 0.30650345955956304 0.40977542178077836 0.42133926631882823 0.43707509753804713 0.34890765546381997 0.47314330878756133 0.3757266189432073 0.4657849145219947 0.5682114616563834 0.48311737390125414 0.3762311369888619
0.25511841206072994 0.7044633970151952 0.18582770331190435 0.7477934022659414 0.5475130780779237 0.3087981241770146 0.4108966875343058 0.42169546400718316 0.5034091764158874 0.39770208654792427 0.43990519800868166 0.40719441254165867 0.5406194393220982 0.5534620049191792 0.47383220683522337 0.36266889667753266
0.2902371470620799 0.7567705945542887 0.16673210852883658 0.78199051970352 0.5491359213216205 0.295077455952785 0.4089884529082728 0.441343111976074 0.5448502043394968 0.4381401510588421 0.44639208305400846 0.3734273776216757 0.6100223415168043 0.47148774063264853 0.4876675762141654 0.41429075740258886
0.3084606996018602 0.7758693896587043 0.16100569410795568 0.7686418081001578 0.5199248984272087 0.30804214155090803 0.40797386417135717 0.4562649196570229 0.582967745215566 0.48726289314917753 0.45040851150545846 0.375777087855557 0.6159811395137771 0.4339978425422986 0.4761022057220047 0.4232218754720041
0.3084606996018602 0.7758693896587043 0.16100569410795568 0.7686418081001578 0.5199248984272087 0.30804214155090803 0.40797386417135717 0.4562649196570229 0.582967745215566 0.48726289314917753 0.45040851150545846 0.375777087855557 0.6159811395137771 0.4339978425422986 0.4761022057220047 0.4232218754720041
0.3084606996018602 0.7758693896587043 0.16100569410795568 0.7686418081001578 0.5199248984272087 0.30804214155090803 0.40797386417135717 0.4562649196570229 0.582967745215566 0.48726289314917753 0.45040851150545846 0.375777087855557 0.6159811395137771 0.4339978425422986 0.4761022057220047 0.4232218754720041
0.32680494225778456 0.7884279550543911 0.15880872880541408 0.7381851796268151 0.4764184476657336 0.3214959957727044 0.40431991668903966 0.47788748961967353 0.6182740746509737 0.5156868918089542 0.45955727911049377 0.36824569031080967 0.5858378182699713 0.42325273618700254 0.4626008682888534 0.4158858306008063
0.3632918519220006 0.8053347425395795 0.15836873181766292 0.6705290664341828 0.39477562364046687 0.34231289511673635 0.39506081309370844 0.5098027412668662 0.6486421790819331 0.5241006346143949 0.4734918818200172 0.3715914134727031 0.5063620488872295 0.43238830842748 0.43953225636783394 0.4096534021040496
0.36943344611492157 0.8284621130901324 0.21372843926234675 0.6501394861852918 0.4035279327752932 0.3033373586098289 0.4750392506201856 0.5151042432304153 0.6480804244983552 0.5553936098465955 0.48979523537523234 0.3859913369567919 0.49153205652173154 0.469017908005585 0.5024504370490239 0.4037123135074393
0.4914359378518818 0.8759093423698034 0.4967414586741607 0.5663171962281488 0.5201918275046455 0.5471120120149634 0.49021886035807954 0.5629169598564427 0.9090302693266099 0.2520472030202494 0.35087127206682794 0.60958702909971 0.11020220425435306 0.39772628418352596 0.5552132366371297 0.5647644945043617
0.5308052507696839 0.8507171069695189 0.6110982804598806 0.6365667045098191 0.504165166491499 0.5616061255031799 0.42188656115186257 0.4826055744066177 0.8746114325981702 0.20672119993362253 0.2688752404199207 0.5480000937783509 0.12642059149441487 0.2380413436321542 0.4250656918905521 0.508097354188924
0.5436571762692166 0.8446506053539148 0.5552464057962697 0.6383850987527235 0.4559857543673385 0.6257809734571734 0.3366164564065404 0.4473077106466102 0.8474021753660081 0.2508113367992054 0.29315755609529526 0.6353767667228114 0.14713053489281136 0.24831395339496765 0.3971016670978556 0.5789979372577955
0.5399695123495668 0.7896669738902182 0.17914796808207029 0.3828796513400874 0.3215298703935242 0.5856731350736899 0.40656741078063846 0.401155411149376 0.519220108567703 0.40684437086879044 0.3122773296036674 0.6582463843368802 0.39665510285999406 0.5502729409755516 0.4472165064854172 0.2797783881426896
0.5399695123495668 0.7896669738902182 0.17914796808207029 0.3828796513400874 0.3215298703935242 0.5856731350736899 0.40656741078063846 0.401155411149376 0.519220108567703 0.40684437086879044 0.3122773296036674 0.6582463843368802 0.39665510285999406 0.5502729409755516 0.4472165064854172 0.2797783881426896
0.6022949029175368 0.7230660638797386 0.16880598248187678 0.26358910285034753 0.2988504111105165 0.5259500977242836 0.3576323245524813 0.5045006428575927 0.3490211320120141 0.410436958581606 0.2945039759284467 0.6798905648494906 0.47611933332559003 0.5263598217229284 0.4444559739719019 0.4207636113419966
0.6046683655333899 0.7301042035571519 0.14877286115153077 0.2049101255268524 0.3198873045371142 0.5791139906540841 0.3652922483047558 0.5534997141282841 0.3205173928685481 0.4013409163144549 0.39624876765413297 0.5636789082862321 0.4627232840647595 0.5298072347301868 0.4407200475549354 0.4730801090448856
0.5719638064169836 0.7454396191939799 0.14016988908519257 0.2290704926734297 0.35252249888534826 0.6044666793712363 0.3785180404531589 0.5282181481493159 0.2717443530776807 0.3976547013143863 0.490610032523311 0.5108193581456774 0.3530258228738039 0.4769614506232892 0.4464266929518584 0.5156090864423611
0.5660849523939673 0.7241709926489629 0.12511872959288262 0.2867157849464808 0.35320228208619187 0.5706504900383677 0.41939124916948417 0.43156950550435086 0.34747478297546275 0.4160558505267973 0.45692272296434067 0.5405299723801068 0.343782896514518 0.498700068965024 0.40344754861957816 0.5198683772028709
0.5503700160997447 0.751116584225582 0.12150615561720929 0.3075698371808422 0.3299897659165882 0.5999536461396411 0.4358779048461884 0.3890689631579823 0.37424606123496096 0.4287243237881797 0.47546790272915807 0.5070987731223152 0.29109555742819104 0.5043704626628174 0.41300546394221604 0.5187180330689192
0.5503700160997447 0.751116584225582 0.12150615561720929 0.3075698371808422 0.3299897659165882 0.5999536461396411 0.4358779048461884 0.3890689631579823 0.37424606123496096 0.4287243237881797 0.47546790272915807 0.5070987731223152 0.29109555742819104 0.5043704626628174 0.41300546394221604 0.5187180330689192
0.5508262992049984 0.7524251434507903 0.1100927261611718 0.2864896246098614 0.3604231150218589 0.6509142256730787 0.4437647476470795 0.41654679491916996 0.3399195663459252 0.47096048622917003 0.5374625857193355 0.4118905692184993 0.27092082507510606 0.4531148914667678 0.412638441793809 0.5987404154837322
0.46220698670504784 0.7259906469121256 0.10746167709420573 0.41359154702263246 0.5100944598225919 0.6697555588264553 0.46661838935881694 0.34362345167370034 0.25564212585532914 0.5594884820103763 0.575338059849368 0.4706384905490028 0.22034341195550514 0.36959622654442453 0.40993079521956877 0.6287764423282123
0.46220698670504784 0.7259906469121256 0.10746167709420573 0.41359154702263246 0.5100944598225919 0.6697555588264553 0.46661838935881694 0.34362345167370034 0.25564212585532914 0.5594884820103763 0.575338059849368 0.4706384905490028 0.22034341195550514 0.36959622654442453 0.40993079521956877 0.6287764423282123
0.46220698670504784 0.7259906469121256 0.10746167709420573 0.41359154702263246 0.5100944598225919 0.6697555588264553 0.46661838935881694 0.34362345167370034 0.25564212585532914 0.5594884820103763 0.575338059849368 0.4706384905490028 0.22034341195550514 0.36959622654442453 0.40993079521956877 0.6287764423282123
0.4094026056955357 0.7432827748313253 0.11326692915521427 0.548601280964452 0.532642093953926 0.6043688412448479 0.4706723874762318 0.2886413678312989 0.31287641080115497 0.5974698781420156 0.514777978997606 0.5909097376057391 0.26826876407733313 0.39665513031633404 0.3986927795529097 0.5940071197240497
0.4094026056955357 0.7432827748313253 0.11326692915521427 0.548601280964452 0.532642093953926 0.6043688412448479 0.4706723874762318 0.2886413678312989 0.31287641080115497 0.5974698781420156 0.514777978997606 0.5909097376057391 0.26826876407733313 0.39665513031633404 0.3986927795529097 0.5940071197240497
0.36141518632503944 0.7690951231748426 0.12754800242523173 0.6295408147345601 0.6060224217647872 0.5850567511908724 0.44087880771292626 0.327611605194716 0.29427310879603796 0.6211007079892944 0.4847984969738428 0.6436228386304945 0.39821526758229925 0.3812450430569818 0.4590434224213886 0.47887387016698796
0.3248473911293349 0.7374377626747401 0.13547138214865417 0.6733461548112648 0.6787398954206737 0.5586382113709532 0.44554734393215956 0.2910672275511166 0.22084923848456137 0.5435539672391824 0.47163330091735745 0.6488045259413606 0.4223997908291325 0.42948004750262747 0.48411013034670064 0.4772787969687708
0.3075690439753947 0.7101601237112706 0.14570084612878512 0.6487344866901119 0.6701981413929203 0.5731619482772975 0.44764420016921946 0.2801585865298919 0.2066137797538985 0.5409460058497184 0.4656170517920186 0.6815550014166192 0.3863780498409043 0.46815727013786806 0.4698419825795912 0.4453498072261402
0.2718984202053073 0.6682467819274767 0.16028997853495813 0.650744373032745 0.6909770983908479 0.5576855611354705 0.45004521836782047 0.26895523458234005 0.1912829672272704 0.4989808683300588 0.4519835023793241 0.6726608800285918 0.4043749812233065 0.5189179179829259 0.48311454021146305 0.41324116938864053
0.23680303559855218 0.6616423568387465 0.1782797937205341 0.7153730563501258 0.6666004804776329 0.43369786444407504 0.42792549169428334 0.3253621514030629 0.2585389554210797 0.42380403058378785 0.46675684450135835 0.5951568542921157 0.388737635502827 0.5404387550137215 0.4615424571490181 0.4124582772260368
0.20224299055244663 0.6380477838670071 0.19988251661701006 0.733502638535924 0.6377399563487371 0.3588918415010217 0.41314548284265934 0.36911630289013836 0.28297459150456566 0.3773597420521381 0.5001878431705452 0.5361608565149559 0.3301456786450295 0.5279981128272138 0.43740867560732 0.4640792499562584
0.14941803975278473 0.5696862065774412 0.2272741676944579 0.7076569574236526 0.627677812078762 0.3231209875543972 0.4055347024060974 0.4074629321451127 0.2995789824400677 0.31117350153547885 0.5243153988476655 0.42747748320092016 0.2990017156118058 0.5690430173219541 0.45033206267251136 0.4148496895069109
0.1323452907817242 0.5410486948040784 0.2379288079211325 0.6785646601498537 0.6152298991657915 0.3407301503506381 0.4051537221442341 0.39796276958379495 0.2832728799034038 0.30815788562790236 0.5226160100483561 0.4626943413124236 0.25318448843131797 0.5914862232628857 0.4311162586186714 0.39992949056600924
0.1323452907817242 0.5410486948040784 0.2379288079211325 0.6785646601498537 0.6152298991657915 0.3407301503506381 0.4051537221442341 0.39796276958379495 0.2832728799034038 0.30815788562790236 0.5226160100483561 0.4626943413124236 0.25318448843131797 0.5914862232628857 0.4311162586186714 0.39992949056600924
0.1323452907817242 0.5410486948040784 0.2379288079211325 0.6785646601498537 0.6152298991657915 0.3407301503506381 0.4051537221442341 0.39796276958379495 0.2832728799034038 0.30815788562790236 0.5226160100483561 0.4626943413124236 0.25318448843131797 0.5914862232628857 0.4311162586186714 0.39992949056600924
0.1666963869067249 0.5969638455409109 0.21704470371432688 0.7322686255448057 0.6362195661065155 0.3085972506480529 0.4034378461690375 0.4183715731663374 0.31381444117073054 0.3137814629249428 0.5303316479730044 0.3947270077256617 0.335023456600034 0.5303657946867136 0.4646002104396208 0.4467786792495414
0.2369257418943899 0.7022360846019653 0.1778504077697406 0.8029111811284733 0.6519788234893583 0.29320961942412266 0.4018757180302213 0.43583642087547547 0.35497811526715806 0.38626569850408715 0.5377301048199523 0.39392296924218184 0.4107337627725552 0.4093782072159088 0.46828847550457026 0.5205356098611384
0.2903840417045551 0.7529097040569279 0.15619854725982063 0.7752167029542478 0.6298978850743708 0.37854081004847456 0.4161309735130552 0.38254894816298823 0.3443269410493566 0.4978144249306746 0.49351718597905975 0.5452348706106274 0.4683038766125094 0.37247900688888125 0.44996123251481296 0.583649778490007
0.4151227616365885 0.8142303475173827 0.11335214402060034 0.5841077787026797 0.5353044402296561 0.6246666754629557 0.4449203844882731 0.34656467681669945 0.38396468429174396 0.6975129817608087 0.4562873985517105 0.62464242466254 0.5037468865410744 0.3611482124774627 0.46318384927808015 0.4919413286592703
0.5047107295947465 0.8284796045626323 0.11338617195030123 0.3911791510659719 0.36365033228891896 0.693641190835348 0.43875075178514006 0.3997309979677956 0.4672157810098467 0.6421614896774758 0.4596655582580132 0.5296938147257976 0.4099989133362174 0.4618106497045216 0.4658268958227701 0.37831140929860063
0.5560398373027605 0.7829562691758878 0.10970081842165116 0.2480539415124807 0.38382514274387913 0.7174186635350797 0.4251715349351658 0.4902817537351749 0.35718734748748293 0.5362993216687394 0.5609375547582706 0.3328666862209877 0.39633974799128097 0.42783475443993824 0.4769889598958924 0.4820898268184115
0.6061135600402445 0.7357732342258061 0.12890006917634084 0.1567667904237875 0.33624568141433964 0.6268501924069279 0.39488394795821286 0.5338864893296654 0.331791114984177 0.3770501783970165 0.534468637076698 0.36693289699264625 0.40427670778846997 0.5021463192774508 0.4716674194967642 0.4074668277094676
0.7175836971778593 0.4855768200238929 0.07769141689827866 0.09200731334762774 0.4715661145204602 0.44668888889983 0.46111217736569804 0.29871794957158226 0.5024465801000143 0.3141695437637315 0.5910359833072365 0.31499318206360516 0.5146765277925981 0.5554772110017241 0.44967783004133427 0.5199506343367974
0.7433069265427632 0.4159826942512998 0.0650638566699302 0.11180141808456878 0.509516040004862 0.37713732225050317 0.47053817855775265 0.29137210587034035 0.5360694161161756 0.40541296513244895 0.6383573229967083 0.37896076407732493 0.41786027499198497 0.49069358190852996 0.42996624636129566 0.47751663622467744
0.756601256966011 0.38174098899662023 0.06270863394143641 0.12451816859753029 0.5359595170433359 0.346403438685811 0.4550275600875724 0.3198772967141519 0.5373497430105006 0.47024852943780054 0.6605314030499624 0.42659573959790476 0.3899358782147853 0.455424534994389 0.4460534291144587 0.4477529001042677
0.756601256966011 0.38174098899662023 0.06270863394143641 0.12451816859753029 0.5359595170433359 0.346403438685811 0.4550275600875724 0.3198772967141519 0.5373497430105006 0.47024852943780054 0.6605314030499624 0.42659573959790476 0.3899358782147853 0.455424534994389 0.4460534291144587 0.4477529001042677
0.756601256966011 0.38174098899662023 0.06270863394143641 0.12451816859753029 0.5359595170433359 0.346403438685811 0.4550275600875724 0.3198772967141519 0.5373497430105006 0.47024852943780054 0.6605314030499624 0.42659573959790476 0.3899358782147853 0.455424534994389 0.4460534291144587 0.4477529001042677
0.756601256966011 0.38174098899662023 0.06270863394143641 0.12451816859753029 0.5359595170433359 0.346403438685811 0.4550275600875724 0.3198772967141519 0.5373497430105006 0.47024852943780054 0.6605314030499624 0.42659573959790476 0.3899358782147853 0.455424534994389 0.4460534291144587 0.4477529001042677
0.7275919902485407 0.442928285827919 0.061451282694256815 0.13265547031893016 0.486303523835258 0.40644047835177677 0.4870248342344568 0.24887156352397174 0.5628406943756737 0.4180814383938314 0.6569025027615256 0.34552956481953345 0.36517293590565847 0.49636397560632295 0.439524161683934 0.47636629209072534
0.6525279509661901 0.5630058398826929 0.05232745197115313 0.1877621367039191 0.4972151820631196 0.5756125141281464 0.5160162806337856 0.21286790691788077 0.5475736846813869 0.46744397199891796 0.6696280355464611 0.18370172809499596 0.4462740198753367 0.48146317216357526 0.47578414626135046 0.5978606613888746
0.5497898541533438 0.7359736545787956 0.09153057323631211 0.3059545797885839 0.47459035016455536 0.7068630352745852 0.45938488260487026 0.31480373023094643 0.4469841803004455 0.5699288315679439 0.5572248401186276 0.3251750585923635 0.5696870671566461 0.453768569991784 0.580471140613475 0.5049240775488172
0.39607739736376957 0.7730176410434568 0.11231579907128006 0.5755790137941728 0.6401141594781549 0.6588271915220051 0.4572165639999797 0.32291030648947916 0.24749243087014455 0.6456969834675574 0.50382485237585 0.5684164164609542 0.46838756297881845 0.32196473618567173 0.500514974625077 0.5318815955568653
0.30710369890325084 0.7514747184530434 0.14346195516628152 0.7475016714520241 0.6656773199873236 0.45254376430941284 0.43072236075365233 0.3300557897282468 0.29268573577292367 0.5064286103408703 0.4596155513898851 0.6052474278325114 0.4935146722638287 0.42821669072667934 0.47452779244467846 0.5123359347773595
0.16785422118697021 0.5815138545753322 0.22096207402283963 0.6792550404540779 0.6162358529057984 0.3895975195504027 0.4132228128274488 0.35091918705377856 0.2507236332163806 0.3649983088298369 0.49491130646820203 0.5986339667049073 0.24411693579924532 0.586156437471345 0.4013127345130053 0.42569191592239797
0.09837744739621795 0.48265041772734796 0.26049706635202874 0.6129725452954424 0.5766812242764373 0.37508385838719116 0.40647777739125995 0.3916145698937392 0.28945147453887454 0.33064936947945267 0.5150994435301642 0.49460102415759694 0.23934672845050042 0.602027890814999 0.41836671871637987 0.38668513154730383
1.787459069646502e-14 0.31060958874138106 0.32896039741954675 0.40081096640036395 0.4193145364883874 0.47737548226233056 0.4097789628196036 0.4126908504685616 0.4305997065838672 0.5065036867618902 0.49421496632340334 0.47602108872176285 0.4578608557409041 0.4306125987497412 0.46804824838639697 0.4722072202097198
1.787459069646502e-14 0.31060958874138106 0.32896039741954675 0.40081096640036395 0.4193145364883874 0.47737548226233056 0.4097789628196036 0.4126908504685616 0.4305997065838672 0.5065036867618902 0.49421496632340334 0.47602108872176285 0.4578608557409041 0.4306125987497412 0.46804824838639697 0.4722072202097198
1.787459069646502e-14 0.31060958874138106 0.32896039741954675 0.40081096640036395 0.4193145364883874 0.47737548226233056 0.4097789628196036 0.4126908504685616 0.4305997065838672 0.5065036867618902 0.49421496632340334 0.47602108872176285 0.4578608557409041 0.4306125987497412 0.46804824838639697 0.4722072202097198
1.787459069646502e-14 0.31060958874138106 0.32896039741954675 0.40081096640036395 0.4193145364883874 0.47737548226233056 0.4097789628196036 0.4126908504685616 0.4305997065838672 0.5065036867618902 0.49421496632340334 0.47602108872176285 0.4578608557409041 0.4306125987497412 0.46804824838639697 0.4722072202097198
1.787459069646502e-14 0.31060958874138106 0.32896039741954675 0.40081096640036395 0.4193145364883874 0.47737548226233056 0.4097789628196036 0.4126908504685616 0.4305997065838672 0.5065036867618902 0.49421496632340334 0.47602108872176285 0.4578608557409041 0.4306125987497412 0.46804824838639697 0.4722072202097198
1.787459069646502e-14 0.31060958874138106 0.32896039741954675 0.40081096640036395 0.4193145364883874 0.47737548226233056 0.4097789628196036 0.4126908504685616 0.4305997065838672 0.5065036867618902 0.49421496632340334 0.47602108872176285 0.4578608557409041 0.4306125987497412 0.46804824838639697 0.4722072202097198
1.787459069646502e-14 0.31060958874138106 0.32896039741954675 0.40081096640036395 0.4193145364883874 0.47737548226233056 0.4097789628196036 0.4126908504685616 0.4305997065838672 0.5065036867618902 0.49421496632340334 0.47602108872176285 0.4578608557409041 0.4306125987497412 0.46804824838639697 0.4722072202097198
1.787459069646502e-14 0.31060958874138106 0.32896039741954675 0.40081096640036395 0.4193145364883874 0.47737548226233056 0.4097789628196036 0.4126908504685616 0.4305997065838672 0.5065036867618902 0.49421496632340334 0.47602108872176285 0.4578608557409041 0.4306125987497412 0.46804824838639697 0.4722072202097198
1.787459069646502e-14 0.31060958874138106 0.32896039741954675 0.40081096640036395 0.4193145364883874 0.47737548226233056 0.4097789628196036 0.4126908504685616 0.4305997065838672 0.5065036867618902 0.49421496632340334 0.47602108872176285 0.4578608557409041 0.4306125987497412 0.46804824838639697 0.4722072202097198
1.787459069646502e-14 0.31060958874138106 0.32896039741954675 0.40081096640036395 0.4193145364883874 0.47737548226233056 0.4097789628196036 0.4126908504685616 0.4305997065838672 0.5065036867618902 0.49421496632340334 0.47602108872176285 0.4578608557409041 0.4306125987497412 0.46804824838639697 0.4722072202097198
1.787459069646502e-14 0.31060958874138106 0.32896039741954675 0.40081096640036395 0.4193145364883874 0.47737548226233056 0.4097789628196036 0.4126908504685616 0.4305997065838672 0.5065036867618902 0.49421496632340334 0.47602108872176285 0.4578608557409041 0.4306125987497412 0.46804824838639697 0.4722072202097198
1.787459069646502e-14 0.31060958874138106 0.32896039741954675 0.40081096640036395 0.4193145364883874 0.47737548226233056 0.4097789628196036 0.4126908504685616 0.4305997065838672 0.5065036867618902 0.49421496632340334 0.47602108872176285 0.4578608557409041 0.4306125987497412 0.46804824838639697 0.4722072202097198
1.787459069646502e-14 0.31060958874138106 0.32896039741954675 0.40081096640036395 0.4193145364883874 0.47737548226233056 0.4097789628196036 0.4126908504685616 0.4305997065838672 0.5065036867618902 0.49421496632340334 0.47602108872176285 0.4578608557409041 0.4306125987497412 0.46804824838639697 0.4722072202097198
1.787459069646502e-14 0.31060958874138106 0.32896039741954675 0.40081096640036395 0.4193145364883874 0.47737548226233056 0.4097789628196036 0.4126908504685616 0.4305997065838672 0.5065036867618902 0.49421496632340334 0.47602108872176285 0.4578608557409041 0.4306125987497412 0.46804824838639697 0.4722072202097198
1.787459069646502e-14 0.31060958874138106 0.32896039741954675 0.40081096640036395 0.4193145364883874 0.47737548226233056 0.4097789628196036 0.4126908504685616 0.4305997065838672 0.5065036867618902 0.49421496632340334 0.47602108872176285 0.4578608557409041 0.4306125987497412 0.46804824838639697 0.4722072202097198
1.787459069646502e-14 0.31060958874138106 0.32896039741954675 0.40081096640036395 0.4193145364883874 0.47737548226233056 0.4097789628196036 0.4126908504685616 0.4305997065838672 0.5065036867618902 0.49421496632340334 0.47602108872176285 0.4578608557409041 0.4306125987497412 0.46804824838639697 0.4722072202097198
0.015991071320650974 0.34021138729324607 0.31757436261107597 0.4408753187000806 0.4489070228266093 0.4521196231330618 0.41187663858136475 0.41394227410735196 0.4141296428923778 0.4724679406668658 0.5000022263752981 0.44715000493067864 0.4483336720045757 0.4555721825847417 0.48543910291406855 0.45989458244662523
0.13670227726780707 0.529568890813813 0.24689331441841372 0.5992232277929801 0.508490964939463 0.3817566259832126 0.40895107836369005 0.45346399164058515 0.4675547232036565 0.5074526181131096 0.5202866189127233 0.3599767621379662 0.5454965520542685 0.3463856489432894 0.5181446831943127 0.5228552913411924
0.273523039391766 0.7363059500676417 0.16788752538668528 0.763825758032048 0.5900743774809973 0.3304719513983234 0.4000586107142924 0.45940356659961096 0.41075178608454305 0.47830099756255934 0.5507113672840827 0.4098754392634111 0.39107860698678243 0.3449216283688027 0.44135664198633184 0.538009218214717
0.32646943758079755 0.719142624854209 0.15796775555464235 0.6179700453478048 0.5878389648795435 0.44008419736841564 0.40849150406369705 0.492107568114508 0.30806758944192325 0.47086194897322947 0.629505827796342 0.27795037544210566 0.3314510961343934 0.2797882320212097 0.45899100678024796 0.6521031529710437
0.41363072375658266 0.7023130863940079 0.13422911288748757 0.4314235815662472 0.595335244717456 0.5858992882386298 0.41793707711429534 0.5180748862091672 0.20883689540235495 0.5012807901865856 0.689472591162388 0.2162581357051097 0.33017785007388456 0.22550460385445717 0.47955824673294767 0.6868611841320199
0.4393539531214865 0.6327189606214147 0.12160155265913919 0.4512176863031882 0.6332851702018575 0.5163477215893032 0.42736307830634995 0.5107290425079254 0.24245973141851646 0.5925242115553029 0.7367939308518598 0.2802257177188293 0.2333615972732713 0.16072097476126362 0.45984666305290894 0.6444271860199001
0.46548960851198107 0.5635652461215679 0.10987289795298957 0.46836470424532567 0.6731350328458086 0.45302318626353083 0.43128865431551955 0.4975964438620693 0.28726395381457814 0.6682539185062701 0.7754783577055706 0.3320108634403425 0.15261419368217066 0.11535775072279836 0.4386771871036261 0.6192636440497601
0.5140252148380697 0.5111228332919617 0.10191250917585676 0.38828181439495185 0.6866603518545402 0.42247526934026114 0.41976442235699374 0.5233694298808103 0.31142409912494085 0.666706920497775 0.840235973750153 0.2989560859572183 0.16879509913337643 0.10097259559689814 0.45518541748813135 0.554891889840712
0.5140252148380697 0.5111228332919617 0.10191250917585676 0.38828181439495185 0.6866603518545402 0.42247526934026114 0.41976442235699374 0.5233694298808103 0.31142409912494085 0.666706920497775 0.840235973750153 0.2989560859572183 0.16879509913337643 0.10097259559689814 0.45518541748813135 0.554891889840712
0.5784345953380545 0.4511065777335999 0.08571293741132846 0.42341288920461073 0.7200307369107473 0.5469578451349146 0.43231536539586557 0.5216943312035031 0.19132070131971549 0.7610711026421768 0.8048752798880663 0.4902133914739495 0.16620135660398044 0.21180399138636852 0.5157312721354664 0.4694952180581451
0.5784345953380545 0.4511065777335999 0.08571293741132846 0.42341288920461073 0.7200307369107473 0.5469578451349146 0.43231536539586557 0.5216943312035031 0.19132070131971549 0.7610711026421768 0.8048752798880663 0.4902133914739495 0.16620135660398044 0.21180399138636852 0.5157312721354664 0.4694952180581451
0.5784345953380545 0.4511065777335999 0.08571293741132846 0.42341288920461073 0.7200307369107473 0.5469578451349146 0.43231536539586557 0.5216943312035031 0.19132070131971549 0.7610711026421768 0.8048752798880663 0.4902133914739495 0.16620135660398044 0.21180399138636852 0.5157312721354664 0.4694952180581451
0.5965477600446746 0.45304229485752723 0.08950940838575186 0.38149348750504186 0.6710813359994299 0.5434770981028688 0.4238587803795477 0.5449642448075094 0.20403267580935924 0.7265722884794804 0.8098450485849094 0.47995635484849497 0.11233954100398436 0.24790624438360284 0.5080291232405246 0.45472029927722535
0.6114348795280788 0.42168804831711176 0.08938637195138113 0.36977045523595625 0.7007072320335774 0.5120929998806694 0.409579477034381 0.5784579521624515 0.19599434152600362 0.7360210494527919 0.8019961400463953 0.5220100132529978 0.1515792399430454 0.2384432211767027 0.49038676941466364 0.41361232927593394
0.6114348795280788 0.42168804831711176 0.08938637195138113 0.36977045523595625 0.7007072320335774 0.5120929998806694 0.409579477034381 0.5784579521624515 0.19599434152600362 0.7360210494527919 0.8019961400463953 0.5220100132529978 0.1515792399430454 0.2384432211767027 0.49038676941466364 0.41361232927593394
0.6433666535187508 0.4635728070931899 0.08580736239428224 0.28981354769616574 0.6662072151719126 0.4763601529912319 0.37855681762064985 0.6029271328271972 0.2660245327632408 0.7387952944159621 0.761119274630272 0.5096915584855156 0.1766340171187979 0.2314297022132864 0.46797839622578924 0.4225609365344371
0.6433666535187508 0.4635728070931899 0.08580736239428224 0.28981354769616574 0.6662072151719126 0.4763601529912319 0.37855681762064985 0.6029271328271972 0.2660245327632408 0.7387952944159621 0.761119274630272 0.5096915584855156 0.1766340171187979 0.2314297022132864 0.46797839622578924 0.4225609365344371
0.6504188246597473 0.4411309750568825 0.09100056623333022 0.34656362310997313 0.662182600889341 0.5174658345202741 0.359554021437251 0.6415739754204229 0.277222773420999 0.7774222473566104 0.79640566769305 0.4894421430555523 0.14402128388602897 0.31183383237981815 0.4847810224414719 0.40967621086909745
0.6653738940280285 0.4133449062905725 0.09941887253845877 0.342892248137402 0.680331735042889 0.4886501398703619 0.34132110441349217 0.6756925210578818 0.25290700377634456 0.7804992756543875 0.7418549618990055 0.5508212889063041 0.19991165202944056 0.31294582608615085 0.4721706225826184 0.4232779004952221
0.6633748090388192 0.48866900235928135 0.09993902584901607 0.2715070103356152 0.6325219927318932 0.4855239593727564 0.34330141137425874 0.6790107781562487 0.2665056973427308 0.7544642960092625 0.6534694382329648 0.5709195546940935 0.3580642875754675 0.26986184342305364 0.4960985815907088 0.38740326716275025
0.6506975558850641 0.5241252698430693 0.11739957692741274 0.2770454461455846 0.6181108553729459 0.519100857037448 0.3107960135504871 0.7449895952953967 0.2177175209422492 0.7386441027371684 0.5674682967218867 0.6158118191065195 0.44569139746267816 0.30431671274282973 0.48004457410061174 0.39480430584907655
0.6133439902308379 0.6240614469569148 0.12281502990819373 0.21288760389009198 0.5597714296722756 0.5756685618305705 0.34961775586570665 0.669407480181393 0.20571756414519712 0.5524609746191766 0.5025449241536168 0.5245661495513991 0.5600710501595508 0.3480549004025957 0.4035771955719529 0.4549371677391303
0.5845124356357041 0.6841519247210548 0.11033051357061088 0.20785643694719114 0.5183559018662839 0.6309363030555384 0.3832490083072031 0.6088619257370765 0.23421018504432087 0.523275995353769 0.600083071784393 0.3951307540588228 0.4659211828744404 0.34613165622935116 0.4364694429578516 0.46159227005046666
0.5217951796887188 0.7915143925123644 0.11468288772369639 0.31310228376063554 0.40779746246215515 0.7020062063773534 0.4191428403760798 0.4758618128505569 0.3088331233756981 0.5603778905228843 0.5613531762240216 0.42158156258157087 0.3238630138956033 0.39348438857824053 0.45489065534601336 0.5524111434931472
0.5041877308938104 0.8010451989544911 0.1148163790733095 0.3647663413232929 0.4142487646933674 0.6866022736346442 0.42370185108543273 0.44606272203590913 0.35158052161689535 0.5930580633389293 0.5256725176068092 0.4867438231576562 0.350754908703357 0.405442599062163 0.4562250855962971 0.4899439098429072
0.45162229045249824 0.8236614702044565 0.12298778467152174 0.5058597983615641 0.4102187711609426 0.595969871675205 0.4207517228510269 0.4056630669260372 0.4540637699757476 0.6163111787484687 0.45636231543809985 0.6049762136812145 0.38892743633330873 0.46325204516762725 0.4399543463166396 0.38281537521611475
0.3969771017446045 0.811178979997684 0.11624503742311795 0.6291091454836126 0.5539638480988313 0.5834615817867747 0.4429844177156222 0.3419552759538056 0.4110563884328553 0.6723659738417577 0.43327103428303276 0.6316468427201856 0.5436967532790044 0.3916207860731566 0.471518768669053 0.42875968473203896
0.36025911413108413 0.7836493442407365 0.12267847068783405 0.6853024854500189 0.6301637219742555 0.5457100811889006 0.4474408837769531 0.31168736794796825 0.3580939290561319 0.6010294182138443 0.41515743266531696 0.6255754804775853 0.5994540283055557 0.42933257318520895 0.5003865691282819 0.42755323931907385
0.32499811002228446 0.7694449732402777 0.13980188033823115 0.7372967764932206 0.6272493489992332 0.45793261357976944 0.43313606601037 0.33038309993017173 0.3610065654988045 0.5299147262820091 0.42302676758707924 0.6092464483912704 0.5662315677631851 0.45544266110578957 0.4780017189660054 0.468176769929818
0.30710369890325084 0.7514747184530434 0.14346195516628152 0.7475016714520241 0.6656773199873236 0.45254376430941284 0.43072236075365233 0.3300557897282468 0.29268573577292367 0.5064286103408703 0.4596155513898851 0.6052474278325114 0.4935146722638287 0.42821669072667934 0.47452779244467846 0.5123359347773595
0.30710369890325084 0.7514747184530434 0.14346195516628152 0.7475016714520241 0.6656773199873236 0.45254376430941284 0.43072236075365233 0.3300557897282468 0.29268573577292367 0.5064286103408703 0.4596155513898851 0.6052474278325114 0.4935146722638287 0.42821669072667934 0.47452779244467846 0.5123359347773595
0.30710369890325084 0.7514747184530434 0.14346195516628152 0.7475016714520241 0.6656773199873236 0.45254376430941284 0.43072236075365233 0.3300557897282468 0.29268573577292367 0.5064286103408703 0.4596155513898851 0.6052474278325114 0.4935146722638287 0.42821669072667934 0.47452779244467846 0.5123359347773595
0.2903840417045551 0.7529097040569279 0.15619854725982063 0.7752167029542478 0.6298978850743708 0.37854081004847456 0.4161309735130552 0.38254894816298823 0.3443269410493566 0.4978144249306746 0.49351718597905975 0.5452348706106274 0.4683038766125094 0.37247900688888125 0.44996123251481296 0.583649778490007
0.2903840417045551 0.7529097040569279 0.15619854725982063 0.7752167029542478 0.6298978850743708 0.37854081004847456 0.4161309735130552 0.38254894816298823 0.3443269410493566 0.4978144249306746 0.49351718597905975 0.5452348706106274 0.4683038766125094 0.37247900688888125 0.44996123251481296 0.583649778490007
0.27271653740402374 0.7287961020213212 0.16384143743388385 0.7654434772463914 0.6435284877522363 0.38552482872292904 0.41643906876707715 0.36853258760582375 0.2958644911384201 0.4700352750193505 0.508455864867064 0.5612098870796955 0.39553928641516084 0.38932923425181654 0.4409598127884755 0.5896047990774144
0.27271653740402374 0.7287961020213212 0.16384143743388385 0.7654434772463914 0.6435284877522363 0.38552482872292904 0.41643906876707715 0.36853258760582375 0.2958644911384201 0.4700352750193505 0.508455864867064 0.5612098870796955 0.39553928641516084 0.38932923425181654 0.4409598127884755 0.5896047990774144
0.27271653740402374 0.7287961020213212 0.16384143743388385 0.7654434772463914 0.6435284877522363 0.38552482872292904 0.41643906876707715 0.36853258760582375 0.2958644911384201 0.4700352750193505 0.508455864867064 0.5612098870796955 0.39553928641516084 0.38932923425181654 0.4409598127884755 0.5896047990774144
0.27271653740402374 0.7287961020213212 0.16384143743388385 0.7654434772463914 0.6435284877522363 0.38552482872292904 0.41643906876707715 0.36853258760582375 0.2958644911384201 0.4700352750193505 0.508455864867064 0.5612098870796955 0.39553928641516084 0.38932923425181654 0.4409598127884755 0.5896047990774144
0.25465860436628807 0.7172972528286339 0.1704342573899436 0.7914265811239327 0.6512772657084555 0.33634991404254144 0.4096387485970387 0.3913219647633943 0.32209030201348754 0.4168503871145791 0.511343443615886 0.49768518319565297 0.4071656032400791 0.4222298814523813 0.4533379503804679 0.5392672582346512
0.25465860436628807 0.7172972528286339 0.1704342573899436 0.7914265811239327 0.6512772657084555 0.33634991404254144 0.4096387485970387 0.3913219647633943 0.32209030201348754 0.4168503871145791 0.511343443615886 0.49768518319565297 0.4071656032400791 0.4222298814523813 0.4533379503804679 0.5392672582346512
0.25465860436628807 0.7172972528286339 0.1704342573899436 0.7914265811239327 0.6512772657084555 0.33634991404254144 0.4096387485970387 0.3913219647633943 0.32209030201348754 0.4168503871145791 0.511343443615886 0.49768518319565297 0.4071656032400791 0.4222298814523813 0.4533379503804679 0.5392672582346512
0.2368825364329402 0.6918932612840485 0.17998484090843953 0.779251600815168 0.6495697541875455 0.33062283946119586 0.4093326884806413 0.3938510911813295 0.3217517354468403 0.39059465252313613 0.5126614859919736 0.4655077717566402 0.4126649963396758 0.44041134148039457 0.46819094936203165 0.5322364812517756
0.2368825364329402 0.6918932612840485 0.17998484090843953 0.779251600815168 0.6495697541875455 0.33062283946119586 0.4093326884806413 0.3938510911813295 0.3217517354468403 0.39059465252313613 0.5126614859919736 0.4655077717566402 0.4126649963396758 0.44041134148039457 0.46819094936203165 0.5322364812517756
0.2019693996144699 0.6382261909350619 0.19950561193805097 0.7405738542249433 0.6440407520586318 0.3474289335753219 0.40876308660775124 0.3756119216723457 0.27824006371722965 0.34974893349410574 0.5104914612726764 0.5017411893128678 0.33346660795270977 0.5061515890726167 0.4494079236963589 0.4976234113284481
0.2019693996144699 0.6382261909350619 0.19950561193805097 0.7405738542249433 0.6440407520586318 0.3474289335753219 0.40876308660775124 0.3756119216723457 0.27824006371722965 0.34974893349410574 0.5104914612726764 0.5017411893128678 0.33346660795270977 0.5061515890726167 0.4494079236963589 0.4976234113284481
0.14966131117614015 0.5689451123223905 0.22750389074197755 0.7037199609579006 0.6242860896957593 0.32763363509749815 0.40469541189758135 0.40665972285883695 0.29921773565492515 0.3175037029426273 0.5261931579513899 0.43543808923397553 0.2933960040966145 0.555771104559686 0.4479963956591459 0.42339662565896813
0.1323452907817242 0.5410486948040784 0.2379288079211325 0.6785646601498537 0.6152298991657915 0.3407301503506381 0.4051537221442341 0.39796276958379495 0.2832728799034038 0.30815788562790236 0.5226160100483561 0.4626943413124236 0.25318448843131797 0.5914862232628857 0.4311162586186714 0.39992949056600924
0.1323452907817242 0.5410486948040784 0.2379288079211325 0.6785646601498537 0.6152298991657915 0.3407301503506381 0.4051537221442341 0.39796276958379495 0.2832728799034038 0.30815788562790236 0.5226160100483561 0.4626943413124236 0.25318448843131797 0.5914862232628857 0.4311162586186714 0.39992949056600924
0.1323452907817242 0.5410486948040784 0.2379288079211325 0.6785646601498537 0.6152298991657915 0.3407301503506381 0.4051537221442341 0.39796276958379495 0.2832728799034038 0.30815788562790236 0.5226160100483561 0.4626943413124236 0.25318448843131797 0.5914862232628857 0.4311162586186714 0.39992949056600924
0.1323452907817242 0.5410486948040784 0.2379288079211325 0.6785646601498537 0.6152298991657915 0.3407301503506381 0.4051537221442341 0.39796276958379495 0.2832728799034038 0.30815788562790236 0.5226160100483561 0.4626943413124236 0.25318448843131797 0.5914862232628857 0.4311162586186714 0.39992949056600924
0.1323452907817242 0.5410486948040784 0.2379288079211325 0.6785646601498537 0.6152298991657915 0.3407301503506381 0.4051537221442341 0.39796276958379495 0.2832728799034038 0.30815788562790236 0.5226160100483561 0.4626943413124236 0.25318448843131797 0.5914862232628857 0.4311162586186714 0.39992949056600924
0.1323452907817242 0.5410486948040784 0.2379288079211325 0.6785646601498537 0.6152298991657915 0.3407301503506381 0.4051537221442341 0.39796276958379495 0.2832728799034038 0.30815788562790236 0.5226160100483561 0.4626943413124236 0.25318448843131797 0.5914862232628857 0.4311162586186714 0.39992949056600924
0.1323452907817242 0.5410486948040784 0.2379288079211325 0.6785646601498537 0.6152298991657915 0.3407301503506381 0.4051537221442341 0.39796276958379495 0.2832728799034038 0.30815788562790236 0.5226160100483561 0.4626943413124236 0.25318448843131797 0.5914862232628857 0.4311162586186714 0.39992949056600924
0.1323452907817242 0.5410486948040784 0.2379288079211325 0.6785646601498537 0.6152298991657915 0.3407301503506381 0.4051537221442341 0.39796276958379495 0.2832728799034038 0.30815788562790236 0.5226160100483561 0.4626943413124236 0.25318448843131797 0.5914862232628857 0.4311162586186714 0.39992949056600924
0.1500781532536224 0.5561098630307468 0.23051265754133554 0.6670800601453131 0.6145283413848887 0.38387044496905687 0.4129167527110515 0.35344831347171374 0.25038506664973315 0.33874257423839405 0.49622934884428976 0.5664565552658947 0.24961632889884175 0.6043378974993584 0.4161657334945691 0.41866113893952195
0.16739417364803827 0.5840062805490591 0.22008774036218054 0.69223536095336 0.6235845319148564 0.37077392971591694 0.41245844246439867 0.36214526674675573 0.2663299224012546 0.348088391553119 0.4998064967473236 0.5392003031874466 0.28982784456413835 0.5686227787961584 0.43304587053504373 0.4421282740324811
0.22030092359018238 0.6495466330596944 0.19328969666095025 0.7075195346583827 0.6299911783925178 0.40806675618140925 0.41994580301269774 0.34632692573256774 0.25674878062949835 0.4305446299569098 0.49730026442172326 0.5996855603989986 0.3185193618201113 0.4950974656266489 0.42503053801532764 0.5144167907990214
0.2548609686362878 0.6731412060314339 0.1716869737644744 0.6893899524725846 0.6588517025214137 0.4828727791244624 0.4347258118643218 0.30257277424549234 0.23231314454601226 0.47698891848855934 0.4638692657525364 0.6586815581761583 0.3771113186779086 0.5075381078131567 0.44916431955702574 0.4627958180687997
0.2548609686362878 0.6731412060314339 0.1716869737644744 0.6893899524725846 0.6588517025214137 0.4828727791244624 0.4347258118643218 0.30257277424549234 0.23231314454601226 0.47698891848855934 0.4638692657525364 0.6586815581761583 0.3771113186779086 0.5075381078131567 0.44916431955702574 0.4627958180687997
0.3077894770456189 0.7114591790674993 0.1469206739400141 0.647168887137239 0.6481354728185705 0.5636662280591394 0.44872253437688303 0.2978934028204535 0.2778629580142761 0.5758827603317186 0.44106125194276985 0.659035573793405 0.4830983694176276 0.46457779252964065 0.48055058944563955 0.41621726687064914
0.3443088818951989 0.7294816169484589 0.1397913125753218 0.5764308088632424 0.5967826418354459 0.6291689681113982 0.4498559825705207 0.31114814172653393 0.2684273838144807 0.6439423252189068 0.4730424502241281 0.6656339155231076 0.41753454889695213 0.40713853817719026 0.45684920702858917 0.487941401082043
0.39722835051755484 0.7962600927301484 0.1170122188486507 0.5943126736614831 0.5737324112177462 0.6192778261925993 0.4425066792315555 0.3462373666147745 0.3156438545658633 0.6740268658196701 0.49287618235451636 0.6206434041037812 0.4310299910417177 0.3339222420983525 0.45970992275675304 0.5361004935068119
0.4286632313718922 0.7558813429448363 0.10287504404516692 0.5336877664268397 0.6152801168856666 0.6659602660701532 0.46450247717813364 0.2803235756489608 0.31486897169052724 0.6513495035817491 0.5243217787177705 0.5259807624747014 0.491022807207652 0.34250077105378146 0.53336968580248 0.5741144598453638
0.411384884217952 0.7286037039813666 0.11310450802529792 0.5090760983056868 0.6067383628579132 0.6804840029764976 0.4665993334151936 0.26941493462773625 0.30063351295986446 0.6487415421922853 0.5183055295924316 0.5587312379499599 0.45500106621942377 0.381177993689022 0.5191015380353706 0.5421854701027332
0.411384884217952 0.7286037039813666 0.11310450802529792 0.5090760983056868 0.6067383628579132 0.6804840029764976 0.4665993334151936 0.26941493462773625 0.30063351295986446 0.6487415421922853 0.5183055295924316 0.5587312379499599 0.45500106621942377 0.381177993689022 0.5191015380353706 0.5421854701027332
0.39408800540546063 0.7016614325588333 0.12345717246929644 0.4853492731552563 0.5948238967418914 0.6893052622107483 0.46819783303478124 0.26685692072337097 0.30295883037455223 0.6496889616407626 0.5136368141924177 0.5634398763492803 0.4473840438190803 0.4049719607773234 0.5170076326411647 0.5186193225493967
0.39408800540546063 0.7016614325588333 0.12345717246929644 0.4853492731552563 0.5948238967418914 0.6893052622107483 0.46819783303478124 0.26685692072337097 0.30295883037455223 0.6496889616407626 0.5136368141924177 0.5634398763492803 0.4473840438190803 0.4049719607773234 0.5170076326411647 0.5186193225493967
0.3757437627495363 0.689102867163147 0.12565413777183818 0.5158059016285991 0.6383303475033665 0.6758514079889519 0.4718517805170988 0.24523435076072048 0.2676525009391448 0.621264962980986 0.5044880465873823 0.5709712738940277 0.4775273650628861 0.41571706713261936 0.530508970074316 0.525955367420595
0.3580762584490049 0.6649892651275399 0.13329702794590134 0.506032675920743 0.651960950181232 0.6828354266634061 0.47215987577112073 0.23121799020355577 0.21919005102820807 0.5934858130696613 0.5194267254753866 0.5869462903630959 0.4047627748655379 0.43256729449555475 0.5215075503479787 0.5319103880080023
0.3084957177026834 0.7023166473931532 0.15032709615190284 0.6116589499363195 0.6290726523824869 0.5949478931096713 0.44822811105189153 0.2925223803064754 0.24705663804465536 0.5910161673885311 0.4649647648434545 0.6886133500498209 0.3847198254375337 0.45446133913581954 0.4561827066932246 0.43071477774221917
0.2718984202053073 0.6682467819274767 0.16028997853495813 0.650744373032745 0.6909770983908479 0.5576855611354705 0.45004521836782047 0.26895523458234005 0.1912829672272704 0.4989808683300588 0.4519835023793241 0.6726608800285918 0.4043749812233065 0.5189179179829259 0.48311454021146305 0.41324116938864053
0.2545823998108914 0.6403503644091645 0.17071489571411308 0.6255890722246982 0.6819209078608801 0.5707820763886103 0.45050352861447324 0.260258281307298 0.17533811147574896 0.48963505101533383 0.44840635447629035 0.6999171321070397 0.36416346555801016 0.5546330366861258 0.4662344031709884 0.38977403429568136
0.18457387838566597 0.5800788689714476 0.20822548192930054 0.6515400089518544 0.6520152878187513 0.46360047381134095 0.427814200068046 0.29842602861903705 0.19908242793994763 0.37361249424003246 0.4610096718790274 0.6586465239267913 0.2693277314505645 0.6418941213091431 0.4258792944428708 0.3543780722097504
0.1332382042966024 0.4965323224770745 0.24075738653374096 0.5702452269078884 0.6041930569725051 0.49244416882816716 0.4311738445338926 0.3015723094024862 0.2309769820651449 0.39523777586153763 0.45294104900128457 0.6321138869076852 0.31975534360058244 0.6373290798551893 0.4538840468646696 0.34864974129732484
0.04934088586513613 0.39438056242851693 0.2951128319667958 0.49896601433554205 0.4957702052579632 0.4401147614904438 0.40718294892234663 0.39096502647221776 0.34029867333882713 0.4228834423756155 0.4999906145105838 0.5428258408488262 0.290634531633448 0.5411822252812547 0.4044366183975736 0.4103069921851082
0.04934088586513613 0.39438056242851693 0.2951128319667958 0.49896601433554205 0.4957702052579632 0.4401147614904438 0.40718294892234663 0.39096502647221776 0.34029867333882713 0.4228834423756155 0.4999906145105838 0.5428258408488262 0.290634531633448 0.5411822252812547 0.4044366183975736 0.4103069921851082
0.01627026507481666 0.3367727983513063 0.31797365496998864 0.4293292777127882 0.4447486840981818 0.471943497629761 0.40827463927295415 0.3995841157171983 0.3868250337484371 0.4767642227103611 0.49404586154630775 0.5299571782722615 0.36576600878125104 0.4832303451725825 0.4222622995522013 0.44466889564496903
0.01627026507481666 0.3367727983513063 0.31797365496998864 0.4293292777127882 0.4447486840981818 0.471943497629761 0.40827463927295415 0.3995841157171983 0.3868250337484371 0.4767642227103611 0.49404586154630775 0.5299571782722615 0.36576600878125104 0.4832303451725825 0.4222622995522013 0.44466889564496903
1.787459069646502e-14 0.31060958874138106 0.32896039741954675 0.40081096640036395 0.4193145364883874 0.47737548226233056 0.4097789628196036 0.4126908504685616 0.4305997065838672 0.5065036867618902 0.49421496632340334 0.47602108872176285 0.4578608557409041 0.4306125987497412 0.46804824838639697 0.4722072202097198
0.01627026507481666 0.3367727983513063 0.31797365496998864 0.4293292777127882 0.4447486840981818 0.471943497629761 0.40827463927295415 0.3995841157171983 0.3868250337484371 0.4767642227103611 0.49404586154630775 0.5299571782722615 0.36576600878125104 0.4832303451725825 0.4222622995522013 0.44466889564496903
0.01627026507481666 0.3367727983513063 0.31797365496998864 0.4293292777127882 0.4447486840981818 0.471943497629761 0.40827463927295415 0.3995841157171983 0.3868250337484371 0.4767642227103611 0.49404586154630775 0.5299571782722615 0.36576600878125104 0.4832303451725825 0.4222622995522013 0.44466889564496903
0.01627026507481666 0.3367727983513063 0.31797365496998864 0.4293292777127882 0.4447486840981818 0.471943497629761 0.40827463927295415 0.3995841157171983 0.3868250337484371 0.4767642227103611 0.49404586154630775 0.5299571782722615 0.36576600878125104 0.4832303451725825 0.4222622995522013 0.44466889564496903
0.01627026507481666 0.3367727983513063 0.31797365496998864 0.4293292777127882 0.4447486840981818 0.471943497629761 0.40827463927295415 0.3995841157171983 0.3868250337484371 0.4767642227103611 0.49404586154630775 0.5299571782722615 0.36576600878125104 0.4832303451725825 0.4222622995522013 0.44466889564496903
0.01627026507481666 0.3367727983513063 0.31797365496998864 0.4293292777127882 0.4447486840981818 0.471943497629761 0.40827463927295415 0.3995841157171983 0.3868250337484371 0.4767642227103611 0.49404586154630775 0.5299571782722615 0.36576600878125104 0.4832303451725825 0.4222622995522013 0.44466889564496903
1.787459069646502e-14 0.31060958874138106 0.32896039741954675 0.40081096640036395 0.4193145364883874 0.47737548226233056 0.4097789628196036 0.4126908504685616 0.4305997065838672 0.5065036867618902 0.49421496632340334 0.47602108872176285 0.4578608557409041 0.4306125987497412 0.46804824838639697 0.4722072202097198
1.787459069646502e-14 0.31060958874138106 0.32896039741954675 0.40081096640036395 0.4193145364883874 0.47737548226233056 0.4097789628196036 0.4126908504685616 0.4305997065838672 0.5065036867618902 0.49421496632340334 0.47602108872176285 0.4578608557409041 0.4306125987497412 0.46804824838639697 0.4722072202097198
1.787459069646502e-14 0.31060958874138106 0.32896039741954675 0.40081096640036395 0.4193145364883874 0.47737548226233056 0.4097789628196036 0.4126908504685616 0.4305997065838672 0.5065036867618902 0.49421496632340334 0.47602108872176285 0.4578608557409041 0.4306125987497412 0.46804824838639697 0.4722072202097198
1.787459069646502e-14 0.31060958874138106 0.32896039741954675 0.40081096640036395 0.4193145364883874 0.47737548226233056 0.4097789628196036 0.4126908504685616 0.4305997065838672 0.5065036867618902 0.49421496632340334 0.47602108872176285 0.4578608557409041 0.4306125987497412 0.46804824838639697 0.4722072202097198
1.787459069646502e-14 0.31060958874138106 0.32896039741954675 0.40081096640036395 0.4193145364883874 0.47737548226233056 0.4097789628196036 0.4126908504685616 0.4305997065838672 0.5065036867618902 0.49421496632340334 0.47602108872176285 0.4578608557409041 0.4306125987497412 0.46804824838639697 0.4722072202097198
1.787459069646502e-14 0.31060958874138106 0.32896039741954675 0.40081096640036395 0.4193145364883874 0.47737548226233056 0.4097789628196036 0.4126908504685616 0.4305997065838672 0.5065036867618902 0.49421496632340334 0.47602108872176285 0.4578608557409041 0.4306125987497412 0.46804824838639697 0.4722072202097198
1.787459069646502e-14 0.31060958874138106 0.32896039741954675 0.40081096640036395 0.4193145364883874 0.47737548226233056 0.4097789628196036 0.4126908504685616 0.4305997065838672 0.5065036867618902 0.49421496632340334 0.47602108872176285 0.4578608557409041 0.4306125987497412 0.46804824838639697 0.4722072202097198
1.787459069646502e-14 0.31060958874138106 0.32896039741954675 0.40081096640036395 0.4193145364883874 0.47737548226233056 0.4097789628196036 0.4126908504685616 0.4305997065838672 0.5065036867618902 0.49421496632340334 0.47602108872176285 0.4578608557409041 0.4306125987497412 0.46804824838639697 0.4722072202097198
1.787459069646502e-14 0.31060958874138106 0.32896039741954675 0.40081096640036395 0.4193145364883874 0.47737548226233056 0.4097789628196036 0.4126908504685616 0.4305997065838672 0.5065036867618902 0.49421496632340334 0.47602108872176285 0.4578608557409041 0.4306125987497412 0.46804824838639697 0.4722072202097198
1.787459069646502e-14 0.31060958874138106 0.32896039741954675 0.40081096640036395 0.4193145364883874 0.47737548226233056 0.4097789628196036 0.4126908504685616 0.4305997065838672 0.5065036867618902 0.49421496632340334 0.47602108872176285 0.4578608557409041 0.4306125987497412 0.46804824838639697 0.4722072202097198
1.787459069646502e-14 0.31060958874138106 0.32896039741954675 0.40081096640036395 0.4193145364883874 0.47737548226233056 0.4097789628196036 0.4126908504685616 0.4305997065838672 0.5065036867618902 0.49421496632340334 0.47602108872176285 0.4578608557409041 0.4306125987497412 0.46804824838639697 0.4722072202097198
1.787459069646502e-14 0.31060958874138106 0.32896039741954675 0.40081096640036395 0.4193145364883874 0.47737548226233056 0.4097789628196036 0.4126908504685616 0.4305997065838672 0.5065036867618902 0.49421496632340334 0.47602108872176285 0.4578608557409041 0.4306125987497412 0.46804824838639697 0.4722072202097198
1.787459069646502e-14 0.31060958874138106 0.32896039741954675 0.40081096640036395 0.4193145364883874 0.47737548226233056 0.4097789628196036 0.4126908504685616 0.4305997065838672 0.5065036867618902 0.49421496632340334 0.47602108872176285 0.4578608557409041 0.4306125987497412 0.46804824838639697 0.4722072202097198
1.787459069646502e-14 0.31060958874138106 0.32896039741954675 0.40081096640036395 0.4193145364883874 0.47737548226233056 0.4097789628196036 0.4126908504685616 0.4305997065838672 0.5065036867618902 0.49421496632340334 0.47602108872176285 0.4578608557409041 0.4306125987497412 0.46804824838639697 0.4722072202097198
1.787459069646502e-14 0.31060958874138106 0.32896039741954675 0.40081096640036395 0.4193145364883874 0.47737548226233056 0.4097789628196036 0.4126908504685616 0.4305997065838672 0.5065036867618902 0.49421496632340334 0.47602108872176285 0.4578608557409041 0.4306125987497412 0.46804824838639697 0.4722072202097198
1.787459069646502e-14 0.31060958874138106 0.32896039741954675 0.40081096640036395 0.4193145364883874 0.47737548226233056 0.4097789628196036 0.4126908504685616 0.4305997065838672 0.5065036867618902 0.49421496632340334 0.47602108872176285 0.4578608557409041 0.4306125987497412 0.46804824838639697 0.4722072202097198
1.787459069646502e-14 0.31060958874138106 0.32896039741954675 0.40081096640036395 0.4193145364883874 0.47737548226233056 0.4097789628196036 0.4126908504685616 0.4305997065838672 0.5065036867618902 0.49421496632340334 0.47602108872176285 0.4578608557409041 0.4306125987497412 0.46804824838639697 0.4722072202097198
1.787459069646502e-14 0.31060958874138106 0.32896039741954675 0.40081096640036395 0.4193145364883874 0.47737548226233056 0.4097789628196036 0.4126908504685616 0.4305997065838672 0.5065036867618902 0.49421496632340334 0.47602108872176285 0.4578608557409041 0.4306125987497412 0.46804824838639697 0.4722072202097198
]