Naoki.l_i_f_e.444 [ 1.787459069646502e-14 0.31060958874138106 0.32896039741954675 0.40081096640036395 0.4193145364883874 0.47737548226233056 0.4097789628196036 0.4126908504685616 0.4305997065838672 0.5065036867618902 0.49421496632340334 0.47602108872176285 0.4578608557409041 0.4306125987497412 0.46804824838639697 0.4722072202097198
1.787459069646502e-14 0.31060958874138106 0.32896039741954675 0.40081096640036395 0.4193145364883874 0.47737548226233056 0.4097789628196036 0.4126908504685616 0.4305997065838672 0.5065036867618902 0.49421496632340334 0.47602108872176285 0.4578608557409041 0.4306125987497412 0.46804824838639697 0.4722072202097198
1.787459069646502e-14 0.31060958874138106 0.32896039741954675 0.40081096640036395 0.4193145364883874 0.47737548226233056 0.4097789628196036 0.4126908504685616 0.4305997065838672 0.5065036867618902 0.49421496632340334 0.47602108872176285 0.4578608557409041 0.4306125987497412 0.46804824838639697 0.4722072202097198
1.787459069646502e-14 0.31060958874138106 0.32896039741954675 0.40081096640036395 0.4193145364883874 0.47737548226233056 0.4097789628196036 0.4126908504685616 0.4305997065838672 0.5065036867618902 0.49421496632340334 0.47602108872176285 0.4578608557409041 0.4306125987497412 0.46804824838639697 0.4722072202097198
1.787459069646502e-14 0.31060958874138106 0.32896039741954675 0.40081096640036395 0.4193145364883874 0.47737548226233056 0.4097789628196036 0.4126908504685616 0.4305997065838672 0.5065036867618902 0.49421496632340334 0.47602108872176285 0.4578608557409041 0.4306125987497412 0.46804824838639697 0.4722072202097198
1.787459069646502e-14 0.31060958874138106 0.32896039741954675 0.40081096640036395 0.4193145364883874 0.47737548226233056 0.4097789628196036 0.4126908504685616 0.4305997065838672 0.5065036867618902 0.49421496632340334 0.47602108872176285 0.4578608557409041 0.4306125987497412 0.46804824838639697 0.4722072202097198
1.787459069646502e-14 0.31060958874138106 0.32896039741954675 0.40081096640036395 0.4193145364883874 0.47737548226233056 0.4097789628196036 0.4126908504685616 0.4305997065838672 0.5065036867618902 0.49421496632340334 0.47602108872176285 0.4578608557409041 0.4306125987497412 0.46804824838639697 0.4722072202097198
1.787459069646502e-14 0.31060958874138106 0.32896039741954675 0.40081096640036395 0.4193145364883874 0.47737548226233056 0.4097789628196036 0.4126908504685616 0.4305997065838672 0.5065036867618902 0.49421496632340334 0.47602108872176285 0.4578608557409041 0.4306125987497412 0.46804824838639697 0.4722072202097198
1.787459069646502e-14 0.31060958874138106 0.32896039741954675 0.40081096640036395 0.4193145364883874 0.47737548226233056 0.4097789628196036 0.4126908504685616 0.4305997065838672 0.5065036867618902 0.49421496632340334 0.47602108872176285 0.4578608557409041 0.4306125987497412 0.46804824838639697 0.4722072202097198
1.787459069646502e-14 0.31060958874138106 0.32896039741954675 0.40081096640036395 0.4193145364883874 0.47737548226233056 0.4097789628196036 0.4126908504685616 0.4305997065838672 0.5065036867618902 0.49421496632340334 0.47602108872176285 0.4578608557409041 0.4306125987497412 0.46804824838639697 0.4722072202097198
1.787459069646502e-14 0.31060958874138106 0.32896039741954675 0.40081096640036395 0.4193145364883874 0.47737548226233056 0.4097789628196036 0.4126908504685616 0.4305997065838672 0.5065036867618902 0.49421496632340334 0.47602108872176285 0.4578608557409041 0.4306125987497412 0.46804824838639697 0.4722072202097198
1.787459069646502e-14 0.31060958874138106 0.32896039741954675 0.40081096640036395 0.4193145364883874 0.47737548226233056 0.4097789628196036 0.4126908504685616 0.4305997065838672 0.5065036867618902 0.49421496632340334 0.47602108872176285 0.4578608557409041 0.4306125987497412 0.46804824838639697 0.4722072202097198
1.787459069646502e-14 0.31060958874138106 0.32896039741954675 0.40081096640036395 0.4193145364883874 0.47737548226233056 0.4097789628196036 0.4126908504685616 0.4305997065838672 0.5065036867618902 0.49421496632340334 0.47602108872176285 0.4578608557409041 0.4306125987497412 0.46804824838639697 0.4722072202097198
1.787459069646502e-14 0.31060958874138106 0.32896039741954675 0.40081096640036395 0.4193145364883874 0.47737548226233056 0.4097789628196036 0.4126908504685616 0.4305997065838672 0.5065036867618902 0.49421496632340334 0.47602108872176285 0.4578608557409041 0.4306125987497412 0.46804824838639697 0.4722072202097198
1.787459069646502e-14 0.31060958874138106 0.32896039741954675 0.40081096640036395 0.4193145364883874 0.47737548226233056 0.4097789628196036 0.4126908504685616 0.4305997065838672 0.5065036867618902 0.49421496632340334 0.47602108872176285 0.4578608557409041 0.4306125987497412 0.46804824838639697 0.4722072202097198
1.787459069646502e-14 0.31060958874138106 0.32896039741954675 0.40081096640036395 0.4193145364883874 0.47737548226233056 0.4097789628196036 0.4126908504685616 0.4305997065838672 0.5065036867618902 0.49421496632340334 0.47602108872176285 0.4578608557409041 0.4306125987497412 0.46804824838639697 0.4722072202097198
1.787459069646502e-14 0.31060958874138106 0.32896039741954675 0.40081096640036395 0.4193145364883874 0.47737548226233056 0.4097789628196036 0.4126908504685616 0.4305997065838672 0.5065036867618902 0.49421496632340334 0.47602108872176285 0.4578608557409041 0.4306125987497412 0.46804824838639697 0.4722072202097198
1.787459069646502e-14 0.31060958874138106 0.32896039741954675 0.40081096640036395 0.4193145364883874 0.47737548226233056 0.4097789628196036 0.4126908504685616 0.4305997065838672 0.5065036867618902 0.49421496632340334 0.47602108872176285 0.4578608557409041 0.4306125987497412 0.46804824838639697 0.4722072202097198
1.787459069646502e-14 0.31060958874138106 0.32896039741954675 0.40081096640036395 0.4193145364883874 0.47737548226233056 0.4097789628196036 0.4126908504685616 0.4305997065838672 0.5065036867618902 0.49421496632340334 0.47602108872176285 0.4578608557409041 0.4306125987497412 0.46804824838639697 0.4722072202097198
1.787459069646502e-14 0.31060958874138106 0.32896039741954675 0.40081096640036395 0.4193145364883874 0.47737548226233056 0.4097789628196036 0.4126908504685616 0.4305997065838672 0.5065036867618902 0.49421496632340334 0.47602108872176285 0.4578608557409041 0.4306125987497412 0.46804824838639697 0.4722072202097198
1.787459069646502e-14 0.31060958874138106 0.32896039741954675 0.40081096640036395 0.4193145364883874 0.47737548226233056 0.4097789628196036 0.4126908504685616 0.4305997065838672 0.5065036867618902 0.49421496632340334 0.47602108872176285 0.4578608557409041 0.4306125987497412 0.46804824838639697 0.4722072202097198
1.787459069646502e-14 0.31060958874138106 0.32896039741954675 0.40081096640036395 0.4193145364883874 0.47737548226233056 0.4097789628196036 0.4126908504685616 0.4305997065838672 0.5065036867618902 0.49421496632340334 0.47602108872176285 0.4578608557409041 0.4306125987497412 0.46804824838639697 0.4722072202097198
1.787459069646502e-14 0.31060958874138106 0.32896039741954675 0.40081096640036395 0.4193145364883874 0.47737548226233056 0.4097789628196036 0.4126908504685616 0.4305997065838672 0.5065036867618902 0.49421496632340334 0.47602108872176285 0.4578608557409041 0.4306125987497412 0.46804824838639697 0.4722072202097198
1.787459069646502e-14 0.31060958874138106 0.32896039741954675 0.40081096640036395 0.4193145364883874 0.47737548226233056 0.4097789628196036 0.4126908504685616 0.4305997065838672 0.5065036867618902 0.49421496632340334 0.47602108872176285 0.4578608557409041 0.4306125987497412 0.46804824838639697 0.4722072202097198
1.787459069646502e-14 0.31060958874138106 0.32896039741954675 0.40081096640036395 0.4193145364883874 0.47737548226233056 0.4097789628196036 0.4126908504685616 0.4305997065838672 0.5065036867618902 0.49421496632340334 0.47602108872176285 0.4578608557409041 0.4306125987497412 0.46804824838639697 0.4722072202097198
1.787459069646502e-14 0.31060958874138106 0.32896039741954675 0.40081096640036395 0.4193145364883874 0.47737548226233056 0.4097789628196036 0.4126908504685616 0.4305997065838672 0.5065036867618902 0.49421496632340334 0.47602108872176285 0.4578608557409041 0.4306125987497412 0.46804824838639697 0.4722072202097198
1.787459069646502e-14 0.31060958874138106 0.32896039741954675 0.40081096640036395 0.4193145364883874 0.47737548226233056 0.4097789628196036 0.4126908504685616 0.4305997065838672 0.5065036867618902 0.49421496632340334 0.47602108872176285 0.4578608557409041 0.4306125987497412 0.46804824838639697 0.4722072202097198
1.787459069646502e-14 0.31060958874138106 0.32896039741954675 0.40081096640036395 0.4193145364883874 0.47737548226233056 0.4097789628196036 0.4126908504685616 0.4305997065838672 0.5065036867618902 0.49421496632340334 0.47602108872176285 0.4578608557409041 0.4306125987497412 0.46804824838639697 0.4722072202097198
1.787459069646502e-14 0.31060958874138106 0.32896039741954675 0.40081096640036395 0.4193145364883874 0.47737548226233056 0.4097789628196036 0.4126908504685616 0.4305997065838672 0.5065036867618902 0.49421496632340334 0.47602108872176285 0.4578608557409041 0.4306125987497412 0.46804824838639697 0.4722072202097198
1.787459069646502e-14 0.31060958874138106 0.32896039741954675 0.40081096640036395 0.4193145364883874 0.47737548226233056 0.4097789628196036 0.4126908504685616 0.4305997065838672 0.5065036867618902 0.49421496632340334 0.47602108872176285 0.4578608557409041 0.4306125987497412 0.46804824838639697 0.4722072202097198
1.787459069646502e-14 0.31060958874138106 0.32896039741954675 0.40081096640036395 0.4193145364883874 0.47737548226233056 0.4097789628196036 0.4126908504685616 0.4305997065838672 0.5065036867618902 0.49421496632340334 0.47602108872176285 0.4578608557409041 0.4306125987497412 0.46804824838639697 0.4722072202097198
1.787459069646502e-14 0.31060958874138106 0.32896039741954675 0.40081096640036395 0.4193145364883874 0.47737548226233056 0.4097789628196036 0.4126908504685616 0.4305997065838672 0.5065036867618902 0.49421496632340334 0.47602108872176285 0.4578608557409041 0.4306125987497412 0.46804824838639697 0.4722072202097198
1.787459069646502e-14 0.31060958874138106 0.32896039741954675 0.40081096640036395 0.4193145364883874 0.47737548226233056 0.4097789628196036 0.4126908504685616 0.4305997065838672 0.5065036867618902 0.49421496632340334 0.47602108872176285 0.4578608557409041 0.4306125987497412 0.46804824838639697 0.4722072202097198
1.787459069646502e-14 0.31060958874138106 0.32896039741954675 0.40081096640036395 0.4193145364883874 0.47737548226233056 0.4097789628196036 0.4126908504685616 0.4305997065838672 0.5065036867618902 0.49421496632340334 0.47602108872176285 0.4578608557409041 0.4306125987497412 0.46804824838639697 0.4722072202097198
1.787459069646502e-14 0.31060958874138106 0.32896039741954675 0.40081096640036395 0.4193145364883874 0.47737548226233056 0.4097789628196036 0.4126908504685616 0.4305997065838672 0.5065036867618902 0.49421496632340334 0.47602108872176285 0.4578608557409041 0.4306125987497412 0.46804824838639697 0.4722072202097198
1.787459069646502e-14 0.31060958874138106 0.32896039741954675 0.40081096640036395 0.4193145364883874 0.47737548226233056 0.4097789628196036 0.4126908504685616 0.4305997065838672 0.5065036867618902 0.49421496632340334 0.47602108872176285 0.4578608557409041 0.4306125987497412 0.46804824838639697 0.4722072202097198
1.787459069646502e-14 0.31060958874138106 0.32896039741954675 0.40081096640036395 0.4193145364883874 0.47737548226233056 0.4097789628196036 0.4126908504685616 0.4305997065838672 0.5065036867618902 0.49421496632340334 0.47602108872176285 0.4578608557409041 0.4306125987497412 0.46804824838639697 0.4722072202097198
1.787459069646502e-14 0.31060958874138106 0.32896039741954675 0.40081096640036395 0.4193145364883874 0.47737548226233056 0.4097789628196036 0.4126908504685616 0.4305997065838672 0.5065036867618902 0.49421496632340334 0.47602108872176285 0.4578608557409041 0.4306125987497412 0.46804824838639697 0.4722072202097198
1.787459069646502e-14 0.31060958874138106 0.32896039741954675 0.40081096640036395 0.4193145364883874 0.47737548226233056 0.4097789628196036 0.4126908504685616 0.4305997065838672 0.5065036867618902 0.49421496632340334 0.47602108872176285 0.4578608557409041 0.4306125987497412 0.46804824838639697 0.4722072202097198
1.787459069646502e-14 0.31060958874138106 0.32896039741954675 0.40081096640036395 0.4193145364883874 0.47737548226233056 0.4097789628196036 0.4126908504685616 0.4305997065838672 0.5065036867618902 0.49421496632340334 0.47602108872176285 0.4578608557409041 0.4306125987497412 0.46804824838639697 0.4722072202097198
1.787459069646502e-14 0.31060958874138106 0.32896039741954675 0.40081096640036395 0.4193145364883874 0.47737548226233056 0.4097789628196036 0.4126908504685616 0.4305997065838672 0.5065036867618902 0.49421496632340334 0.47602108872176285 0.4578608557409041 0.4306125987497412 0.46804824838639697 0.4722072202097198
1.787459069646502e-14 0.31060958874138106 0.32896039741954675 0.40081096640036395 0.4193145364883874 0.47737548226233056 0.4097789628196036 0.4126908504685616 0.4305997065838672 0.5065036867618902 0.49421496632340334 0.47602108872176285 0.4578608557409041 0.4306125987497412 0.46804824838639697 0.4722072202097198
1.787459069646502e-14 0.31060958874138106 0.32896039741954675 0.40081096640036395 0.4193145364883874 0.47737548226233056 0.4097789628196036 0.4126908504685616 0.4305997065838672 0.5065036867618902 0.49421496632340334 0.47602108872176285 0.4578608557409041 0.4306125987497412 0.46804824838639697 0.4722072202097198
1.787459069646502e-14 0.31060958874138106 0.32896039741954675 0.40081096640036395 0.4193145364883874 0.47737548226233056 0.4097789628196036 0.4126908504685616 0.4305997065838672 0.5065036867618902 0.49421496632340334 0.47602108872176285 0.4578608557409041 0.4306125987497412 0.46804824838639697 0.4722072202097198
1.787459069646502e-14 0.31060958874138106 0.32896039741954675 0.40081096640036395 0.4193145364883874 0.47737548226233056 0.4097789628196036 0.4126908504685616 0.4305997065838672 0.5065036867618902 0.49421496632340334 0.47602108872176285 0.4578608557409041 0.4306125987497412 0.46804824838639697 0.4722072202097198
1.787459069646502e-14 0.31060958874138106 0.32896039741954675 0.40081096640036395 0.4193145364883874 0.47737548226233056 0.4097789628196036 0.4126908504685616 0.4305997065838672 0.5065036867618902 0.49421496632340334 0.47602108872176285 0.4578608557409041 0.4306125987497412 0.46804824838639697 0.4722072202097198
1.787459069646502e-14 0.31060958874138106 0.32896039741954675 0.40081096640036395 0.4193145364883874 0.47737548226233056 0.4097789628196036 0.4126908504685616 0.4305997065838672 0.5065036867618902 0.49421496632340334 0.47602108872176285 0.4578608557409041 0.4306125987497412 0.46804824838639697 0.4722072202097198
1.787459069646502e-14 0.31060958874138106 0.32896039741954675 0.40081096640036395 0.4193145364883874 0.47737548226233056 0.4097789628196036 0.4126908504685616 0.4305997065838672 0.5065036867618902 0.49421496632340334 0.47602108872176285 0.4578608557409041 0.4306125987497412 0.46804824838639697 0.4722072202097198
1.787459069646502e-14 0.31060958874138106 0.32896039741954675 0.40081096640036395 0.4193145364883874 0.47737548226233056 0.4097789628196036 0.4126908504685616 0.4305997065838672 0.5065036867618902 0.49421496632340334 0.47602108872176285 0.4578608557409041 0.4306125987497412 0.46804824838639697 0.4722072202097198
1.787459069646502e-14 0.31060958874138106 0.32896039741954675 0.40081096640036395 0.4193145364883874 0.47737548226233056 0.4097789628196036 0.4126908504685616 0.4305997065838672 0.5065036867618902 0.49421496632340334 0.47602108872176285 0.4578608557409041 0.4306125987497412 0.46804824838639697 0.4722072202097198
1.787459069646502e-14 0.31060958874138106 0.32896039741954675 0.40081096640036395 0.4193145364883874 0.47737548226233056 0.4097789628196036 0.4126908504685616 0.4305997065838672 0.5065036867618902 0.49421496632340334 0.47602108872176285 0.4578608557409041 0.4306125987497412 0.46804824838639697 0.4722072202097198
1.787459069646502e-14 0.31060958874138106 0.32896039741954675 0.40081096640036395 0.4193145364883874 0.47737548226233056 0.4097789628196036 0.4126908504685616 0.4305997065838672 0.5065036867618902 0.49421496632340334 0.47602108872176285 0.4578608557409041 0.4306125987497412 0.46804824838639697 0.4722072202097198
1.787459069646502e-14 0.31060958874138106 0.32896039741954675 0.40081096640036395 0.4193145364883874 0.47737548226233056 0.4097789628196036 0.4126908504685616 0.4305997065838672 0.5065036867618902 0.49421496632340334 0.47602108872176285 0.4578608557409041 0.4306125987497412 0.46804824838639697 0.4722072202097198
0.009402736283096513 0.34833574422810176 0.4154435600592782 0.36935947664204716 0.42302812394835737 0.40977564522279425 0.5294115157371229 0.41587726401015573 0.4215746439739491 0.5525967952187625 0.5212926432598033 0.51464502264906 0.43248238617911894 0.47672983536807545 0.5702683925397332 0.4981344382856831
0.04267496781097857 0.39839440181357305 0.6494291822674201 0.3337095424480685 0.7195867656713806 0.5864953339820107 0.6708793090103727 0.5187079697608004 0.7202922250301966 0.31747170032572003 0.459444852958251 0.7458848018441313 0.21560056090102225 0.3416373033225443 0.6908763668867646 0.6692069180290917
0.07888026615620014 0.4061927211105006 0.6992069950531787 0.3071756786002065 0.6494640948750543 0.5352690661319803 0.7023300343284329 0.4885329209224338 0.7668973390283023 0.30107662768509375 0.35175976821698096 0.7962717688897996 0.24951168855684266 0.3480730577192434 0.7087622815094619 0.6456186724476759
0.09631334347697834 0.4021009310108472 0.7648673792295786 0.3515455045922855 0.6296262390802823 0.5452577075818348 0.6649179844192115 0.4336292400776996 0.7326238675857653 0.2982769683878459 0.33527675755454556 0.7274975323570179 0.2437482287434162 0.2427689889247601 0.6498793457812071 0.616228162008618
0.10301559289494677 0.39756943182975596 0.7936641868581658 0.37041026712103975 0.660925629519718 0.5875231398072879 0.6462166695838429 0.42742151592865196 0.7467221613975936 0.27933475514735995 0.3358278696785477 0.6836354375812665 0.2792259213438273 0.20379374065905245 0.5762132405962015 0.5788007961848883
0.1209100040139805 0.41553968661699026 0.7900041120301154 0.36020537216223636 0.6224976585316275 0.5929119890776445 0.6486303748405605 0.4277488261305771 0.8150429911234747 0.30282087108849887 0.2992390858757418 0.6876344581400254 0.351942816843184 0.23101971103816304 0.5796871671175288 0.5346416313373464
0.11448869630321806 0.4134440327013068 0.7538719035837012 0.3458313974062654 0.5850725145762623 0.5512108312382589 0.6727990972013835 0.4164506078533364 0.7662992634900272 0.33669058160296456 0.2728524836216567 0.608605340571923 0.33505576419718397 0.18847535139014937 0.5702959736564047 0.41809820854712154
0.10132739437033772 0.4020285746093717 0.6757606494118681 0.33408887008584665 0.5275825774469881 0.510006564827821 0.672061588408379 0.4127152411492472 0.711305729969719 0.3675010830881729 0.24386225290132862 0.5698212114076592 0.31498886996321157 0.19719925798487198 0.5733487969197072 0.42054359397562135
0.06975718805447279 0.33083958314816153 0.4392504031639154 0.3784486408436939 0.38316602763324226 0.48835569721277144 0.49516842672819616 0.39901518836226546 0.5934328921749398 0.46518650303652875 0.2352569565115653 0.4275736978645399 0.46430257342846964 0.3567444581082285 0.4807533594112392 0.34294852900987366
0.043125710652258675 0.3587254898760456 0.3892625557754476 0.334114738570603 0.4316720873002763 0.5175910004425205 0.5327405046672168 0.44470035284164977 0.6343898734615652 0.48308836853609366 0.3458014871647923 0.44687963250660345 0.48907991656057986 0.40804703372607315 0.5083566984952274 0.31855684596269385
0.017749489748142888 0.3230602418708633 0.32914506318075637 0.3803219742263577 0.3685302079866053 0.4808384881950906 0.4147860876949591 0.4038538708100706 0.5036885160193887 0.5071128734641821 0.4544044072482697 0.4675014930115658 0.511667948788448 0.48234638915030587 0.4749520028483276 0.4160765531861191
0.01611262512215611 0.3401731713617208 0.31731004929840495 0.4409096177941756 0.44856626916062614 0.45382491095464217 0.409539410422325 0.41168977585727734 0.4116601270603601 0.4699006606970635 0.49880559075607994 0.4564414227779943 0.43790467965096985 0.46025859667715785 0.47723514861667105 0.45362364992604465
0.01611262512215611 0.3401731713617208 0.31731004929840495 0.4409096177941756 0.44856626916062614 0.45382491095464217 0.409539410422325 0.41168977585727734 0.4116601270603601 0.4699006606970635 0.49880559075607994 0.4564414227779943 0.43790467965096985 0.46025859667715785 0.47723514861667105 0.45362364992604465
1.787459069646502e-14 0.31060958874138106 0.32896039741954675 0.40081096640036395 0.4193145364883874 0.47737548226233056 0.4097789628196036 0.4126908504685616 0.4305997065838672 0.5065036867618902 0.49421496632340334 0.47602108872176285 0.4578608557409041 0.4306125987497412 0.46804824838639697 0.4722072202097198
1.787459069646502e-14 0.31060958874138106 0.32896039741954675 0.40081096640036395 0.4193145364883874 0.47737548226233056 0.4097789628196036 0.4126908504685616 0.4305997065838672 0.5065036867618902 0.49421496632340334 0.47602108872176285 0.4578608557409041 0.4306125987497412 0.46804824838639697 0.4722072202097198
1.787459069646502e-14 0.31060958874138106 0.32896039741954675 0.40081096640036395 0.4193145364883874 0.47737548226233056 0.4097789628196036 0.4126908504685616 0.4305997065838672 0.5065036867618902 0.49421496632340334 0.47602108872176285 0.4578608557409041 0.4306125987497412 0.46804824838639697 0.4722072202097198
1.787459069646502e-14 0.31060958874138106 0.32896039741954675 0.40081096640036395 0.4193145364883874 0.47737548226233056 0.4097789628196036 0.4126908504685616 0.4305997065838672 0.5065036867618902 0.49421496632340334 0.47602108872176285 0.4578608557409041 0.4306125987497412 0.46804824838639697 0.4722072202097198
1.787459069646502e-14 0.31060958874138106 0.32896039741954675 0.40081096640036395 0.4193145364883874 0.47737548226233056 0.4097789628196036 0.4126908504685616 0.4305997065838672 0.5065036867618902 0.49421496632340334 0.47602108872176285 0.4578608557409041 0.4306125987497412 0.46804824838639697 0.4722072202097198
1.787459069646502e-14 0.31060958874138106 0.32896039741954675 0.40081096640036395 0.4193145364883874 0.47737548226233056 0.4097789628196036 0.4126908504685616 0.4305997065838672 0.5065036867618902 0.49421496632340334 0.47602108872176285 0.4578608557409041 0.4306125987497412 0.46804824838639697 0.4722072202097198
1.787459069646502e-14 0.31060958874138106 0.32896039741954675 0.40081096640036395 0.4193145364883874 0.47737548226233056 0.4097789628196036 0.4126908504685616 0.4305997065838672 0.5065036867618902 0.49421496632340334 0.47602108872176285 0.4578608557409041 0.4306125987497412 0.46804824838639697 0.4722072202097198
1.787459069646502e-14 0.31060958874138106 0.32896039741954675 0.40081096640036395 0.4193145364883874 0.47737548226233056 0.4097789628196036 0.4126908504685616 0.4305997065838672 0.5065036867618902 0.49421496632340334 0.47602108872176285 0.4578608557409041 0.4306125987497412 0.46804824838639697 0.4722072202097198
1.787459069646502e-14 0.31060958874138106 0.32896039741954675 0.40081096640036395 0.4193145364883874 0.47737548226233056 0.4097789628196036 0.4126908504685616 0.4305997065838672 0.5065036867618902 0.49421496632340334 0.47602108872176285 0.4578608557409041 0.4306125987497412 0.46804824838639697 0.4722072202097198
1.787459069646502e-14 0.31060958874138106 0.32896039741954675 0.40081096640036395 0.4193145364883874 0.47737548226233056 0.4097789628196036 0.4126908504685616 0.4305997065838672 0.5065036867618902 0.49421496632340334 0.47602108872176285 0.4578608557409041 0.4306125987497412 0.46804824838639697 0.4722072202097198
1.787459069646502e-14 0.31060958874138106 0.32896039741954675 0.40081096640036395 0.4193145364883874 0.47737548226233056 0.4097789628196036 0.4126908504685616 0.4305997065838672 0.5065036867618902 0.49421496632340334 0.47602108872176285 0.4578608557409041 0.4306125987497412 0.46804824838639697 0.4722072202097198
1.787459069646502e-14 0.31060958874138106 0.32896039741954675 0.40081096640036395 0.4193145364883874 0.47737548226233056 0.4097789628196036 0.4126908504685616 0.4305997065838672 0.5065036867618902 0.49421496632340334 0.47602108872176285 0.4578608557409041 0.4306125987497412 0.46804824838639697 0.4722072202097198
1.787459069646502e-14 0.31060958874138106 0.32896039741954675 0.40081096640036395 0.4193145364883874 0.47737548226233056 0.4097789628196036 0.4126908504685616 0.4305997065838672 0.5065036867618902 0.49421496632340334 0.47602108872176285 0.4578608557409041 0.4306125987497412 0.46804824838639697 0.4722072202097198
1.787459069646502e-14 0.31060958874138106 0.32896039741954675 0.40081096640036395 0.4193145364883874 0.47737548226233056 0.4097789628196036 0.4126908504685616 0.4305997065838672 0.5065036867618902 0.49421496632340334 0.47602108872176285 0.4578608557409041 0.4306125987497412 0.46804824838639697 0.4722072202097198
1.787459069646502e-14 0.31060958874138106 0.32896039741954675 0.40081096640036395 0.4193145364883874 0.47737548226233056 0.4097789628196036 0.4126908504685616 0.4305997065838672 0.5065036867618902 0.49421496632340334 0.47602108872176285 0.4578608557409041 0.4306125987497412 0.46804824838639697 0.4722072202097198
1.787459069646502e-14 0.31060958874138106 0.32896039741954675 0.40081096640036395 0.4193145364883874 0.47737548226233056 0.4097789628196036 0.4126908504685616 0.4305997065838672 0.5065036867618902 0.49421496632340334 0.47602108872176285 0.4578608557409041 0.4306125987497412 0.46804824838639697 0.4722072202097198
1.787459069646502e-14 0.31060958874138106 0.32896039741954675 0.40081096640036395 0.4193145364883874 0.47737548226233056 0.4097789628196036 0.4126908504685616 0.4305997065838672 0.5065036867618902 0.49421496632340334 0.47602108872176285 0.4578608557409041 0.4306125987497412 0.46804824838639697 0.4722072202097198
0.01611262512215611 0.3401731713617208 0.31731004929840495 0.4409096177941756 0.44856626916062614 0.45382491095464217 0.409539410422325 0.41168977585727734 0.4116601270603601 0.4699006606970635 0.49880559075607994 0.4564414227779943 0.43790467965096985 0.46025859667715785 0.47723514861667105 0.45362364992604465
0.18447245484007263 0.6223678370854961 0.20749412019583097 0.7444436058535706 0.6379270776274256 0.31432432522939846 0.4037439062854349 0.41584244674840215 0.31415300773737764 0.3400371975163854 0.5290136055969166 0.4269044191646743 0.32952406350043756 0.5121843346587007 0.449747211458057 0.45380945623241703
0.308893903862524 0.7730682153643431 0.15486798749245786 0.7573944667550844 0.5649291893747034 0.3557844351880064 0.4046621171237837 0.44188270296415827 0.4439766222359006 0.5221762777760154 0.509569960784367 0.47652847941571885 0.4557456701905944 0.3571446496438 0.43727266218149335 0.5349073108454611
0.4509854160913337 0.8286167177707924 0.11733328075623323 0.5216993848291044 0.43557071081655635 0.6246489343636703 0.441470924347311 0.3609976107622146 0.4697654682169092 0.6636233543004044 0.4214466081734199 0.6058657923268888 0.5036921639886222 0.44898425587526114 0.4623854548450691 0.42103574285475
0.5047107295947465 0.8284796045626323 0.11338617195030123 0.3911791510659719 0.36365033228891896 0.693641190835348 0.43875075178514006 0.3997309979677956 0.4672157810098467 0.6421614896774758 0.4596655582580132 0.5296938147257976 0.4099989133362174 0.4618106497045216 0.4658268958227701 0.37831140929860063
0.5478179089609319 0.812009269569063 0.15676102894327112 0.3231878645971986 0.30158647280538575 0.6769548088297792 0.39329645282822084 0.39462255054034456 0.39782969655556294 0.5361721288580771 0.5040122950934527 0.4578649583902508 0.3807568652964472 0.432613585823034 0.4086768542824324 0.31965484523194193
0.5815395678740374 0.7760167406244448 0.1532091667642341 0.23172671260636482 0.3282125854915584 0.6853283487868016 0.38427624668759947 0.45537421549307605 0.3305486612743964 0.46299013366538544 0.5696036329764976 0.32620009046152637 0.3939895947592646 0.4105959010423731 0.4211733486058384 0.36096602910151265
0.5815395678740374 0.7760167406244448 0.1532091667642341 0.23172671260636482 0.3282125854915584 0.6853283487868016 0.38427624668759947 0.45537421549307605 0.3305486612743964 0.46299013366538544 0.5696036329764976 0.32620009046152637 0.3939895947592646 0.4105959010423731 0.4211733486058384 0.36096602910151265
0.5815395678740374 0.7760167406244448 0.1532091667642341 0.23172671260636482 0.3282125854915584 0.6853283487868016 0.38427624668759947 0.45537421549307605 0.3305486612743964 0.46299013366538544 0.5696036329764976 0.32620009046152637 0.3939895947592646 0.4105959010423731 0.4211733486058384 0.36096602910151265
0.5815395678740374 0.7760167406244448 0.1532091667642341 0.23172671260636482 0.3282125854915584 0.6853283487868016 0.38427624668759947 0.45537421549307605 0.3305486612743964 0.46299013366538544 0.5696036329764976 0.32620009046152637 0.3939895947592646 0.4105959010423731 0.4211733486058384 0.36096602910151265
0.5815395678740374 0.7760167406244448 0.1532091667642341 0.23172671260636482 0.3282125854915584 0.6853283487868016 0.38427624668759947 0.45537421549307605 0.3305486612743964 0.46299013366538544 0.5696036329764976 0.32620009046152637 0.3939895947592646 0.4105959010423731 0.4211733486058384 0.36096602910151265
0.5815395678740374 0.7760167406244448 0.1532091667642341 0.23172671260636482 0.3282125854915584 0.6853283487868016 0.38427624668759947 0.45537421549307605 0.3305486612743964 0.46299013366538544 0.5696036329764976 0.32620009046152637 0.3939895947592646 0.4105959010423731 0.4211733486058384 0.36096602910151265
0.5305153842165444 0.8202990856434933 0.14616653966387286 0.35578175845836646 0.34318930121531355 0.7096345329438942 0.4049887435641934 0.3870880166414141 0.3997262852419208 0.6113105095481578 0.5298962346563809 0.43210430541166683 0.397564232949905 0.3827634907923188 0.40661549325207275 0.340052097652107
0.5305153842165444 0.8202990856434933 0.14616653966387286 0.35578175845836646 0.34318930121531355 0.7096345329438942 0.4049887435641934 0.3870880166414141 0.3997262852419208 0.6113105095481578 0.5298962346563809 0.43210430541166683 0.397564232949905 0.3827634907923188 0.40661549325207275 0.340052097652107
0.5223181783896549 0.8189487981205057 0.11325268060068819 0.33951509350331455 0.3571990300577068 0.7090451235780572 0.4341917410757871 0.4295300887824434 0.4244683827686494 0.6094813168614308 0.49534621687522573 0.4645315541497122 0.3831070185284636 0.44985243922059914 0.46449246557248647 0.44077864294884067
0.4512568518448976 0.8350565114973292 0.11301006991649579 0.5247011428441921 0.43928307619493995 0.644089090694065 0.4448593497844589 0.3569195267536318 0.47521075299918103 0.7085408956600522 0.4307430824283074 0.6070795543615202 0.507851288358812 0.41315997161588836 0.4567199607360396 0.42663309354027057
0.4328722513847136 0.8266810006468648 0.11353680978180983 0.5636187865286735 0.4845201117278738 0.6281296813957159 0.44992750936362874 0.3377276971582086 0.45705349372726556 0.6981221684631006 0.4164768394765769 0.6161228289523429 0.5575539795886184 0.41288200287802757 0.4700876037400109 0.4358106616356696
0.4151227616365885 0.8142303475173827 0.11335214402060034 0.5841077787026797 0.5353044402296561 0.6246666754629557 0.4449203844882731 0.34656467681669945 0.38396468429174396 0.6975129817608087 0.4562873985517105 0.62464242466254 0.5037468865410744 0.3611482124774627 0.46318384927808015 0.4919413286592703
0.3786328590886801 0.7986204146019971 0.11844200272565958 0.6595657739569555 0.5974702988603062 0.5700077275649784 0.44663836519793976 0.32033270599115504 0.3757500589974478 0.643941975181981 0.42412226667799735 0.639178240264933 0.5738400745228103 0.40236589242845267 0.4850201061022043 0.43609572960323706
0.3786328590886801 0.7986204146019971 0.11844200272565958 0.6595657739569555 0.5974702988603062 0.5700077275649784 0.44663836519793976 0.32033270599115504 0.3757500589974478 0.643941975181981 0.42412226667799735 0.639178240264933 0.5738400745228103 0.40236589242845267 0.4850201061022043 0.43609572960323706
0.3615954075196606 0.8035148387059543 0.12983899795517587 0.6982113533967951 0.5653449029908721 0.4951949455539704 0.4313189586944411 0.3539502456543073 0.41678023631618966 0.6219500253404816 0.43600803005120964 0.6251989184124995 0.5465764119774124 0.39098608225868325 0.451069885447767 0.4856503782833964
0.3615954075196606 0.8035148387059543 0.12983899795517587 0.6982113533967951 0.5653449029908721 0.4951949455539704 0.4313189586944411 0.3539502456543073 0.41678023631618966 0.6219500253404816 0.43600803005120964 0.6251989184124995 0.5465764119774124 0.39098608225868325 0.451069885447767 0.4856503782833964
0.36073844796964644 0.7806501598147629 0.12210207755371003 0.6697706689157588 0.6358982698483966 0.564618878294622 0.4442246599412221 0.32000539578923004 0.307429229271567 0.6204558592408421 0.4607110504808032 0.6351792197061739 0.5011231790234536 0.3751399220493424 0.48154617958087714 0.48025489445077874
0.36073844796964644 0.7806501598147629 0.12210207755371003 0.6697706689157588 0.6358982698483966 0.564618878294622 0.4442246599412221 0.32000539578923004 0.307429229271567 0.6204558592408421 0.4607110504808032 0.6351792197061739 0.5011231790234536 0.3751399220493424 0.48154617958087714 0.48025489445077874
0.3788841078616305 0.7837015273344615 0.11920918415119228 0.624769302134826 0.6172388619792214 0.605823971970803 0.4461606267138731 0.3246147966521239 0.28033752513045557 0.645602867159893 0.483727414749481 0.6281748016485283 0.4611733122855235 0.34466734845364855 0.4732112601899043 0.5434365383780101
0.3788841078616305 0.7837015273344615 0.11920918415119228 0.624769302134826 0.6172388619792214 0.605823971970803 0.4461606267138731 0.3246147966521239 0.28033752513045557 0.645602867159893 0.483727414749481 0.6281748016485283 0.4611733122855235 0.34466734845364855 0.4732112601899043 0.5434365383780101
0.39722835051755484 0.7962600927301484 0.1170122188486507 0.5943126736614831 0.5737324112177462 0.6192778261925993 0.4425066792315555 0.3462373666147745 0.3156438545658633 0.6740268658196701 0.49287618235451636 0.6206434041037812 0.4310299910417177 0.3339222420983525 0.45970992275675304 0.5361004935068119
0.39722835051755484 0.7962600927301484 0.1170122188486507 0.5943126736614831 0.5737324112177462 0.6192778261925993 0.4425066792315555 0.3462373666147745 0.3156438545658633 0.6740268658196701 0.49287618235451636 0.6206434041037812 0.4310299910417177 0.3339222420983525 0.45970992275675304 0.5361004935068119
0.4144216400196939 0.7855762064391436 0.11011883376873852 0.54512238532083 0.5966077087166799 0.6722810457438013 0.45356261651766205 0.3445328764521298 0.2827987603055521 0.674120982127334 0.5129736199808854 0.5608850189162066 0.4382442417350126 0.3112196298303759 0.48701363719192575 0.5245455506856673
0.4507006515989116 0.811921972076842 0.10593201907537397 0.4959998466775454 0.5129427021956556 0.6936293043125069 0.4509081621952099 0.36405201624947814 0.36927684930334825 0.7080258252654242 0.49065107912981015 0.5558407648841427 0.4612584460045627 0.33872356894734684 0.47711992070928166 0.471208817742727
0.4588978574258012 0.8132722595998298 0.13884587813855848 0.5122665116325973 0.4989329733532624 0.6942187136783439 0.4217051646836163 0.3216099441084489 0.34453475177661963 0.7098550179521512 0.5252010969109654 0.5234135161460973 0.475715660426004 0.2716346205190665 0.41924294838886794 0.37048227244599324
0.5414576332798475 0.7580971734592892 0.12993462219788054 0.3672734948562135 0.4343778521209751 0.6919926187612838 0.42941168066233587 0.25112860337801235 0.44755049480576403 0.5939216737759558 0.55349441948075 0.37005637170194317 0.5628176350458501 0.4049142617402286 0.5101920997636712 0.42560508576190503
0.5878288194587457 0.7084602262385671 0.11305625243199699 0.2862830777544606 0.40585970138047606 0.6855594410182169 0.45803949808393085 0.22878201986360586 0.4679370889199451 0.522980186488341 0.5987379756548683 0.247039126887208 0.4941476448110512 0.43256228241854966 0.4705784448155553 0.4561491378819135
0.6177328259599284 0.6600860603309185 0.10204839192381226 0.240763780395688 0.41103671307358364 0.6552999014766823 0.4738331610221977 0.20548246784320162 0.4733048056144743 0.47034474724547615 0.6371763334343081 0.17113581204831818 0.4476706444296662 0.43913152472338013 0.42528795925490565 0.5477281080555206
0.6495663242667786 0.6190321737847331 0.10788440892252504 0.1951140526044764 0.39728822078845066 0.5984449513642566 0.4618342406376054 0.18584921552334963 0.4924898434313504 0.3924350686745561 0.636054720709911 0.19462534766925754 0.465285383551906 0.4891543867956637 0.4636406870013534 0.5088072674459118
0.7245942480681035 0.4836838343245663 0.10673662093274233 0.12357117527316003 0.45605722024172457 0.4449645480799764 0.4382007923366719 0.2278203484878769 0.4958359542300245 0.35309395472530003 0.6625048764805623 0.27904475434773346 0.47686750799557426 0.4668840425815825 0.43025083461977875 0.4270323033635788
0.7647984627929004 0.38309127651960795 0.09562249300462103 0.1407848335525823 0.5219497882009425 0.3469928480516482 0.4258245625759786 0.2774352245731226 0.5126076454837721 0.47207772212452753 0.6950814208311177 0.3941684908598593 0.4043930926362265 0.3883355865661087 0.38817645679404505 0.34702635480753397
0.7916406569400158 0.3096351853785536 0.09219805531405847 0.2369897756672689 0.46267791865907915 0.35118619745748664 0.49907510007890643 0.33346278880171926 0.46123803270761465 0.43109470193607374 0.6394324583030149 0.48261536089093665 0.4547085546982127 0.3486644688975343 0.42500250084548746 0.36308974328092275
0.8372030360865305 0.19742958457762322 0.10034879634659458 0.3933095196839694 0.3506420640182512 0.3331183701533169 0.5974995812108245 0.37264765726420745 0.39979235584489614 0.37538228272958496 0.5290358863005835 0.645646997789287 0.4910957019020113 0.2646672517814914 0.45501100669667277 0.3425445232887013
0.8475618067707497 0.16633263248118707 0.101280257557399 0.44117644672510564 0.35441128208264217 0.3409823973327767 0.5821761482283843 0.41468640312213345 0.40041884837423963 0.45018586729407195 0.5427152119619427 0.6507252123971511 0.41766698126174207 0.28716535423462786 0.4945835793991711 0.34547515319683364
0.8475618067707497 0.16633263248118707 0.101280257557399 0.44117644672510564 0.35441128208264217 0.3409823973327767 0.5821761482283843 0.41468640312213345 0.40041884837423963 0.45018586729407195 0.5427152119619427 0.6507252123971511 0.41766698126174207 0.28716535423462786 0.4945835793991711 0.34547515319683364
0.8546619006661396 0.13717427017693046 0.09718946121591357 0.5269501163464875 0.29379333511924033 0.39155002255828886 0.641107192557544 0.4418672765304066 0.3747396929135221 0.40634030486712613 0.5811861378389309 0.6573299071835232 0.4664296519734717 0.28412036317133615 0.4955439985609047 0.299334220223999
0.8731115630302946 0.10341547753227925 0.1324708824626964 0.6210191742725479 0.2687508568274444 0.4411803610446737 0.5967512528967521 0.4540289351002915 0.35922461138238626 0.4506495228571031 0.5719921333569558 0.566725161124323 0.42253542115551557 0.32862754121120374 0.4823417895259164 0.30069044165848835
0.8847328235057638 0.08246697066385689 0.15458175505012425 0.6641048724797575 0.2643932694399423 0.456582975704007 0.5703206728111244 0.45629738229456823 0.3327102457879943 0.4816762779342083 0.5151779553000689 0.5268933137739992 0.4468639253615536 0.36430329322765553 0.5055777381541919 0.40474071447124826
0.8847328235057638 0.08246697066385689 0.15458175505012425 0.6641048724797575 0.2643932694399423 0.456582975704007 0.5703206728111244 0.45629738229456823 0.3327102457879943 0.4816762779342083 0.5151779553000689 0.5268933137739992 0.4468639253615536 0.36430329322765553 0.5055777381541919 0.40474071447124826
0.8847328235057638 0.08246697066385689 0.15458175505012425 0.6641048724797575 0.2643932694399423 0.456582975704007 0.5703206728111244 0.45629738229456823 0.3327102457879943 0.4816762779342083 0.5151779553000689 0.5268933137739992 0.4468639253615536 0.36430329322765553 0.5055777381541919 0.40474071447124826
0.8847328235057638 0.08246697066385689 0.15458175505012425 0.6641048724797575 0.2643932694399423 0.456582975704007 0.5703206728111244 0.45629738229456823 0.3327102457879943 0.4816762779342083 0.5151779553000689 0.5268933137739992 0.4468639253615536 0.36430329322765553 0.5055777381541919 0.40474071447124826
0.8943353770066902 0.06149870943494501 0.17436859155653744 0.7083560814447845 0.285420169005285 0.5040559827941923 0.5590722965608005 0.4646907571424661 0.33883139687602426 0.48938378689787787 0.4634518450948127 0.4413442813348897 0.4578899610240704 0.36402700269251304 0.4879356954053546 0.3904973364792146
0.8943353770066902 0.06149870943494501 0.17436859155653744 0.7083560814447845 0.285420169005285 0.5040559827941923 0.5590722965608005 0.4646907571424661 0.33883139687602426 0.48938378689787787 0.4634518450948127 0.4413442813348897 0.4578899610240704 0.36402700269251304 0.4879356954053546 0.3904973364792146
0.9052537037761725 0.05203205651915843 0.20647280283121383 0.7493911205818348 0.2641656768431956 0.5167677839194316 0.5261629676057208 0.4436667477542865 0.31830330784767774 0.5061678753781953 0.4300276386505572 0.37293526964669355 0.434978438461031 0.38281636960066373 0.5006749175317996 0.43240416213231586
0.906015043400794 0.048624773277541 0.20615409779630717 0.7618929127149082 0.2554823715597859 0.5275924421715088 0.535593984732209 0.4500473397396277 0.3168269319348452 0.4890022839848508 0.44460554347742787 0.3868739954631494 0.4664891276167734 0.3833476585622991 0.4779924216075281 0.4278859021354068
0.906015043400794 0.048624773277541 0.20615409779630717 0.7618929127149082 0.2554823715597859 0.5275924421715088 0.535593984732209 0.4500473397396277 0.3168269319348452 0.4890022839848508 0.44460554347742787 0.3868739954631494 0.4664891276167734 0.3833476585622991 0.4779924216075281 0.4278859021354068
0.9077324172740973 0.042415365119696125 0.20835593623462997 0.7845145438309304 0.25075392640288596 0.5513387111303347 0.5412868131012896 0.46132277956929046 0.33099253637824866 0.4689747311212666 0.4716867456674015 0.40165618419133586 0.4834176087826126 0.4031750210056774 0.42220843055143203 0.42294279152511394
0.9077324172740973 0.042415365119696125 0.20835593623462997 0.7845145438309304 0.25075392640288596 0.5513387111303347 0.5412868131012896 0.46132277956929046 0.33099253637824866 0.4689747311212666 0.4716867456674015 0.40165618419133586 0.4834176087826126 0.4031750210056774 0.42220843055143203 0.42294279152511394
0.9086600895438779 0.03857319702217438 0.20712478774396453 0.7970178564967123 0.24041426900662363 0.5620047999271552 0.5572616401196377 0.46702639377196664 0.32824860465925376 0.4448414870416493 0.4895303747624844 0.42406863714203025 0.5276574215575929 0.39317871897538975 0.40060754938798293 0.4237989402888541
0.9086600895438779 0.03857319702217438 0.20712478774396453 0.7970178564967123 0.24041426900662363 0.5620047999271552 0.5572616401196377 0.46702639377196664 0.32824860465925376 0.4448414870416493 0.4895303747624844 0.42406863714203025 0.5276574215575929 0.39317871897538975 0.40060754938798293 0.4237989402888541
0.9086600895438779 0.03857319702217438 0.20712478774396453 0.7970178564967123 0.24041426900662363 0.5620047999271552 0.5572616401196377 0.46702639377196664 0.32824860465925376 0.4448414870416493 0.4895303747624844 0.42406863714203025 0.5276574215575929 0.39317871897538975 0.40060754938798293 0.4237989402888541
0.9086600895438779 0.03857319702217438 0.20712478774396453 0.7970178564967123 0.24041426900662363 0.5620047999271552 0.5572616401196377 0.46702639377196664 0.32824860465925376 0.4448414870416493 0.4895303747624844 0.42406863714203025 0.5276574215575929 0.39317871897538975 0.40060754938798293 0.4237989402888541
0.9086600895438779 0.03857319702217438 0.20712478774396453 0.7970178564967123 0.24041426900662363 0.5620047999271552 0.5572616401196377 0.46702639377196664 0.32824860465925376 0.4448414870416493 0.4895303747624844 0.42406863714203025 0.5276574215575929 0.39317871897538975 0.40060754938798293 0.4237989402888541
0.9086600895438779 0.03857319702217438 0.20712478774396453 0.7970178564967123 0.24041426900662363 0.5620047999271552 0.5572616401196377 0.46702639377196664 0.32824860465925376 0.4448414870416493 0.4895303747624844 0.42406863714203025 0.5276574215575929 0.39317871897538975 0.40060754938798293 0.4237989402888541
0.9086600895438779 0.03857319702217438 0.20712478774396453 0.7970178564967123 0.24041426900662363 0.5620047999271552 0.5572616401196377 0.46702639377196664 0.32824860465925376 0.4448414870416493 0.4895303747624844 0.42406863714203025 0.5276574215575929 0.39317871897538975 0.40060754938798293 0.4237989402888541
0.9086600895438779 0.03857319702217438 0.20712478774396453 0.7970178564967123 0.24041426900662363 0.5620047999271552 0.5572616401196377 0.46702639377196664 0.32824860465925376 0.4448414870416493 0.4895303747624844 0.42406863714203025 0.5276574215575929 0.39317871897538975 0.40060754938798293 0.4237989402888541
0.9086600895438779 0.03857319702217438 0.20712478774396453 0.7970178564967123 0.24041426900662363 0.5620047999271552 0.5572616401196377 0.46702639377196664 0.32824860465925376 0.4448414870416493 0.4895303747624844 0.42406863714203025 0.5276574215575929 0.39317871897538975 0.40060754938798293 0.4237989402888541
0.9086600895438779 0.03857319702217438 0.20712478774396453 0.7970178564967123 0.24041426900662363 0.5620047999271552 0.5572616401196377 0.46702639377196664 0.32824860465925376 0.4448414870416493 0.4895303747624844 0.42406863714203025 0.5276574215575929 0.39317871897538975 0.40060754938798293 0.4237989402888541
0.9086600895438779 0.03857319702217438 0.20712478774396453 0.7970178564967123 0.24041426900662363 0.5620047999271552 0.5572616401196377 0.46702639377196664 0.32824860465925376 0.4448414870416493 0.4895303747624844 0.42406863714203025 0.5276574215575929 0.39317871897538975 0.40060754938798293 0.4237989402888541
0.8977417627743954 0.048039849937961454 0.17502057646928826 0.7559828173596621 0.26166876116871335 0.5492929988019157 0.5901709690747173 0.4880504031601459 0.34877669368760006 0.42805739856133135 0.5229545812067399 0.4924776488302261 0.5505689441206323 0.3743893520672393 0.38786832726153797 0.38189211463575257
0.8950967166313117 0.05809142619332819 0.17404988652163084 0.7208578735778579 0.27673686372187495 0.51488064104627 0.5685033136872887 0.4710713491278071 0.3373550209631917 0.4722181955045335 0.4780297499216833 0.4552830071513453 0.4894006501798129 0.3645582916541487 0.4652531994810828 0.38597907648230534
0.8847328235057638 0.08246697066385689 0.15458175505012425 0.6641048724797575 0.2643932694399423 0.456582975704007 0.5703206728111244 0.45629738229456823 0.3327102457879943 0.4816762779342083 0.5151779553000689 0.5268933137739992 0.4468639253615536 0.36430329322765553 0.5055777381541919 0.40474071447124826
0.8507787468151903 0.15277416468502109 0.09778032569358341 0.4796322848368392 0.32248256142907794 0.362771566721179 0.6191005786669423 0.43107404886518563 0.38416928645848925 0.413310108046516 0.5513926818043182 0.6683567867078024 0.4699246490677689 0.25870603421147953 0.4746288360991932 0.3362296707095155
0.8287333574667277 0.22880298604218277 0.1024826486047219 0.3212009249744049 0.38755051165279975 0.30464852150177035 0.5598176642598298 0.36247533883466154 0.39865686352493673 0.35799751450812245 0.5071038625103602 0.6532176685125172 0.5752485195432662 0.20553263999314783 0.34597208293653825 0.36119904949484943
0.7972670176307578 0.3043892278593382 0.09991949689190249 0.2736997113222808 0.374886621114342 0.3424089303279726 0.5566367693152109 0.28346395661033896 0.43794186819101627 0.32696068115254995 0.530803018408775 0.5265719728305338 0.49502488037102715 0.2681490132241048 0.36245004334220643 0.386606578476453
0.7286532414859566 0.4539400067195804 0.08965310805509563 0.19250332183270225 0.4016057991300535 0.446878261698284 0.5168655052375699 0.2081252459161169 0.5086630023296912 0.3507151280107357 0.6424701232859045 0.2894616436804368 0.3845132795454922 0.40938147363858485 0.37333239127094925 0.41954363361440816
0.5984995786277918 0.670493590021927 0.09657519866506495 0.31158179618770965 0.4016714925333564 0.6375766678703814 0.4985360051573362 0.17685399863134194 0.5314830051134393 0.5563251948815071 0.6113849843671251 0.2612695646185019 0.3390145226936687 0.4075509407569697 0.3440034288694583 0.4828342123745893
0.4618344934630044 0.7810146268234939 0.09312899929720203 0.5119487176872756 0.49989330542498006 0.6652261994333111 0.4958834325598555 0.26674291479801926 0.4400423609600471 0.6659319897043059 0.4436851015078833 0.5194009203770376 0.509074039128873 0.4109828735610197 0.45321143802179953 0.4891407200010743
0.25382134558564706 0.6557937866390102 0.16695505122617427 0.6752990012526698 0.701584151933121 0.5127859024739723 0.4421047088248471 0.28560567236923384 0.19923860493612872 0.43550274366208513 0.45596264862512637 0.6316837898236769 0.38340680478327194 0.5637397167983891 0.48070644615718666 0.36300264100625484
0.133281409758052 0.5068751457949913 0.23862295339504203 0.593904807221194 0.6066021262743179 0.455030948791094 0.4237168740834727 0.3435576390966322 0.26420336188546256 0.39090882184248843 0.47800966782926313 0.5605290843932267 0.3178241100334619 0.6062959455907037 0.45398157300720815 0.33694886990668793
0.06569585858818128 0.4243030729316774 0.2833565975502361 0.5386479417867811 0.5228048804120259 0.4161193902470599 0.40636730255700537 0.39354874721602195 0.3291952825546751 0.3926196937693303 0.5047835177521118 0.5155052694183444 0.28747150395916266 0.55636704195441 0.4147150871549361 0.4056741129748179
0.01627026507481666 0.3367727983513063 0.31797365496998864 0.4293292777127882 0.4447486840981818 0.471943497629761 0.40827463927295415 0.3995841157171983 0.3868250337484371 0.4767642227103611 0.49404586154630775 0.5299571782722615 0.36576600878125104 0.4832303451725825 0.4222622995522013 0.44466889564496903
1.787459069646502e-14 0.31060958874138106 0.32896039741954675 0.40081096640036395 0.4193145364883874 0.47737548226233056 0.4097789628196036 0.4126908504685616 0.4305997065838672 0.5065036867618902 0.49421496632340334 0.47602108872176285 0.4578608557409041 0.4306125987497412 0.46804824838639697 0.4722072202097198
1.787459069646502e-14 0.31060958874138106 0.32896039741954675 0.40081096640036395 0.4193145364883874 0.47737548226233056 0.4097789628196036 0.4126908504685616 0.4305997065838672 0.5065036867618902 0.49421496632340334 0.47602108872176285 0.4578608557409041 0.4306125987497412 0.46804824838639697 0.4722072202097198
1.787459069646502e-14 0.31060958874138106 0.32896039741954675 0.40081096640036395 0.4193145364883874 0.47737548226233056 0.4097789628196036 0.4126908504685616 0.4305997065838672 0.5065036867618902 0.49421496632340334 0.47602108872176285 0.4578608557409041 0.4306125987497412 0.46804824838639697 0.4722072202097198
1.787459069646502e-14 0.31060958874138106 0.32896039741954675 0.40081096640036395 0.4193145364883874 0.47737548226233056 0.4097789628196036 0.4126908504685616 0.4305997065838672 0.5065036867618902 0.49421496632340334 0.47602108872176285 0.4578608557409041 0.4306125987497412 0.46804824838639697 0.4722072202097198
1.787459069646502e-14 0.31060958874138106 0.32896039741954675 0.40081096640036395 0.4193145364883874 0.47737548226233056 0.4097789628196036 0.4126908504685616 0.4305997065838672 0.5065036867618902 0.49421496632340334 0.47602108872176285 0.4578608557409041 0.4306125987497412 0.46804824838639697 0.4722072202097198
1.787459069646502e-14 0.31060958874138106 0.32896039741954675 0.40081096640036395 0.4193145364883874 0.47737548226233056 0.4097789628196036 0.4126908504685616 0.4305997065838672 0.5065036867618902 0.49421496632340334 0.47602108872176285 0.4578608557409041 0.4306125987497412 0.46804824838639697 0.4722072202097198
1.787459069646502e-14 0.31060958874138106 0.32896039741954675 0.40081096640036395 0.4193145364883874 0.47737548226233056 0.4097789628196036 0.4126908504685616 0.4305997065838672 0.5065036867618902 0.49421496632340334 0.47602108872176285 0.4578608557409041 0.4306125987497412 0.46804824838639697 0.4722072202097198
1.787459069646502e-14 0.31060958874138106 0.32896039741954675 0.40081096640036395 0.4193145364883874 0.47737548226233056 0.4097789628196036 0.4126908504685616 0.4305997065838672 0.5065036867618902 0.49421496632340334 0.47602108872176285 0.4578608557409041 0.4306125987497412 0.46804824838639697 0.4722072202097198
1.787459069646502e-14 0.31060958874138106 0.32896039741954675 0.40081096640036395 0.4193145364883874 0.47737548226233056 0.4097789628196036 0.4126908504685616 0.4305997065838672 0.5065036867618902 0.49421496632340334 0.47602108872176285 0.4578608557409041 0.4306125987497412 0.46804824838639697 0.4722072202097198
1.787459069646502e-14 0.31060958874138106 0.32896039741954675 0.40081096640036395 0.4193145364883874 0.47737548226233056 0.4097789628196036 0.4126908504685616 0.4305997065838672 0.5065036867618902 0.49421496632340334 0.47602108872176285 0.4578608557409041 0.4306125987497412 0.46804824838639697 0.4722072202097198
1.787459069646502e-14 0.31060958874138106 0.32896039741954675 0.40081096640036395 0.4193145364883874 0.47737548226233056 0.4097789628196036 0.4126908504685616 0.4305997065838672 0.5065036867618902 0.49421496632340334 0.47602108872176285 0.4578608557409041 0.4306125987497412 0.46804824838639697 0.4722072202097198
1.787459069646502e-14 0.31060958874138106 0.32896039741954675 0.40081096640036395 0.4193145364883874 0.47737548226233056 0.4097789628196036 0.4126908504685616 0.4305997065838672 0.5065036867618902 0.49421496632340334 0.47602108872176285 0.4578608557409041 0.4306125987497412 0.46804824838639697 0.4722072202097198
1.787459069646502e-14 0.31060958874138106 0.32896039741954675 0.40081096640036395 0.4193145364883874 0.47737548226233056 0.4097789628196036 0.4126908504685616 0.4305997065838672 0.5065036867618902 0.49421496632340334 0.47602108872176285 0.4578608557409041 0.4306125987497412 0.46804824838639697 0.4722072202097198
1.787459069646502e-14 0.31060958874138106 0.32896039741954675 0.40081096640036395 0.4193145364883874 0.47737548226233056 0.4097789628196036 0.4126908504685616 0.4305997065838672 0.5065036867618902 0.49421496632340334 0.47602108872176285 0.4578608557409041 0.4306125987497412 0.46804824838639697 0.4722072202097198
1.787459069646502e-14 0.31060958874138106 0.32896039741954675 0.40081096640036395 0.4193145364883874 0.47737548226233056 0.4097789628196036 0.4126908504685616 0.4305997065838672 0.5065036867618902 0.49421496632340334 0.47602108872176285 0.4578608557409041 0.4306125987497412 0.46804824838639697 0.4722072202097198
1.787459069646502e-14 0.31060958874138106 0.32896039741954675 0.40081096640036395 0.4193145364883874 0.47737548226233056 0.4097789628196036 0.4126908504685616 0.4305997065838672 0.5065036867618902 0.49421496632340334 0.47602108872176285 0.4578608557409041 0.4306125987497412 0.46804824838639697 0.4722072202097198
1.787459069646502e-14 0.31060958874138106 0.32896039741954675 0.40081096640036395 0.4193145364883874 0.47737548226233056 0.4097789628196036 0.4126908504685616 0.4305997065838672 0.5065036867618902 0.49421496632340334 0.47602108872176285 0.4578608557409041 0.4306125987497412 0.46804824838639697 0.4722072202097198
1.787459069646502e-14 0.31060958874138106 0.32896039741954675 0.40081096640036395 0.4193145364883874 0.47737548226233056 0.4097789628196036 0.4126908504685616 0.4305997065838672 0.5065036867618902 0.49421496632340334 0.47602108872176285 0.4578608557409041 0.4306125987497412 0.46804824838639697 0.4722072202097198
1.787459069646502e-14 0.31060958874138106 0.32896039741954675 0.40081096640036395 0.4193145364883874 0.47737548226233056 0.4097789628196036 0.4126908504685616 0.4305997065838672 0.5065036867618902 0.49421496632340334 0.47602108872176285 0.4578608557409041 0.4306125987497412 0.46804824838639697 0.4722072202097198
1.787459069646502e-14 0.31060958874138106 0.32896039741954675 0.40081096640036395 0.4193145364883874 0.47737548226233056 0.4097789628196036 0.4126908504685616 0.4305997065838672 0.5065036867618902 0.49421496632340334 0.47602108872176285 0.4578608557409041 0.4306125987497412 0.46804824838639697 0.4722072202097198
1.787459069646502e-14 0.31060958874138106 0.32896039741954675 0.40081096640036395 0.4193145364883874 0.47737548226233056 0.4097789628196036 0.4126908504685616 0.4305997065838672 0.5065036867618902 0.49421496632340334 0.47602108872176285 0.4578608557409041 0.4306125987497412 0.46804824838639697 0.4722072202097198
1.787459069646502e-14 0.31060958874138106 0.32896039741954675 0.40081096640036395 0.4193145364883874 0.47737548226233056 0.4097789628196036 0.4126908504685616 0.4305997065838672 0.5065036867618902 0.49421496632340334 0.47602108872176285 0.4578608557409041 0.4306125987497412 0.46804824838639697 0.4722072202097198
1.787459069646502e-14 0.31060958874138106 0.32896039741954675 0.40081096640036395 0.4193145364883874 0.47737548226233056 0.4097789628196036 0.4126908504685616 0.4305997065838672 0.5065036867618902 0.49421496632340334 0.47602108872176285 0.4578608557409041 0.4306125987497412 0.46804824838639697 0.4722072202097198
1.787459069646502e-14 0.31060958874138106 0.32896039741954675 0.40081096640036395 0.4193145364883874 0.47737548226233056 0.4097789628196036 0.4126908504685616 0.4305997065838672 0.5065036867618902 0.49421496632340334 0.47602108872176285 0.4578608557409041 0.4306125987497412 0.46804824838639697 0.4722072202097198
1.787459069646502e-14 0.31060958874138106 0.32896039741954675 0.40081096640036395 0.4193145364883874 0.47737548226233056 0.4097789628196036 0.4126908504685616 0.4305997065838672 0.5065036867618902 0.49421496632340334 0.47602108872176285 0.4578608557409041 0.4306125987497412 0.46804824838639697 0.4722072202097198
1.787459069646502e-14 0.31060958874138106 0.32896039741954675 0.40081096640036395 0.4193145364883874 0.47737548226233056 0.4097789628196036 0.4126908504685616 0.4305997065838672 0.5065036867618902 0.49421496632340334 0.47602108872176285 0.4578608557409041 0.4306125987497412 0.46804824838639697 0.4722072202097198
1.787459069646502e-14 0.31060958874138106 0.32896039741954675 0.40081096640036395 0.4193145364883874 0.47737548226233056 0.4097789628196036 0.4126908504685616 0.4305997065838672 0.5065036867618902 0.49421496632340334 0.47602108872176285 0.4578608557409041 0.4306125987497412 0.46804824838639697 0.4722072202097198
1.787459069646502e-14 0.31060958874138106 0.32896039741954675 0.40081096640036395 0.4193145364883874 0.47737548226233056 0.4097789628196036 0.4126908504685616 0.4305997065838672 0.5065036867618902 0.49421496632340334 0.47602108872176285 0.4578608557409041 0.4306125987497412 0.46804824838639697 0.4722072202097198
1.787459069646502e-14 0.31060958874138106 0.32896039741954675 0.40081096640036395 0.4193145364883874 0.47737548226233056 0.4097789628196036 0.4126908504685616 0.4305997065838672 0.5065036867618902 0.49421496632340334 0.47602108872176285 0.4578608557409041 0.4306125987497412 0.46804824838639697 0.4722072202097198
1.787459069646502e-14 0.31060958874138106 0.32896039741954675 0.40081096640036395 0.4193145364883874 0.47737548226233056 0.4097789628196036 0.4126908504685616 0.4305997065838672 0.5065036867618902 0.49421496632340334 0.47602108872176285 0.4578608557409041 0.4306125987497412 0.46804824838639697 0.4722072202097198
1.787459069646502e-14 0.31060958874138106 0.32896039741954675 0.40081096640036395 0.4193145364883874 0.47737548226233056 0.4097789628196036 0.4126908504685616 0.4305997065838672 0.5065036867618902 0.49421496632340334 0.47602108872176285 0.4578608557409041 0.4306125987497412 0.46804824838639697 0.4722072202097198
1.787459069646502e-14 0.31060958874138106 0.32896039741954675 0.40081096640036395 0.4193145364883874 0.47737548226233056 0.4097789628196036 0.4126908504685616 0.4305997065838672 0.5065036867618902 0.49421496632340334 0.47602108872176285 0.4578608557409041 0.4306125987497412 0.46804824838639697 0.4722072202097198
1.787459069646502e-14 0.31060958874138106 0.32896039741954675 0.40081096640036395 0.4193145364883874 0.47737548226233056 0.4097789628196036 0.4126908504685616 0.4305997065838672 0.5065036867618902 0.49421496632340334 0.47602108872176285 0.4578608557409041 0.4306125987497412 0.46804824838639697 0.4722072202097198
]