Naoki.g_a_s.2077 [ 1.787459069646502e-14 0.31060958874138106 0.32896039741954675 0.40081096640036395 0.4193145364883874 0.47737548226233056 0.4097789628196036 0.4126908504685616 0.4305997065838672 0.5065036867618902 0.49421496632340334 0.47602108872176285 0.4578608557409041 0.4306125987497412 0.46804824838639697 0.4722072202097198
1.787459069646502e-14 0.31060958874138106 0.32896039741954675 0.40081096640036395 0.4193145364883874 0.47737548226233056 0.4097789628196036 0.4126908504685616 0.4305997065838672 0.5065036867618902 0.49421496632340334 0.47602108872176285 0.4578608557409041 0.4306125987497412 0.46804824838639697 0.4722072202097198
1.787459069646502e-14 0.31060958874138106 0.32896039741954675 0.40081096640036395 0.4193145364883874 0.47737548226233056 0.4097789628196036 0.4126908504685616 0.4305997065838672 0.5065036867618902 0.49421496632340334 0.47602108872176285 0.4578608557409041 0.4306125987497412 0.46804824838639697 0.4722072202097198
1.787459069646502e-14 0.31060958874138106 0.32896039741954675 0.40081096640036395 0.4193145364883874 0.47737548226233056 0.4097789628196036 0.4126908504685616 0.4305997065838672 0.5065036867618902 0.49421496632340334 0.47602108872176285 0.4578608557409041 0.4306125987497412 0.46804824838639697 0.4722072202097198
1.787459069646502e-14 0.31060958874138106 0.32896039741954675 0.40081096640036395 0.4193145364883874 0.47737548226233056 0.4097789628196036 0.4126908504685616 0.4305997065838672 0.5065036867618902 0.49421496632340334 0.47602108872176285 0.4578608557409041 0.4306125987497412 0.46804824838639697 0.4722072202097198
1.787459069646502e-14 0.31060958874138106 0.32896039741954675 0.40081096640036395 0.4193145364883874 0.47737548226233056 0.4097789628196036 0.4126908504685616 0.4305997065838672 0.5065036867618902 0.49421496632340334 0.47602108872176285 0.4578608557409041 0.4306125987497412 0.46804824838639697 0.4722072202097198
1.787459069646502e-14 0.31060958874138106 0.32896039741954675 0.40081096640036395 0.4193145364883874 0.47737548226233056 0.4097789628196036 0.4126908504685616 0.4305997065838672 0.5065036867618902 0.49421496632340334 0.47602108872176285 0.4578608557409041 0.4306125987497412 0.46804824838639697 0.4722072202097198
1.787459069646502e-14 0.31060958874138106 0.32896039741954675 0.40081096640036395 0.4193145364883874 0.47737548226233056 0.4097789628196036 0.4126908504685616 0.4305997065838672 0.5065036867618902 0.49421496632340334 0.47602108872176285 0.4578608557409041 0.4306125987497412 0.46804824838639697 0.4722072202097198
1.787459069646502e-14 0.31060958874138106 0.32896039741954675 0.40081096640036395 0.4193145364883874 0.47737548226233056 0.4097789628196036 0.4126908504685616 0.4305997065838672 0.5065036867618902 0.49421496632340334 0.47602108872176285 0.4578608557409041 0.4306125987497412 0.46804824838639697 0.4722072202097198
1.787459069646502e-14 0.31060958874138106 0.32896039741954675 0.40081096640036395 0.4193145364883874 0.47737548226233056 0.4097789628196036 0.4126908504685616 0.4305997065838672 0.5065036867618902 0.49421496632340334 0.47602108872176285 0.4578608557409041 0.4306125987497412 0.46804824838639697 0.4722072202097198
1.787459069646502e-14 0.31060958874138106 0.32896039741954675 0.40081096640036395 0.4193145364883874 0.47737548226233056 0.4097789628196036 0.4126908504685616 0.4305997065838672 0.5065036867618902 0.49421496632340334 0.47602108872176285 0.4578608557409041 0.4306125987497412 0.46804824838639697 0.4722072202097198
1.787459069646502e-14 0.31060958874138106 0.32896039741954675 0.40081096640036395 0.4193145364883874 0.47737548226233056 0.4097789628196036 0.4126908504685616 0.4305997065838672 0.5065036867618902 0.49421496632340334 0.47602108872176285 0.4578608557409041 0.4306125987497412 0.46804824838639697 0.4722072202097198
1.787459069646502e-14 0.31060958874138106 0.32896039741954675 0.40081096640036395 0.4193145364883874 0.47737548226233056 0.4097789628196036 0.4126908504685616 0.4305997065838672 0.5065036867618902 0.49421496632340334 0.47602108872176285 0.4578608557409041 0.4306125987497412 0.46804824838639697 0.4722072202097198
1.787459069646502e-14 0.31060958874138106 0.32896039741954675 0.40081096640036395 0.4193145364883874 0.47737548226233056 0.4097789628196036 0.4126908504685616 0.4305997065838672 0.5065036867618902 0.49421496632340334 0.47602108872176285 0.4578608557409041 0.4306125987497412 0.46804824838639697 0.4722072202097198
1.787459069646502e-14 0.31060958874138106 0.32896039741954675 0.40081096640036395 0.4193145364883874 0.47737548226233056 0.4097789628196036 0.4126908504685616 0.4305997065838672 0.5065036867618902 0.49421496632340334 0.47602108872176285 0.4578608557409041 0.4306125987497412 0.46804824838639697 0.4722072202097198
1.787459069646502e-14 0.31060958874138106 0.32896039741954675 0.40081096640036395 0.4193145364883874 0.47737548226233056 0.4097789628196036 0.4126908504685616 0.4305997065838672 0.5065036867618902 0.49421496632340334 0.47602108872176285 0.4578608557409041 0.4306125987497412 0.46804824838639697 0.4722072202097198
1.787459069646502e-14 0.31060958874138106 0.32896039741954675 0.40081096640036395 0.4193145364883874 0.47737548226233056 0.4097789628196036 0.4126908504685616 0.4305997065838672 0.5065036867618902 0.49421496632340334 0.47602108872176285 0.4578608557409041 0.4306125987497412 0.46804824838639697 0.4722072202097198
1.787459069646502e-14 0.31060958874138106 0.32896039741954675 0.40081096640036395 0.4193145364883874 0.47737548226233056 0.4097789628196036 0.4126908504685616 0.4305997065838672 0.5065036867618902 0.49421496632340334 0.47602108872176285 0.4578608557409041 0.4306125987497412 0.46804824838639697 0.4722072202097198
1.787459069646502e-14 0.31060958874138106 0.32896039741954675 0.40081096640036395 0.4193145364883874 0.47737548226233056 0.4097789628196036 0.4126908504685616 0.4305997065838672 0.5065036867618902 0.49421496632340334 0.47602108872176285 0.4578608557409041 0.4306125987497412 0.46804824838639697 0.4722072202097198
1.787459069646502e-14 0.31060958874138106 0.32896039741954675 0.40081096640036395 0.4193145364883874 0.47737548226233056 0.4097789628196036 0.4126908504685616 0.4305997065838672 0.5065036867618902 0.49421496632340334 0.47602108872176285 0.4578608557409041 0.4306125987497412 0.46804824838639697 0.4722072202097198
1.787459069646502e-14 0.31060958874138106 0.32896039741954675 0.40081096640036395 0.4193145364883874 0.47737548226233056 0.4097789628196036 0.4126908504685616 0.4305997065838672 0.5065036867618902 0.49421496632340334 0.47602108872176285 0.4578608557409041 0.4306125987497412 0.46804824838639697 0.4722072202097198
1.787459069646502e-14 0.31060958874138106 0.32896039741954675 0.40081096640036395 0.4193145364883874 0.47737548226233056 0.4097789628196036 0.4126908504685616 0.4305997065838672 0.5065036867618902 0.49421496632340334 0.47602108872176285 0.4578608557409041 0.4306125987497412 0.46804824838639697 0.4722072202097198
1.787459069646502e-14 0.31060958874138106 0.32896039741954675 0.40081096640036395 0.4193145364883874 0.47737548226233056 0.4097789628196036 0.4126908504685616 0.4305997065838672 0.5065036867618902 0.49421496632340334 0.47602108872176285 0.4578608557409041 0.4306125987497412 0.46804824838639697 0.4722072202097198
1.787459069646502e-14 0.31060958874138106 0.32896039741954675 0.40081096640036395 0.4193145364883874 0.47737548226233056 0.4097789628196036 0.4126908504685616 0.4305997065838672 0.5065036867618902 0.49421496632340334 0.47602108872176285 0.4578608557409041 0.4306125987497412 0.46804824838639697 0.4722072202097198
1.787459069646502e-14 0.31060958874138106 0.32896039741954675 0.40081096640036395 0.4193145364883874 0.47737548226233056 0.4097789628196036 0.4126908504685616 0.4305997065838672 0.5065036867618902 0.49421496632340334 0.47602108872176285 0.4578608557409041 0.4306125987497412 0.46804824838639697 0.4722072202097198
1.787459069646502e-14 0.31060958874138106 0.32896039741954675 0.40081096640036395 0.4193145364883874 0.47737548226233056 0.4097789628196036 0.4126908504685616 0.4305997065838672 0.5065036867618902 0.49421496632340334 0.47602108872176285 0.4578608557409041 0.4306125987497412 0.46804824838639697 0.4722072202097198
1.787459069646502e-14 0.31060958874138106 0.32896039741954675 0.40081096640036395 0.4193145364883874 0.47737548226233056 0.4097789628196036 0.4126908504685616 0.4305997065838672 0.5065036867618902 0.49421496632340334 0.47602108872176285 0.4578608557409041 0.4306125987497412 0.46804824838639697 0.4722072202097198
1.787459069646502e-14 0.31060958874138106 0.32896039741954675 0.40081096640036395 0.4193145364883874 0.47737548226233056 0.4097789628196036 0.4126908504685616 0.4305997065838672 0.5065036867618902 0.49421496632340334 0.47602108872176285 0.4578608557409041 0.4306125987497412 0.46804824838639697 0.4722072202097198
1.787459069646502e-14 0.31060958874138106 0.32896039741954675 0.40081096640036395 0.4193145364883874 0.47737548226233056 0.4097789628196036 0.4126908504685616 0.4305997065838672 0.5065036867618902 0.49421496632340334 0.47602108872176285 0.4578608557409041 0.4306125987497412 0.46804824838639697 0.4722072202097198
1.787459069646502e-14 0.31060958874138106 0.32896039741954675 0.40081096640036395 0.4193145364883874 0.47737548226233056 0.4097789628196036 0.4126908504685616 0.4305997065838672 0.5065036867618902 0.49421496632340334 0.47602108872176285 0.4578608557409041 0.4306125987497412 0.46804824838639697 0.4722072202097198
1.787459069646502e-14 0.31060958874138106 0.32896039741954675 0.40081096640036395 0.4193145364883874 0.47737548226233056 0.4097789628196036 0.4126908504685616 0.4305997065838672 0.5065036867618902 0.49421496632340334 0.47602108872176285 0.4578608557409041 0.4306125987497412 0.46804824838639697 0.4722072202097198
1.787459069646502e-14 0.31060958874138106 0.32896039741954675 0.40081096640036395 0.4193145364883874 0.47737548226233056 0.4097789628196036 0.4126908504685616 0.4305997065838672 0.5065036867618902 0.49421496632340334 0.47602108872176285 0.4578608557409041 0.4306125987497412 0.46804824838639697 0.4722072202097198
1.787459069646502e-14 0.31060958874138106 0.32896039741954675 0.40081096640036395 0.4193145364883874 0.47737548226233056 0.4097789628196036 0.4126908504685616 0.4305997065838672 0.5065036867618902 0.49421496632340334 0.47602108872176285 0.4578608557409041 0.4306125987497412 0.46804824838639697 0.4722072202097198
1.787459069646502e-14 0.31060958874138106 0.32896039741954675 0.40081096640036395 0.4193145364883874 0.47737548226233056 0.4097789628196036 0.4126908504685616 0.4305997065838672 0.5065036867618902 0.49421496632340334 0.47602108872176285 0.4578608557409041 0.4306125987497412 0.46804824838639697 0.4722072202097198
1.787459069646502e-14 0.31060958874138106 0.32896039741954675 0.40081096640036395 0.4193145364883874 0.47737548226233056 0.4097789628196036 0.4126908504685616 0.4305997065838672 0.5065036867618902 0.49421496632340334 0.47602108872176285 0.4578608557409041 0.4306125987497412 0.46804824838639697 0.4722072202097198
1.787459069646502e-14 0.31060958874138106 0.32896039741954675 0.40081096640036395 0.4193145364883874 0.47737548226233056 0.4097789628196036 0.4126908504685616 0.4305997065838672 0.5065036867618902 0.49421496632340334 0.47602108872176285 0.4578608557409041 0.4306125987497412 0.46804824838639697 0.4722072202097198
1.787459069646502e-14 0.31060958874138106 0.32896039741954675 0.40081096640036395 0.4193145364883874 0.47737548226233056 0.4097789628196036 0.4126908504685616 0.4305997065838672 0.5065036867618902 0.49421496632340334 0.47602108872176285 0.4578608557409041 0.4306125987497412 0.46804824838639697 0.4722072202097198
1.787459069646502e-14 0.31060958874138106 0.32896039741954675 0.40081096640036395 0.4193145364883874 0.47737548226233056 0.4097789628196036 0.4126908504685616 0.4305997065838672 0.5065036867618902 0.49421496632340334 0.47602108872176285 0.4578608557409041 0.4306125987497412 0.46804824838639697 0.4722072202097198
0.03306382029171162 0.3688488990666088 0.30691972238440135 0.46996761597387976 0.46135493573958003 0.43451046033682084 0.4122576188432279 0.4234424366686696 0.4304357454290416 0.4754835565744421 0.5017016151746075 0.4119331468191753 0.4941508991850638 0.4331289766438099 0.5046549069679087 0.47481478138752675
0.049418793014756934 0.3987714095697693 0.2951634879678417 0.5096495434251187 0.4883896108936426 0.410515089093437 0.41144197247788666 0.4260261574124738 0.41933235464488966 0.4452198079681571 0.5064945184161355 0.3846125753886935 0.4909878715107783 0.4483137933169652 0.5149333757252711 0.47018190217723643
0.18796707493191758 0.5941937553130989 0.2305355341928078 0.6291603983728605 0.45548439603340846 0.342185199706833 0.41672141107600785 0.4543159338145517 0.6272366945027191 0.4851756710427143 0.43131147142408166 0.28435782345607347 0.7577507110176853 0.4505154967545183 0.5726962752197392 0.4017578445291018
0.3429955158613094 0.7929740943935513 0.28115744037333246 0.6079428472375414 0.32258896367767426 0.27806313177470865 0.4578764703014312 0.4881101222067466 0.6802172193511498 0.601432761469799 0.5668587599456919 0.4101100988011492 0.5941742113295709 0.45452103062944194 0.6300517774007102 0.36186124835284417
0.5143553729429391 0.9347224310710625 0.7139401575953431 0.49508792215612224 0.3873471647766838 0.22412699723973517 0.7007104001500992 0.5283733226568382 0.7240370826903924 0.41306337034566876 0.530104776856135 0.47735633893700374 0.25732341467015374 0.5681843211579285 0.641362249897691 0.38686925855970894
0.6620644197336598 0.8717211964437999 0.8224739967198065 0.3880342344826194 0.37141134246393287 0.3352307658780471 0.6920649319752035 0.5552193471215089 0.4767753671842869 0.4892695133556721 0.36816499172743855 0.4940779878626782 0.2613704361351421 0.5728685739168783 0.4641538089957362 0.8076955743321448
0.7375832864862188 0.7908397276179799 0.9073496981347868 0.3500878729077346 0.5129469173062072 0.4851665661622169 0.6368649129941044 0.5972308588594724 0.42781849210704276 0.4120003737623572 0.3748007826323741 0.2523128631052015 0.3657082086082196 0.4173029263233053 0.34840641622541235 0.6551374135089686
0.7753953615705211 0.7589564322951232 0.9179179697739508 0.30350777990619726 0.5829176636864394 0.5550533178188479 0.6228672011787794 0.5990153635308092 0.37780387235445045 0.4392430634432541 0.4607503882813373 0.3189086698835477 0.49047603010258556 0.49711078211269866 0.3144174602612625 0.6723446828107225
0.8163763106203146 0.6530875570770323 0.9011816176827832 0.3321911337035314 0.6569386422799368 0.5078214019512133 0.48997328734681067 0.6722901321106527 0.4148454794405231 0.44776786547272684 0.4333748504220122 0.5810344066611522 0.47797493038348443 0.34446964219928017 0.36264748208039077 0.6311829853659585
0.8404931280578076 0.6086918984676708 0.8661048046763486 0.357586686728289 0.713536746248014 0.624642346535931 0.46768129706035383 0.6697199610072982 0.41945601994776344 0.4826409673865792 0.37866843401711947 0.6226286747786667 0.35642771876927765 0.3762998427759664 0.5255518870589702 0.4496924885464771
0.8657035048087602 0.5123392233403237 0.807836216396641 0.40059478890089384 0.7635797037346472 0.6565863326359478 0.3176737811656964 0.6348638390928417 0.5333180435574235 0.4046083127019963 0.45641121956022734 0.7530626276308385 0.3386041196724398 0.2521840489344172 0.5707984757405887 0.38621938153311236
0.8852796593617112 0.46509922642477086 0.7998416518960194 0.41860737547644755 0.7661873747219105 0.6525980625126423 0.30406424358927175 0.6072895394236903 0.5314362236240942 0.441816286489934 0.48158532454885966 0.6652084550306541 0.3676566363603723 0.3247688549518697 0.695477594339204 0.37014066849905974
0.882358429991632 0.4393140813890266 0.7568253157737803 0.46366253406371905 0.7552705325652939 0.7130954274886907 0.21038410574878985 0.6104751300943226 0.5676482555049439 0.39932818723059815 0.5223880867023318 0.7057843424958646 0.4037460305218845 0.36250205359529286 0.5880198427250483 0.3984133332266375
0.8738227348261269 0.4266335805017554 0.6941106001215815 0.4694714972300586 0.6769108474581849 0.668042595906672 0.12463497092781545 0.5673207597822593 0.4806234939029222 0.45808178267945965 0.5348988742373363 0.6437283095480691 0.48879327389049254 0.38416479614006593 0.6172220123022184 0.3483492635485206
0.8600809448512126 0.38745378850272405 0.583731993915666 0.5033991382083726 0.6245472193286955 0.6899973984555139 0.026127539387502563 0.5680743801456034 0.45723701043908965 0.4827584994916321 0.5237530918360626 0.5768968592921341 0.5458348588765257 0.4907066982201733 0.5297635030683889 0.3753397796774066
0.8727090718589152 0.355852666613638 0.5646624598078055 0.4946898266889372 0.6129004362698376 0.6597181818540657 0.028705581724920548 0.48565011888912457 0.4493904864308917 0.49058853643911626 0.5527876748388467 0.5153968850750312 0.633807825388213 0.5254565693033842 0.5756221733954938 0.4004743122094546
0.8855503968261614 0.3209406573684709 0.5552890278301499 0.49912009411811303 0.6263068218753146 0.6271275300929856 0.048141776204270625 0.4440123293994568 0.4929143819326283 0.5014826790847315 0.5692980216393035 0.5195470552759645 0.5809848185743118 0.5153623921790599 0.538365514693048 0.4050745063597245
0.8637427849036086 0.30083198620454377 0.43444540952589167 0.48146088628135464 0.5797852955950137 0.5873055240151238 0.06912012509655174 0.4995486358448788 0.4650790290280075 0.5648799411419505 0.5128578394341803 0.490908977664129 0.5966294784781634 0.7023709086428094 0.6122252261126447 0.4963198233412579
0.8706125249571468 0.2563979778533625 0.3861322173746274 0.4752746945129082 0.6050745278450764 0.5823443638727305 0.0968535028237914 0.4595624465850781 0.516747876092765 0.5410174999978178 0.46822225164252307 0.44095201222328295 0.5409055899831426 0.6845873605945438 0.5212842361293156 0.6069297066114965
0.8767911676863961 0.21047458341128755 0.34033476120828443 0.48647258508818714 0.6176846323772676 0.545665573975567 0.1293214073858932 0.4655041429045169 0.5278710198640333 0.6064273836744201 0.45034339739391754 0.41891912799393466 0.45760787414351844 0.6634864954086059 0.4441944122905506 0.6006116881201828
0.8795603508613936 0.18336214536028017 0.2816742439027321 0.4738634229274429 0.5445501761151262 0.4578928124299478 0.18685475421492545 0.3856010800551728 0.5035535564585467 0.6350827301491975 0.4535611358018047 0.3826822406441363 0.40060517412287383 0.6944726237625234 0.462110614904808 0.6606837071415762
0.8795603508613936 0.18336214536028017 0.2816742439027321 0.4738634229274429 0.5445501761151262 0.4578928124299478 0.18685475421492545 0.3856010800551728 0.5035535564585467 0.6350827301491975 0.4535611358018047 0.3826822406441363 0.40060517412287383 0.6944726237625234 0.462110614904808 0.6606837071415762
0.8848829656829429 0.16262820937959205 0.2785352250724784 0.5265843887545857 0.5096904376847206 0.48475133091291894 0.22728223108950404 0.40077616570086955 0.4958421704729141 0.6136742054846368 0.4723753094708665 0.39485815779883626 0.4031736741024594 0.7045503091258356 0.49905423383467745 0.6525412748461998
0.8912469695256374 0.13843027609955427 0.27604045978078934 0.5844278557487409 0.47571300782701353 0.5081518304698964 0.2614611016044781 0.41216104422777095 0.4884394868627556 0.6155917391231042 0.4841706294344037 0.39274314423155776 0.3687100242876457 0.7251479155277183 0.5511947953649646 0.6327836984481103
0.8912469695256374 0.13843027609955427 0.27604045978078934 0.5844278557487409 0.47571300782701353 0.5081518304698964 0.2614611016044781 0.41216104422777095 0.4884394868627556 0.6155917391231042 0.4841706294344037 0.39274314423155776 0.3687100242876457 0.7251479155277183 0.5511947953649646 0.6327836984481103
0.8912469695256374 0.13843027609955427 0.27604045978078934 0.5844278557487409 0.47571300782701353 0.5081518304698964 0.2614611016044781 0.41216104422777095 0.4884394868627556 0.6155917391231042 0.4841706294344037 0.39274314423155776 0.3687100242876457 0.7251479155277183 0.5511947953649646 0.6327836984481103
0.8951301233765863 0.12283038159146359 0.2754495953031194 0.6317456872583893 0.4470237815171759 0.5369302863070063 0.28346771549508 0.42295427189299184 0.4790098933177885 0.6086219359437144 0.5139640854690164 0.3817162647072786 0.3652150271933484 0.7505622444875748 0.5721099578266763 0.5958882479625937
0.8951301233765863 0.12283038159146359 0.2754495953031194 0.6317456872583893 0.4470237815171759 0.5369302863070063 0.28346771549508 0.42295427189299184 0.4790098933177885 0.6086219359437144 0.5139640854690164 0.3817162647072786 0.3652150271933484 0.7505622444875748 0.5721099578266763 0.5958882479625937
0.8951301233765863 0.12283038159146359 0.2754495953031194 0.6317456872583893 0.4470237815171759 0.5369302863070063 0.28346771549508 0.42295427189299184 0.4790098933177885 0.6086219359437144 0.5139640854690164 0.3817162647072786 0.3652150271933484 0.7505622444875748 0.5721099578266763 0.5958882479625937
0.8951301233765863 0.12283038159146359 0.2754495953031194 0.6317456872583893 0.4470237815171759 0.5369302863070063 0.28346771549508 0.42295427189299184 0.4790098933177885 0.6086219359437144 0.5139640854690164 0.3817162647072786 0.3652150271933484 0.7505622444875748 0.5721099578266763 0.5958882479625937
0.8951301233765863 0.12283038159146359 0.2754495953031194 0.6317456872583893 0.4470237815171759 0.5369302863070063 0.28346771549508 0.42295427189299184 0.4790098933177885 0.6086219359437144 0.5139640854690164 0.3817162647072786 0.3652150271933484 0.7505622444875748 0.5721099578266763 0.5958882479625937
0.8824682841956124 0.14465838773647688 0.23613856012019602 0.5463078749728266 0.4342535038491327 0.4425638770389929 0.3191584806990392 0.40160870775269736 0.4226171303245935 0.636806918826563 0.3986703102753483 0.29202341856901187 0.30513146754972886 0.607114334365799 0.5598549073817431 0.5119241931538896
0.8459399416319164 0.20039368521529943 0.15229351034145513 0.3780229609276151 0.4891596349933395 0.3573183802497976 0.35593871185248055 0.43832798260537054 0.45168435559237646 0.615682234552312 0.47447063020276914 0.4958443883717352 0.36853392770251886 0.6093871925840351 0.5448566664980137 0.5791091041535599
0.7070611086811307 0.5314760429143494 0.1182804746698696 0.10390792793937592 0.4349438868511992 0.457618086878288 0.39943446290031587 0.3595497814928478 0.4298274655007006 0.33106551244769794 0.5433870297322344 0.3938228752136747 0.5378722760081508 0.5188811367851939 0.5720995363918854 0.4665828660466439
0.6943835932271367 0.5648664563433388 0.13090320806227218 0.10252542338146386 0.42958097906075826 0.48430171515187853 0.3735990241376973 0.42034407792287454 0.3819132988487416 0.33520671205430785 0.5311450722264568 0.41825660277422577 0.5789123648042198 0.5076776342385698 0.6146919661879929 0.4305057293937424
0.5716952754334255 0.7653394431098994 0.11994693116117808 0.24053345127930073 0.3383678077934832 0.661497981309163 0.4172328006840261 0.42405530240356587 0.40791749008506334 0.4592566311809345 0.5117639731799374 0.4043086247590459 0.4221327657971024 0.5211889410934002 0.5105816982858477 0.4898754803598769
0.5223181783896549 0.8189487981205057 0.11325268060068819 0.33951509350331455 0.3571990300577068 0.7090451235780572 0.4341917410757871 0.4295300887824434 0.4244683827686494 0.6094813168614308 0.49534621687522573 0.4645315541497122 0.3831070185284636 0.44985243922059914 0.46449246557248647 0.44077864294884067
0.4512568518448976 0.8350565114973292 0.11301006991649579 0.5247011428441921 0.43928307619493995 0.644089090694065 0.4448593497844589 0.3569195267536318 0.47521075299918103 0.7085408956600522 0.4307430824283074 0.6070795543615202 0.507851288358812 0.41315997161588836 0.4567199607360396 0.42663309354027057
0.4328722513847136 0.8266810006468648 0.11353680978180983 0.5636187865286735 0.4845201117278738 0.6281296813957159 0.44992750936362874 0.3377276971582086 0.45705349372726556 0.6981221684631006 0.4164768394765769 0.6161228289523429 0.5575539795886184 0.41288200287802757 0.4700876037400109 0.4358106616356696
0.4158347998156941 0.8315754247508218 0.1249338050113262 0.6022643659685131 0.4523947158584398 0.5533168993847077 0.4346081028601301 0.37134523682136084 0.4980836710460074 0.6761302186216013 0.4283626028497892 0.6021435070999096 0.5302903170432206 0.4015021927082582 0.43613738308557365 0.4853653103158287
0.4328722513847136 0.8266810006468648 0.11353680978180983 0.5636187865286735 0.4845201117278738 0.6281296813957159 0.44992750936362874 0.3377276971582086 0.45705349372726556 0.6981221684631006 0.4164768394765769 0.6161228289523429 0.5575539795886184 0.41288200287802757 0.4700876037400109 0.4358106616356696
0.4512568518448976 0.8350565114973292 0.11301006991649579 0.5247011428441921 0.43928307619493995 0.644089090694065 0.4448593497844589 0.3569195267536318 0.47521075299918103 0.7085408956600522 0.4307430824283074 0.6070795543615202 0.507851288358812 0.41315997161588836 0.4567199607360396 0.42663309354027057
0.48605759014194505 0.8148418187641975 0.10598319348697052 0.4238467969408818 0.4557070714626614 0.712496242987976 0.4513562763612126 0.38501412740563506 0.39961826049767263 0.6759548391516714 0.48652117867188893 0.4821589085978604 0.48817364424435306 0.3784991488639893 0.4826892449209286 0.47754538436936644
0.5223181783896549 0.8189487981205057 0.11325268060068819 0.33951509350331455 0.3571990300577068 0.7090451235780572 0.4341917410757871 0.4295300887824434 0.4244683827686494 0.6094813168614308 0.49534621687522573 0.4645315541497122 0.3831070185284636 0.44985243922059914 0.46449246557248647 0.44077864294884067
0.5560398373027605 0.7829562691758878 0.10970081842165116 0.2480539415124807 0.38382514274387913 0.7174186635350797 0.4251715349351658 0.4902817537351749 0.35718734748748293 0.5362993216687394 0.5609375547582706 0.3328666862209877 0.39633974799128097 0.42783475443993824 0.4769889598958924 0.4820898268184115
0.5705708108652233 0.7501921987041329 0.10494234614096556 0.234998107582437 0.41167947886867406 0.693243437536769 0.42486490528654597 0.4631139675163922 0.3782689739907168 0.5335280237879002 0.5856998815968016 0.3305955688633432 0.4307618547669787 0.42800752148150656 0.5132803266119808 0.4635662386289675
0.5861908431686651 0.722138345495817 0.10226716950983245 0.20688869534658816 0.4425874972855449 0.6709113373134608 0.41871546255580977 0.4968629101584923 0.36319023352593016 0.5243335964632929 0.6114289278511221 0.30885518332868667 0.4622233446722937 0.41317163057617734 0.5068648332843693 0.42689564070476194
0.5861908431686651 0.722138345495817 0.10226716950983245 0.20688869534658816 0.4425874972855449 0.6709113373134608 0.41871546255580977 0.4968629101584923 0.36319023352593016 0.5243335964632929 0.6114289278511221 0.30885518332868667 0.4622233446722937 0.41317163057617734 0.5068648332843693 0.42689564070476194
0.5861908431686651 0.722138345495817 0.10226716950983245 0.20688869534658816 0.4425874972855449 0.6709113373134608 0.41871546255580977 0.4968629101584923 0.36319023352593016 0.5243335964632929 0.6114289278511221 0.30885518332868667 0.4622233446722937 0.41317163057617734 0.5068648332843693 0.42689564070476194
0.5560398373027605 0.7829562691758878 0.10970081842165116 0.2480539415124807 0.38382514274387913 0.7174186635350797 0.4251715349351658 0.4902817537351749 0.35718734748748293 0.5362993216687394 0.5609375547582706 0.3328666862209877 0.39633974799128097 0.42783475443993824 0.4769889598958924 0.4820898268184115
0.5560398373027605 0.7829562691758878 0.10970081842165116 0.2480539415124807 0.38382514274387913 0.7174186635350797 0.4251715349351658 0.4902817537351749 0.35718734748748293 0.5362993216687394 0.5609375547582706 0.3328666862209877 0.39633974799128097 0.42783475443993824 0.4769889598958924 0.4820898268184115
0.5560398373027605 0.7829562691758878 0.10970081842165116 0.2480539415124807 0.38382514274387913 0.7174186635350797 0.4251715349351658 0.4902817537351749 0.35718734748748293 0.5362993216687394 0.5609375547582706 0.3328666862209877 0.39633974799128097 0.42783475443993824 0.4769889598958924 0.4820898268184115
0.5223181783896549 0.8189487981205057 0.11325268060068819 0.33951509350331455 0.3571990300577068 0.7090451235780572 0.4341917410757871 0.4295300887824434 0.4244683827686494 0.6094813168614308 0.49534621687522573 0.4645315541497122 0.3831070185284636 0.44985243922059914 0.46449246557248647 0.44077864294884067
0.4512568518448976 0.8350565114973292 0.11301006991649579 0.5247011428441921 0.43928307619493995 0.644089090694065 0.4448593497844589 0.3569195267536318 0.47521075299918103 0.7085408956600522 0.4307430824283074 0.6070795543615202 0.507851288358812 0.41315997161588836 0.4567199607360396 0.42663309354027057
0.4512568518448976 0.8350565114973292 0.11301006991649579 0.5247011428441921 0.43928307619493995 0.644089090694065 0.4448593497844589 0.3569195267536318 0.47521075299918103 0.7085408956600522 0.4307430824283074 0.6070795543615202 0.507851288358812 0.41315997161588836 0.4567199607360396 0.42663309354027057
0.3632199929768893 0.8175083897055255 0.1403786247461732 0.695469756425676 0.4860590173164443 0.4346458455148283 0.4130736239715264 0.4280659740516995 0.5037277710280301 0.6417598385900626 0.4790584322454196 0.5576549636458681 0.4912222950822872 0.3245032920655893 0.41300198808475025 0.5496281771248459
0.32650200536336893 0.7899787539485781 0.14681205801088928 0.7516630963920822 0.5622588911918687 0.3968943449169542 0.4175300900328574 0.39779806604586226 0.4507653116513067 0.5704232829621492 0.4609448306277039 0.5515836014032678 0.5469795701088386 0.36221507917764156 0.4418697885439792 0.5484217317118807
0.29071120985373505 0.7634187365292222 0.16082102834674603 0.7891308002741642 0.5707092269289908 0.304579135618148 0.4029667392960017 0.46510189931551393 0.5098789357800445 0.4866537064468856 0.4902190705805921 0.3842966835657541 0.5621740464662331 0.3822640521417339 0.4691984512600739 0.47935254249560494
0.2728167987347014 0.745448481741988 0.16448110317479642 0.7993356952329675 0.6091371979170811 0.29919028634779143 0.40055303403928394 0.46477458911358893 0.4415581060541636 0.46316759050574674 0.5268078543833979 0.3802976630069951 0.48945715096687653 0.3550380817626235 0.4657245247387468 0.5235117073431468
0.29071120985373505 0.7634187365292222 0.16082102834674603 0.7891308002741642 0.5707092269289908 0.304579135618148 0.4029667392960017 0.46510189931551393 0.5098789357800445 0.4866537064468856 0.4902190705805921 0.3842966835657541 0.5621740464662331 0.3822640521417339 0.4691984512600739 0.47935254249560494
0.29071120985373505 0.7634187365292222 0.16082102834674603 0.7891308002741642 0.5707092269289908 0.304579135618148 0.4029667392960017 0.46510189931551393 0.5098789357800445 0.4866537064468856 0.4902190705805921 0.3842966835657541 0.5621740464662331 0.3822640521417339 0.4691984512600739 0.47935254249560494
0.3084606996018602 0.7758693896587043 0.16100569410795568 0.7686418081001578 0.5199248984272087 0.30804214155090803 0.40797386417135717 0.4562649196570229 0.582967745215566 0.48726289314917753 0.45040851150545846 0.375777087855557 0.6159811395137771 0.4339978425422986 0.4761022057220047 0.4232218754720041
0.2921904345270613 0.7497061800487792 0.17199243655751384 0.7401234967877335 0.49449075081741434 0.3134741261834776 0.4094781877180066 0.46937165440838624 0.626742418050996 0.5170023572007065 0.450577616282554 0.32184099830505825 0.7080759864734303 0.38138009611945756 0.5218881545562003 0.4507602000367549
0.2921904345270613 0.7497061800487792 0.17199243655751384 0.7401234967877335 0.49449075081741434 0.3134741261834776 0.4094781877180066 0.46937165440838624 0.626742418050996 0.5170023572007065 0.450577616282554 0.32184099830505825 0.7080759864734303 0.38138009611945756 0.5218881545562003 0.4507602000367549
0.32680494225778456 0.7884279550543911 0.15880872880541408 0.7381851796268151 0.4764184476657336 0.3214959957727044 0.40431991668903966 0.47788748961967353 0.6182740746509737 0.5156868918089542 0.45955727911049377 0.36824569031080967 0.5858378182699713 0.42325273618700254 0.4626008682888534 0.4158858306008063
0.38171071121665406 0.813945798498497 0.15751853711721983 0.6311185227112721 0.34892934852521323 0.3617826790692581 0.38974128826174886 0.5269707050310857 0.6662256116455382 0.5370434678464984 0.48664362558139823 0.36543485768464085 0.4593163631415264 0.43181506152748306 0.4233721318053041 0.39325893014996455
0.420865637502785 0.8103561644250761 0.216905096831238 0.6037827370988998 0.25256542749646405 0.29881950371892363 0.36716782981918206 0.5102325310088224 0.6609392466246521 0.49868176467243114 0.4824268064672026 0.4317504549266542 0.4066425016935587 0.4814987416284261 0.46642003926426684 0.3141020006990586
0.4745296343586251 0.8180040817820649 0.34704126048263195 0.567650433729379 0.1404803011593413 0.20909929910947572 0.3155745487398838 0.4624321170091974 0.6596489773591191 0.34585785238526634 0.5051845575447547 0.5272223330383838 0.3531416368689084 0.5837152686058427 0.5737661205649468 0.21680858104405898
0.5237085185554844 0.83284244963421 0.5689414471223883 0.6657288459175598 0.11265204532161399 0.22982922556772592 0.2370271606527809 0.3401549399367773 0.6046872072167807 0.34085289218996406 0.5371274722214152 0.48318520304573537 0.35161991230378675 0.44590920772934256 0.5582933064383236 0.3162632273427455
0.5237085185554844 0.83284244963421 0.5689414471223883 0.6657288459175598 0.11265204532161399 0.22982922556772592 0.2370271606527809 0.3401549399367773 0.6046872072167807 0.34085289218996406 0.5371274722214152 0.48318520304573537 0.35161991230378675 0.44590920772934256 0.5582933064383236 0.3162632273427455
0.5458964534214756 0.8479249014282266 0.5975797424585761 0.6149083417202317 0.08694019618734122 0.24780147258510712 0.2533810796461684 0.3274562682478779 0.5541319030617478 0.37922481540607933 0.5877296332355307 0.49792509232251414 0.3247982325481685 0.3846573995048093 0.5553143964287109 0.3719600606138863
0.5575177138969449 0.8269763945598043 0.6196906150460039 0.6579940399274412 0.08258260879983875 0.26320408724444083 0.22695049956054067 0.3297247154421546 0.5276175374673557 0.4102515704831843 0.5309154551786438 0.4580932449721903 0.34912673675420675 0.42033315152126094 0.5785503450569865 0.4760103334266465
0.5755756469346807 0.8384752437524918 0.6130977950899443 0.6320109360499 0.07483383084361966 0.31237900192482837 0.23375081973057915 0.3069353382845839 0.5013917265922884 0.46343645838795583 0.5280278764298219 0.5216179488562328 0.3375004199292884 0.3874325043206962 0.5661722074649942 0.5263478742694097
0.5933085094065789 0.8535364119791602 0.6056816447101472 0.6205263360453592 0.07413227306271686 0.3555192965432472 0.24151385029739647 0.2624208821725027 0.4685039133386178 0.4940211469984477 0.5016412152257554 0.6253801628097041 0.3339322603968125 0.4002841785571684 0.5512216823408921 0.5450795226429224
0.5933085094065789 0.8535364119791602 0.6056816447101472 0.6205263360453592 0.07413227306271686 0.3555192965432472 0.24151385029739647 0.2624208821725027 0.4685039133386178 0.4940211469984477 0.5016412152257554 0.6253801628097041 0.3339322603968125 0.4002841785571684 0.5512216823408921 0.5450795226429224
0.6109159582014874 0.8440056055370337 0.6055481533605342 0.568862278482702 0.0676809708315047 0.3709232292859562 0.23695483958804334 0.2922199729871504 0.42575651509742046 0.46134097418240283 0.537321873842968 0.5602179022336184 0.30704036558905856 0.3883259680732462 0.5498872520906083 0.6075467562931619
0.6109159582014874 0.8440056055370337 0.6055481533605342 0.568862278482702 0.0676809708315047 0.3709232292859562 0.23695483958804334 0.2922199729871504 0.42575651509742046 0.46134097418240283 0.537321873842968 0.5602179022336184 0.30704036558905856 0.3883259680732462 0.5498872520906083 0.6075467562931619
0.6109159582014874 0.8440056055370337 0.6055481533605342 0.568862278482702 0.0676809708315047 0.3709232292859562 0.23695483958804334 0.2922199729871504 0.42575651509742046 0.46134097418240283 0.537321873842968 0.5602179022336184 0.30704036558905856 0.3883259680732462 0.5498872520906083 0.6075467562931619
0.6109159582014874 0.8440056055370337 0.6055481533605342 0.568862278482702 0.0676809708315047 0.3709232292859562 0.23695483958804334 0.2922199729871504 0.42575651509742046 0.46134097418240283 0.537321873842968 0.5602179022336184 0.30704036558905856 0.3883259680732462 0.5498872520906083 0.6075467562931619
0.6109159582014874 0.8440056055370337 0.6055481533605342 0.568862278482702 0.0676809708315047 0.3709232292859562 0.23695483958804334 0.2922199729871504 0.42575651509742046 0.46134097418240283 0.537321873842968 0.5602179022336184 0.30704036558905856 0.3883259680732462 0.5498872520906083 0.6075467562931619
0.6313642716667178 0.8409384653453599 0.636856543288568 0.5089006851313236 0.07564492809743684 0.3504180044223132 0.2655755986680235 0.32757662867294096 0.3709700288003064 0.4194266057521233 0.5617078815589679 0.5166054817239719 0.2952033341589416 0.35379929531876786 0.5557698603201499 0.6854402753087023
0.6313642716667178 0.8409384653453599 0.636856543288568 0.5089006851313236 0.07564492809743684 0.3504180044223132 0.2655755986680235 0.32757662867294096 0.3709700288003064 0.4194266057521233 0.5617078815589679 0.5166054817239719 0.2952033341589416 0.35379929531876786 0.5557698603201499 0.6854402753087023
0.6313642716667178 0.8409384653453599 0.636856543288568 0.5089006851313236 0.07564492809743684 0.3504180044223132 0.2655755986680235 0.32757662867294096 0.3709700288003064 0.4194266057521233 0.5617078815589679 0.5166054817239719 0.2952033341589416 0.35379929531876786 0.5557698603201499 0.6854402753087023
0.6313642716667178 0.8409384653453599 0.636856543288568 0.5089006851313236 0.07564492809743684 0.3504180044223132 0.2655755986680235 0.32757662867294096 0.3709700288003064 0.4194266057521233 0.5617078815589679 0.5166054817239719 0.2952033341589416 0.35379929531876786 0.5557698603201499 0.6854402753087023
0.6109159582014874 0.8440056055370337 0.6055481533605342 0.568862278482702 0.0676809708315047 0.3709232292859562 0.23695483958804334 0.2922199729871504 0.42575651509742046 0.46134097418240283 0.537321873842968 0.5602179022336184 0.30704036558905856 0.3883259680732462 0.5498872520906083 0.6075467562931619
0.5933085094065789 0.8535364119791602 0.6056816447101472 0.6205263360453592 0.07413227306271686 0.3555192965432472 0.24151385029739647 0.2624208821725027 0.4685039133386178 0.4940211469984477 0.5016412152257554 0.6253801628097041 0.3339322603968125 0.4002841785571684 0.5512216823408921 0.5450795226429224
0.5900473673164213 0.8389376270429929 0.5745581895150993 0.631588245554785 0.07917099473757283 0.38414359707587636 0.20185973490635425 0.26453597059445744 0.4769672213649578 0.47922101377377585 0.4908668918445704 0.6011561523664953 0.3444807375930996 0.39079654151693927 0.5119197188687458 0.5132112159703484
0.5509113147594163 0.8443870279832862 0.49524193339974126 0.6260351225150825 0.06987544735786655 0.3014715136904135 0.24503147532158207 0.25945044881381024 0.49752809521884794 0.45866596606739124 0.48813891501176876 0.5466430612512988 0.3368575795388009 0.37928341069829796 0.4477727813079891 0.19018272952155363
0.5018111814556899 0.7970693354630942 0.33083021146446506 0.6115773012825958 0.11741106027491449 0.2886848269403687 0.2618789932100976 0.37663426748063006 0.5652061510600794 0.39254057169464857 0.4025226694226965 0.44273509265205957 0.35404218047390434 0.49381474909448325 0.375186216850513 0.16097074598155287
0.49361397562880027 0.7957190479401068 0.29791635240128056 0.5953106363275438 0.1314207891173076 0.2880954175745317 0.2910819907216914 0.41907633962165936 0.589948248586808 0.3907113790079217 0.36797265164154125 0.4751623413901048 0.33958496605246313 0.5609036975227637 0.43306318917092673 0.26169729127828667
0.3725012602559743 0.7997225857757072 0.19821976623567622 0.6857264897781117 0.360685034796544 0.34333236587787047 0.35618622490006385 0.4883130227837674 0.6474971111474619 0.49994828750114717 0.4862896594277694 0.30603050473019444 0.45624696850896584 0.47208452032592674 0.44924315218433186 0.3372915361564256
0.2902371470620799 0.7567705945542887 0.16673210852883658 0.78199051970352 0.5491359213216205 0.295077455952785 0.4089884529082728 0.441343111976074 0.5448502043394968 0.4381401510588421 0.44639208305400846 0.3734273776216757 0.6100223415168043 0.47148774063264853 0.4876675762141654 0.41429075740258886
0.25462069128132236 0.7063370444340795 0.18514882285026926 0.7602300900783294 0.5543473205847673 0.28854731268932454 0.4084937711808485 0.435133231446343 0.517306068579903 0.37405431334594563 0.44723948951010833 0.3422665256273876 0.582140573409923 0.5329662423119518 0.5029533535838965 0.3875671094372874
0.20429367582114866 0.6231283849965352 0.2184064739165668 0.671441129208808 0.49042557139722287 0.31782007332250395 0.41049578427311517 0.45207822773690587 0.5858867405693734 0.4236165775008494 0.44339589876508545 0.27417717745148573 0.70924233416854 0.46462951771634675 0.5635898134266953 0.42301330575348717
0.13390952168239803 0.539956363270849 0.2401794133841455 0.6632694933599628 0.5808205606519903 0.33356139959008235 0.4030020691332006 0.4370713740749897 0.3797085489603705 0.36872650903851756 0.53303453173172 0.32988962718349496 0.4641365282438029 0.4249631902405393 0.5249949086632599 0.5143379592711352
0.05056629728708267 0.39443129767924884 0.29699223418694637 0.4892138119716641 0.4693632429703848 0.42877462699246655 0.4081812827247172 0.4274089290329418 0.42603978420835265 0.4741284826078523 0.510687190900651 0.4096908910560997 0.49197243539314744 0.39310099286120004 0.5018011560753839 0.5153897197425921
0.03326941847459136 0.36748902625671576 0.30734489863094494 0.46548698682123346 0.45744877685436275 0.43759588622671747 0.40977978234430484 0.42485091512857653 0.42836510162304053 0.47507590205632977 0.5060184755006369 0.41439952945542 0.484355412992804 0.41689495994950126 0.49970725068117794 0.49182357218925554
0.015991071320650974 0.34021138729324607 0.31757436261107597 0.4408753187000806 0.4489070228266093 0.4521196231330618 0.41187663858136475 0.41394227410735196 0.4141296428923778 0.4724679406668658 0.5000022263752981 0.44715000493067864 0.4483336720045757 0.4555721825847417 0.48543910291406855 0.45989458244662523
1.787459069646502e-14 0.31060958874138106 0.32896039741954675 0.40081096640036395 0.4193145364883874 0.47737548226233056 0.4097789628196036 0.4126908504685616 0.4305997065838672 0.5065036867618902 0.49421496632340334 0.47602108872176285 0.4578608557409041 0.4306125987497412 0.46804824838639697 0.4722072202097198
1.787459069646502e-14 0.31060958874138106 0.32896039741954675 0.40081096640036395 0.4193145364883874 0.47737548226233056 0.4097789628196036 0.4126908504685616 0.4305997065838672 0.5065036867618902 0.49421496632340334 0.47602108872176285 0.4578608557409041 0.4306125987497412 0.46804824838639697 0.4722072202097198
1.787459069646502e-14 0.31060958874138106 0.32896039741954675 0.40081096640036395 0.4193145364883874 0.47737548226233056 0.4097789628196036 0.4126908504685616 0.4305997065838672 0.5065036867618902 0.49421496632340334 0.47602108872176285 0.4578608557409041 0.4306125987497412 0.46804824838639697 0.4722072202097198
1.787459069646502e-14 0.31060958874138106 0.32896039741954675 0.40081096640036395 0.4193145364883874 0.47737548226233056 0.4097789628196036 0.4126908504685616 0.4305997065838672 0.5065036867618902 0.49421496632340334 0.47602108872176285 0.4578608557409041 0.4306125987497412 0.46804824838639697 0.4722072202097198
1.787459069646502e-14 0.31060958874138106 0.32896039741954675 0.40081096640036395 0.4193145364883874 0.47737548226233056 0.4097789628196036 0.4126908504685616 0.4305997065838672 0.5065036867618902 0.49421496632340334 0.47602108872176285 0.4578608557409041 0.4306125987497412 0.46804824838639697 0.4722072202097198
1.787459069646502e-14 0.31060958874138106 0.32896039741954675 0.40081096640036395 0.4193145364883874 0.47737548226233056 0.4097789628196036 0.4126908504685616 0.4305997065838672 0.5065036867618902 0.49421496632340334 0.47602108872176285 0.4578608557409041 0.4306125987497412 0.46804824838639697 0.4722072202097198
1.787459069646502e-14 0.31060958874138106 0.32896039741954675 0.40081096640036395 0.4193145364883874 0.47737548226233056 0.4097789628196036 0.4126908504685616 0.4305997065838672 0.5065036867618902 0.49421496632340334 0.47602108872176285 0.4578608557409041 0.4306125987497412 0.46804824838639697 0.4722072202097198
1.787459069646502e-14 0.31060958874138106 0.32896039741954675 0.40081096640036395 0.4193145364883874 0.47737548226233056 0.4097789628196036 0.4126908504685616 0.4305997065838672 0.5065036867618902 0.49421496632340334 0.47602108872176285 0.4578608557409041 0.4306125987497412 0.46804824838639697 0.4722072202097198
1.787459069646502e-14 0.31060958874138106 0.32896039741954675 0.40081096640036395 0.4193145364883874 0.47737548226233056 0.4097789628196036 0.4126908504685616 0.4305997065838672 0.5065036867618902 0.49421496632340334 0.47602108872176285 0.4578608557409041 0.4306125987497412 0.46804824838639697 0.4722072202097198
1.787459069646502e-14 0.31060958874138106 0.32896039741954675 0.40081096640036395 0.4193145364883874 0.47737548226233056 0.4097789628196036 0.4126908504685616 0.4305997065838672 0.5065036867618902 0.49421496632340334 0.47602108872176285 0.4578608557409041 0.4306125987497412 0.46804824838639697 0.4722072202097198
1.787459069646502e-14 0.31060958874138106 0.32896039741954675 0.40081096640036395 0.4193145364883874 0.47737548226233056 0.4097789628196036 0.4126908504685616 0.4305997065838672 0.5065036867618902 0.49421496632340334 0.47602108872176285 0.4578608557409041 0.4306125987497412 0.46804824838639697 0.4722072202097198
1.787459069646502e-14 0.31060958874138106 0.32896039741954675 0.40081096640036395 0.4193145364883874 0.47737548226233056 0.4097789628196036 0.4126908504685616 0.4305997065838672 0.5065036867618902 0.49421496632340334 0.47602108872176285 0.4578608557409041 0.4306125987497412 0.46804824838639697 0.4722072202097198
1.787459069646502e-14 0.31060958874138106 0.32896039741954675 0.40081096640036395 0.4193145364883874 0.47737548226233056 0.4097789628196036 0.4126908504685616 0.4305997065838672 0.5065036867618902 0.49421496632340334 0.47602108872176285 0.4578608557409041 0.4306125987497412 0.46804824838639697 0.4722072202097198
1.787459069646502e-14 0.31060958874138106 0.32896039741954675 0.40081096640036395 0.4193145364883874 0.47737548226233056 0.4097789628196036 0.4126908504685616 0.4305997065838672 0.5065036867618902 0.49421496632340334 0.47602108872176285 0.4578608557409041 0.4306125987497412 0.46804824838639697 0.4722072202097198
1.787459069646502e-14 0.31060958874138106 0.32896039741954675 0.40081096640036395 0.4193145364883874 0.47737548226233056 0.4097789628196036 0.4126908504685616 0.4305997065838672 0.5065036867618902 0.49421496632340334 0.47602108872176285 0.4578608557409041 0.4306125987497412 0.46804824838639697 0.4722072202097198
1.787459069646502e-14 0.31060958874138106 0.32896039741954675 0.40081096640036395 0.4193145364883874 0.47737548226233056 0.4097789628196036 0.4126908504685616 0.4305997065838672 0.5065036867618902 0.49421496632340334 0.47602108872176285 0.4578608557409041 0.4306125987497412 0.46804824838639697 0.4722072202097198
1.787459069646502e-14 0.31060958874138106 0.32896039741954675 0.40081096640036395 0.4193145364883874 0.47737548226233056 0.4097789628196036 0.4126908504685616 0.4305997065838672 0.5065036867618902 0.49421496632340334 0.47602108872176285 0.4578608557409041 0.4306125987497412 0.46804824838639697 0.4722072202097198
1.787459069646502e-14 0.31060958874138106 0.32896039741954675 0.40081096640036395 0.4193145364883874 0.47737548226233056 0.4097789628196036 0.4126908504685616 0.4305997065838672 0.5065036867618902 0.49421496632340334 0.47602108872176285 0.4578608557409041 0.4306125987497412 0.46804824838639697 0.4722072202097198
1.787459069646502e-14 0.31060958874138106 0.32896039741954675 0.40081096640036395 0.4193145364883874 0.47737548226233056 0.4097789628196036 0.4126908504685616 0.4305997065838672 0.5065036867618902 0.49421496632340334 0.47602108872176285 0.4578608557409041 0.4306125987497412 0.46804824838639697 0.4722072202097198
1.787459069646502e-14 0.31060958874138106 0.32896039741954675 0.40081096640036395 0.4193145364883874 0.47737548226233056 0.4097789628196036 0.4126908504685616 0.4305997065838672 0.5065036867618902 0.49421496632340334 0.47602108872176285 0.4578608557409041 0.4306125987497412 0.46804824838639697 0.4722072202097198
1.787459069646502e-14 0.31060958874138106 0.32896039741954675 0.40081096640036395 0.4193145364883874 0.47737548226233056 0.4097789628196036 0.4126908504685616 0.4305997065838672 0.5065036867618902 0.49421496632340334 0.47602108872176285 0.4578608557409041 0.4306125987497412 0.46804824838639697 0.4722072202097198
1.787459069646502e-14 0.31060958874138106 0.32896039741954675 0.40081096640036395 0.4193145364883874 0.47737548226233056 0.4097789628196036 0.4126908504685616 0.4305997065838672 0.5065036867618902 0.49421496632340334 0.47602108872176285 0.4578608557409041 0.4306125987497412 0.46804824838639697 0.4722072202097198
]