07-24-20_Matthew_4K.lion_above_blue_bed.0000000001 [ 2177.415161 -2157.723541 12500.782471 3414.473572 -1789.030609 12480.996094 3602.973022 663.257523 12903.867188 3629.544373 1870.641785 11192.490234 3572.806702 2460.513153 11828.925781 3013.436584 3117.958069 12284.012451 2813.285522 2785.91217 11569.301758 1575.936279 -2174.268341 12586.252441 461.231155 -1902.092743 12892.640381 -492.789001 227.654724 13902.579346 -1258.006363 2096.878357 13254.87793 -1535.607452 2838.546448 12755.306396 -2075.951691 3526.261597 12361.500244 -1608.523102 2883.040161 12628.05542 1609.313812 -3371.800842 10884.954834
2207.360687 -2159.532623 12525.974121 3490.458679 -1813.559723 12502.617188 3666.424866 688.269882 13060.679932 3694.79248 1921.541443 11291.887207 3839.031067 2346.905212 12066.37207 3774.656982 2933.557739 12879.4104 2805.549622 2312.262115 11101.899414 1588.344116 -2174.543152 12615.965576 443.03215 -1899.807129 12944.425049 -526.874733 322.619514 13931.237793 -1340.012512 2220.160522 13219.187012 -1722.171936 2883.59436 12633.450928 -2195.985565 3464.223328 11990.374756 -1533.079224 3256.796265 12605.843506 1595.683899 -3401.947937 10852.054443
2207.156219 -2159.379883 12525.441895 3490.319824 -1813.344269 12502.520752 3665.713806 688.521729 13061.241455 3694.429626 1922.216492 11292.607422 3831.809082 2353.450012 12065.147705 3762.535706 2943.242798 12875.57373 2803.635559 2302.156372 11096.380615 1588.073578 -2174.364471 12615.217285 442.557182 -1899.502258 12943.104248 -527.927742 323.48217 13928.466797 -1340.679321 2220.717621 13214.801025 -1722.938385 2883.704529 12628.537598 -2196.952057 3463.401184 11984.685059 -1533.698425 3257.068481 12600.633545 1596.004028 -3401.814575 10851.19873
2207.156219 -2159.379883 12525.441895 3490.319824 -1813.344269 12502.520752 3665.713806 688.521729 13061.241455 3694.429626 1922.216492 11292.607422 3831.809082 2353.450012 12065.147705 3762.535706 2943.242798 12875.57373 2803.635559 2302.156372 11096.380615 1588.073578 -2174.364471 12615.217285 442.557182 -1899.502258 12943.104248 -527.927742 323.48217 13928.466797 -1340.679321 2220.717621 13214.801025 -1722.938385 2883.704529 12628.537598 -2196.952057 3463.401184 11984.685059 -1533.698425 3257.068481 12600.633545 1596.004028 -3401.814575 10851.19873
2219.577179 -2161.317902 12530.819092 3517.796631 -1834.199066 12515.372314 3660.463867 701.743088 13012.849121 3679.891052 1840.149689 11162.827148 3826.019287 2353.429871 11889.854736 4023.637695 2858.956604 12744.020996 2787.092896 2263.308411 10868.244629 1595.266571 -2176.908569 12616.075439 438.81813 -1901.012115 12938.02002 -519.535599 338.780289 13947.770996 -1305.948486 2241.973419 13174.102783 -1811.328888 2886.499634 12652.421875 -2282.210083 3682.519226 12286.125488 -1564.655609 3314.330444 12559.807129 1620.562897 -3405.591125 10835.767822
2216.010284 -2159.395142 12533.896484 3521.599121 -1832.566528 12513.977051 3659.990845 721.169739 12993.255615 3669.07135 1873.409576 11138.096924 3743.419189 2369.776154 11893.189697 3787.931213 2901.561584 12759.434814 2736.28479 2246.300201 10854.067383 1588.468018 -2174.449463 12620.411377 427.339592 -1894.172058 12946.875 -532.754745 365.797882 13946.766357 -1324.714355 2274.124146 13158.125 -1791.091003 2900.179749 12571.951904 -2286.516724 3594.784241 12050.222168 -1586.02066 3341.09436 12543.905029 1611.024323 -3405.755615 10828.547363
2216.724854 -2159.137115 12533.360596 3522.218018 -1831.617279 12514.104004 3657.824402 721.05545 13000.480957 3666.011353 1878.299103 11148.309326 3740.922241 2373.024597 11904.475098 3789.495239 2901.013489 12772.879639 2726.799927 2256.537781 10878.33374 1589.121552 -2174.33609 12619.632568 427.725525 -1894.357605 12945.629883 -533.55835 365.276642 13945.478516 -1325.765686 2273.740082 13157.115479 -1792.93869 2900.603027 12572.362061 -2288.138428 3597.92511 12053.959961 -1586.770172 3342.131958 12544.331055 1612.712555 -3405.295715 10827.388916
2216.743164 -2159.139862 12533.38623 3522.234192 -1831.606293 12514.136963 3657.790527 721.074066 13000.499268 3665.971069 1878.301239 11148.314209 3740.617676 2373.174286 11904.411621 3788.024597 2901.802673 12772.492676 2726.7099 2256.350708 10878.128662 1589.138641 -2174.342041 12619.65332 427.735443 -1894.369965 12945.633545 -533.594856 365.273514 13945.426025 -1325.81604 2273.70697 13156.99585 -1792.998962 2900.531311 12572.207031 -2288.22052 3597.797852 12053.748779 -1586.827087 3342.073364 12544.156494 1612.752991 -3405.314941 10827.414551
2217.185822 -2159.198456 12533.660889 3522.650452 -1831.442719 12514.710693 3657.279663 721.385803 13000.805664 3665.565796 1878.159485 11148.292236 3732.988892 2376.172791 11903.024902 3758.602295 2915.531616 12765.424805 2724.804688 2248.009491 10873.325195 1589.550323 -2174.46106 12619.775391 427.977371 -1894.58313 12945.317383 -534.278145 365.349808 13943.690186 -1326.554413 2273.074493 13153.491211 -1792.965546 2898.896484 12566.987305 -2288.701477 3592.857056 12044.564209 -1586.782379 3340.628052 12538.638916 1613.78067 -3405.657349 10827.650146
2217.202454 -2159.201813 12533.68042 3522.666626 -1831.439362 12514.742432 3657.262573 721.394119 13000.826416 3665.558777 1878.144684 11148.29834 3733.069153 2376.140137 11903.034668 3759.164734 2915.276794 12765.559082 2724.743042 2248.003998 10873.520508 1589.565582 -2174.465332 12619.787598 427.985039 -1894.586029 12945.303955 -534.308319 365.376778 13943.57666 -1326.573181 2273.052673 13153.24585 -1792.903137 2898.812256 12566.608887 -2288.616638 3592.621765 12043.964844 -1586.730499 3340.559387 12538.273926 1613.824768 -3405.678406 10827.669678
2217.202454 -2159.201813 12533.68042 3522.666626 -1831.439362 12514.742432 3657.262573 721.394119 13000.826416 3665.558777 1878.144684 11148.29834 3733.069153 2376.140137 11903.034668 3759.164734 2915.276794 12765.559082 2724.743042 2248.003998 10873.520508 1589.565582 -2174.465332 12619.787598 427.985039 -1894.586029 12945.303955 -534.308319 365.376778 13943.57666 -1326.573181 2273.052673 13153.24585 -1792.903137 2898.812256 12566.608887 -2288.616638 3592.621765 12043.964844 -1586.730499 3340.559387 12538.273926 1613.824768 -3405.678406 10827.669678
2234.260406 -2158.695221 12536.502686 3545.855408 -1832.675934 12519.464111 3648.308105 734.350967 12995.567627 3651.986694 1838.687134 11100.9729 3557.510681 2367.051849 11836.378174 3797.49176 2788.554688 12735.55542 2697.80426 2203.309479 10641.745605 1603.780518 -2176.538086 12620.408936 435.904198 -1900.249329 12945.751953 -541.376381 363.752403 13949.130859 -1341.54892 2274.623871 13149.205322 -1799.6875 2902.835388 12552.175293 -2307.093964 3564.294434 11992.299805 -1597.901001 3365.960693 12546.674805 1635.382385 -3403.913879 10818.417969
2242.861786 -2158.690643 12542.540283 3554.690857 -1832.14035 12528.758545 3646.819153 740.202942 12981.054688 3653.609009 1817.689514 11070.478516 3651.591492 2365.646362 11797.833252 3758.43811 2901.939087 12661.107178 2686.079712 2196.138 10676.483154 1612.03064 -2176.659698 12624.899902 442.8088 -1899.862518 12946.071777 -539.000397 366.146278 13942.133789 -1336.77124 2275.267944 13134.221191 -1797.407074 2899.751892 12534.827881 -2310.733185 3542.135315 11957.969971 -1601.04126 3359.042358 12524.70459 1646.938324 -3405.19928 10823.583984
2247.006226 -2159.612579 12538.861084 3561.679382 -1834.79599 12533.225098 3644.343262 743.599396 12978.377686 3659.197388 1813.909912 11059.571533 3592.347107 2353.402557 11792.094727 3766.242981 2849.921265 12670.177002 2666.704407 2179.000092 10639.338379 1614.787445 -2177.21405 12618.947754 442.267227 -1900.160828 12935.993652 -546.395187 366.683159 13935.415039 -1341.735077 2280.427399 13125.712891 -1795.630646 2912.826843 12526.763916 -2307.078857 3535.400085 11924.134521 -1604.860687 3364.710693 12517.912598 1653.587036 -3399.775696 10811.505127
2246.986694 -2159.611969 12538.773193 3561.669312 -1834.805756 12533.118896 3644.373169 743.622665 12978.150635 3659.215088 1813.842163 11059.281006 3593.272705 2353.479004 11791.787109 3766.64093 2850.534363 12669.676514 2666.648865 2179.717255 10639.72168 1614.76593 -2177.214508 12618.87085 442.248497 -1900.176239 12935.965576 -546.40419 366.597939 13935.5896 -1341.80542 2280.441284 13126.151123 -1795.859222 2912.979126 12527.460938 -2307.444916 3535.862427 11925.26001 -1605.131378 3364.963379 12518.820801 1653.5289 -3399.719543 10811.378174
2246.98761 -2159.61441 12538.764648 3561.670837 -1834.807281 12533.110352 3644.369812 743.625946 12978.123779 3659.212341 1813.826294 11059.240723 3593.332825 2353.467102 11791.750488 3766.787415 2850.513611 12669.627686 2666.618958 2179.705048 10639.763184 1614.766388 -2177.216949 12618.862305 442.247467 -1900.179291 12935.95459 -546.411934 366.597176 13935.571289 -1341.813354 2280.437469 13126.121826 -1795.865479 2912.973938 12527.427979 -2307.449341 3535.858765 11925.22583 -1605.138702 3364.959412 12518.789062 1653.532867 -3399.72168 10811.365967
2246.991882 -2159.617157 12538.764648 3561.676331 -1834.810944 12533.111572 3644.380798 743.626328 12978.109131 3659.229126 1813.809204 11059.216309 3593.473206 2353.461456 11791.728516 3767.287292 2850.422668 12669.584961 2666.625366 2179.7258 10639.833984 1614.77005 -2177.220001 12618.861084 442.249336 -1900.182648 12935.950928 -546.416626 366.595535 13935.561523 -1341.820679 2280.435028 13126.108398 -1795.879517 2912.975769 12527.423096 -2307.468262 3535.878296 11925.241699 -1605.14328 3364.969788 12518.787842 1653.539581 -3399.727478 10811.365967
2246.991882 -2159.617157 12538.764648 3561.676331 -1834.810944 12533.111572 3644.380798 743.626328 12978.109131 3659.229126 1813.809204 11059.216309 3593.473206 2353.461456 11791.728516 3767.287292 2850.422668 12669.584961 2666.625366 2179.7258 10639.833984 1614.77005 -2177.220001 12618.861084 442.249336 -1900.182648 12935.950928 -546.416626 366.595535 13935.561523 -1341.820679 2280.435028 13126.108398 -1795.879517 2912.975769 12527.423096 -2307.468262 3535.878296 11925.241699 -1605.14328 3364.969788 12518.787842 1653.539581 -3399.727478 10811.365967
2247.000732 -2159.618225 12538.760986 3561.685181 -1834.808807 12533.10791 3644.381409 743.633041 12978.09082 3659.227295 1813.805389 11059.190674 3593.553772 2353.467102 11791.705322 3767.325745 2850.472412 12669.544678 2666.591797 2179.788971 10639.912109 1614.778748 -2177.222443 12618.856201 442.256775 -1900.188141 12935.946045 -546.419678 366.587029 13935.556641 -1341.83075 2280.425568 13126.104736 -1795.898285 2912.966919 12527.425537 -2307.49527 3535.873413 11925.255127 -1605.164185 3364.962769 12518.791504 1653.552094 -3399.728699 10811.358643
2262.285309 -2159.104767 12542.672119 3577.40509 -1828.430786 12537.636719 3634.345703 754.650955 12980.666504 3640.473938 1815.61203 11053.204346 3631.098328 2342.519836 11799.304199 3833.268433 2847.345276 12668.17749 2657.356873 2170.175171 10633.275146 1629.255829 -2178.043976 12622.978516 454.331131 -1903.794556 12940.24292 -544.668274 365.687599 13933.094482 -1347.700348 2275.561981 13113.55957 -1806.560364 2913.537598 12522.154541 -2318.805542 3569.056396 11953.820801 -1598.976288 3351.883545 12484.191895 1667.070618 -3402.254944 10814.165039
2262.910461 -2159.083557 12542.739258 3578.041992 -1828.044128 12538.057861 3633.82843 755.496063 12979.696045 3640.223083 1815.313416 11051.420898 3613.173218 2342.813721 11796.751709 3795.198059 2852.285461 12667.453613 2653.300781 2154.723969 10623.745117 1629.817352 -2178.119354 12622.893066 454.631958 -1904.042664 12939.700928 -545.588417 365.868073 13930.870361 -1348.721313 2274.775085 13108.741455 -1805.726166 2911.460571 12514.396973 -2316.60965 3563.36731 11940.578613 -1595.110168 3348.729553 12472.646484 1668.267822 -3402.476501 10814.046631
2262.912292 -2159.083557 12542.740479 3578.043518 -1828.043365 12538.060303 3633.827515 755.49675 12979.698486 3640.222778 1815.314636 11051.424561 3613.148499 2342.815399 11796.75415 3795.12146 2852.298889 12667.459717 2653.299866 2154.706573 10623.73291 1629.819031 -2178.119659 12622.894287 454.633293 -1904.043427 12939.700928 -545.589867 365.867615 13930.864258 -1348.722534 2274.771271 13108.726807 -1805.724487 2911.452637 12514.376221 -2316.605682 3563.352661 11940.546875 -1595.105743 3348.716125 12472.614746 1668.271484 -3402.477112 10814.047852
2276.209412 -2164.515076 12545.654297 3603.015747 -1830.46051 12549.94873 3656.253357 780.756912 12967.420654 3655.028992 1815.666199 11003.516846 3575.482178 2266.384277 11803.476562 3805.168762 2856.494141 12621.152344 2636.443787 2114.941559 10537.677002 1637.104187 -2185.903473 12622.856445 443.407593 -1936.100159 12934.354248 -545.669632 337.326813 13990.778809 -1318.094177 2215.548248 13026.853027 -1815.922546 2754.247742 12358.486328 -2297.442627 3448.155518 11792.788086 -1508.227844 3255.553284 12249.040527 1685.73349 -3389.196167 10794.078369
2280.737457 -2173.84079 12568.415527 3616.795654 -1834.971008 12582.954102 3663.416748 801.520615 12966.629639 3651.493225 1808.420715 10969.667969 3598.791504 2288.988037 11762.399902 3829.766235 2860.645142 12602.325439 2627.763672 2129.477386 10503.212891 1636.517181 -2196.566162 12642.963867 428.74485 -1961.151581 12949.501953 -546.144485 319.830933 14053.306885 -1243.713913 2180.670929 12967.049561 -1698.89801 2529.444733 12148.104248 -2290.125122 3211.983948 11664.916992 -1438.780365 3099.160461 12014.694824 1697.176208 -3378.711243 10796.595459
2284.524689 -2157.689056 12561.196289 3606.427002 -1820.274353 12551.905518 3725.309448 787.415237 12928.129883 3689.734497 1758.003235 10939.014893 3660.015869 2329.90448 11657.775879 3644.012451 2915.49408 12506.489258 2687.795105 1891.024475 11169.20166 1647.619934 -2183.723602 12639.836426 446.246796 -1987.960968 12945.9375 -517.145004 221.316967 14134.367676 -1202.915421 1937.736206 12866.162109 -1367.894592 2256.805115 11944.147949 -1728.22113 3059.338074 11440.557861 -1186.848526 2979.623718 12004.013672 1706.98349 -3355.791321 10810.432129
2289.378815 -2176.820679 12570.397949 3603.789062 -1820.244293 12538.868408 3690.314941 791.692886 12863.358154 3531.692505 1643.880157 10830.158691 3374.530029 2245.913544 11504.630127 3421.63208 2875.071716 12318.422852 2588.340759 2105.080261 10220.08667 1654.268951 -2208.000793 12653.729248 444.986382 -2062.346039 12948.763428 -547.899399 105.29459 14179.777832 -1102.988205 1627.408142 12635.500488 -1081.034775 1763.732452 11657.160645 -1203.757935 2601.1203 11102.043457 -599.02153 2517.358398 11694.493408 1710.312347 -3359.202271 10834.09668
2283.359222 -2160.478668 12574.903564 3566.196899 -1779.455872 12533.19458 3777.860718 779.990845 12854.387207 3606.032104 1675.157623 10882.58667 3355.723877 2291.595001 11491.452637 3568.323364 2927.794495 12249.243164 2624.760437 2010.383148 11554.348145 1659.781494 -2195.940857 12659.533691 460.255356 -2133.034821 12932.106934 -682.475891 23.470373 13931.231689 -1184.748383 1093.695831 12076.126709 -623.767509 1268.886642 11303.101807 -350.953255 2181.152954 11590.985107 -94.978886 1776.610107 12553.857422 1718.082733 -3342.727051 10882.301025
2281.470184 -2181.761932 12628.112793 3581.048279 -1788.972168 12598.266602 3735.718384 822.134781 12820.383301 3449.524536 1643.461304 10796.055908 3479.153442 2228.216858 11498.843994 3694.889526 2735.00824 12365.002441 2759.154053 1889.995728 11611.130371 1648.305054 -2227.977142 12703.250732 426.797066 -2205.046692 12964.178467 -526.480293 206.332645 13620.577393 -598.149376 1196.801376 11622.602539 145.574732 1575.882568 11099.903564 117.140732 2128.782806 11943.377686 686.804199 1599.568024 12071.711426 1751.90506 -3320.912476 10872.675781
2286.761017 -2152.80838 12674.73999 3595.170288 -1764.73526 12634.643555 3781.962585 861.181335 12823.850098 3401.694336 1535.544434 10748.31665 3389.671326 2172.639923 11411.488037 3288.179016 2920.916138 12114.949951 2782.017517 1843.306274 11510.111084 1650.244904 -2208.855438 12744.257812 414.454651 -2276.479034 12958.554688 -815.663376 -45.351834 13819.416504 -555.603714 703.420029 11720.859375 410.56591 896.077118 11820.849609 223.09166 1769.075623 12302.264404 72.363763 1082.749329 12951.949463 1789.480743 -3270.35614 10837.762451
2288.306427 -2138.126373 12714.196777 3561.497192 -1713.516998 12590.699463 3873.48053 859.246826 12858.76709 3326.281738 1507.94632 10843.398438 3290.849915 2230.12207 11392.442627 3468.971863 2845.100098 12184.885254 2475.149994 1934.007874 10284.405518 1665.253601 -2208.95813 12810.98999 457.488289 -2391.807098 13023.759766 -1231.760864 -355.405502 13240.78125 -693.619995 -435.666504 11094.215088 203.375969 -97.702665 10902.521973 1184.723434 60.737076 10781.606445 -344.949265 -39.984765 10237.280273 1741.415863 -3284.127808 10930.396729
2308.575287 -2088.960419 12799.349365 3626.949463 -1696.851807 12682.736816 3877.965088 957.762909 12785.333252 3349.771423 1511.141052 10680.39917 2852.904358 1726.696014 9924.595947 3076.347046 2481.687927 10609.244385 2396.040192 1669.58786 10076.566772 1668.937225 -2167.036285 12883.310547 438.970642 -2448.106842 13027.602539 -1415.815582 -521.304626 12538.027344 -294.456253 -928.749313 10609.21875 397.674828 -986.591873 11330.286865 1131.244812 -1212.36763 12010.535889 369.826736 -757.136765 10380.668945 1787.545166 -3246.886902 10911.9104
2276.900177 -2070.250854 12870.26001 3621.526794 -1652.450104 12805.206299 3780.420532 1061.017075 12614.505615 3214.064331 1579.7995 10460.386963 2731.428528 1748.548431 9660.338745 2891.499329 2484.584808 10413.857422 2329.967499 1795.207977 9685.194702 1620.514374 -2145.081787 12932.4646 369.955444 -2486.916809 12959.681396 -1689.813995 -867.558899 12041.45874 -145.558863 -1389.073181 10396.262207 473.099022 -1456.33255 11207.351074 1056.250305 -1696.37085 12043.449707 753.109131 -1321.146393 10266.351318 1812.841034 -3201.611023 10888.649902
2291.859589 -2082.465363 12893.482666 3598.909302 -1610.250854 12819.783936 3752.604675 1064.707794 12577.718506 3203.234253 1599.672699 10453.931885 2699.652405 1757.744904 9679.196167 2847.824097 2514.851074 10394.334717 2315.914001 1810.412598 9691.566162 1647.152557 -2175.471802 12963.69873 417.625084 -2530.475311 13001.075439 -1763.405762 -1320.421448 11863.999023 -319.55719 -1764.133453 10147.379761 526.002579 -1761.596832 10698.594971 1257.7388 -1993.733063 11391.280518 774.820709 -1613.440399 9991.644287 1845.755768 -3192.912598 10929.589844
2301.779175 -2085.041656 12936.474609 3619.919434 -1611.699371 12880.981445 3743.153992 1074.976807 12552.038574 3269.458008 1594.087372 10389.202881 2722.249146 1767.124176 9639.505005 2825.420837 2520.018768 10377.741699 2315.319214 1824.565582 9777.451782 1654.076843 -2189.772034 13006.535645 428.083382 -2584.964294 13065.506592 -1723.956299 -1666.510162 11600.172119 -177.399673 -2388.457642 10054.067383 806.420441 -2293.636322 10291.895752 1307.392731 -2706.136475 11106.37207 994.002838 -2130.259247 9864.788818 1874.933472 -3202.530518 10931.245117
2288.086853 -2118.259735 12942.366943 3580.249329 -1590.054626 12871.905518 3726.168213 1093.738708 12595.212402 3233.745422 1603.652802 10441.068115 2703.85376 1768.470001 9680.479126 2822.244873 2570.505066 10357.929688 2314.515839 1796.356812 9698.05481 1639.803009 -2216.587982 12997.340088 422.986069 -2631.74469 12976.710205 -1854.089813 -2155.661774 11504.390869 -84.054022 -2632.864685 10121.240845 913.033371 -2776.222839 10007.459106 1324.784088 -3149.69696 10884.625244 1094.466858 -2482.363434 9574.910278 1874.185944 -3154.621277 10959.367676
2292.513885 -2154.278107 12941.546631 3595.06012 -1593.573608 12911.054688 3742.914124 1125.578461 12590.440674 3277.627869 1620.053406 10391.512451 2668.946838 1733.38913 9663.803101 2781.243896 2518.790436 10384.953613 2286.390381 1780.691376 9716.281128 1635.866241 -2263.301544 12994.553223 402.292175 -2680.618591 12911.463623 -1904.948578 -2649.643555 11336.25 -48.181715 -3131.528625 10012.835083 933.136826 -3021.640015 9724.243774 1615.769806 -3196.160583 10507.938232 1053.442688 -2818.794861 9489.435425 1905.924988 -3084.066467 10848.886719
2345.150452 -2185.277405 13012.867432 3643.682861 -1592.477722 12974.641113 3689.554138 1141.436234 12595.991211 3267.602234 1618.095398 10368.343506 2658.303833 1747.692566 9635.431519 2805.635986 2485.113525 10409.718018 2275.319824 1786.825409 9672.558594 1684.132233 -2298.674011 13058.547363 435.337257 -2699.64325 12984.766846 -1803.110046 -3057.976379 11319.907227 39.317012 -3674.73877 10004.807739 1027.554779 -3456.500549 9784.882202 1764.755554 -3444.277344 10547.755127 1106.834488 -3397.618713 9417.027588 1987.906342 -3124.68811 10937.062988
2375.205536 -2125.192871 12951.533203 3672.832336 -1539.491425 12919.625244 3723.067322 1194.733658 12604.105225 3240.196228 1604.218292 10382.070312 2662.558594 1761.953888 9632.677002 2776.799622 2492.26059 10415.134277 2270.117493 1787.501526 9675.786743 1717.208557 -2240.702057 13007.346191 493.105965 -2696.833191 12908.446045 -1810.267334 -3301.009216 11426.231689 349.590034 -4039.700623 10912.767334 1000.675812 -4367.237549 10180.958252 1818.247223 -3936.057129 10695.826416 796.48468 -3834.026489 9605.904541 2009.752655 -3069.252014 10851.462402
2359.873199 -2144.747314 12971.276855 3648.395081 -1532.698212 12946.540527 3644.884644 1206.658478 12626.555176 3273.843689 1645.206757 10384.16626 2670.447693 1743.800201 9642.695923 2827.120972 2487.518921 10407.757568 2289.542236 1783.229675 9668.734131 1700.373535 -2263.177795 13017.508545 454.326706 -2661.531677 12910.822754 -1766.12854 -3561.226807 11442.10083 192.605553 -4294.788208 10383.768311 1066.454239 -4597.321472 9919.439697 2112.04422 -4444.811707 10003.756104 1168.956604 -4101.062622 9622.590942 2017.718811 -3010.075684 10856.004639
2366.706085 -2144.488068 12955.202637 3651.679077 -1514.019165 12920.083008 3700.301208 1238.943787 12638.956299 3219.402161 1594.840546 10394.359131 2673.222351 1749.575043 9614.707642 2932.349243 2498.560944 10351.640625 2273.487854 1785.401459 9635.178223 1706.435394 -2267.795563 13011.118164 452.031479 -2655.472412 12906.02417 -1715.78476 -3769.718323 11487.637939 350.447311 -4568.33252 10696.101074 1244.774933 -4849.762878 10249.698486 2188.687439 -4904.289246 9762.236938 1318.31665 -4760.698242 10695.939941 2008.058319 -2935.218811 10807.581787
2365.398102 -2128.079987 12923.114014 3642.001648 -1488.075256 12857.817383 3772.295532 1271.65947 12798.044434 3241.124878 1651.820526 10572.530518 2749.139099 1755.720673 9751.306152 2967.035217 2540.34668 10461.577148 2344.705505 1797.1875 9757.698364 1704.574432 -2246.360168 12970.183105 444.073982 -2599.227905 12843.046875 -1659.84848 -3962.432861 11561.035156 474.374161 -4700.168762 10914.908447 1364.264221 -5218.468018 11035.126953 2349.459534 -5607.001953 10954.385986 1424.945526 -4874.446411 11081.181641 2019.021759 -2890.33905 10777.530518
2400.389099 -2132.441101 12899.476318 3681.045532 -1478.678741 12848.717041 3779.94751 1291.13205 12616.358643 3174.390259 1625.755768 10386.875 2676.779175 1764.200287 9566.82373 2942.781067 2499.035034 10323.123779 2251.092987 1798.999023 9615.81604 1735.167236 -2249.151459 12950.664062 458.152313 -2582.54364 12850.511475 -1618.337097 -4056.45752 11606.782227 610.957909 -4750.278625 11236.688232 1486.638794 -5299.119873 11381.166992 2454.334106 -5546.779785 11000.465088 1576.60614 -5029.631958 11342.93457 2036.752472 -2848.729553 10748.182373
2427.443695 -2111.370239 12884.094238 3721.372986 -1474.290771 12793.984375 3841.340332 1309.412994 12593.565674 3149.369202 1635.383759 10377.250977 2653.326416 1761.063232 9549.202881 2857.742004 2499.050446 10328.116455 2222.801819 1810.10849 9626.808472 1760.359344 -2227.02301 12950.532227 478.685493 -2571.222534 12871.956787 -1602.157135 -4094.537964 11667.286377 670.740891 -4727.471008 11401.724854 1468.202972 -5301.856079 11765.891113 2395.366669 -5833.223267 11662.183838 1578.539886 -5133.591919 11523.514404 2024.64325 -2840.689392 10731.281738
2442.002258 -2124.56192 12827.581787 3697.147217 -1450.927887 12734.932861 3953.308105 1289.305725 12533.94043 3168.981323 1580.198059 10374.207764 2678.233643 1725.25116 9560.122681 2810.375366 2469.14856 10330.463867 2233.726501 1857.252808 9951.911621 1786.917114 -2252.45636 12905.738525 516.974792 -2586.900024 12906.054688 -1566.204681 -4056.204529 11719.775391 719.930344 -4580.11261 11722.503662 1601.094666 -4985.227661 12084.932861 2158.252716 -5887.497559 12103.729248 1570.665894 -5025.194397 11726.616211 2022.298279 -2811.7276 10697.814941
2463.65799 -2108.742065 12835.992432 3722.846985 -1461.510162 12685.878906 3990.06073 1273.267136 12530.021973 3153.888245 1570.222626 10397.290039 2686.060791 1739.753265 9577.457886 2810.856628 2473.736725 10354.515381 2233.009033 1862.701721 9941.108398 1812.659302 -2244.077148 12920.273438 555.933723 -2612.98584 12913.197021 -1575.906525 -4036.268311 11775.854492 726.024628 -4380.570068 11542.545166 1422.604065 -4810.593567 12171.92749 1894.432983 -5739.987793 12352.302246 1494.756012 -4898.010864 11906.868896 2039.36264 -2798.783264 10707.016602
2474.978638 -2103.527832 12827.336426 3737.286377 -1461.029053 12689.664307 4017.868652 1269.565811 12507.940674 3157.49054 1560.59082 10385.164795 2712.852478 1736.047516 9554.25415 2805.906372 2504.965363 10300.706787 2256.876221 1824.090729 9757.944336 1826.695251 -2245.016632 12919.663086 574.292259 -2624.920349 12953.166504 -1580.207214 -3946.152954 11740.961914 725.66658 -4326.091919 11666.501465 1394.766083 -4790.168762 12300.731201 1817.275848 -5718.94165 12577.845459 1470.816193 -4864.367981 11984.908447 2036.523743 -2786.896057 10697.124023
2525.381165 -2097.741547 12811.901855 3786.654053 -1451.82663 12674.229736 4084.310608 1270.432739 12399.837646 3119.937439 1543.27713 10318.641357 2631.874695 1732.27005 9515.030518 2808.984985 2482.669373 10265.789795 2225.371857 1809.873657 9569.219971 1874.793091 -2226.377106 12908.851318 607.409477 -2553.568726 12955.345459 -1634.388428 -3708.131714 11728.466797 633.847427 -4258.55072 11883.144531 1343.582306 -4767.309875 12434.224854 1677.548523 -5748.10791 12647.333984 1428.495941 -4808.282166 12148.216553 2070.913086 -2803.443298 10687.128906
2577.936096 -2094.919281 12813.392334 3843.99231 -1451.467438 12667.644043 4176.047974 1269.556427 12347.926025 3114.373169 1423.633728 10295.018311 2641.617737 1714.116211 9509.576416 2811.730957 2409.571075 10316.987305 2209.573669 1749.816895 9589.907227 1924.734192 -2216.572571 12914.49585 641.769333 -2486.250458 12993.446045 -1691.186371 -3406.309814 11721.37085 533.577652 -4129.427185 11893.270264 1139.581223 -4833.468018 12350.686035 1528.58963 -5773.775635 12650.007324 1419.512634 -4755.349121 12355.080566 2121.395721 -2813.047485 10693.269043
2594.41925 -2094.428864 12847.207031 3901.257019 -1480.545654 12727.835693 4195.352173 1268.242874 12279.328613 3127.791443 1335.2034 10186.222534 2608.497314 1447.8862 9367.687378 2767.606201 2149.915466 10192.95105 2185.862579 1638.677368 9677.915649 1928.504333 -2203.61908 12946.170654 622.366524 -2452.599487 13037.764893 -1767.229156 -3110.653687 11623.597412 402.257156 -4070.809937 11817.145996 940.822296 -4819.594727 12320.506592 1470.966492 -5697.25708 12648.062744 1127.827454 -4785.532227 12300.621338 2143.018799 -2834.255066 10714.549561
2623.417053 -2053.580322 12823.283691 3920.306702 -1487.945709 12678.756104 4244.268494 1219.349976 12326.00708 3237.272339 1148.605881 10250.991211 2764.732361 1132.709351 9417.772217 2671.566162 1992.584991 10056.233521 2310.540924 1047.120056 10098.22876 1968.882751 -2152.817688 12923.352051 680.135803 -2368.380585 12990.980225 -1779.9823 -2632.528992 11677.362061 220.693359 -3839.203186 11636.915283 584.130363 -4706.212769 12061.459961 1100.31929 -5598.931274 12292.089844 702.236481 -4674.214783 12204.779053 2169.079895 -2910.779114 10735.718994
2615.755005 -2052.934265 12825.070801 3912.503662 -1488.820038 12680.560303 4228.66333 1216.528091 12317.015381 3221.882324 1114.232101 10244.536133 2742.320557 977.590561 9427.098999 2569.787598 1882.613068 9979.975586 2269.914398 877.339325 9844.766235 1961.293182 -2150.819244 12924.632568 671.777267 -2358.155365 12990.228271 -1790.697632 -2565.310974 11673.887939 188.010483 -3804.707031 11615.778809 515.216446 -4688.990784 12032.803955 951.137543 -5593.207397 12361.132812 656.542053 -4656.023254 12128.869629 2162.030792 -2908.407288 10738.024902
2616.384888 -2044.190826 12786.915283 3910.397339 -1541.019592 12677.780762 4267.123413 1094.305038 12258.547363 3262.940674 704.980927 10272.148438 2425.431976 327.641068 10462.53418 3351.145935 827.200623 10503.277588 2376.664429 661.663895 11014.802246 1975.022125 -2152.917786 12868.598633 713.171234 -2371.104431 12908.928223 -1675.721436 -1501.21582 11878.747559 -71.062298 -2833.193054 10937.087402 11.06806 -3757.41333 11336.262207 6.199044 -4728.820801 10979.881592 344.621735 -3667.390747 11381.380615 2288.596497 -2994.855042 10772.401123
2613.83606 -2078.034058 12791.635742 3912.493286 -1582.313538 12721.655273 4247.201233 1030.372391 12173.227539 3149.361877 562.548714 10256.125488 2896.048889 -241.616592 10666.136475 2996.602173 710.712509 10230.53772 3141.564026 816.043625 10928.579102 1968.73703 -2171.213989 12858.494873 699.097977 -2332.979584 12894.642334 -1511.269379 -1053.746796 11898.016357 -38.580151 -2617.298279 11113.288574 -63.158565 -3625.352173 11160.438232 -36.679842 -4655.772705 11243.286133 364.079704 -3447.044678 11170.34668 2320.083923 -3018.280334 10794.644775
2621.319885 -2096.273041 12787.895508 3934.464417 -1649.638519 12715.917969 4329.873352 946.24176 12155.928955 3154.595642 353.481636 10326.904297 3047.064819 270.899372 11252.584229 2103.129272 514.277954 11642.319336 3306.174316 -223.008919 11604.840088 1974.434509 -2172.801361 12844.332275 702.59079 -2295.091095 12838.675537 -1310.405426 -640.093079 12006.395264 79.86516 -2106.462402 10946.086426 177.390594 -3076.140137 11200.909424 336.603622 -4014.475708 11599.680176 -106.770039 -2421.269379 10351.108398 2334.407349 -3023.493042 10796.483154
2524.751434 -2056.320496 12705.367432 3858.132935 -1754.145813 12797.210693 4253.597412 732.607574 11974.858398 3047.000122 179.810905 10191.236572 2596.897888 -52.147694 10962.965088 1860.2565 -165.501785 11682.20459 2115.974121 -173.465309 10058.239746 1882.678986 -2106.824188 12669.143066 665.217361 -2346.535187 12446.815186 -928.669739 -176.092091 12264.326172 520.926285 -1757.761841 11581.9104 1306.571655 -1469.605103 12118.037109 305.603752 -1584.65271 12264.038086 580.863647 -1734.61319 10554.124756 2470.646667 -3093.823242 10722.838135
2564.918213 -2123.404999 12819.320068 3922.178955 -1818.02536 12799.718018 4248.066101 698.543777 11908.336182 2894.033813 197.540035 10172.989502 2337.206726 123.415213 10923.186035 1806.928864 -95.705261 11804.554443 2035.194702 -167.65934 9511.721802 1912.688751 -2182.801056 12827.995605 646.531143 -2356.058197 12756.278076 -704.18045 -68.596306 12083.013916 584.036713 -1147.669373 10533.253174 929.525452 -1485.547943 11419.123535 660.427475 -1944.969635 12305.184326 1132.132492 -1411.832581 10024.835815 2380.746002 -3060.89386 10797.58667
2541.159973 -2091.555939 12944.116211 3917.989502 -1817.289581 12887.130127 4187.468567 601.532593 11681.390381 2714.150391 82.518272 10021.05957 2192.357178 -105.331163 10787.989502 1495.591431 49.867544 11574.34082 3123.899231 415.646706 10652.949219 1882.411652 -2150.186005 12954.794922 606.162987 -2320.963745 12841.740723 -503.803329 38.776696 11915.186768 826.208572 -1116.870346 10423.648682 1502.466125 -1214.298019 11179.715576 1547.139893 -1852.553253 12004.567871 1555.827484 -1057.892609 9925.85022 2373.218842 -3056.356201 10831.960449
2543.939667 -2089.369202 12987.814941 3921.203003 -1848.376465 12920.114746 4189.476929 516.449509 11632.424316 2670.028992 153.668556 9983.807983 2204.097443 97.739677 10801.663818 1614.907379 216.936188 11672.419434 1634.360199 83.132458 9718.290405 1887.006989 -2141.126099 12992.629395 624.403648 -2332.928467 12826.998291 -192.067699 48.010349 11701.516113 1139.075394 -1281.611786 10378.696289 1886.2677 -1112.143478 11044.842529 2142.398071 -1648.899078 11898.054199 2054.806366 -1169.754257 10170.321655 2353.4758 -3086.584778 10860.905762
2518.566284 -2066.955109 13021.345215 3904.40094 -1841.425629 12910.162354 4151.053467 508.558617 11557.436523 2489.808044 255.293064 10008.816528 2077.428589 255.772724 10863.248291 1597.860565 301.788273 11812.625732 1787.918701 333.979568 9796.42334 1857.385101 -2116.005402 13029.692383 597.233162 -2325.480804 12812.786865 -14.695003 -17.662793 11400.061035 1393.816223 -1453.9505 10256.242676 2121.765289 -1183.82782 10920.053711 2398.670044 -1634.503174 11822.982178 2330.081177 -1332.91626 10141.978149 2294.969788 -3098.43689 10868.850098
2502.430115 -2089.346619 13042.646484 3895.039978 -1845.405426 12957.196045 4056.529846 469.257812 11503.538818 2434.684753 353.475685 9879.562378 2045.930176 397.834167 10749.7229 1594.541168 500.10128 11715.130615 1658.913727 435.072937 9666.685181 1837.669983 -2140.308075 13052.608643 572.17823 -2361.275635 12834.484863 93.163033 -161.891136 11186.314697 1503.466949 -1442.244568 9849.387817 2450.757141 -1394.453583 10243.933105 3397.697144 -1842.124786 10345.566406 2447.660217 -1359.063416 9854.840088 2266.086578 -3130.068054 10879.743652
2462.022858 -2098.615112 13020.866699 3854.654541 -1890.119781 12969.694824 4057.087708 486.136093 11653.605957 2530.805206 421.820793 9952.716064 2048.514404 484.393921 10767.8125 1534.892578 650.653763 11685.947266 1488.356628 517.742653 9537.073364 1799.623413 -2133.902283 13023.150635 544.765015 -2364.329224 12793.752441 96.829309 -291.658936 11003.095703 1599.224243 -1542.311707 9762.716675 2598.816223 -1722.506714 9875.795288 2902.530212 -1904.94812 8890.654297 2697.416687 -1640.551453 9877.453003 2194.294128 -3127.428589 10875.317383
2414.179382 -2117.215424 12909.804688 3765.723572 -1893.914185 12937.449951 4018.939209 502.580833 11838.370361 2643.777161 415.623283 10093.890381 2105.70282 497.117653 10839.301758 1555.303802 687.301712 11695.738525 1519.793243 523.895416 9641.764526 1770.411072 -2153.845062 12893.596191 544.380913 -2358.872833 12684.73877 3.857017 -385.927849 10924.465332 1468.353729 -1600.475006 9721.189575 2343.019257 -1870.431213 9334.404907 2790.584106 -2111.251068 8452.369385 2078.399963 -1904.898224 9041.253662 2207.236786 -3133.392944 10892.095947
2429.963837 -2167.229004 12777.43042 3750.719299 -1919.698792 12854.801025 4015.802002 522.601166 11997.553711 2755.259399 413.284454 10217.634277 2200.349884 570.672607 10917.149658 1550.486603 663.527756 11694.415283 1678.908997 520.932884 9572.629395 1797.169342 -2196.902771 12763.856201 577.968063 -2379.89563 12648.481445 -24.791732 -429.841881 10956.580811 1185.530319 -1390.162659 9374.353638 1872.769012 -1920.292816 8927.529907 2285.895691 -2100.887146 8034.910278 1640.722504 -1792.748413 8624.456177 2210.178528 -3145.570374 10922.994385
2422.614288 -2180.258331 12776.64917 3748.344727 -1918.868103 12858.684082 3991.220093 532.972794 11976.755371 2746.931152 444.40876 10168.962402 2162.562256 544.383163 10861.816406 1576.252136 666.200638 11691.555176 1620.042877 600.269356 9557.637939 1786.11908 -2210.284729 12766.077881 556.004105 -2385.736237 12682.259521 -83.796234 -425.507584 10991.68457 998.752823 -1345.349274 9280.221558 1394.071198 -1791.728058 8500.168457 1676.453705 -1843.61618 7536.220093 1605.526733 -1703.691559 8557.032471 2187.180481 -3158.381958 10916.098633
2393.174896 -2180.594788 12788.746338 3713.569641 -1909.358673 12850.316162 4037.895813 551.119881 12047.185059 2777.59613 459.343987 10259.354248 2160.465088 505.619774 10925.068359 1559.846039 651.36261 11736.444092 1920.622864 605.383682 9454.265747 1758.720551 -2205.39093 12769.399414 539.056892 -2400.895691 12646.147461 -471.631432 -442.435875 11160.551758 830.516052 -1369.565277 9624.296265 931.230698 -1458.170013 8654.86145 1366.144409 -1639.539948 7769.953003 1214.864426 -1658.139343 8523.623047 2168.082123 -3149.700623 10944.129639
2419.303894 -2233.338623 12800.616455 3730.787964 -1913.676605 12867.198486 4042.31842 512.111473 11948.310547 2837.496643 423.105278 10118.31543 2014.445953 516.297646 10496.077881 1602.687683 786.182098 11391.202393 1701.98822 583.652763 9390.774536 1783.7323 -2262.212982 12795.852051 545.809784 -2358.037109 12730.499268 -548.050842 -431.458664 11254.581299 459.439163 -1085.109711 9386.799316 589.173355 -1180.502777 8419.885864 1113.717422 -1309.692993 7573.436279 1162.935181 -1191.610107 8434.75647 2192.50351 -3151.137085 10961.534424
2395.403595 -2197.332458 12809.699707 3718.017273 -1918.12439 12822.369385 4083.930969 518.31604 11951.293945 2836.062012 528.867226 10147.613525 2155.587921 494.445763 9543.50769 1369.83551 752.028732 10143.792725 1853.756561 719.067307 10151.607056 1760.20813 -2233.199921 12824.838867 520.268364 -2308.697815 12766.12915 -688.063049 -390.499992 11369.63623 261.9104 -829.87175 9410.653076 629.864044 -936.769562 8508.175659 1129.636002 -1019.853973 7640.945435 1093.620148 -1022.778625 8559.633789 2139.281616 -3151.514282 10962.459717
2377.504272 -2166.641388 12798.973389 3674.527283 -1870.712585 12762.952881 4041.901855 530.840454 11916.693115 2774.786682 477.12101 10169.147339 2110.692749 547.070808 9571.049805 1419.576416 753.434067 10272.271729 1796.955414 590.003929 9466.800537 1752.449188 -2207.197723 12812.25708 535.303116 -2314.859619 12735.269775 -741.838303 -293.694878 11660.477295 409.90509 -836.91803 9882.959595 771.378479 -648.18367 9008.093262 1351.374054 -665.24971 8207.463989 1289.673462 -741.211166 9640.362549 2130.617218 -3133.204651 10962.709961
2365.975342 -2163.016815 12887.061768 3671.960754 -1830.903473 12820.275879 4048.717041 574.145622 11884.169922 2739.656677 509.600067 10130.846558 2036.11908 538.541069 9556.246948 1455.297699 778.887177 10359.328613 1763.850403 593.287659 9329.821167 1732.237396 -2204.953003 12893.414307 502.587166 -2318.090668 12767.807617 -682.807693 -213.835087 11659.080811 815.82962 -839.754486 10150.324097 1208.686371 -481.433983 9328.840942 1867.720795 -387.445831 8579.372559 1696.682892 -649.379578 10012.167969 2126.863251 -3065.903931 10951.971436
2366.629944 -2159.555206 12881.345215 3671.870728 -1827.110443 12816.279297 4047.756348 576.6605 11880.435791 2739.638672 509.917336 10127.957153 2035.181732 534.257011 9555.043945 1415.102539 764.595871 10330.53833 1763.469849 590.063324 9326.148071 1733.229065 -2201.582794 12886.561279 504.644585 -2313.544769 12756.138916 -672.859497 -209.498711 11642.033691 836.816483 -839.653015 10147.861328 1272.546768 -468.064499 9355.018311 1975.116425 -387.2089 8645.339355 1735.851135 -672.893829 10038.665771 2130.996399 -3058.95813 10945.522461
2366.641388 -2159.56604 12881.228027 3671.882629 -1827.10968 12816.162109 4047.734375 576.661224 11880.286865 2739.593506 509.866714 10127.821045 2035.111389 534.145088 9554.932861 1414.764862 764.376907 10330.247803 1763.382568 589.97345 9326.044922 1733.239136 -2201.595612 12886.435547 504.654732 -2313.550568 12755.979004 -672.726974 -209.516735 11641.707764 837.022858 -839.816132 10147.662354 1272.99263 -468.27301 9354.926147 1975.800171 -387.654648 8645.452881 1736.180115 -673.2061 10038.447266 2131.026154 -3058.948364 10945.388184
2286.194916 -2116.799927 12772.08252 3565.013428 -1836.83548 12686.2146 4026.865234 438.372192 11665.52002 2606.7453 461.482162 10080.128784 1910.597992 511.366882 9538.064575 1159.587784 768.644867 10132.335205 1652.179718 644.413605 9303.130493 1670.342712 -2162.886505 12766.237793 484.320679 -2318.426514 12605.625 -430.62149 -239.803791 11372.91748 1052.402267 -977.612991 9993.624878 1627.501068 -584.28833 9345.608521 2374.151917 -599.13887 8719.206543 1943.338318 -971.981201 9916.598511 2109.677277 -3048.388367 10896.789551
2316.285553 -2104.69986 12779.309082 3612.441406 -1883.745422 12729.73877 3975.951843 441.213837 11764.277344 2648.680725 458.304672 10092.282104 1883.894348 482.855911 9645.006714 1222.59079 676.195602 10362.27417 1640.199738 639.156532 9325.376587 1698.390045 -2148.019104 12783.0896 502.918129 -2287.420197 12654.02832 -240.464211 -239.483871 11250.410156 1176.028824 -1079.291763 9849.735107 1962.284241 -1091.174545 9309.014893 2791.621704 -1130.542374 8792.922974 1797.576599 -1114.222107 10075.910034 2124.544067 -3071.827087 10894.851074
2309.644928 -2108.109436 12810.090332 3615.412598 -1894.510956 12819.071045 3982.692261 420.727577 11795.789795 2666.872253 462.025909 10100.0354 1788.536377 423.213234 9953.760376 1261.238785 774.426422 10727.63916 1589.344635 615.100708 9285.568237 1688.038483 -2142.143402 12789.105225 491.225128 -2243.942871 12591.704102 -92.48909 -209.038849 11071.619873 1337.71637 -1118.827744 9710.412598 2190.193329 -1263.690872 9294.192505 2518.123932 -1451.742249 8386.708374 2287.151489 -1128.039703 8990.458374 2145.083771 -3074.364014 10877.8479
2316.117554 -2129.734802 12786.831055 3631.192017 -1917.658691 12781.905518 3966.726074 437.415848 11796.065674 2626.701965 484.133377 10101.020508 1754.837646 423.019218 9897.940674 1363.970184 694.683762 10785.203857 1555.979309 618.951454 9271.230469 1689.346619 -2144.032135 12772.832031 480.705109 -2227.418365 12588.516846 -147.185402 -185.028305 11065.852051 1272.636642 -1072.847672 9656.628418 2158.447876 -1283.909912 9333.839111 2040.342712 -1348.322754 8353.325806 1792.476501 -1391.3414 8630.46875 2105.219116 -3088.089294 10861.053467
2308.493347 -2136.390076 12763.769531 3628.751526 -1917.028961 12757.039795 3963.591309 456.81179 11784.171143 2630.925903 513.693085 10070.670776 1745.14267 421.731644 9930.354004 1447.671204 674.554138 10863.637695 1556.827545 610.445709 9217.554932 1678.876953 -2157.993011 12754.411621 458.471413 -2231.508179 12608.864746 -223.373032 -161.666431 11125.549316 1089.091187 -974.465561 9559.584961 1931.686401 -1149.509659 9110.536499 1756.213074 -1258.381729 8137.835083 1554.680176 -1118.693848 8392.373047 2099.866791 -3098.518677 10828.544922
2327.687683 -2149.112549 12761.207275 3642.973938 -1909.425354 12771.485596 3989.582825 484.725838 11861.685791 2676.44928 539.278488 10135.927124 1807.931061 399.390297 9943.105469 1349.483795 737.239456 10777.965088 1596.493378 613.679581 9293.613281 1698.611603 -2169.334259 12759.580078 474.34227 -2219.744873 12652.532959 -327.588921 -130.525379 11264.354248 815.589981 -863.02803 9537.504883 1433.483429 -869.49234 8790.200195 1602.249146 -1092.464981 7837.025146 1332.52182 -925.011978 8484.966431 2108.329926 -3098.889465 10820.948486
2311.717529 -2122.798767 12736.453857 3610.232544 -1884.490051 12733.360596 4091.429749 493.415146 11941.38916 2815.037231 519.7966 10221.42395 1975.221405 808.680496 10175.652466 1421.379395 812.480164 11005.756836 1854.803925 388.52005 9637.317505 1690.709686 -2147.092896 12731.469727 486.339645 -2217.593079 12591.400146 -508.979645 -76.751261 11501.392822 660.156021 -765.732727 9809.212036 1267.879868 -819.017563 9071.191406 1418.70575 -778.449936 8102.825317 1307.384338 -586.045074 8831.728516 2132.560425 -3101.490479 10814.622803
2303.422852 -2110.505676 12811.400146 3606.194153 -1862.822113 12744.718018 4100.083008 494.997063 11858.745117 2703.656006 509.250984 10218.389282 2089.250793 714.523544 9601.692505 1387.969971 798.402023 10314.758301 2003.526459 341.367874 9313.101807 1679.740601 -2151.958618 12807.539062 472.904816 -2249.816895 12646.137695 -555.305023 -84.556189 11600.070801 763.182678 -634.01104 9951.160278 1208.039703 -411.163483 9126.637573 1747.001648 -422.232628 8300.440674 1439.73526 -423.324394 9129.580078 2148.201752 -3080.987549 10820.38208
2295.235291 -2130.638885 12829.467773 3612.129211 -1860.253448 12770.574951 4090.490417 536.817627 11880.6604 2728.137817 597.474403 10175.647583 2007.877808 684.084702 9632.189331 1507.711182 812.644806 10508.486328 1688.340302 673.666077 10102.406616 1662.901611 -2168.634033 12826.021729 436.831932 -2261.139679 12682.109375 -625.333405 -66.065192 11643.533936 736.903305 -644.270859 10000.919189 1444.205017 -316.052837 9413.955078 2043.359528 -116.222038 8638.932495 1600.617828 -392.761688 9341.222534 2145.690002 -3059.504089 10827.041016
2293.171387 -2112.681885 12815.72998 3604.596252 -1862.84256 12751.748047 4102.104187 534.351616 11926.306152 2754.594727 648.104095 10231.108398 1965.941772 717.272034 9802.416382 1590.867004 866.080246 10728.59375 1634.629669 683.796234 9876.97876 1665.05127 -2149.420624 12816.746826 446.454124 -2246.253662 12684.545898 -600.124512 -51.407366 11675.734863 668.255157 -718.723068 10011.965332 1615.013733 -566.397743 9870.118408 2322.848663 -225.430202 9262.8302 1682.099457 -544.333267 9757.520752 2142.676544 -3075.161133 10815.131836
2301.034241 -2107.594147 12812.375488 3611.639099 -1856.994324 12750.924072 4113.755493 543.438339 11942.583008 2761.372681 675.040894 10254.190674 1954.006805 776.813431 9870.275269 1486.498566 962.127533 10745.793457 1776.815643 711.252518 10437.199707 1673.226166 -2143.373871 12811.922607 455.916824 -2236.212006 12671.898193 -566.556816 -38.301945 11649.145508 711.133728 -715.805893 9998.360596 1658.9534 -563.17543 9868.284302 2342.975464 -214.693928 9239.307861 1694.054871 -548.37059 9689.696045 2151.632385 -3063.907166 10809.801025
2309.379272 -2107.802734 12818.939209 3619.923401 -1856.794739 12738.258057 4113.026733 549.103317 11934.207764 2698.317261 687.963104 10296.051025 1868.563538 796.329575 9963.463135 1518.572693 966.68396 10895.9375 2151.641235 885.318909 10891.116943 1680.876465 -2139.468384 12823.483887 463.826218 -2239.408569 12677.814941 -539.441261 -23.364277 11670.012207 756.805801 -771.833725 10062.644653 1707.030182 -594.772034 9986.735229 2394.299164 -212.048855 9380.388794 1707.035828 -576.371498 9739.710693 2135.805969 -3065.647583 10815.692139
2332.692261 -2113.174438 12869.440918 3666.141663 -1868.925934 12834.559326 4104.538269 577.736931 12001.691895 2705.026855 705.7061 10308.791504 1825.276794 835.537491 10100.004883 1530.514832 981.122131 11070.88623 1497.138367 948.822861 10170.985718 1694.832153 -2138.635712 12863.813477 466.899948 -2268.646088 12685.935059 -413.880043 -13.138056 11558.366699 901.134033 -965.903778 10032.841187 901.795654 -999.813385 11015.797119 1111.826096 -869.584198 10039.037476 1220.385132 -581.431389 10619.869385 2164.341583 -3070.527954 10821.228027
2363.678436 -2098.822327 12932.37793 3731.231079 -1877.005463 12880.29541 4138.182068 636.515617 12044.016113 2678.659058 796.479721 10339.89624 1761.963959 974.726257 10333.811035 1571.783295 998.238983 11364.091797 1427.192688 892.400131 9930.231934 1711.118927 -2110.671692 12932.767334 454.727707 -2243.134003 12757.634277 -323.215141 -30.759573 11358.594971 1016.904526 -1207.539749 9941.556396 1632.924347 -1958.699188 10201.116943 1396.365662 -1080.915146 9716.793823 1778.869934 -1470.497131 9552.567749 2112.766571 -3068.653259 10849.472656
2363.684082 -2098.830566 12932.429199 3731.229248 -1877.008972 12880.3479 4138.209839 636.513214 12044.128418 2678.647156 796.539841 10340.062256 1761.961212 974.815598 10334.119873 1571.947174 998.291397 11364.42627 1427.038879 892.519684 9931.004028 1711.12793 -2110.683136 12932.816162 454.745903 -2243.154602 12757.668457 -323.134422 -30.860901 11358.491211 1017.032928 -1207.812576 9941.657715 1632.475433 -1959.342651 10201.497192 1397.210999 -1081.302414 9717.017212 1779.248962 -1471.203003 9553.466187 2112.782745 -3068.660583 10849.533691
2360.638885 -2155.672913 12863.161621 3741.639404 -1898.596191 12890.05249 4068.8974 706.97113 12196.894531 2609.107971 926.229248 10459.865723 1673.019257 952.01828 10596.762695 1485.90332 1065.045853 11636.013184 1433.573608 1062.787552 10890.738525 1699.341125 -2166.95694 12858.201904 419.29184 -2287.485809 12725.64209 -245.392551 -31.971188 11266.481934 869.171295 -1385.414276 9764.92981 1385.64209 -2092.930756 10285.554199 1416.884766 -1878.804932 9264.360962 1375.261383 -1585.987091 9441.680298 2134.869537 -3091.634827 10743.308105
2381.467896 -2152.299347 12884.327393 3770.490723 -1907.65686 12938.973389 4044.864197 734.218369 12314.519043 2647.294922 1010.005188 10521.447754 1698.469238 1016.973419 10581.685791 1421.54541 1135.777206 11605.136719 1289.860382 1049.032974 10249.96582 1717.071991 -2156.470642 12875.906982 432.008667 -2291.800842 12747.978516 -241.95858 -75.051637 11211.464844 925.551834 -1364.270935 9677.578125 1223.390121 -2146.211853 10267.349854 1414.8909 -2187.722626 9237.137451 1496.886292 -1934.166565 9763.764038 2133.838654 -3044.525452 10803.227539
2393.430023 -2150.772858 12871.574707 3762.138367 -1881.845245 12942.137451 4018.769531 754.173431 12417.747803 2671.858215 1001.669464 10612.327881 1731.161957 1004.922943 10625.422363 1418.331909 1156.219482 11622.294922 1640.721588 979.244537 11098.760986 1736.226654 -2167.906342 12862.041016 473.464584 -2362.615509 12726.330566 -311.958122 -118.288698 11342.867432 872.44339 -1308.284454 9778.61145 857.876129 -2315.969086 9676.293335 1017.23381 -2781.14502 8762.504272 1388.806763 -2006.177063 10028.579102 2171.71402 -3070.600586 10808.61084
2394.943695 -2133.547668 12874.539795 3784.588013 -1869.17923 12944.289551 4010.960083 809.750671 12426.778564 2615.073242 1033.301926 10615.201416 1666.739807 975.170822 10701.363525 1387.459412 1162.484436 11717.712402 1685.575562 1118.607712 11263.886719 1728.439178 -2150.486298 12870.107422 449.853821 -2372.454529 12753.626709 -357.635689 -110.586729 11334.490967 751.627579 -1411.216736 9755.658569 741.662064 -2403.971863 9492.056274 1032.169495 -2944.685059 8637.362671 1010.376129 -2172.984772 9281.519775 2154.220428 -3060.872498 10805.845947
2395.718689 -2145.585175 12890.808105 3789.702148 -1877.554016 12960.556641 4035.969849 810.935822 12451.121826 2641.106873 1070.514603 10633.378906 1691.50177 1008.988266 10738.115234 1349.009705 1180.06485 11741.85791 1611.737671 1132.445679 11220.43457 1727.066345 -2168.886871 12888.624268 452.164574 -2433.975677 12770.968018 -427.236328 -140.608253 11427.994385 702.058487 -1528.631134 9927.738647 871.239471 -2169.100647 9137.989502 998.81134 -2924.36554 8411.140137 870.128708 -2134.229584 8950.877686 2155.745544 -3081.535339 10811.44043
2385.273895 -2136.612854 12865.748291 3780.335083 -1877.087402 12955.863037 4039.328003 815.680313 12469.34082 2665.06897 1078.534317 10635.163574 1730.778198 1020.787964 10837.834473 1289.233551 1205.891724 11800.047607 1562.131348 1121.754761 11202.91626 1716.334686 -2154.568024 12850.426025 448.984947 -2427.286835 12675.953369 -503.612175 -123.67383 11399.526367 765.023956 -1656.256866 10175.098267 946.89476 -2291.900482 9383.68042 1049.033356 -2996.96167 8603.651123 1031.596832 -2195.486755 9135.911865 2169.141846 -3072.894897 10771.889648
2386.621399 -2162.355957 12840.344238 3780.873413 -1886.493378 12957.719727 4063.978577 809.921188 12458.348389 2645.008545 1070.124969 10649.294434 1717.532501 1049.134827 10898.630371 1169.45282 1211.494751 11812.559814 1573.954163 1173.779068 11275.974121 1716.066895 -2174.859772 12809.859619 456.583366 -2460.874939 12579.276123 -533.441238 -102.973728 11417.114258 770.245285 -1771.517181 10413.806152 875.299377 -2424.539948 9618.586426 1214.341507 -2974.412231 8778.7146 985.68512 -2276.40274 9436.629639 2202.086639 -3064.754028 10720.227051
2387.399597 -2162.187958 12858.331299 3790.652771 -1882.056274 12965.440674 4042.862244 834.682846 12465.196533 2652.809143 1071.434326 10612.623291 1703.19046 1082.546692 10792.564697 1232.276535 1207.208481 11761.658936 1554.717255 1178.666611 11190.239258 1712.664337 -2178.235016 12830.061035 436.842575 -2446.447144 12622.740479 -601.534462 -99.798441 11438.07373 744.772644 -1768.86322 10458.226318 878.263702 -2569.414673 9806.743164 1407.068024 -3042.116089 9010.784302 1057.186661 -2364.011688 9628.887329 2215.068817 -3045.668945 10722.067871
2398.46283 -2161.399078 12845.993652 3793.687439 -1868.565521 12958.10791 4052.996521 840.044174 12470.196533 2674.85199 1058.558655 10616.497803 1725.744019 1100.661469 10775.57373 1274.484711 1213.668137 11751.273193 1538.553772 1179.844208 11134.197998 1726.02005 -2176.195679 12817.653809 453.912621 -2432.513275 12601.416016 -604.117661 -90.468674 11448.529053 716.884003 -1791.945038 10510.27832 860.378571 -2591.604309 9865.549927 1427.507477 -2975.075073 9053.042603 1055.569458 -2378.265228 9713.583984 2219.432831 -3032.15271 10694.760742
2411.405945 -2175.129547 12830.375977 3813.852539 -1881.95343 12913.590088 4077.178345 841.409836 12454.266357 2669.500427 1124.459076 10621.123047 1706.734619 1093.889313 10703.149414 1328.302612 1209.60762 11713.21167 1543.029022 1175.803909 11117.801514 1736.276703 -2198.685303 12819.500732 452.343063 -2457.208557 12652.508545 -659.712982 -78.63894 11605.247803 630.888481 -1759.73465 10571.567383 801.231842 -2379.320984 9752.677612 1364.871826 -2898.820801 9011.44165 966.094589 -2171.702271 9520.911865 2205.634003 -3030.648804 10687.642822
2415.957947 -2166.799011 12851.922607 3827.988892 -1879.141541 12904.688721 4088.790588 859.019318 12452.110596 2662.079468 1134.587402 10618.448486 1695.30426 1073.679428 10690.024414 1355.187225 1201.543961 11717.650146 1540.747833 1172.242432 11125.245361 1737.601013 -2192.380371 12852.199707 440.746689 -2443.654938 12730.343018 -700.143204 -68.225265 11670.687256 550.883942 -1741.195831 10552.958984 745.673065 -2084.793549 9584.555664 1317.433167 -2523.735504 8791.928711 933.378372 -2117.811127 9582.248535 2187.320099 -3039.208374 10701.99707
2412.996063 -2153.859406 12837.839355 3825.950317 -1868.63327 12888.015137 4090.172424 870.631943 12440.206299 2671.626587 1150.422974 10600.179443 1703.248444 1118.821182 10672.03125 1388.200836 1221.994781 11710.628662 1495.680389 1170.556183 11037.869873 1734.497833 -2179.704285 12840.107422 437.859726 -2434.215546 12719.379883 -733.136292 -47.257991 11718.354492 519.866409 -1647.330322 10499.532471 704.139938 -2113.282166 9581.251221 991.852188 -2657.627563 8704.170532 800.117722 -2000.911102 9345.118408 2177.732086 -3023.516235 10686.060791
2421.483765 -2155.989838 12822.305908 3841.027832 -1868.198242 12865.059814 4096.981506 885.018692 12416.873779 2675.263367 1171.070251 10566.378174 1703.634796 1092.990341 10617.199707 1388.471527 1205.1017 11660.175781 1496.478119 1152.389832 10997.670898 1739.979706 -2185.090485 12829.241943 436.059532 -2439.431152 12718.865967 -768.712158 -55.093913 11714.000244 476.387367 -1522.510986 10312.327881 614.092941 -2057.716827 9418.388672 743.140564 -2652.473755 8530.297241 742.832184 -1957.673492 9189.053345 2175.559692 -3030.57312 10663.448486
2410.641937 -2148.930817 12801.693115 3835.968323 -1861.50177 12818.459473 4149.732971 901.963272 12410.64209 2668.892212 1123.30658 10587.390137 1693.930054 1031.329575 10607.335205 1404.666595 1203.086243 11653.718262 1497.34024 1161.959305 11021.550293 1726.791992 -2178.759308 12809.34082 419.281883 -2440.743103 12703.051758 -802.695541 -52.728057 11699.329834 468.873177 -1610.358276 10409.042969 581.346397 -2044.376373 9454.451904 713.688889 -2566.679688 8518.027954 835.794525 -1995.544586 9314.099731 2162.719879 -3041.045227 10634.58252
2408.281555 -2147.907715 12777.34375 3825.737305 -1863.246155 12808.673096 4150.267029 881.438141 12389.174805 2728.989258 1148.089905 10541.535645 1765.100708 1074.026413 10661.075439 1396.191254 1221.023102 11679.456787 1563.97934 1175.729218 11030.792236 1728.163757 -2177.374115 12781.411133 423.438263 -2410.748138 12667.127686 -802.212448 -44.44808 11661.40625 480.518875 -1526.474915 10318.518066 553.278275 -2081.057434 9431.287231 538.331566 -2660.025635 8526.334229 639.168472 -2019.529419 9186.069946 2176.954346 -3051.16272 10637.069092
2411.08078 -2142.388916 12756.567383 3822.115479 -1849.641266 12768.763428 4134.606323 891.07872 12379.071045 2687.95166 1145.272903 10559.793701 1723.238831 1082.937698 10648.10791 1408.962402 1223.613434 11681.577148 1740.000458 1229.852524 11225.32959 1733.179016 -2168.281708 12763.551025 430.591393 -2390.522461 12655.925293 -799.418106 -26.79944 11677.467041 458.572197 -1515.050354 10332.457275 566.775513 -2101.228333 9473.862305 540.59639 -2690.50354 8580.258179 672.514801 -2092.651672 9291.397705 2169.251251 -3061.477661 10620.175781
2401.862793 -2134.05014 12737.370605 3813.855591 -1852.477417 12756.293945 4153.850708 881.964874 12362.349854 2726.7276 1156.164322 10533.115234 1762.826385 1132.147293 10638.394775 1422.784882 1270.928497 11662.956543 1633.681641 1244.508743 11084.226074 1724.429626 -2157.608948 12742.13501 421.625061 -2370.344238 12631.739502 -783.81218 3.991276 11655.344238 463.956375 -1512.4646 10336.079102 564.582939 -2224.391479 9578.657227 788.677216 -3023.825378 8903.962402 693.289566 -2189.313202 9326.727295 2166.049805 -3046.103516 10600.559082
2412.772369 -2147.43103 12690.809326 3807.989807 -1843.63327 12707.62085 4120.1297 881.351395 12395.622559 2799.660645 1191.317139 10517.237549 1837.924805 1180.440598 10502.62085 1487.485962 1322.261353 11513.648682 1678.548737 1267.245407 10950.070801 1741.255035 -2172.830048 12709.331055 438.135567 -2329.261932 12652.37915 -750.477676 17.91507 11657.724609 387.3703 -1411.662903 10185.845947 446.946449 -2106.821594 9420.410156 849.181595 -3077.540283 9567.320557 731.364822 -2225.245361 9452.229004 2130.418396 -3079.372559 10607.891846
2394.349213 -2168.486938 12665.583496 3782.785034 -1842.936249 12714.534912 4140.960999 871.272659 12377.470703 2808.817139 1222.658005 10516.85791 1848.033295 1239.255829 10494.683838 1528.921356 1367.404022 11516.97998 1683.428955 1244.589081 10923.465576 1723.079071 -2191.475983 12676.068115 420.44075 -2331.800079 12594.365234 -726.739273 58.333874 11661.254883 393.428726 -1515.350189 10332.624512 470.915985 -2086.675873 9473.17627 1004.979935 -2968.569946 9720.182495 833.386536 -2217.243042 9614.89502 2130.785217 -3084.461975 10597.963867
2384.419861 -2154.235229 12625.130615 3770.58136 -1831.769104 12668.460693 4123.045654 881.775055 12371.313477 2801.728516 1198.444214 10503.007812 1848.731689 1273.516235 10425.36499 1552.174683 1371.225586 11455.318604 1725.350037 1356.143494 10941.567383 1714.487915 -2175.140991 12631.473389 418.912773 -2346.964111 12543.585205 -715.074615 52.547903 11637.148438 397.735825 -1567.986908 10368.996582 541.126556 -2318.758698 9674.585571 1094.748383 -3115.744019 10095.796509 872.073441 -2123.648834 9230.631714 2126.123657 -3133.234253 10562.362061
2385.489349 -2154.085999 12643.105469 3770.558777 -1832.939758 12681.308594 4131.837463 876.113205 12380.793457 2802.019348 1200.455322 10522.890625 1850.662689 1291.253967 10455.10376 1555.170441 1384.671021 11484.571533 1786.841583 1388.342285 11029.130859 1716.289673 -2175.178528 12650.931396 421.86245 -2347.541351 12568.000488 -707.912369 47.001543 11652.399902 402.662888 -1607.775269 10431.975098 556.453133 -2388.844147 9775.891113 1093.361435 -3226.888123 10131.056519 911.410599 -2244.697571 9374.60022 2125.545654 -3139.5401 10586.236572
2355.023499 -2120.692444 12548.837891 3729.274292 -1826.040955 12618.231201 4149.908447 850.702972 12377.548828 2876.402588 1261.771622 10527.702637 1937.074432 1382.492371 10487.919922 1576.475372 1490.862427 11482.712402 1748.317413 1457.760468 10891.850586 1692.700348 -2131.781616 12541.625977 424.047852 -2346.677246 12399.368896 -654.859543 36.946387 11484.626465 468.577652 -1751.929016 10544.764404 596.118736 -2521.854706 9887.044678 900.823288 -3505.309753 10068.893433 654.05304 -2504.277802 9574.367065 2126.49353 -3210.954285 10529.003906
2331.881866 -2125.803986 12489.937744 3693.850098 -1819.092255 12587.498779 4127.995911 843.278046 12382.055664 2910.792847 1279.886627 10515.638428 1998.141479 1420.879822 10326.276855 1628.688202 1547.439575 11309.384766 1783.638306 1481.226654 10751.652832 1673.626556 -2132.145538 12463.325195 422.051392 -2376.493835 12286.054688 -585.927353 37.748961 11417.801514 539.251862 -1782.681122 10576.917725 609.44458 -2657.695312 10067.329102 611.588554 -3578.132935 9583.660278 524.176979 -2637.202148 9834.674072 2116.302643 -3249.516296 10512.508545
2327.641296 -2138.317719 12452.078857 3683.478088 -1831.369019 12560.665283 4131.783752 821.536331 12397.020264 2923.432007 1302.717133 10545.92041 2098.00827 1476.344604 10132.720337 1591.796722 1755.890656 11013.901367 1773.515472 1498.749847 10004.614868 1671.832428 -2146.959229 12425.042725 423.887138 -2382.0784 12243.757324 -442.31266 41.763635 11285.704346 555.484352 -1891.77887 10568.464355 576.286049 -2871.449585 10318.312988 616.143913 -3849.750977 9979.758911 397.086945 -2784.127808 10114.815063 2106.257324 -3306.276245 10482.56958
2305.35553 -2107.322388 12398.289795 3633.646545 -1812.292938 12504.140625 4098.918152 783.227386 12419.475098 2962.688599 1345.742035 10604.064941 2118.299255 1499.25827 10274.558105 1570.430603 1962.175293 11016.005859 1801.925659 1551.135406 10085.742188 1663.695831 -2114.212799 12366.499023 455.5019 -2401.613312 12182.003174 -294.537163 -42.202768 11134.700928 622.111931 -2014.494629 10588.903809 468.786278 -2990.027161 10656.834717 380.892296 -3998.743896 10711.121826 487.785301 -2819.221191 10274.173584 2040.737915 -3335.233154 10501.053467
2311.128387 -2103.153992 12403.168945 3636.598511 -1804.672699 12506.723633 4096.292114 787.273483 12413.175049 2948.830872 1331.956177 10603.691406 2111.110992 1537.975464 10290.272217 1598.795776 1969.906616 11072.438965 1807.359009 1523.348846 10026.394043 1669.924164 -2110.047607 12386.33667 450.643387 -2362.828674 12242.050781 -200.578938 -40.263386 11065.247803 602.163658 -2088.573303 10650.358887 513.231392 -3042.933655 10891.112061 304.580936 -4028.221741 10994.01123 517.910576 -2986.141052 10539.012451 2015.341187 -3319.629517 10509.716797
2319.98703 -2079.379578 12403.850098 3647.962341 -1798.863068 12506.126709 4104.438782 790.683594 12410.662842 2943.968201 1312.020874 10605.527344 2121.166534 1517.722015 10257.230225 1710.235138 1990.217438 11073.565674 1808.936157 1512.419891 10055.608521 1679.233551 -2083.484497 12405.050049 453.624725 -2325.075378 12318.575439 -55.674577 -39.875059 11012.380371 541.348038 -2182.375488 10778.908691 558.800697 -3086.451416 11175.018311 367.143135 -4022.744141 11505.656738 524.081841 -3100.832825 10799.836426 1937.717285 -3297.566223 10520.095215
2321.327362 -2107.77771 12377.786865 3634.776611 -1798.863068 12471.311035 4109.839172 772.184448 12477.081299 3011.634827 1349.599152 10667.08374 2204.667969 1483.317261 10265.88623 1801.13205 1988.329926 11057.912598 1883.685913 1485.60257 10165.050049 1684.921875 -2108.436127 12397.720947 459.302444 -2323.013916 12393.503418 47.58049 -43.919234 11076.947021 437.751007 -2143.395691 10461.966553 805.581665 -2845.039368 11040.479736 350.336304 -3739.414062 10988.936768 840.527191 -2947.1521 10834.038086 1831.790771 -3276.628418 10540.797119
2310.513306 -2101.967926 12350.338135 3615.779114 -1797.976837 12441.437988 4166.66687 737.51091 12545.345459 3117.658386 1355.229187 10737.579346 2293.131714 1438.881683 10374.403076 1831.590118 1960.850067 11112.973633 1990.166626 1470.391083 10158.970337 1678.879242 -2096.138 12380.290527 460.94471 -2303.672485 12406.748047 83.752718 -41.748137 11086.920166 386.412086 -2141.949463 10479.80957 837.40921 -2736.134338 11106.491699 419.979401 -3634.805603 10987.282715 937.261124 -2818.122864 10894.536133 1749.076843 -3266.535034 10558.231201
2296.195526 -2096.297302 12342.624512 3602.444458 -1807.939301 12440.3125 4179.795532 717.319412 12551.412354 3143.10791 1341.018677 10742.559814 2324.223022 1453.061066 10377.675781 1863.572845 1920.358582 11150.513916 2034.477234 1458.320923 10119.760132 1665.74234 -2087.561035 12376.352539 448.175659 -2283.171387 12418.679199 123.791437 -25.414228 11085.753174 349.095764 -2145.490723 10528.22876 854.706039 -2729.444275 11119.562988 415.41153 -3611.913452 10973.516846 954.489822 -2802.521362 10948.259277 1724.914398 -3247.267456 10546.812744
2273.061829 -2096.017303 12324.770508 3578.87207 -1834.78302 12420.275879 4207.333984 664.555283 12559.543457 3171.61438 1338.217926 10780.283203 2365.440063 1422.282715 10390.656738 2118.145447 1811.196442 11288.446045 2084.692688 1488.779755 10127.452393 1645.798187 -2076.676483 12359.414062 430.795326 -2250.522766 12405.526123 137.44133 20.519643 11112.55127 330.47863 -2093.722534 10560.672607 872.769089 -2705.719604 11079.35791 388.115273 -3553.997803 10907.595215 1086.452789 -2573.325806 11371.641846 1669.86557 -3218.445129 10543.862305
2269.333191 -2096.855164 12322.692871 3575.687256 -1837.810822 12418.64502 4207.684021 661.070633 12555.001221 3173.68103 1332.610779 10773.669434 2369.821167 1412.638855 10378.240967 2126.27121 1798.242035 11278.594971 2092.407684 1476.597748 10107.528076 1642.018433 -2076.87973 12357.226562 426.640282 -2249.005585 12403.275146 136.784611 25.798976 11115.587158 325.64415 -2086.161957 10552.741699 869.538651 -2704.174805 11062.727051 380.718727 -3548.230286 10881.63208 1092.171097 -2590.232849 11314.746094 1664.984894 -3218.227539 10541.2146
2250.641785 -2091.574707 12330.158691 3563.869019 -1855.432434 12433.249512 4214.970703 644.636765 12568.719482 3208.222961 1285.943756 10754.957275 2400.256958 1421.901855 10379.014893 2217.713776 1818.328705 11291.585693 2132.829742 1479.438477 10072.480469 1622.049561 -2072.96463 12368.00293 403.159256 -2233.942871 12432.232666 129.413404 40.504932 11128.312988 276.323395 -2079.281158 10562.990723 848.844452 -2665.066528 11083.735352 385.2528 -3501.550598 10811.688232 943.574905 -2726.496582 11023.669434 1654.754181 -3201.411438 10533.302002
2213.487091 -2080.641632 12318.726807 3523.381042 -1869.341431 12406.867676 4231.394653 593.635902 12607.351074 3251.063843 1275.282211 10810.393066 2478.546143 1401.304321 10374.901123 2272.182617 1794.188538 11276.75415 2216.798096 1481.763 10102.516479 1588.897095 -2054.399109 12351.455078 376.223907 -2204.800415 12408.989258 81.473198 62.789917 11131.774902 262.770748 -2039.5047 10565.358887 816.956635 -2636.822815 11081.340332 360.918045 -3465.841675 10797.001953 864.691086 -2715.675964 10868.510742 1611.4534 -3172.95166 10539.84375
2210.144653 -2079.580078 12322.480469 3519.831238 -1869.594421 12409.499512 4230.967407 591.821365 12606.016846 3250.196533 1273.374863 10810.212402 2477.670288 1403.389893 10376.586914 2280.289917 1799.500885 11278.62915 2218.037872 1486.715393 10099.439697 1585.825958 -2053.024292 12355.743408 373.659058 -2203.118439 12415.198975 77.013278 64.034166 11139.611816 257.362633 -2037.434387 10572.910156 812.057114 -2634.880981 11087.5354 357.178955 -3463.649902 10801.867676 861.781235 -2712.642517 10878.099365 1606.248322 -3171.5448 10545.096436
2193.294373 -2082.823639 12349.759521 3503.851929 -1871.550903 12441.508789 4235.35614 587.06955 12633.081055 3280.567932 1274.959717 10823.056641 2497.740936 1412.903748 10408.87085 2376.312866 1848.204041 11307.43042 2240.375977 1493.652802 10112.581177 1568.382874 -2055.891724 12383.803711 355.403938 -2208.332977 12446.744385 25.839992 61.176119 11177.86499 232.468987 -2028.178558 10568.231201 769.993515 -2620.648193 11108.088379 361.295547 -3472.436218 10816.838379 800.438232 -2704.930115 10839.233398 1582.095032 -3148.013306 10548.289795
2193.698273 -2084.658813 12353.579102 3504.318542 -1873.638306 12444.366455 4236.342163 584.999161 12632.564697 3281.361694 1271.452026 10822.180176 2499.223328 1412.125854 10407.677002 2392.260895 1845.603485 11308.914795 2244.83017 1493.275909 10104.547729 1568.829193 -2057.837219 12388.106689 356.083298 -2211.018677 12452.921143 20.939112 64.980536 11197.37793 229.157887 -2020.399933 10575.067139 768.86116 -2615.927734 11109.299316 356.42952 -3460.514526 10802.8479 803.017349 -2698.09082 10850.915527 1581.622314 -3150.802917 10553.056641
2177.985535 -2086.098175 12366.252441 3483.031616 -1863.361969 12435.501709 4227.341309 579.904633 12645.861816 3294.797363 1263.097229 10831.964111 2530.309906 1403.406525 10392.258301 2400.969849 1812.199249 11297.982178 2277.016296 1492.971039 10109.346924 1555.467987 -2064.294586 12404.986572 347.034988 -2213.304443 12475.330811 -46.869926 75.293779 11281.254883 211.217079 -1967.891083 10571.834717 656.19873 -2623.288574 11116.785889 331.992378 -3499.433594 10804.611816 716.203156 -2684.171753 10838.150635 1570.9729 -3162.788391 10576.228027
2171.646729 -2095.945587 12364.875488 3476.833496 -1862.880707 12434.174805 4212.704163 587.91832 12631.335449 3292.330627 1258.228683 10802.786865 2535.245361 1398.046112 10347.76123 2396.363678 1884.120789 11214.665527 2294.191589 1497.83844 10046.069336 1548.235016 -2077.644501 12405.532227 339.528542 -2235.519257 12482.133789 -119.70233 79.016089 11355.008545 189.97982 -1940.903778 10591.967773 593.747253 -2676.772156 11063.847656 249.088364 -3583.532104 10884.975586 717.937317 -2708.972778 10874.539795 1566.56311 -3170.574951 10574.9646
2177.39502 -2107.770081 12369.317627 3485.088501 -1865.278625 12427.738037 4207.067566 595.074463 12647.358398 3300.689697 1255.287704 10801.287842 2529.091492 1424.77951 10376.953125 2432.110901 1883.609772 11267.266846 2306.858521 1502.032471 10009.140015 1552.398529 -2093.734894 12413.47168 341.021423 -2253.745422 12496.45752 -157.634621 85.607166 11421.951904 177.156181 -1916.624908 10607.568359 533.850174 -2684.991455 11070.877686 410.989609 -3631.518555 11330.324707 635.608673 -2766.166992 11040.013428 1574.700623 -3185.304565 10577.20459
2163.212891 -2130.1474 12332.590332 3465.041809 -1863.982697 12409.870605 4189.238586 594.5438 12636.561279 3311.408081 1250.524521 10775.74707 2587.832947 1410.978394 10271.242676 2533.59024 1881.156464 11159.036865 2349.278564 1489.629364 9985.025635 1537.741394 -2115.294952 12366.890869 324.636993 -2274.357147 12415.950928 -291.714191 107.779799 11511.188965 186.221485 -1854.680328 10672.93457 435.715485 -2730.592957 10992.98584 246.178513 -3642.901306 11324.199219 690.461884 -2759.975891 11324.052734 1592.014008 -3225.813904 10541.424561
2161.344452 -2129.674835 12348.1604 3461.813354 -1844.159241 12407.489014 4170.238953 619.391937 12665.859375 3347.17926 1261.359329 10772.104492 2614.592285 1400.938263 10272.313232 2603.435669 1905.842743 11143.984375 2371.25885 1473.523712 9988.042603 1535.149841 -2123.778839 12386.827393 323.159103 -2299.943237 12444.608154 -386.276703 106.870975 11673.128662 155.07843 -1807.869873 10758.967285 398.54908 -2706.948853 11017.321777 310.691528 -3667.380676 11241.755371 575.016594 -2810.93811 11062.585449 1592.65152 -3258.179016 10563.410645
2138.605347 -2133.493347 12358.708496 3432.857361 -1834.741058 12396.293945 4157.940674 610.755539 12700.019531 3321.350708 1228.03688 10811.292725 2674.285278 1405.487213 10218.833618 2698.419189 1920.933685 11080.57251 2422.806549 1451.698761 9988.084717 1514.085236 -2126.599121 12394.042969 298.826771 -2245.756531 12451.939697 -504.149704 199.437141 11975.771484 108.430538 -1624.790039 10944.475098 425.886497 -2482.76001 11247.70874 264.572468 -3340.681152 10786.549072 465.468559 -2574.158325 11224.945068 1600.738983 -3268.712769 10585.097656
2143.439789 -2135.260468 12343.729248 3431.779785 -1806.059113 12352.8479 4156.246948 630.649757 12734.257812 3381.816101 1218.195724 10808.149414 2713.214722 1403.047943 10241.459961 2788.985596 2055.057526 11002.67334 2465.070038 1445.02655 9988.937378 1519.031525 -2131.797485 12388.256836 301.707458 -2221.907806 12469.134521 -590.157585 225.874786 12198.571777 32.146611 -1542.02774 11075.76416 368.398056 -2377.363739 11421.185303 287.729282 -2958.432312 10626.224365 402.572708 -2454.091034 11286.590576 1583.330383 -3311.900635 10591.868896
2160.376129 -2168.074646 12356.566162 3452.867126 -1815.594482 12348.244629 4115.170898 657.138062 12740.812988 3395.271301 1257.999725 10779.819336 2750.161438 1430.41687 10172.780762 2904.139099 2047.517395 10960.791016 2486.420288 1474.634399 9960.231323 1532.534027 -2171.929016 12416.300049 308.753471 -2258.593903 12534.090576 -618.450279 211.13739 12470.317383 -91.327171 -1314.933929 10974.18457 322.59716 -2119.717255 11327.928467 292.015953 -2546.207275 10429.067383 414.143677 -2139.117279 11157.353516 1580.80246 -3354.208374 10593.597412
2169.000854 -2181.488953 12357.130127 3462.409363 -1824.750977 12314.942627 4050.032349 668.648453 12728.905029 3428.231506 1289.407043 10736.04126 2798.481445 1456.636353 10109.094238 2989.089355 2065.834351 10897.819824 2516.850891 1498.670502 9936.555176 1541.371307 -2189.64447 12430.324707 318.477306 -2225.429688 12598.505859 -685.930176 215.410442 12754.598389 -300.530491 -964.629898 10931.605225 263.320389 -1702.717438 11223.460693 152.35323 -1900.712891 10252.283936 342.676506 -1313.857422 11868.897705 1576.539154 -3388.965759 10612.293701
2205.668945 -2208.327179 12416.254883 3505.935059 -1836.424103 12325.759277 4028.355408 701.335678 12715.969238 3396.802063 1329.371185 10705.252686 2784.154358 1477.962036 10044.807129 3021.387329 2080.517578 10838.739014 2454.475098 1568.422699 10027.976074 1576.418152 -2231.57608 12519.484863 359.714699 -2272.041931 12789.4104 -687.090683 177.908249 12961.407471 -500.79071 -668.699341 10910.059814 283.657646 -1255.734253 10990.38208 -72.365294 -1551.496735 10095.995483 233.407993 -1170.217667 11948.430176 1561.245728 -3394.665833 10669.256592
2253.701782 -2249.476624 12401.221924 3543.781128 -1860.832214 12297.575684 3920.052795 702.206192 12633.994141 3398.093262 1413.456726 10626.826172 2759.406433 1525.244904 9987.959595 3051.424255 2111.765747 10771.575928 2443.32077 1581.940308 9909.324951 1629.664154 -2275.574951 12522.006836 426.018295 -2267.733459 12832.883301 -739.045258 107.825098 13122.563477 -898.031769 -58.404913 10914.260254 -273.471546 -659.398575 10456.75415 21.826773 -1310.972137 9752.283936 -232.606983 -426.730537 10299.378662 1568.104095 -3414.745483 10698.343506
2278.811951 -2253.636169 12414.020996 3571.87561 -1848.751373 12284.909668 3955.576172 715.4599 12732.834473 3406.412659 1398.967133 10705.991211 2799.282532 1518.284149 10029.411621 3080.187378 2163.019409 10780.344238 2452.043304 1618.753052 10074.318848 1651.852264 -2289.866791 12541.224365 447.523232 -2315.748138 12883.041992 -665.326004 118.025541 13043.619385 -751.128006 -279.403515 10844.573975 -397.338409 -406.280518 9931.737671 150.523224 -1240.774841 9770.070801 36.689117 -264.500828 10637.960205 1576.651459 -3440.594482 10703.730469
2295.649414 -2266.571655 12377.385254 3595.39978 -1858.789978 12263.184814 3865.838623 717.557983 12785.068359 3409.807129 1448.681488 10741.385498 2819.272766 1561.909027 10044.003906 3015.218506 2203.587036 10829.830322 2445.721588 1664.718933 10207.939453 1666.275024 -2302.044678 12506.850586 454.172058 -2274.885101 12840.888672 -589.414177 -9.544343 13855.26001 -940.929031 388.745613 11672.996826 -978.059158 402.756996 10682.336426 -1061.344147 547.531433 11684.154053 -683.352203 320.20359 10636.571045 1604.755707 -3444.841003 10663.114014
2298.748779 -2247.968597 12368.061523 3595.87616 -1846.181946 12236.314697 3838.179016 729.592285 12748.447266 3395.854797 1517.857513 10727.856445 2798.773499 1596.666107 10033.709106 2837.732239 2333.806458 10753.830566 2442.689362 1781.34079 10353.69873 1674.068451 -2287.907562 12511.875 470.726433 -2256.221466 12867.199707 -516.200752 -126.528444 14175.50293 -1137.969284 915.71991 12290.892334 -1144.044113 944.674911 11301.832275 -1558.422699 1460.137634 12069.990234 -1043.642197 861.037521 11161.37207 1593.316956 -3455.967712 10678.237305
2317.949066 -2240.445557 12359.621582 3603.102112 -1843.263702 12231.782227 3787.6828 711.372681 12743.913574 3402.724915 1574.987793 10766.031494 2768.568115 1616.813965 10114.500732 2712.57843 2335.719147 10837.799072 2475.783539 1719.541321 9989.995117 1699.293671 -2283.031311 12501.260986 507.080116 -2259.549103 12852.296143 -490.797691 -192.131405 14198.820801 -1193.129654 1227.870255 12643.565674 -1368.983002 1189.668732 11680.240479 -1908.016205 1983.681488 11974.869385 -1141.881409 1320.039062 11652.677002 1604.432068 -3450.462646 10706.787109
2325.109253 -2259.344177 12343.309326 3615.442505 -1851.792145 12233.288574 3761.385803 729.704056 12683.060303 3391.769409 1588.020782 10688.40332 2663.509216 1668.097687 10141.103516 2790.734253 2350.310669 10897.071533 2356.515503 1779.974365 10065.721436 1703.560791 -2302.047424 12485.893555 515.192604 -2232.898102 12863.936768 -490.278168 -93.422384 14113.924561 -1256.137619 1499.072266 12752.668457 -1582.103424 1906.519775 11917.628174 -1790.992737 2358.029175 11040.157471 -1385.458069 2005.1474 11730.41626 1627.584381 -3410.761414 10698.170166
2309.596863 -2252.734528 12343.431396 3604.286194 -1866.381836 12231.566162 3736.759338 719.333572 12637.723389 3388.867493 1596.699524 10650.86792 2743.591003 1657.407227 10007.514038 2806.304321 2366.037292 10745.112305 2420.909576 1837.909546 10417.307129 1688.798218 -2288.62442 12487.148438 503.433189 -2179.101562 12859.256592 -469.181747 -30.866117 14112.208252 -1257.866898 1679.434357 12922.873535 -1660.408936 2088.78067 12124.599609 -1939.591522 2628.86322 11321.497803 -1367.601166 2369.888153 11938.361816 1604.036102 -3420.102844 10712.023926
2305.421448 -2244.822083 12342.666016 3599.951172 -1861.383667 12225.327148 3740.721436 722.202072 12635.772705 3385.294495 1605.424347 10653.779297 2734.655762 1670.141754 10016.741943 2781.878052 2389.804993 10744.199219 2419.807281 1852.550049 10442.789307 1685.603333 -2280.116425 12489.643555 504.186974 -2169.870605 12872.349854 -445.574608 -41.159391 14173.07373 -1247.41272 1707.635498 13052.067871 -1689.827881 2162.842255 12301.624756 -2012.30072 2744.77356 11545.849609 -1401.000671 2464.09317 12131.606445 1588.777313 -3406.522522 10712.290039
2295.302582 -2235.592346 12339.177246 3590.453186 -1856.363983 12217.667236 3746.312561 722.159729 12651.085205 3385.70282 1631.4328 10682.255859 2710.030823 1725.676422 10075.917358 2815.233459 2427.881317 10814.04541 2440.753937 1913.441315 10581.838379 1676.162109 -2269.524994 12488.847656 498.165474 -2156.052704 12880.379639 -425.903435 -39.322824 14217.741699 -1232.223282 1742.158203 13153.591309 -1704.566345 2238.509216 12449.093018 -2060.260468 2857.020874 11738.868408 -1417.826385 2555.282745 12299.729004 1567.904816 -3389.40155 10707.973633
2294.722595 -2235.192719 12339.180908 3589.904175 -1856.200714 12217.419434 3746.437378 722.179108 12651.290283 3385.579224 1632.077332 10682.819824 2709.089966 1727.162476 10077.538452 2816.629944 2428.62915 10816.016846 2441.366577 1915.077209 10585.588379 1675.615234 -2269.031982 12488.981934 497.788048 -2155.283661 12880.9021 -424.80423 -38.895905 14219.770508 -1231.132202 1744.172974 13158.338623 -1704.813843 2243.227386 12456.668701 -2063.651733 2863.443298 11749.533691 -1417.987366 2560.7901 12308.596191 1566.772766 -3388.716431 10708.03833
2300.955658 -2220.624084 12343.269043 3618.06427 -1854.589386 12221.531982 3739.964294 768.02803 12603.321533 3399.779663 1694.589844 10607.294922 2761.811829 1720.519257 9938.73291 2815.387878 2426.520996 10696.936035 2426.514893 1816.113434 10457.374268 1674.641418 -2249.316101 12499.285889 491.570816 -2093.171844 12911.697998 -413.710403 116.324272 14179.051514 -1228.809967 1969.741058 13186.501465 -1787.423096 2540.700989 12592.55127 -2152.253876 3245.533142 11952.340088 -1446.398621 2860.691528 12390.919189 1542.436676 -3355.85907 10674.984131
2300.610962 -2222.937622 12345.161133 3620.539856 -1863.48175 12212.868652 3732.334595 761.810226 12605.374756 3397.971497 1660.249634 10592.059326 2741.563721 1697.215729 9940.263062 2806.311035 2388.675079 10712.872314 2432.279358 1854.406738 10466.220703 1673.631592 -2252.858429 12502.06665 498.782463 -2068.303986 12931.385498 -406.57608 167.704811 14159.765625 -1237.454605 2016.423035 13164.273682 -1807.560425 2630.834045 12624.727783 -2417.861023 3274.763184 12119.160156 -1462.47467 2988.818665 12375.41748 1520.307617 -3324.922791 10661.26709
2299.764404 -2222.388611 12344.141846 3619.708862 -1863.121033 12211.676025 3731.544495 762.2966 12603.103027 3397.025757 1660.09552 10589.556885 2740.788879 1697.186737 9937.611694 2804.772339 2389.176178 10709.793701 2431.172485 1855.102081 10462.210693 1672.796173 -2252.20108 12501.080322 498.037415 -2067.312927 12930.455322 -406.326065 168.974838 14158.986816 -1236.531754 2018.159637 13163.863525 -1805.633698 2633.338318 12624.155273 -2413.479156 3279.168091 12118.079834 -1459.462585 2992.052002 12376.213379 1519.109344 -3323.898621 10660.141602
2288.210144 -2222.81601 12335.688477 3614.340515 -1869.262085 12201.019287 3727.011414 768.537521 12569.802246 3391.277466 1682.351532 10555.241699 2725.690002 1689.25293 9907.286377 2765.584412 2400.577698 10668.203125 2464.835663 1845.927734 10559.487305 1659.337463 -2249.333191 12494.681396 484.518776 -2051.396942 12930.720215 -410.471344 213.714828 14133.377686 -1238.766785 2070.779266 13133.873291 -1781.240387 2677.18689 12552.171631 -2314.647064 3368.694458 12016.363525 -1424.033966 3110.001831 12351.937256 1493.096008 -3310.726624 10642.657471
2271.874695 -2219.079437 12332.071533 3605.592041 -1880.132446 12200.523682 3744.927368 758.759232 12598.051758 3414.24408 1692.353516 10585.69458 2735.630493 1703.475342 9948.15918 2781.344299 2422.404633 10705.057373 2421.87912 1872.025146 10433.255615 1641.306 -2241.549225 12491.402588 467.982292 -2030.545044 12934.246826 -414.76368 250.706825 14130.324707 -1238.922653 2126.217346 13149.54834 -1777.054138 2703.554688 12531.213379 -2280.726624 3426.536255 12003.477783 -1448.131256 3161.970825 12351.138916 1463.785553 -3283.16803 10623.570557
2269.233093 -2235.193024 12325.344238 3608.610535 -1892.994843 12201.003418 3758.942566 752.088852 12625.319824 3416.549377 1684.283295 10604.152832 2744.779663 1703.35495 9954.163818 2785.444641 2408.433228 10729.992676 2425.954132 1869.781036 10449.006348 1636.083069 -2255.185242 12485.548096 463.363991 -2021.460571 12933.369141 -416.788368 278.839912 14119.974365 -1236.696701 2186.051178 13176.132812 -1774.148254 2716.615906 12510.518799 -2267.557068 3446.280823 11974.249268 -1465.583801 3218.978882 12365.032959 1440.497589 -3258.675537 10596.513672
2266.793823 -2234.22821 12322.513428 3606.335449 -1892.406006 12198.371582 3756.873474 752.717285 12622.958984 3414.653015 1684.542847 10601.505127 2744.865417 1702.642517 9949.400024 2784.658813 2406.743469 10726.209717 2422.587891 1868.423309 10437.365723 1633.614044 -2254.010925 12482.718506 460.994835 -2019.92569 12930.738525 -417.738762 279.846344 14119.638672 -1236.728821 2189.163666 13179.071045 -1774.83139 2722.494202 12516.14624 -2267.794647 3455.379028 11983.80127 -1466.963348 3226.915894 12374.822998 1437.218933 -3256.082458 10593.00415
2266.738586 -2234.207458 12322.4646 3606.282043 -1892.393188 12198.320312 3756.839905 752.719345 12622.967529 3414.613037 1684.602203 10601.541748 2744.832458 1702.739563 9949.429932 2784.528809 2406.864319 10726.224365 2422.545013 1868.537292 10437.346191 1633.55957 -2253.986206 12482.67334 460.947075 -2019.897614 12930.709229 -417.747879 279.848728 14119.6875 -1236.730652 2189.219055 13179.221191 -1774.838257 2722.613831 12516.352539 -2267.814331 3455.537109 11984.072266 -1466.997681 3227.104492 12375.162354 1437.13623 -3256.02478 10592.946777
2226.745911 -2232.774811 12307.653809 3564.630737 -1889.358215 12197.191162 3755.273743 732.746429 12710.362549 3407.024841 1680.512085 10701.656494 2782.015686 1710.140686 10009.055176 2791.795044 2417.329865 10781.595459 2416.782379 1861.805725 10404.537354 1593.862305 -2247.319031 12465.032959 415.428886 -2014.718323 12891.881104 -463.328514 268.926315 14100.985107 -1246.639099 2212.537384 13211.035156 -1846.139374 2732.218628 12594.150391 -2392.505035 3503.276978 12185.666504 -1541.048889 3295.327759 12461.422119 1375.659332 -3218.530273 10565.0
2223.445282 -2232.962189 12306.218262 3566.824646 -1884.962158 12184.615479 3784.020691 734.959717 12768.151855 3403.422546 1677.019958 10749.232178 2793.237 1698.200684 10036.678467 2796.922302 2420.31311 10803.018799 2412.372742 1855.721741 10370.678711 1588.375244 -2250.903931 12468.776855 403.197327 -2035.379639 12906.097412 -501.022797 271.777363 14084.261475 -1270.387192 2228.882904 13180.750732 -1809.411316 2759.858704 12511.190186 -2263.818665 3521.438904 11977.593994 -1552.187958 3309.038696 12500.737305 1363.119507 -3209.99054 10542.520752
2221.107025 -2235.297394 12304.98291 3567.808533 -1882.889709 12180.739746 3796.994324 734.857483 12808.366699 3395.812378 1680.545197 10786.870117 2797.65564 1700.527649 10060.187378 2781.605835 2428.196106 10825.836182 2406.940765 1850.88089 10354.559326 1584.508057 -2254.149628 12470.076904 394.555931 -2045.941925 12910.230713 -505.316772 266.575069 14102.004395 -1266.335526 2233.235321 13193.254395 -1816.869812 2762.077332 12526.396484 -2281.270447 3539.966125 12019.018555 -1587.75116 3306.625061 12512.25708 1347.922516 -3204.521484 10534.49707
2208.0159 -2237.019043 12294.87793 3559.129944 -1889.364777 12164.96582 3799.667358 737.935638 12778.078613 3392.477112 1589.426117 10709.924316 2763.060913 1690.2034 10013.876953 2769.514771 2433.742676 10768.071289 2392.905426 1839.345093 10308.54126 1569.882202 -2256.048737 12460.750732 376.564255 -2048.836975 12901.890869 -530.192871 276.279144 14080.161133 -1281.885223 2267.588196 13202.998047 -1827.718353 2788.902588 12522.537842 -2319.138947 3540.38269 11995.732422 -1602.816925 3361.22406 12533.148193 1334.855652 -3205.240784 10512.542725
2207.704163 -2236.794434 12294.476318 3558.779297 -1889.053345 12164.471436 3798.806763 738.492584 12776.66748 3391.376953 1589.008331 10708.173828 2761.890564 1689.125977 10012.102051 2767.223511 2433.465424 10765.507812 2391.674347 1838.249512 10306.577148 1569.582977 -2255.821381 12460.380859 376.305809 -2048.647614 12901.629639 -530.345078 276.213875 14080.447998 -1282.153931 2267.873688 13204.213867 -1828.732147 2789.907532 12524.910889 -2320.852509 3541.684875 11999.194336 -1604.076233 3362.846375 12537.366943 1334.394836 -3204.80835 10512.116699
2207.403564 -2236.62796 12294.141846 3558.459167 -1888.869324 12164.022217 3798.32428 738.774414 12775.828857 3390.664368 1588.847961 10707.20459 2761.315613 1688.503876 10010.944824 2765.896606 2433.160248 10764.036865 2390.892639 1837.385864 10304.445801 1569.29718 -2255.650482 12460.097656 376.076698 -2048.509216 12901.505127 -530.380898 276.110172 14080.933838 -1282.301025 2268.085632 13205.528564 -1829.335938 2790.56366 12526.939697 -2321.695251 3542.801208 12002.113037 -1604.892731 3363.839722 12540.559082 1333.892517 -3204.44397 10511.778564
2196.845245 -2227.537079 12276.138916 3544.533386 -1882.047577 12155.362549 3774.091797 744.072647 12737.215576 3382.15271 1582.583466 10669.110107 2731.104736 1686.821899 9998.171997 2751.383057 2432.649078 10744.886475 2368.222809 1821.807861 10200.043945 1560.066071 -2244.998627 12438.643799 367.891197 -2038.000946 12870.371094 -541.993065 278.770618 14041.181641 -1283.995819 2272.010803 13180.36499 -1836.216125 2826.256714 12537.142334 -2353.101349 3561.804504 12019.122314 -1660.94574 3399.033203 12688.217773 1325.623169 -3184.650879 10494.355469
2195.707092 -2227.230835 12273.990479 3543.669128 -1882.154083 12153.731689 3773.287964 744.701309 12733.287354 3382.315369 1581.282196 10664.007568 2731.896057 1684.976959 9992.265015 2754.983826 2429.40033 10740.423584 2368.55835 1818.620911 10189.745483 1558.813324 -2244.511108 12436.290283 366.418953 -2037.076111 12867.519531 -543.302879 280.200386 14037.999268 -1284.299164 2274.293823 13177.779541 -1836.493835 2830.185852 12535.821533 -2352.856445 3567.411499 12019.494629 -1668.513794 3401.451416 12703.900146 1324.65683 -3183.502502 10491.459961
2195.267029 -2227.083435 12273.509521 3543.282776 -1882.132263 12153.291016 3772.940979 744.913254 12732.126465 3382.089233 1580.845337 10662.530518 2731.842651 1684.156189 9990.545044 2754.480591 2428.834839 10738.481445 2368.377686 1817.562866 10187.290649 1558.357239 -2244.303741 12435.786133 365.95108 -2036.710968 12866.956787 -543.476105 280.71373 14037.453613 -1284.14032 2275.057526 13177.452393 -1836.125488 2831.481018 12535.753174 -2352.239532 3569.150085 12019.783936 -1665.771332 3406.123657 12710.142822 1324.152527 -3183.136902 10490.860596
2186.637115 -2228.342743 12270.583496 3536.328125 -1888.266754 12157.868652 3768.241882 741.12175 12723.173828 3393.240967 1582.884216 10653.370361 2724.232178 1694.186554 10001.574707 2759.825134 2440.924683 10746.732178 2368.275757 1831.612244 10229.532471 1549.037323 -2242.805328 12430.007324 355.124474 -2030.709229 12854.202881 -552.273407 287.343254 14024.089355 -1282.162933 2291.552277 13178.829346 -1836.624756 2867.654114 12557.177734 -2381.590271 3579.122314 12034.431152 -1681.113281 3430.027771 12770.438232 1321.928558 -3180.743713 10483.487549
2186.577606 -2228.263702 12270.546875 3536.266785 -1888.213501 12157.906494 3768.332214 740.980835 12723.925781 3393.444519 1583.500366 10654.434814 2723.981018 1695.587311 10003.253174 2760.867615 2441.864929 10748.792725 2368.394928 1833.425903 10232.987671 1548.97995 -2242.717285 12429.952393 355.070305 -2030.602112 12854.108887 -552.305946 287.454567 14023.939209 -1282.094727 2291.625671 13178.564453 -1836.365509 2867.632751 12556.671143 -2381.284943 3578.841858 12033.544922 -1680.937042 3429.934387 12769.451904 1321.888885 -3180.578918 10483.42041
2186.552734 -2228.22403 12270.512695 3536.239319 -1888.180542 12157.883301 3768.35907 740.946121 12724.150391 3393.484192 1583.72757 10654.772949 2723.877563 1696.078186 10003.788452 2761.147156 2442.216339 10749.443359 2368.418579 1834.071503 10234.142456 1548.957825 -2242.676697 12429.919434 355.056229 -2030.565033 12854.085693 -552.292099 287.451897 14023.995361 -1282.07489 2291.658936 13178.720703 -1836.347961 2867.70752 12556.873779 -2381.293793 3578.917236 12033.781738 -1680.956421 3430.014343 12769.871826 1321.853638 -3180.493469 10483.376465
2186.552734 -2228.22403 12270.512695 3536.239319 -1888.180542 12157.883301 3768.35907 740.946121 12724.150391 3393.484192 1583.72757 10654.772949 2723.877563 1696.078186 10003.788452 2761.147156 2442.216339 10749.443359 2368.418579 1834.071503 10234.142456 1548.957825 -2242.676697 12429.919434 355.056229 -2030.565033 12854.085693 -552.292099 287.451897 14023.995361 -1282.07489 2291.658936 13178.720703 -1836.347961 2867.70752 12556.873779 -2381.293793 3578.917236 12033.781738 -1680.956421 3430.014343 12769.871826 1321.853638 -3180.493469 10483.376465
2186.552734 -2228.22403 12270.512695 3536.239319 -1888.180542 12157.883301 3768.35907 740.946121 12724.150391 3393.484192 1583.72757 10654.772949 2723.877563 1696.078186 10003.788452 2761.147156 2442.216339 10749.443359 2368.418579 1834.071503 10234.142456 1548.957825 -2242.676697 12429.919434 355.056229 -2030.565033 12854.085693 -552.292099 287.451897 14023.995361 -1282.07489 2291.658936 13178.720703 -1836.347961 2867.70752 12556.873779 -2381.293793 3578.917236 12033.781738 -1680.956421 3430.014343 12769.871826 1321.853638 -3180.493469 10483.376465
2186.552734 -2228.22403 12270.512695 3536.239319 -1888.180542 12157.883301 3768.35907 740.946121 12724.150391 3393.484192 1583.72757 10654.772949 2723.877563 1696.078186 10003.788452 2761.147156 2442.216339 10749.443359 2368.418579 1834.071503 10234.142456 1548.957825 -2242.676697 12429.919434 355.056229 -2030.565033 12854.085693 -552.292099 287.451897 14023.995361 -1282.07489 2291.658936 13178.720703 -1836.347961 2867.70752 12556.873779 -2381.293793 3578.917236 12033.781738 -1680.956421 3430.014343 12769.871826 1321.853638 -3180.493469 10483.376465
2186.552734 -2228.22403 12270.512695 3536.239319 -1888.180542 12157.883301 3768.35907 740.946121 12724.150391 3393.484192 1583.72757 10654.772949 2723.877563 1696.078186 10003.788452 2761.147156 2442.216339 10749.443359 2368.418579 1834.071503 10234.142456 1548.957825 -2242.676697 12429.919434 355.056229 -2030.565033 12854.085693 -552.292099 287.451897 14023.995361 -1282.07489 2291.658936 13178.720703 -1836.347961 2867.70752 12556.873779 -2381.293793 3578.917236 12033.781738 -1680.956421 3430.014343 12769.871826 1321.853638 -3180.493469 10483.376465
2186.552734 -2228.22403 12270.512695 3536.239319 -1888.180542 12157.883301 3768.35907 740.946121 12724.150391 3393.484192 1583.72757 10654.772949 2723.877563 1696.078186 10003.788452 2761.147156 2442.216339 10749.443359 2368.418579 1834.071503 10234.142456 1548.957825 -2242.676697 12429.919434 355.056229 -2030.565033 12854.085693 -552.292099 287.451897 14023.995361 -1282.07489 2291.658936 13178.720703 -1836.347961 2867.70752 12556.873779 -2381.293793 3578.917236 12033.781738 -1680.956421 3430.014343 12769.871826 1321.853638 -3180.493469 10483.376465
2186.552734 -2228.22403 12270.512695 3536.239319 -1888.180542 12157.883301 3768.35907 740.946121 12724.150391 3393.484192 1583.72757 10654.772949 2723.877563 1696.078186 10003.788452 2761.147156 2442.216339 10749.443359 2368.418579 1834.071503 10234.142456 1548.957825 -2242.676697 12429.919434 355.056229 -2030.565033 12854.085693 -552.292099 287.451897 14023.995361 -1282.07489 2291.658936 13178.720703 -1836.347961 2867.70752 12556.873779 -2381.293793 3578.917236 12033.781738 -1680.956421 3430.014343 12769.871826 1321.853638 -3180.493469 10483.376465
2166.970825 -2219.96109 12232.015381 3516.999512 -1888.60321 12118.186035 3778.298035 704.319763 12809.556885 3384.668274 1668.856964 10800.661621 2794.206543 1704.334869 10070.753174 2802.224121 2450.78186 10815.209961 2414.789124 1886.177521 10447.797852 1530.596619 -2231.930542 12393.272705 339.886475 -2023.787079 12823.704834 -555.064621 290.102959 14003.602295 -1264.659195 2299.370117 13160.557861 -1825.739288 2909.785461 12580.998535 -2420.002899 3570.213318 12047.579346 -1680.644073 3363.436584 12589.259033 1288.225708 -3151.281128 10440.036621
2168.745422 -2225.115509 12235.81543 3519.58313 -1890.397339 12122.766113 3775.415039 707.591171 12808.613281 3381.333008 1669.824066 10795.924072 2792.347717 1699.229126 10063.237915 2791.671143 2439.200134 10815.788574 2411.621094 1880.904236 10457.716064 1531.728058 -2237.075653 12397.451172 339.851913 -2028.400574 12828.572998 -556.572304 291.384315 14002.74292 -1267.497864 2299.140625 13150.473633 -1825.661621 2903.708801 12560.144043 -2419.804077 3556.788025 12015.462646 -1680.260315 3389.639893 12613.143311 1288.271027 -3157.528076 10442.904053
2168.741302 -2225.045776 12235.682373 3519.58374 -1890.337067 12122.675781 3775.56488 707.477798 12809.117432 3381.544189 1670.369873 10796.73584 2792.18689 1700.381927 10064.37439 2791.595154 2440.447693 10816.829834 2411.862335 1882.267303 10459.709473 1531.724396 -2237.010956 12397.318115 339.851685 -2028.356476 12828.45459 -556.557541 291.349735 14002.785645 -1267.487411 2299.184875 13150.71167 -1825.683441 2903.838501 12560.500488 -2419.834747 3557.047119 12015.98877 -1680.376587 3389.886169 12613.968506 1288.269196 -3157.348022 10442.718506
2168.741302 -2225.045776 12235.682373 3519.58374 -1890.337067 12122.675781 3775.56488 707.477798 12809.117432 3381.544189 1670.369873 10796.73584 2792.18689 1700.381927 10064.37439 2791.595154 2440.447693 10816.829834 2411.862335 1882.267303 10459.709473 1531.724396 -2237.010956 12397.318115 339.851685 -2028.356476 12828.45459 -556.557541 291.349735 14002.785645 -1267.487411 2299.184875 13150.71167 -1825.683441 2903.838501 12560.500488 -2419.834747 3557.047119 12015.98877 -1680.376587 3389.886169 12613.968506 1288.269196 -3157.348022 10442.718506
2168.741302 -2225.045776 12235.682373 3519.58374 -1890.337067 12122.675781 3775.56488 707.477798 12809.117432 3381.544189 1670.369873 10796.73584 2792.18689 1700.381927 10064.37439 2791.595154 2440.447693 10816.829834 2411.862335 1882.267303 10459.709473 1531.724396 -2237.010956 12397.318115 339.851685 -2028.356476 12828.45459 -556.557541 291.349735 14002.785645 -1267.487411 2299.184875 13150.71167 -1825.683441 2903.838501 12560.500488 -2419.834747 3557.047119 12015.98877 -1680.376587 3389.886169 12613.968506 1288.269196 -3157.348022 10442.718506
2164.313049 -2220.4953 12211.763916 3516.065979 -1883.276825 12094.760742 3786.240845 711.774673 12799.75708 3380.691223 1698.822327 10798.079834 2797.897644 1702.460938 10058.326416 2795.742798 2451.549072 10803.743896 2415.848541 1896.34201 10483.29834 1527.198486 -2233.907928 12376.347656 336.566277 -2028.535767 12817.349854 -552.753525 291.254826 14005.197754 -1266.807327 2302.281647 13155.238037 -1825.882416 2898.575745 12555.177002 -2416.890717 3565.024109 12020.812988 -1691.976013 3402.14386 12617.69165 1275.788269 -3131.997375 10408.652344
]