08-08-20_Ishan_4K+Depth.snake_below_blue_chair.0000000002 [ 0.007253 -0.0169 0.010211 2.44678 0.901733 0.0 0.0 0.0 0.0 0.0 0.0 0.0 0.0 0.0 0.0
0.012535 -0.034621 0.007604 2.516625 1.111633 -2.631949 -0.242302 -0.162243 -2.561994 -0.269016 0.000107 -0.002186 -7e-06 -0.027756 -0.053925
0.011187 -0.033913 0.007675 2.487431 0.961279 0.022948 -0.003063 -0.046381 0.021135 -0.003557 -0.001348 0.000707 7.1e-05 -0.029193 -0.150353
0.00562 -0.028961 0.007711 2.522687 1.023806 0.021134 -0.003039 -0.045157 0.019305 -0.003534 -0.005568 0.004952 3.6e-05 0.035256 0.062527
0.009927 -0.027118 0.007521 2.509056 1.017777 0.019352 -0.003016 -0.043946 0.017507 -0.003511 0.004308 0.001844 -0.00019 -0.013631 -0.00603
0.00656 -0.02418 0.007517 2.317543 0.53873 0.017601 -0.002992 -0.042749 0.01574 -0.003488 -0.003367 0.002938 -4e-06 -0.191513 -0.479047
0.024189 -0.024086 0.007519 2.325104 0.573436 0.01588 -0.002969 -0.041565 0.014006 -0.003465 0.017629 9.4e-05 2e-06 0.007561 0.034706
0.018396 -0.030006 0.007544 2.396249 0.610039 0.014191 -0.002946 -0.040395 0.012303 -0.003442 -0.005793 -0.00592 2.5e-05 0.071146 0.036603
-0.020978 -0.021426 0.007504 2.54105 0.673611 0.012533 -0.002922 -0.039238 0.010632 -0.003418 -0.039374 0.00858 -4e-05 0.1448 0.063571
-0.016582 -0.030468 0.007264 2.588629 0.658286 0.010906 -0.002899 -0.038095 0.008993 -0.003395 0.004396 -0.009041 -0.00024 0.04758 -0.015324
-0.030135 -0.027329 0.007254 2.597179 0.793651 2.421143 0.286252 0.549316 2.340248 0.247371 -0.013554 0.003139 -1e-05 0.00855 0.135365
-0.018249 -0.040014 0.007447 2.633488 1.028172 -0.025157 0.482177 0.027871 -0.028239 0.571437 0.011886 -0.012686 0.000193 0.036309 0.234521
-0.012417 -0.03094 0.007425 2.555314 0.916246 -2.372718 -0.776987 -0.684747 -2.294545 -0.828851 0.005832 0.009074 -2.3e-05 -0.078174 -0.111927
-0.003998 -0.038361 0.007512 2.562 0.575027 0.004709 -0.002807 -0.033656 0.002755 -0.0033 0.008419 -0.007421 8.8e-05 0.006686 -0.341218
0.016079 -0.05271 0.007511 2.505819 0.35257 0.003238 -0.002783 -0.03258 0.001275 -0.003277 0.020077 -0.014348 -1e-06 -0.056181 -0.222458
0.016364 -0.052136 0.007472 2.504593 0.162848 1.127057 -0.057764 0.567512 1.092827 -0.055755 0.000285 0.000574 -3.9e-05 -0.001226 -0.189722
0.017521 -0.046079 0.007457 2.476303 -0.085434 -1.124872 0.052266 -0.629498 -1.094589 0.049274 0.001157 0.006058 -1.5e-05 -0.02829 -0.248281
0.019285 -0.030287 0.006583 2.435677 -0.267668 0.295707 -0.018569 0.513229 0.19719 -0.016348 0.001764 0.015792 -0.000874 -0.040626 -0.182235
0.019304 -0.016704 0.006164 2.337677 -0.539304 -0.299036 0.013163 -0.571072 -0.204489 0.009962 1.9e-05 0.013582 -0.000419 -0.098 -0.271636
0.019369 -0.006432 0.005227 2.228005 -0.806592 -0.003654 -0.002669 -0.027402 -0.005647 -0.003157 6.5e-05 0.010272 -0.000937 -0.109672 -0.267287
2.9e-05 -0.006605 0.003793 2.061103 -0.950114 -0.004939 -0.002646 -0.026406 -0.006935 -0.003133 -0.01934 -0.000173 -0.001434 -0.166902 -0.143522
0.003085 -0.005858 0.001893 1.984274 -1.217586 -0.963095 -0.13711 -0.056931 -0.973969 -0.119846 0.003056 0.000747 -0.001899 -0.076829 -0.267473
0.007076 0.002516 -0.000212 1.892163 -1.447536 -0.19088 -0.05854 -0.235239 -0.208343 -0.072531 0.003991 0.008374 -0.002106 -0.092112 -0.22995
0.015614 0.005391 -0.001128 1.767502 -1.526372 -0.314246 -0.013464 -0.180875 -0.305407 0.017233 0.008538 0.002875 -0.000916 -0.124661 -0.078835
0.023047 0.009529 -0.002289 1.601542 -1.799431 -0.192305 0.137841 -0.091742 -0.22083 0.114209 0.007433 0.004138 -0.001161 -0.16596 -0.27306
0.028926 0.014735 -0.003057 1.479426 -2.072575 -0.1868 -0.021968 -0.194054 -0.132145 -0.021631 0.005879 0.005206 -0.000768 -0.122115 -0.273144
0.023436 0.017808 -0.004029 1.401306 -2.20104 -0.26097 -0.006066 0.032867 -0.260701 -0.020608 -0.00549 0.003073 -0.000972 -0.07812 -0.128465
0.030145 0.01389 -0.004409 1.353285 -2.299317 -0.107966 -0.060311 -0.066482 -0.102266 -0.067553 0.006709 -0.003918 -0.00038 -0.048021 -0.098277
0.030276 0.030386 -0.004622 1.343054 -2.478614 -0.158359 -0.018264 -0.00723 -0.120825 -0.05182 0.000132 0.016496 -0.000213 -0.010231 -0.179297
0.029339 0.038691 -0.005068 1.388542 -2.652375 -0.167162 0.284488 0.095885 -0.181153 0.280427 -0.000937 0.008305 -0.000447 0.045488 -0.173761
0.024038 0.039264 -0.005119 1.447932 -2.564613 2.428548 -0.131815 0.491518 2.372402 -0.087864 -0.005301 0.000573 -5.1e-05 0.05939 0.087762
0.014238 0.041603 -0.00513 1.674061 -2.578058 -0.017024 -0.002397 -0.016347 -0.019012 -0.002862 -0.0098 0.002339 -1.1e-05 0.226129 -0.013446
0.009567 0.0413 -0.004754 1.879048 -2.515014 -2.521992 0.04682 0.024046 -2.458944 0.048994 -0.004671 -0.000302 0.000376 0.204988 0.063044
0.007686 0.044033 -0.004142 2.066861 -2.498175 2.485238 -0.051548 -0.054251 2.418232 -0.054644 -0.001881 0.002732 0.000611 0.187812 0.016839
0.000783 0.046524 -0.003041 2.029097 -2.39657 -1.849187 0.051255 0.557581 -1.821701 0.024355 -0.006903 0.002492 0.001101 -0.037764 0.101606
-0.017183 0.03975 -0.003008 1.879897 -2.033837 0.326248 -0.196255 -0.36293 0.309459 -0.199435 -0.017967 -0.006774 3.3e-05 -0.1492 0.362733
-0.01145 0.037414 -0.003044 1.800846 -1.73092 -0.636373 -0.236791 -0.297881 -0.591657 -0.238403 0.005733 -0.002336 -3.6e-05 -0.079051 0.302917
0.005567 0.031743 -0.004226 1.725526 -1.603144 2.075854 0.372604 0.052394 2.01261 0.402486 0.017017 -0.005671 -0.001181 -0.075319 0.127776
-0.022216 0.026421 -0.005558 1.58767 -1.442725 -0.378072 -0.296111 -0.368226 -0.317863 -0.282948 -0.027783 -0.005322 -0.001333 -0.137857 0.160419
-0.062647 0.013721 -0.006308 1.548738 -1.028094 0.331864 0.291651 0.34738 0.267796 0.277601 -0.040431 -0.0127 -0.00075 -0.038931 0.414631
-0.065154 0.007806 -0.006418 1.648125 -0.754467 -0.440826 0.006721 -0.229385 -0.366265 0.027968 -0.002506 -0.005915 -0.00011 0.099387 0.273628
-0.070449 -0.001293 -0.006429 1.738544 -0.564814 0.678495 -0.10272 0.076451 0.601823 -0.115764 -0.005295 -0.009099 -1e-05 0.090419 0.189652
-0.064552 -0.001503 -0.005852 1.851873 -0.491779 0.358128 -0.240012 0.262651 0.328603 -0.282938 0.005897 -0.00021 0.000577 0.113329 0.073035
-0.084419 0.001927 -0.004984 1.931796 -0.475218 0.030625 0.164642 0.155748 0.050132 0.171133 -0.019868 0.00343 0.000868 0.079924 0.016561
-0.085062 0.003832 -0.004447 2.055674 -0.431055 -0.168963 0.075238 0.143788 -0.116594 0.079137 -0.000642 0.001906 0.000537 0.123877 0.044163
-0.086137 0.001491 -0.00411 2.109393 -0.447829 -0.148159 0.18406 0.08847 -0.138468 0.219605 -0.001075 -0.002341 0.000337 0.053719 -0.016774
-0.085785 0.001381 -0.003573 2.15405 -0.482003 -0.068143 -0.038891 0.010867 -0.045066 -0.050803 0.000352 -0.00011 0.000536 0.044657 -0.034174
-0.081345 0.000828 -0.003448 2.164469 -0.471123 0.207703 -0.017917 0.072544 0.134779 0.011171 0.00444 -0.000552 0.000126 0.010419 0.01088
-0.067331 -0.003793 -0.003424 2.186412 -0.481061 0.053195 -0.155232 0.068413 0.109021 -0.21269 0.014015 -0.004622 2.4e-05 0.021943 -0.009937
-0.066708 -0.00477 -0.003251 2.161382 -0.456862 -0.04605 7e-06 -0.27914 -0.041651 0.02027 0.000622 -0.000977 0.000173 -0.02503 0.024199
-0.065829 -0.016424 -0.003024 2.155883 -0.407003 -0.750922 0.101142 -0.436032 -0.831483 0.105346 0.00088 -0.011654 0.000227 -0.005499 0.049859
-0.063208 -0.022541 -0.002822 2.043027 -0.299779 -0.029362 -0.001957 -0.002229 -0.0311 -0.002349 0.00262 -0.006117 0.000202 -0.112856 0.107225
-0.059648 -0.020093 -0.00281 1.791247 -0.024042 -0.029653 -0.001935 -0.001664 -0.031371 -0.002323 0.00356 0.002449 1.1e-05 -0.25178 0.275737
-0.049326 -0.031414 -0.00267 1.476995 0.260174 1.340889 -0.023474 0.180252 1.252408 -0.026727 0.010322 -0.011321 0.00014 -0.314252 0.284215
-0.040948 -0.043497 -0.002644 1.408656 0.349652 -0.366553 -0.218663 -0.253964 -0.239885 -0.250228 0.008379 -0.012083 2.6e-05 -0.068339 0.089478
-0.034566 -0.055689 -0.002562 1.097114 0.637195 0.013307 0.62101 -0.377423 -0.014655 0.689201 0.006381 -0.012192 8.2e-05 -0.311542 0.287544
-0.02934 -0.055494 -0.002493 0.911662 0.756765 -0.094104 -0.312454 -0.152857 -0.08011 -0.325363 0.005226 0.000194 6.8e-05 -0.185452 0.11957
-0.026079 -0.050467 -0.002487 0.915765 0.67563 0.437248 -0.283705 0.087824 0.432354 -0.341235 0.003261 0.005028 6e-06 0.004104 -0.081135
-0.018814 -0.044847 -0.002505 0.858793 0.615557 -0.110343 -0.098003 -0.093085 -0.083489 -0.100525 0.007265 0.00562 -1.8e-05 -0.056972 -0.060073
-0.002356 -0.016177 -0.002553 0.642606 0.647515 0.033637 -0.096926 0.003027 0.016566 -0.116289 0.016458 0.02867 -4.8e-05 -0.216188 0.031958
0.004206 0.005556 -0.002552 0.607047 0.609053 -0.453488 0.388933 -0.231208 -0.462533 0.428214 0.006562 0.021733 1e-06 -0.035559 -0.038462
-0.004542 0.014931 -0.002625 0.399491 0.514804 -1.075418 0.006832 0.845643 -1.109893 0.023242 -0.008749 0.009375 -7.3e-05 -0.207556 -0.094249
-0.010895 0.005067 -0.002622 0.467461 0.371394 -0.03085 -0.001721 0.003241 -0.032321 -0.002056 -0.006353 -0.009864 3e-06 0.06797 -0.143411
-0.008427 0.012074 -0.002415 0.839058 0.46612 -0.030798 -0.0017 0.003658 -0.032241 -0.002029 0.002468 0.007007 0.000208 0.371597 0.094726
-0.005007 0.011751 -0.001792 1.237017 0.54189 -0.030716 -0.001678 0.004061 -0.032129 -0.002001 0.00342 -0.000323 0.000623 0.397959 0.07577
-0.003161 0.016848 -0.000889 1.467389 0.526369 -0.030603 -0.001657 0.004451 -0.031985 -0.001974 0.001846 0.005097 0.000903 0.230372 -0.01552
-0.014744 0.017085 -0.000337 1.650628 0.492534 -0.030458 -0.001636 0.004827 -0.03181 -0.001947 -0.011582 0.000237 0.000551 0.183239 -0.033835
-0.0325 0.01918 0.000889 1.886325 1.203976 -0.030282 -0.001615 0.005189 -0.031603 -0.001919 -0.017756 0.002095 0.001226 0.235697 0.711442
-0.036805 -0.01901 0.00098 1.540642 0.921224 -0.030076 -0.001594 0.005539 -0.031363 -0.001892 -0.004305 -0.03819 9.1e-05 -0.345683 -0.282753
-0.035576 -0.005274 0.000985 1.496304 0.499905 1.538572 0.613618 -0.295066 1.586199 0.691993 0.001229 0.013736 5e-06 -0.044338 -0.421318
-0.029016 0.01028 0.000686 1.185043 0.443999 0.262933 -0.696899 0.071282 0.253851 -0.792135 0.00656 0.015555 -0.000299 -0.311262 -0.055907
-0.000913 0.000959 9e-06 1.148092 0.254799 -0.069688 0.008304 -0.172185 0.00938 -0.015999 0.028103 -0.009321 -0.000677 -0.03695 -0.189199
0.009917 -0.002263 -0.000879 0.935144 0.164214 0.137243 -0.021883 -0.159584 0.118219 -0.002535 0.01083 -0.003222 -0.000888 -0.212948 -0.090585
0.015966 -0.002023 -0.001179 0.846098 0.253904 0.023779 -0.18153 0.038549 0.052335 -0.209444 0.006049 0.000239 -0.0003 -0.089047 0.089689
0.014284 0.002564 -0.001365 0.661983 0.505886 0.148829 0.351278 0.084311 -0.047828 0.432797 -0.001682 0.004587 -0.000186 -0.184115 0.251982
0.021028 0.005757 -0.001346 0.517919 0.794141 -2.243803 -0.083461 0.48011 -2.182326 -0.117147 0.006744 0.003193 1.9e-05 -0.144064 0.288255
0.028191 0.011986 -0.000977 0.707574 0.891048 2.140239 -0.210504 -0.010195 2.17037 -0.174475 0.007163 0.006228 0.000369 0.189655 0.096907
0.027288 0.012658 -0.000476 0.853261 0.924311 -2.19436 0.20767 0.026118 -2.226452 0.171163 -0.000904 0.000672 0.000501 0.145688 0.033263
0.026214 0.01477 6.4e-05 1.122036 0.742406 2.366906 0.317912 0.123812 2.279567 0.362385 -0.001073 0.002112 0.00054 0.268775 -0.181904
0.0298 0.01174 0.000225 1.36989 0.472322 -2.418957 -0.320663 -0.10703 -2.333418 -0.365585 0.003586 -0.00303 0.000161 0.247854 -0.270084
0.018982 0.000123 0.000179 1.439129 0.301133 1.991246 -0.182547 0.227112 2.090264 -0.177812 -0.010818 -0.011616 -4.6e-05 0.069239 -0.171189
0.017026 0.000946 8.4e-05 1.588509 -0.034429 -0.33751 -0.100257 0.032666 -0.42196 -0.092417 -0.001956 0.000823 -9.4e-05 0.14938 -0.335563
0.015017 -0.000438 0.000111 1.686894 -0.344654 -1.727389 0.278831 -0.233231 -1.744342 0.265642 -0.002009 -0.001383 2.7e-05 0.098386 -0.310224
0.02297 0.001452 -4.3e-05 1.896424 -0.768149 0.24634 0.485919 0.072092 0.22702 0.500444 0.007953 0.001889 -0.000154 0.20953 -0.423496
0.0226 0.003512 -3.1e-05 2.051321 -1.249517 0.00168 -0.494492 0.276669 0.188269 -0.475092 -0.00037 0.00206 1.2e-05 0.154897 -0.481368
0.028441 0.011504 -0.000179 2.11224 -1.611929 -0.715439 0.051851 -0.254809 -1.031047 0.041739 0.005841 0.007992 -0.000148 0.060919 -0.362412
0.029642 0.02056 -0.000259 2.101544 -2.234319 -0.520914 0.21041 0.084618 -0.449645 0.263725 0.001201 0.009056 -8e-05 -0.010696 -0.62239
0.031953 0.021091 -0.000447 2.093477 -2.427675 -0.035698 -0.015152 -0.061107 -0.101572 -0.040638 0.002311 0.000532 -0.000188 -0.008067 -0.193356
0.032584 0.02171 -0.000841 2.087648 -2.571044 -0.215063 -0.018428 0.008157 -0.17455 -0.025982 0.000631 0.000619 -0.000394 -0.005829 -0.14337
0.026724 0.018394 -0.00101 2.082973 -2.674844 -0.032823 0.076488 -0.040843 -0.039897 0.089528 -0.00586 -0.003316 -0.000169 -0.004674 -0.1038
0.032327 0.01839 -0.001623 2.037228 -2.739582 -0.144323 -0.043747 -0.05111 -0.135444 -0.044674 0.005603 -4e-06 -0.000613 -0.045745 -0.064738
0.029919 0.020048 -0.001778 2.012482 -2.815431 0.039993 -0.143192 -0.077664 -0.007115 -0.181012 -0.002409 0.001658 -0.000156 -0.024746 -0.075849
0.028157 0.020706 -0.00182 1.966878 -3.007465 -0.043769 -0.366504 0.042394 0.027627 -0.426585 -0.001762 0.000658 -4.2e-05 -0.045604 -0.192034
0.03307 0.022612 -0.001841 1.964551 -2.942834 -0.060988 0.295673 0.264244 -0.076098 0.323365 0.004913 0.001906 -2e-05 -0.002327 0.064632
0.012363 0.024657 -0.001883 2.005826 -2.845216 -0.155996 0.151509 0.297599 -0.212407 0.183158 -0.020707 0.002045 -4.2e-05 0.041276 0.097617
0.024937 0.025629 -0.001917 2.056668 -2.834722 -0.052106 -0.034087 0.032958 -0.076385 -0.057513 0.012575 0.000972 -3.4e-05 0.050842 0.010494
0.034582 0.028861 -0.001987 2.086948 -2.857182 0.034047 -0.014501 0.012913 0.035643 -0.01466 0.009645 0.003231 -7e-05 0.03028 -0.02246
0.033341 0.03445 -0.002006 2.086351 -2.883207 0.050182 -0.075852 -0.020324 0.058058 -0.086288 -0.001241 0.005589 -1.9e-05 -0.000597 -0.026025
0.027233 0.034083 -0.002015 2.045739 -2.919677 0.131461 0.07402 -0.341333 0.317869 0.103749 -0.006108 -0.000367 -9e-06 -0.040612 -0.036471
0.033177 0.027044 -0.002074 1.971498 -3.090007 -0.051451 0.120874 -0.123308 0.066971 0.129391 0.005944 -0.00704 -5.9e-05 -0.074241 -0.17033
0.034178 0.019492 -0.002084 1.921366 -3.085347 -0.025821 0.049199 -0.104139 -0.027282 -0.001778 0.001001 -0.007551 -9e-06 -0.050133 0.00466
0.028383 0.003568 -0.002126 1.888123 -3.018056 0.062089 -0.25095 -0.056338 -0.065629 -0.201334 -0.005795 -0.015924 -4.2e-05 -0.033243 0.067291
0.025828 -0.00407 -0.002148 1.8833 -3.013161 0.037013 -0.133694 -0.164266 -0.106149 -0.153449 -0.002555 -0.007638 -2.2e-05 -0.004823 0.004895
0.027098 -0.005779 -0.002267 1.870181 -3.018458 0.11352 0.1238 0.048537 0.145414 0.112316 0.00127 -0.001709 -0.000119 -0.013119 -0.005297
0.02632 -0.005504 -0.002355 1.906963 -2.921284 0.065866 0.017147 0.30696 0.183234 0.018306 -0.000778 0.000276 -8.8e-05 0.036782 0.097174
0.023533 -0.000469 -0.002398 2.008541 -2.764465 -0.333255 0.199383 0.282441 -0.530674 0.21936 -0.002787 0.005035 -4.3e-05 0.101578 0.156819
0.016285 0.000194 -0.002477 2.083468 -2.713558 0.43027 -0.319438 -0.093624 0.608729 -0.349335 -0.007248 0.000663 -7.9e-05 0.074927 0.050907
0.012414 0.001692 -0.002453 2.166542 -2.639015 -0.120868 0.162563 0.369155 -0.289581 0.152607 -0.003871 0.001498 2.4e-05 0.083074 0.074543
-0.005596 0.005913 -0.002454 2.227521 -2.59086 -0.047483 0.043677 0.158799 -0.045505 0.082599 -0.01801 0.00422 -1e-06 0.060979 0.048155
-0.006769 0.006316 -0.002375 2.26992 -2.563257 0.089346 -0.029742 0.035967 0.102642 -0.043502 -0.001174 0.000403 7.9e-05 0.042398 0.027603
-0.015607 0.006323 -0.002366 2.289704 -2.570363 0.083184 -0.028397 0.010057 0.084522 -0.033415 -0.008838 7e-06 1e-05 0.019785 -0.007106
-0.024474 0.006663 -0.002049 2.294288 -2.479242 0.127927 -0.023919 0.008001 0.134047 -0.026213 -0.008867 0.000341 0.000316 0.004584 0.091121
-0.026233 0.014022 -0.001939 2.271474 -2.306947 0.148041 -0.019499 -0.018171 0.154575 -0.020891 -0.001758 0.007358 0.000111 -0.022814 0.172295
-0.0313 0.017968 -0.001925 2.272519 -2.227449 0.180565 0.005727 -0.010017 0.197305 0.007651 -0.005068 0.003946 1.3e-05 0.001045 0.079498
-0.030572 0.020444 -0.001933 2.268607 -2.111492 0.174741 -0.019354 -0.00191 0.188948 -0.021125 0.000728 0.002476 -7e-06 -0.003912 0.115957
-0.036102 -0.000732 -0.001929 2.277612 -1.908908 0.176269 -0.073684 -0.001921 0.231066 -0.103614 -0.005531 -0.021176 3e-06 0.009005 0.202585
-0.039359 -0.001095 -0.001949 2.266976 -1.648043 0.203965 -0.10488 -0.023124 0.245073 -0.119734 -0.003256 -0.000363 -2e-05 -0.010636 0.260865
-0.041826 0.001678 -0.001959 2.229042 -1.530317 0.26428 -0.035183 -0.043977 0.343747 -0.027459 -0.002468 0.002772 -1e-05 -0.037934 0.117726
-0.037577 0.008237 -0.001953 2.221512 -1.349884 0.295964 0.056193 -0.080479 0.348643 0.09162 0.004249 0.00656 6e-06 -0.007531 0.180433
-0.0376 0.014089 -0.001956 2.201543 -1.199958 0.287284 -0.040859 -0.096286 0.254472 -0.065919 -2.3e-05 0.005851 -3e-06 -0.019968 0.149927
-0.033392 0.015496 -0.001957 2.187183 -0.98455 -0.073262 0.119593 -0.239759 -0.028129 0.152604 0.004208 0.001407 -1e-06 -0.01436 0.215408
-0.038057 0.010038 -0.001964 2.176459 -0.880705 0.549428 -0.06169 0.172203 0.496708 -0.074648 -0.004665 -0.005458 -7e-06 -0.010723 0.103845
-0.038594 0.008173 -0.001917 2.184424 -0.858393 0.105656 -0.112047 -0.044986 0.140741 -0.107312 -0.000537 -0.001865 4.6e-05 0.007964 0.022311
-0.045485 0.005695 -0.001848 2.184027 -0.84461 0.004666 0.06568 -0.01749 -0.014619 0.082693 -0.006891 -0.002478 6.9e-05 -0.000396 0.013783
-0.044609 0.006077 -0.001834 2.158855 -0.805785 -0.115612 0.055355 -0.005471 -0.119482 0.039547 0.000876 0.000382 1.4e-05 -0.025172 0.038825
-0.033155 0.006645 -0.001843 2.130723 -0.847661 -0.186914 0.154423 -0.020632 -0.195131 0.17544 0.011454 0.000568 -8e-06 -0.028132 -0.041876
-0.024621 0.008782 -0.001872 2.053052 -0.865682 -0.190465 -0.061173 -0.012351 -0.178241 -0.057075 0.008534 0.002136 -3e-05 -0.077671 -0.01802
-0.010889 0.013768 -0.001884 1.901241 -0.887589 -0.201963 -0.009649 -0.133837 -0.246538 -0.012136 0.013732 0.004987 -1.1e-05 -0.15181 -0.021907
-0.012199 0.039532 -0.001879 1.678649 -1.0374 -0.09357 -0.027852 -0.060436 -0.061695 -0.061811 -0.00131 0.025764 4e-06 -0.222592 -0.149812
-0.012976 0.070102 -0.001926 1.465077 -0.981669 -0.109129 0.031515 -0.135 -0.083708 0.023654 -0.000777 0.03057 -4.7e-05 -0.213572 0.055732
-0.010899 0.071974 -0.00198 1.27475 -0.703254 0.075054 -0.087752 -0.068002 0.088252 -0.046783 0.002077 0.001872 -5.4e-05 -0.190327 0.278414
0.003846 0.067949 -0.001982 1.010198 -0.510785 0.430576 -0.409883 -0.108151 0.424637 -0.42688 0.014746 -0.004025 -2e-06 -0.264552 0.192469
0.014206 0.060574 -0.001817 0.844392 -0.291125 -0.573391 0.464722 0.385318 -0.654473 0.476081 0.01036 -0.007374 0.000165 -0.165806 0.21966
0.020278 0.057435 -0.001532 0.883222 -0.197502 0.658044 -0.26348 -1.058559 0.774379 -0.266269 0.006071 -0.00314 0.000285 0.038831 0.093623
0.014013 0.046639 -0.001516 0.924791 0.086725 0.426332 -0.008367 0.400622 0.511029 0.026169 -0.006264 -0.010795 1.6e-05 0.041568 0.284227
0.010435 0.045565 -0.001473 0.956224 -0.039379 -0.927511 0.270979 0.654401 -1.12094 0.240315 -0.003578 -0.001075 4.3e-05 0.031434 -0.126104
0.014343 0.041899 -0.001483 0.997636 -0.191463 0.621989 -0.06748 -0.54291 0.665063 -0.063858 0.003908 -0.003666 -1.1e-05 0.041412 -0.152084
0.029839 0.036565 -0.001486 1.056911 -0.306983 -0.31642 0.029989 0.043697 -0.25569 0.062228 0.015497 -0.005333 -2e-06 0.059275 -0.11552
0.027284 0.021048 -0.001731 1.076877 -0.491166 -0.326852 0.101356 0.06291 -0.303208 0.081912 -0.002555 -0.015518 -0.000245 0.019965 -0.184183
0.026142 0.020748 -0.001977 1.13126 -0.579283 -0.170725 -0.058901 0.014207 -0.186763 -0.063101 -0.001142 -0.0003 -0.000247 0.054383 -0.088118
0.025513 0.027526 -0.002305 1.148527 -0.611356 -0.036598 0.0193 -0.014339 -0.035451 0.005781 -0.000629 0.006778 -0.000328 0.017267 -0.032073
0.025094 0.012155 -0.00254 1.144361 -0.591761 0.158337 -0.090455 -0.022066 0.154374 -0.089218 -0.000418 -0.01537 -0.000235 -0.004166 0.019594
0.028032 0.009625 -0.002582 1.084586 -0.579344 0.266064 -0.08383 -0.019481 0.261052 -0.052985 0.002937 -0.002531 -4.2e-05 -0.059775 0.012417
0.034692 0.006404 -0.002585 1.005588 -0.401142 0.32687 0.148515 0.442659 0.247313 0.121232 0.006661 -0.00322 -3e-06 -0.078998 0.178202
0.034666 0.008447 -0.002603 1.019402 0.185432 0.568697 -0.382867 -0.62925 0.626619 -0.374613 -2.7e-05 0.002043 -1.8e-05 0.013814 0.586575
0.041078 0.017441 -0.002552 1.005127 0.328079 0.016528 0.006388 0.03755 0.023621 -0.037972 0.006413 0.008994 5.1e-05 -0.014275 0.142647
0.045972 0.019376 -0.002361 1.000924 0.348626 0.100311 0.101008 0.054969 0.124611 0.146231 0.004894 0.001935 0.000191 -0.004204 0.020546
0.050718 0.026413 -0.002253 0.998242 0.253164 -0.01154 0.056522 0.05107 -0.023654 0.035326 0.004746 0.007037 0.000108 -0.002682 -0.095462
0.048341 0.030317 -0.002257 1.035383 0.247666 -0.03508 0.051116 -0.000169 -0.054888 0.066625 -0.002376 0.003904 -4e-06 0.037141 -0.005498
0.053476 0.038418 -0.002259 1.050945 0.194864 0.008752 -0.040864 -0.037477 0.012321 -0.050671 0.005134 0.0081 -2e-06 0.015562 -0.052802
0.052474 0.035994 -0.002162 1.104585 0.217819 0.038654 0.124014 -0.030532 0.007882 0.161463 -0.001002 -0.002424 9.7e-05 0.05364 0.022954
0.053202 0.036419 -0.002152 1.15196 0.146516 -0.026249 -0.039671 0.014963 -0.006641 -0.040689 0.000728 0.000425 1e-05 0.047375 -0.071303
0.042609 0.033145 -0.002143 1.227998 0.068618 -0.14643 -0.030855 0.149775 -0.339797 -0.032222 -0.010593 -0.003274 9e-06 0.076038 -0.077898
0.042704 0.028884 -0.002137 1.292678 -0.013663 -0.40117 0.097702 -0.108927 -0.306433 0.049229 9.5e-05 -0.004261 6e-06 0.064681 -0.082281
0.046445 0.001433 -0.002137 1.380208 -0.146898 0.348761 -0.220674 0.187686 0.38456 -0.210625 0.00374 -0.027451 -0.0 0.08753 -0.133235
0.022156 -0.044821 -0.002148 1.500231 -0.191736 -0.045927 0.111004 0.333369 0.001581 0.103239 -0.024289 -0.046254 -1.1e-05 0.120023 -0.044838
0.014983 -0.050774 -0.002147 1.692012 -0.226654 0.083176 0.25568 0.034886 0.097171 0.310188 -0.007172 -0.005953 1e-06 0.191781 -0.034918
0.029848 -0.048008 -0.001775 1.991978 -0.023945 0.821319 -0.088355 -0.227631 0.828997 -0.116976 0.014865 0.002766 0.000371 0.299966 0.202709
0.022363 -0.059971 -0.001267 2.15917 0.110931 0.115789 0.000144 -0.018152 0.12053 0.00086 -0.007486 -0.011963 0.000508 0.167192 0.134876
0.028005 -0.06075 -0.000461 2.319129 0.27492 0.276832 0.266784 0.804752 0.224584 0.285301 0.005643 -0.000779 0.000805 0.159959 0.163988
0.019804 -0.059894 0.000802 2.415356 0.452763 0.137441 -0.172051 0.032847 0.230461 -0.227206 -0.008201 0.000857 0.001263 0.096227 0.177843
0.015194 -0.060236 0.001359 2.387257 0.576597 0.731371 0.709366 -0.326977 0.533116 0.774255 -0.00461 -0.000342 0.000557 -0.028099 0.123835
-0.003087 -0.061881 0.002407 2.437583 0.789805 -0.651828 -0.803346 -0.59212 -0.474359 -0.828574 -0.018281 -0.001645 0.001048 0.050326 0.213208
-0.007793 -0.053104 0.002422 2.491429 0.863743 0.131274 0.000232 -0.022665 0.13653 0.001029 -0.004706 0.008777 1.5e-05 0.053846 0.073938
-0.013286 -0.055008 0.002481 2.534268 0.968152 0.134464 0.000249 -0.023608 0.139825 0.001063 -0.005493 -0.001903 6e-05 0.04284 0.104409
-0.012962 -0.052077 0.002514 2.51647 0.826639 0.137685 0.000267 -0.024564 0.143152 0.001097 0.000324 0.002931 3.3e-05 -0.017798 -0.141513
-0.016557 -0.037016 0.002609 2.379608 0.549919 0.140938 0.000284 -0.025534 0.146511 0.001131 -0.003595 0.015061 9.4e-05 -0.136863 -0.27672
-0.01147 -0.039622 0.00278 2.478052 0.929313 0.144221 0.000301 -0.026517 0.149902 0.001165 0.005087 -0.002607 0.000171 0.098445 0.379394
-0.01304 -0.03942 0.002818 2.522268 0.965496 0.147536 0.000318 -0.027514 0.153325 0.0012 -0.001571 0.000202 3.8e-05 0.044216 0.036183
-0.015386 -0.031345 0.003227 2.468391 0.80396 0.150881 0.000336 -0.028524 0.15678 0.001234 -0.002346 0.008075 0.000409 -0.053877 -0.161536
-0.033745 -0.015263 0.00344 2.372932 0.587584 0.154258 0.000353 -0.029548 0.160266 0.001268 -0.018358 0.016082 0.000213 -0.095459 -0.216376
-0.035095 -0.009943 0.003864 2.439325 0.724254 0.157666 0.00037 -0.030585 0.163784 0.001303 -0.001351 0.00532 0.000424 0.066393 0.13667
-0.035763 -0.007545 0.00391 2.403685 0.680683 0.161104 0.000387 -0.031636 0.167334 0.001337 -0.000668 0.002398 4.6e-05 -0.03564 -0.043572
-0.030786 -0.005684 0.004359 2.454294 0.791208 0.164574 0.000404 -0.0327 0.170916 0.001372 0.004978 0.001861 0.000449 0.050609 0.110525
-0.024571 -0.009271 0.004386 2.393314 0.663233 0.168075 0.000421 -0.033777 0.17453 0.001407 0.006215 -0.003587 2.7e-05 -0.06098 -0.127975
-0.027044 -0.030863 0.004484 2.545275 1.094915 -0.115854 0.647828 1.342808 -0.323638 0.657268 -0.002473 -0.021591 9.9e-05 0.151961 0.431682
-0.031329 -0.023077 0.004532 2.553202 1.099707 0.462632 -0.646934 -1.413649 0.683666 -0.65435 -0.004285 0.007786 4.8e-05 0.007927 0.004792
-0.019718 -0.022052 0.004708 2.610743 1.165065 0.178765 0.000472 -0.037091 0.185562 0.001511 0.011611 0.001025 0.000176 0.057541 0.065358
-0.02394 -0.01732 0.004713 2.61764 1.167222 0.18239 0.000489 -0.038222 0.189303 0.001546 -0.004222 0.004732 5e-06 0.006898 0.002156
-0.021409 -0.017064 0.004898 2.57234 1.039121 0.186046 0.000506 -0.039367 0.193076 0.001581 0.002531 0.000256 0.000185 -0.0453 -0.128101
-0.018032 -0.013969 0.004977 2.562645 1.014831 0.189734 0.000523 -0.040525 0.196881 0.001617 0.003377 0.003096 7.9e-05 -0.009696 -0.02429
]