08-08-20_Ishan_4K+Depth.lion_above_wall.0000000001 [ 0.614793 1.830243 0.870731 3.919784 1.335033 5.453969 -0.949192 5.975418 1.533438 0.884286 1.374629 5.76521 -0.946189 1.747033 -1.123305 3.871383 -0.845736 4.809371 -3.272269 5.241295 -0.656966 -0.094358 -0.616125 4.816651 0.0 0.0 0.0 0.0 0.0 0.0 0.0 0.0 0.0 0.0 0.0 0.0 0.0 0.0 0.0 0.0 0.0 0.0 0.0 0.0 0.0 0.0 0.0 0.0
0.629505 1.832483 0.862465 3.934944 1.305214 5.480695 -0.982696 5.96933 1.509995 0.907238 1.354966 5.790514 -0.92968 1.754159 -1.111975 3.791969 -0.840362 4.83071 -3.273775 5.267238 -0.662319 -0.050356 -0.62247 4.835138 0.014712 0.00224 -0.008266 0.01516 -0.029819 0.026726 -0.033504 -0.006088 -0.023443 0.022952 -0.019664 0.025305 0.016509 0.007126 0.01133 -0.079414 0.005374 0.021339 -0.001506 0.025943 -0.005353 0.044002 -0.006345 0.018487
0.639438 1.839555 0.88024 3.96524 1.335472 5.583902 -0.948827 6.07501 1.541825 1.025746 1.382361 5.8976 -0.924761 1.76661 -1.138998 3.843073 -0.834513 4.842168 -3.269935 5.2699 -0.650104 -0.074514 -0.616057 4.818975 0.009933 0.007072 0.017775 0.030296 0.030258 0.103207 0.033869 0.10568 0.03183 0.118508 0.027395 0.107086 0.004919 0.012451 -0.027022 0.051104 0.005849 0.011458 0.003841 0.002662 0.012215 -0.024158 0.006413 -0.016164
0.644767 1.838327 0.8845 3.976772 1.341378 5.596754 -0.927113 6.109197 1.553344 1.04182 1.392147 5.914671 -0.906755 1.759023 -1.081404 3.878338 -0.822422 4.863392 -3.250267 5.279629 -0.653893 -0.067551 -0.616813 4.830657 0.005329 -0.001228 0.00426 0.011532 0.005906 0.012852 0.021714 0.034187 0.01152 0.016074 0.009786 0.017071 0.018006 -0.007586 0.057593 0.035265 0.012091 0.021224 0.019667 0.009729 -0.003789 0.006964 -0.000756 0.011683
0.643339 1.852621 0.887047 3.978379 1.351174 5.585822 -0.917173 6.103572 1.5605 1.030302 1.401021 5.904116 -0.897508 1.755785 -1.082283 3.876567 -0.823206 4.860235 -3.250719 5.278637 -0.653704 -0.067747 -0.616498 4.831618 -0.001428 0.014295 0.002547 0.001608 0.009796 -0.010932 0.00994 -0.005624 0.007156 -0.011518 0.008874 -0.010555 0.009247 -0.003238 -0.000879 -0.001771 -0.000784 -0.003157 -0.000452 -0.000992 0.000188 -0.000197 0.000315 0.00096
0.633437 1.844278 0.884067 3.928985 1.326576 5.53452 -0.946026 6.014676 1.532178 0.975376 1.374406 5.855824 -0.897268 1.744801 -1.079263 3.784272 -0.842156 4.788806 -3.291172 5.227035 -0.676108 -0.059043 -0.632086 4.826942 -0.009903 -0.008343 -0.00298 -0.049394 -0.024599 -0.051302 -0.028853 -0.088897 -0.028322 -0.054926 -0.026615 -0.048292 0.00024 -0.010985 0.00302 -0.092295 -0.01895 -0.07143 -0.040453 -0.051603 -0.022404 0.008705 -0.015588 -0.004676
0.64018 1.843006 0.885851 3.948436 1.339571 5.559914 -0.932981 6.053327 1.55057 1.012913 1.387533 5.884278 -0.897271 1.740933 -1.098074 3.75331 -0.839214 4.826046 -3.280405 5.271024 -0.666182 -0.028364 -0.623018 4.852141 0.006744 -0.001272 0.001784 0.019451 0.012996 0.025395 0.013045 0.038652 0.018392 0.037537 0.013127 0.028455 -3e-06 -0.003868 -0.018811 -0.030962 0.002942 0.03724 0.010767 0.043989 0.009926 0.030679 0.009068 0.025199
0.631625 1.837714 0.882484 3.935726 1.309778 5.557921 -0.970238 6.060956 1.50234 1.021499 1.342771 5.889899 -0.903979 1.748472 -1.111312 3.790243 -0.834767 4.855694 -3.270727 5.299979 -0.65853 -0.007916 -0.619348 4.871376 -0.008556 -0.005291 -0.003367 -0.01271 -0.029793 -0.001993 -0.037257 0.007629 -0.04823 0.008587 -0.044761 0.00562 -0.006707 0.00754 -0.013238 0.036933 0.004447 0.029648 0.009678 0.028956 0.007652 0.020449 0.00367 0.019236
0.634025 1.841084 0.881633 3.920867 1.303963 5.527399 -0.978549 6.027417 1.494085 0.990383 1.335059 5.856714 -0.89979 1.743894 -1.110873 3.768035 -0.839794 4.818745 -3.280607 5.263665 -0.663408 -0.029459 -0.622448 4.847729 0.0024 0.003369 -0.000851 -0.014859 -0.005815 -0.030522 -0.008311 -0.033539 -0.008255 -0.031116 -0.007713 -0.033184 0.004188 -0.004579 0.000439 -0.022208 -0.005027 -0.036949 -0.00988 -0.036314 -0.004878 -0.021543 -0.0031 -0.023648
0.629886 1.84434 0.872355 3.93602 1.319782 5.531985 -0.962131 6.008794 1.525181 0.965677 1.369338 5.848281 -0.891541 1.742982 -1.128058 3.759611 -0.838807 4.805939 -3.266888 5.261249 -0.653088 -0.049083 -0.619948 4.840665 -0.00414 0.003256 -0.009278 0.015152 0.015818 0.004586 0.016418 -0.018623 0.031096 -0.024706 0.034279 -0.008433 0.008249 -0.000912 -0.017185 -0.008424 0.000987 -0.012807 0.013719 -0.002416 0.01032 -0.019624 0.0025 -0.007064
0.632187 1.843599 0.873162 3.933835 1.319222 5.531604 -0.96299 6.004001 1.523857 0.965549 1.367538 5.84776 -0.892376 1.746714 -1.130804 3.756067 -0.839781 4.808958 -3.267901 5.268035 -0.654121 -0.039963 -0.620303 4.845609 0.002302 -0.000741 0.000808 -0.002185 -0.00056 -0.000381 -0.000859 -0.004793 -0.001324 -0.000129 -0.0018 -0.00052 -0.000835 0.003732 -0.002746 -0.003545 -0.000973 0.00302 -0.001013 0.006786 -0.001032 0.00912 -0.000355 0.004944
0.627393 1.839497 0.862276 3.925431 1.292227 5.506456 -0.994979 6.008219 1.482846 0.944138 1.330778 5.822486 -0.890944 1.731187 -1.097208 3.762703 -0.836637 4.80161 -3.269862 5.261598 -0.659418 -0.053268 -0.621166 4.840707 -0.004794 -0.004102 -0.010886 -0.008404 -0.026995 -0.025148 -0.03199 0.004218 -0.041011 -0.021411 -0.03676 -0.025275 0.001432 -0.015527 0.033596 0.006636 0.003144 -0.007348 -0.001961 -0.006437 -0.005298 -0.013304 -0.000863 -0.004901
0.618376 1.831043 0.859956 3.906255 1.307363 5.502338 -0.971254 6.011929 1.501409 0.950556 1.34731 5.830118 -0.887516 1.696649 -1.09629 3.75081 -0.835165 4.804675 -3.26969 5.27138 -0.655165 -0.047239 -0.618996 4.851145 -0.009018 -0.008454 -0.00232 -0.019177 0.015137 -0.004118 0.023726 0.00371 0.018563 0.006418 0.016532 0.007632 0.003428 -0.034538 0.000918 -0.011893 0.001472 0.003065 0.000171 0.009782 0.004253 0.006028 0.00217 0.010437
0.619108 1.834547 0.869759 3.913614 1.316671 5.50608 -0.961908 6.012307 1.509806 0.945276 1.353683 5.825958 -0.888815 1.68751 -1.093907 3.74346 -0.834117 4.802561 -3.274616 5.259651 -0.660023 -0.050512 -0.619093 4.850709 0.000732 0.003504 0.009803 0.007359 0.009307 0.003743 0.009345 0.000378 0.008397 -0.00528 0.006373 -0.00416 -0.001299 -0.009139 0.002383 -0.00735 0.001048 -0.002114 -0.004926 -0.011729 -0.004858 -0.003273 -9.7e-05 -0.000436
0.613802 1.834795 0.871208 3.893074 1.303678 5.478668 -0.98091 5.986969 1.488107 0.924321 1.336851 5.805699 -0.885679 1.686551 -1.064076 3.706881 -0.826902 4.803892 -3.285012 5.267575 -0.658923 -0.020926 -0.61383 4.877382 -0.005305 0.000248 0.001449 -0.020539 -0.012993 -0.027413 -0.019001 -0.025339 -0.021698 -0.020956 -0.016831 -0.02026 0.003136 -0.000959 0.029832 -0.036579 0.007215 0.001331 -0.010396 0.007924 0.0011 0.029586 0.005263 0.026673
0.630079 1.836284 0.880257 3.9191 1.30202 5.515611 -0.985432 6.010042 1.489744 0.955031 1.337114 5.835726 -0.896559 1.698258 -1.07902 3.725382 -0.835626 4.794865 -3.288129 5.252757 -0.666232 -0.043814 -0.622551 4.850307 0.016277 0.001489 0.009049 0.026026 -0.001658 0.036943 -0.004522 0.023073 0.001637 0.03071 0.000263 0.030027 -0.01088 0.011707 -0.014944 0.018501 -0.008724 -0.009027 -0.003117 -0.014818 -0.007308 -0.022888 -0.008722 -0.027075
0.628286 1.838529 0.883563 3.919237 1.312331 5.519394 -0.972924 6.014246 1.503978 0.963494 1.349279 5.843999 -0.900118 1.698013 -1.079883 3.712543 -0.836254 4.784243 -3.286691 5.242668 -0.663299 -0.048813 -0.620574 4.84394 -0.001793 0.002245 0.003306 0.000136 0.010312 0.003783 0.012508 0.004205 0.014234 0.008463 0.012165 0.008273 -0.003559 -0.000245 -0.000863 -0.012839 -0.000627 -0.010622 0.001439 -0.010088 0.002933 -0.005 0.001977 -0.006366
0.627954 1.841126 0.879724 3.930736 1.317439 5.527378 -0.969373 6.027128 1.511128 0.965879 1.35692 5.847477 -0.894797 1.700342 -1.077555 3.740213 -0.839243 4.790633 -3.284537 5.250176 -0.667469 -0.056825 -0.624454 4.839616 -0.000332 0.002597 -0.003839 0.011499 0.005108 0.007984 0.003551 0.012882 0.00715 0.002385 0.007641 0.003479 0.005321 0.002329 0.002328 0.02767 -0.00299 0.006391 0.002154 0.007507 -0.00417 -0.008012 -0.00388 -0.004324
0.624403 1.850385 0.874641 3.936603 1.321035 5.530984 -0.958659 6.034715 1.521611 0.976276 1.362604 5.852231 -0.901292 1.721986 -1.065299 3.771195 -0.839669 4.812181 -3.28574 5.254917 -0.680421 -0.059869 -0.636022 4.83414 -0.003551 0.009259 -0.005083 0.005867 0.003597 0.003607 0.010713 0.007586 0.010483 0.010397 0.005684 0.004753 -0.006495 0.021644 0.012257 0.030982 -0.000426 0.021548 -0.001203 0.004741 -0.012952 -0.003043 -0.011568 -0.005476
0.618732 1.858942 0.880294 3.953602 1.331961 5.548409 -0.950667 6.036614 1.532152 0.987781 1.376864 5.871194 -0.898275 1.722541 -1.088003 3.760194 -0.833548 4.806731 -3.275507 5.259958 -0.660774 -0.048924 -0.6188 4.846797 -0.005671 0.008557 0.005652 0.016999 0.010926 0.017425 0.007992 0.0019 0.010541 0.011505 0.01426 0.018963 0.003017 0.000555 -0.022704 -0.011001 0.006121 -0.00545 0.010233 0.005041 0.019647 0.010945 0.017221 0.012657
0.625744 1.857426 0.90506 3.988351 1.396805 5.619669 -0.871977 6.121659 1.614349 1.061418 1.452256 5.941135 -0.901984 1.721399 -1.085914 3.836 -0.834821 4.821792 -3.270725 5.25699 -0.665028 -0.054727 -0.623417 4.84207 0.007012 -0.001516 0.024766 0.034748 0.064844 0.07126 0.078689 0.085045 0.082197 0.073637 0.075392 0.069941 -0.003709 -0.001141 0.002089 0.075806 -0.001273 0.015061 0.004782 -0.002968 -0.004253 -0.005803 -0.004616 -0.004727
0.624854 1.859104 0.889137 3.964455 1.390931 5.573085 -0.874641 6.075912 1.614098 1.009543 1.451803 5.896668 -0.897655 1.711342 -1.078072 3.795618 -0.836997 4.812319 -3.282642 5.239156 -0.671275 -0.068696 -0.627587 4.838002 -0.00089 0.001679 -0.015923 -0.023896 -0.005875 -0.046584 -0.002664 -0.045747 -0.000251 -0.051875 -0.000452 -0.044467 0.004329 -0.010057 0.007842 -0.040382 -0.002176 -0.009473 -0.011917 -0.017834 -0.006247 -0.013968 -0.00417 -0.004067
0.613789 1.861838 0.883463 3.940797 1.375952 5.51913 -0.889064 5.993719 1.604303 0.945866 1.442518 5.83642 -0.903349 1.726211 -1.101812 3.749579 -0.843072 4.801278 -3.289337 5.238729 -0.670643 -0.059623 -0.627557 4.834643 -0.011065 0.002733 -0.005674 -0.023657 -0.014979 -0.053955 -0.014423 -0.082193 -0.009795 -0.063677 -0.009285 -0.060248 -0.005694 0.014869 -0.02374 -0.04604 -0.006075 -0.011041 -0.006696 -0.000427 0.000631 0.009072 3e-05 -0.003359
0.603089 1.848273 0.85782 3.908414 1.342811 5.371252 -0.931985 5.787102 1.56621 0.71021 1.411144 5.618197 -0.905647 1.723321 -1.094356 3.736626 -0.835947 4.785614 -3.277603 5.232519 -0.663565 -0.063826 -0.619464 4.823878 -0.0107 -0.013565 -0.025643 -0.032384 -0.033141 -0.147879 -0.042921 -0.206617 -0.038093 -0.235656 -0.031374 -0.218222 -0.002297 -0.002891 0.007457 -0.012953 0.007125 -0.015664 0.011735 -0.00621 0.007078 -0.004203 0.008092 -0.010765
0.59633 1.837951 0.858881 3.823499 1.409857 5.129896 -0.845796 5.552602 1.6647 0.444937 1.50239 5.361768 -0.908332 1.724104 -1.08999 3.742331 -0.835932 4.791178 -3.277601 5.236665 -0.661937 -0.055576 -0.61837 4.832819 -0.006759 -0.010321 0.001062 -0.084915 0.067046 -0.241355 0.086189 -0.2345 0.098491 -0.265273 0.091246 -0.256429 -0.002685 0.000784 0.004365 0.005705 1.5e-05 0.005563 1e-06 0.004146 0.001628 0.00825 0.001095 0.00894
0.592883 1.824208 0.8813 3.663229 1.434378 4.772633 -0.827561 5.168802 1.674971 0.029142 1.513325 4.972418 -0.905962 1.729685 -1.084726 3.725585 -0.841921 4.776377 -3.296738 5.215752 -0.673669 -0.078976 -0.630383 4.818198 -0.003447 -0.013744 0.022419 -0.160269 0.024521 -0.357264 0.018235 -0.3838 0.01027 -0.415795 0.010935 -0.38935 0.00237 0.005581 0.005264 -0.016745 -0.005989 -0.0148 -0.019137 -0.020913 -0.011732 -0.0234 -0.012013 -0.014621
0.60095 1.789956 0.895775 3.542904 1.45252 4.408498 -0.807925 4.74969 1.689676 -0.419488 1.529099 4.548961 -0.907768 1.728096 -1.07436 3.681027 -0.839448 4.763429 -3.304779 5.219965 -0.673007 -0.074709 -0.626506 4.815139 0.008067 -0.034252 0.014475 -0.120326 0.018142 -0.364134 0.019636 -0.419112 0.014706 -0.44863 0.015774 -0.423457 -0.001806 -0.00159 0.010367 -0.044558 0.002473 -0.012949 -0.008041 0.004213 0.000662 0.004267 0.003877 -0.003059
0.607648 1.78672 0.895324 3.554453 1.452096 4.07753 -0.811953 4.314055 1.685925 -0.916279 1.528784 4.089899 -0.904131 1.735566 -1.073887 3.688292 -0.841466 4.765022 -3.311315 5.222194 -0.674626 -0.073117 -0.626401 4.817799 0.006698 -0.003236 -0.000451 0.01155 -0.000424 -0.330968 -0.004027 -0.435635 -0.003752 -0.496791 -0.000315 -0.459062 0.003637 0.00747 0.000473 0.007265 -0.002018 0.001593 -0.006535 0.002229 -0.001619 0.001592 0.000105 0.002661
0.638292 1.783589 0.95797 3.591648 1.420249 3.795516 -0.916945 3.982646 1.54756 -1.349188 1.417069 3.671532 -0.911334 1.752039 -1.102912 3.704651 -0.842292 4.755117 -3.295513 5.219418 -0.655261 -0.082866 -0.609074 4.801011 0.030644 -0.00313 0.062646 0.037195 -0.031847 -0.282014 -0.104992 -0.331409 -0.138365 -0.432909 -0.111716 -0.418367 -0.007203 0.016473 -0.029025 0.016359 -0.000826 -0.009905 0.015801 -0.002776 0.019366 -0.009749 0.017327 -0.016789
0.645702 1.756184 1.222112 3.498749 1.378212 3.306287 -1.094848 3.424742 1.294271 -2.020461 1.225096 3.025518 -0.918756 1.764436 -1.128567 3.709632 -0.840967 4.755937 -3.285066 5.229576 -0.651124 -0.08681 -0.605706 4.788697 0.00741 -0.027405 0.264142 -0.0929 -0.042037 -0.489229 -0.177903 -0.557904 -0.253289 -0.671273 -0.191972 -0.646014 -0.007423 0.012397 -0.025655 0.004981 0.001325 0.00082 0.010448 0.010158 0.004137 -0.003944 0.003368 -0.012313
0.675228 1.692252 1.309217 3.350893 1.303413 2.820195 -1.224448 2.831612 1.164798 -2.60575 1.116838 2.502435 -0.913003 1.772059 -1.159695 3.724425 -0.853839 4.731414 -3.286235 5.228467 -0.632349 -0.089344 -0.594916 4.784976 0.029526 -0.063932 0.087105 -0.147856 -0.074799 -0.486092 -0.1296 -0.593131 -0.129473 -0.585289 -0.108258 -0.523084 0.005753 0.007623 -0.031128 0.014793 -0.012872 -0.024523 -0.001169 -0.001109 0.018775 -0.002534 0.01079 -0.003721
0.674553 1.65999 1.476181 2.842014 1.171858 2.182223 -1.452801 2.192709 0.906303 -3.14196 0.891834 2.004219 -0.917941 1.792547 -1.162045 3.743725 -0.851401 4.734551 -3.286017 5.229377 -0.631213 -0.091217 -0.594719 4.787879 -0.000675 -0.032261 0.166964 -0.508878 -0.131555 -0.637972 -0.228353 -0.638903 -0.258496 -0.53621 -0.225005 -0.498216 -0.004938 0.020488 -0.00235 0.019301 0.002438 0.003138 0.000217 0.00091 0.001136 -0.001873 0.000198 0.002903
0.615638 1.628303 1.586748 2.506065 1.12112 1.771023 -1.5249 1.730599 0.813629 -3.519704 0.817315 1.657947 -0.921591 1.795796 -1.180168 3.758667 -0.864001 4.75338 -3.301018 5.261225 -0.629536 -0.064357 -0.597599 4.817011 -0.058915 -0.031688 0.110567 -0.33595 -0.050738 -0.4112 -0.072099 -0.46211 -0.092673 -0.377744 -0.074518 -0.346272 -0.003649 0.003249 -0.018123 0.014941 -0.0126 0.018829 -0.015001 0.031848 0.001676 0.026861 -0.002881 0.029132
0.62125 1.598132 1.725842 2.087818 1.043404 1.403146 -1.67576 1.365911 0.658916 -3.787617 0.693924 1.413403 -0.916448 1.826964 -1.182168 3.803582 -0.857819 4.791938 -3.31174 5.291716 -0.633319 -0.000486 -0.601023 4.895338 0.005612 -0.030171 0.139095 -0.418246 -0.077716 -0.367877 -0.150861 -0.364688 -0.154713 -0.267913 -0.123391 -0.244544 0.005143 0.031168 -0.002 0.044915 0.006182 0.038557 -0.010721 0.030491 -0.003783 0.063871 -0.003424 0.078326
0.632538 1.541337 1.733648 1.861955 0.928131 1.12228 -1.817211 1.085693 0.52444 -4.021695 0.568533 1.186794 -0.93521 1.845386 -1.179239 3.813794 -0.855977 4.713547 -3.305671 5.197532 -0.633404 -0.113819 -0.602028 4.784434 0.011288 -0.056795 0.007806 -0.225863 -0.115273 -0.280866 -0.141451 -0.280217 -0.134476 -0.234078 -0.125391 -0.226609 -0.018762 0.018423 0.00293 0.010212 0.001842 -0.078391 0.006069 -0.094184 -8.5e-05 -0.113333 -0.001004 -0.110904
0.640093 1.457622 1.76759 1.419619 0.908495 0.738146 -1.863146 0.695165 0.506122 -4.348099 0.566792 0.843068 -0.905514 1.822921 -1.164793 3.834338 -0.840813 4.74806 -3.288522 5.229443 -0.618917 -0.065029 -0.587199 4.824521 0.007555 -0.083714 0.033942 -0.442336 -0.019636 -0.384134 -0.045935 -0.390529 -0.018318 -0.326404 -0.001741 -0.343726 0.029695 -0.022466 0.014446 0.020544 0.015165 0.034513 0.017149 0.031912 0.014487 0.04879 0.014828 0.040087
0.654865 1.448781 1.855159 1.10049 0.808105 0.281901 -2.006513 0.185834 0.378766 -4.766076 0.455942 0.458961 -0.905761 1.847459 -1.142728 3.870067 -0.836094 4.758178 -3.286788 5.21706 -0.630668 -0.073035 -0.595565 4.829534 0.014772 -0.008842 0.087568 -0.319128 -0.10039 -0.456245 -0.143367 -0.50933 -0.127356 -0.417977 -0.110849 -0.384107 -0.000247 0.024538 0.022065 0.035729 0.004718 0.010118 0.001734 -0.012383 -0.011752 -0.008006 -0.008366 0.005013
0.631154 1.412057 1.832625 1.012881 0.726095 -0.11462 -2.084482 -0.319249 0.280745 -5.265858 0.35241 -0.002467 -0.895179 1.816189 -1.137857 3.797815 -0.845292 4.755331 -3.321849 5.246165 -0.645588 -0.009541 -0.601021 4.890508 -0.023711 -0.036724 -0.022534 -0.08761 -0.082011 -0.396521 -0.077969 -0.505083 -0.098022 -0.499782 -0.103532 -0.461428 0.010583 -0.03127 0.004871 -0.072252 -0.009198 -0.002847 -0.03506 0.029105 -0.01492 0.063494 -0.005456 0.060973
0.611603 1.380932 1.741392 0.877615 0.614077 -0.527499 -2.198563 -0.827221 0.185644 -5.751317 0.257163 -0.45696 -0.896871 1.820956 -1.124013 3.783003 -0.854238 4.805654 -3.347731 5.31686 -0.677923 0.060905 -0.62213 4.951888 -0.019551 -0.031125 -0.091233 -0.135266 -0.112017 -0.412879 -0.114082 -0.507972 -0.0951 -0.485459 -0.095247 -0.454493 -0.001692 0.004767 0.013843 -0.014812 -0.008946 0.050323 -0.025882 0.070695 -0.032335 0.070446 -0.021109 0.06138
0.5994 1.338634 1.680441 0.721181 0.556581 -0.846218 -2.251368 -1.208878 0.135386 -6.11886 0.20589 -0.808675 -0.890465 1.807422 -1.114228 3.779815 -0.855802 4.876103 -3.360566 5.389291 -0.69223 0.063789 -0.629591 4.984269 -0.012203 -0.042298 -0.060951 -0.156434 -0.057496 -0.318719 -0.052805 -0.381657 -0.050258 -0.367543 -0.051273 -0.351714 0.006406 -0.013534 0.009785 -0.003188 -0.001564 0.070449 -0.012836 0.072432 -0.014307 0.002884 -0.007461 0.032381
0.53198 1.252552 1.601094 0.385729 0.560408 -1.263581 -2.219389 -1.645077 0.15306 -6.571164 0.223496 -1.27519 -0.916839 1.778559 -1.118464 3.83499 -0.854106 4.89863 -3.330735 5.392106 -0.682629 0.117376 -0.634033 5.0114 -0.06742 -0.086082 -0.079347 -0.335452 0.003827 -0.417363 0.03198 -0.436199 0.017673 -0.452304 0.017605 -0.466515 -0.026374 -0.028863 -0.004236 0.055175 0.001696 0.022528 0.029831 0.002815 0.009601 0.053587 -0.004442 0.027131
0.51932 1.206708 1.599685 0.167402 0.541264 -1.575951 -2.247915 -1.985154 0.133521 -6.920966 0.208204 -1.614001 -0.912878 1.714508 -1.115923 3.687273 -0.882943 4.886213 -3.375881 5.388358 -0.714194 0.137223 -0.655226 5.028476 -0.01266 -0.045844 -0.001408 -0.218326 -0.019144 -0.31237 -0.028526 -0.340077 -0.019539 -0.349802 -0.015292 -0.338811 0.00396 -0.064051 0.002541 -0.147717 -0.028837 -0.012417 -0.045146 -0.003748 -0.031566 0.019847 -0.021193 0.017076
0.543263 1.221446 1.496247 0.081379 0.511851 -1.558699 -2.244497 -1.954207 0.137983 -6.86835 0.209837 -1.57826 -0.870967 1.692222 -1.133452 3.597303 -0.873679 4.852155 -3.358487 5.376341 -0.675437 0.176249 -0.618878 5.055264 0.023943 0.014738 -0.103438 -0.086023 -0.029413 0.017252 0.003418 0.030947 0.004463 0.052616 0.001633 0.035741 0.041912 -0.022286 -0.017529 -0.08997 0.009263 -0.034057 0.017394 -0.012017 0.038758 0.039026 0.036348 0.026788
0.501604 1.225283 1.484274 0.060147 0.486439 -1.491864 -2.272982 -1.860062 0.106141 -6.761061 0.17931 -1.48373 -0.890055 1.728331 -1.12278 3.682099 -0.868724 4.883469 -3.351103 5.398129 -0.673427 0.205015 -0.619245 5.081651 -0.041659 0.003837 -0.011973 -0.021232 -0.025412 0.066835 -0.028485 0.094145 -0.031842 0.107289 -0.030527 0.09453 -0.019089 0.036109 0.010672 0.084796 0.004956 0.031314 0.007384 0.021787 0.00201 0.028766 -0.000367 0.026388
0.473558 1.204204 1.477431 -0.144595 0.46487 -1.406178 -2.299395 -1.695614 0.072814 -6.564493 0.156986 -1.31268 -0.907214 1.707026 -1.114053 3.725984 -0.880998 4.903025 -3.363176 5.391848 -0.694309 0.211869 -0.638262 5.091138 -0.028046 -0.021079 -0.006843 -0.204742 -0.021569 0.085686 -0.026413 0.164448 -0.033327 0.196568 -0.022324 0.17105 -0.017159 -0.021305 0.008727 0.043885 -0.012274 0.019556 -0.012074 -0.006281 -0.020882 0.006855 -0.019017 0.009487
0.511651 1.207997 1.456315 -0.036592 0.484804 -1.190396 -2.264197 -1.578657 0.109958 -6.497437 0.188423 -1.135503 -0.896849 1.671816 -1.144173 3.606672 -0.872054 4.797395 -3.353722 5.307241 -0.672291 0.128276 -0.610136 5.013933 0.038093 0.003794 -0.021116 0.108003 0.019934 0.215782 0.035198 0.116957 0.037144 0.067055 0.031437 0.177177 0.010365 -0.03521 -0.030119 -0.119311 0.008944 -0.10563 0.009454 -0.084606 0.022018 -0.083594 0.028126 -0.077205
0.516643 1.203662 1.472914 -0.042188 0.485775 -0.91757 -2.265304 -1.084421 0.120269 -5.957154 0.20451 -0.730194 -0.905995 1.66746 -1.151484 3.617518 -0.838557 4.820842 -3.301906 5.324923 -0.625834 0.137208 -0.564485 5.027933 0.004992 -0.004335 0.016599 -0.005595 0.000971 0.272826 -0.001107 0.494236 0.01031 0.540283 0.016087 0.405309 -0.009146 -0.004356 -0.007311 0.010846 0.033497 0.023447 0.051816 0.017682 0.046456 0.008933 0.045651 0.014
0.537104 1.183007 1.527812 -0.050888 0.468371 -0.644827 -2.301859 -0.702852 0.097098 -5.567078 0.188588 -0.381848 -0.937737 1.623502 -1.239227 3.620665 -0.851404 4.81914 -3.311663 5.333092 -0.622191 0.14411 -0.562204 5.035744 0.02046 -0.020655 0.054898 -0.0087 -0.017403 0.272743 -0.036556 0.381569 -0.023171 0.390076 -0.015923 0.348345 -0.031742 -0.043958 -0.087743 0.003147 -0.012847 -0.001702 -0.009757 0.008169 0.003644 0.006902 0.002281 0.007812
0.5299 1.168385 1.565148 -0.002945 0.533721 -0.49123 -2.224489 -0.551914 0.173112 -5.42732 0.262128 -0.245 -0.911379 1.602388 -1.197461 3.588875 -0.864645 4.803221 -3.346161 5.323519 -0.646173 0.146555 -0.576705 5.029563 -0.007204 -0.014621 0.037336 0.047943 0.06535 0.153597 0.07737 0.150938 0.076014 0.139758 0.073541 0.136849 0.026357 -0.021114 0.041766 -0.03179 -0.01324 -0.015919 -0.034498 -0.009574 -0.023983 0.002445 -0.014501 -0.006182
0.52935 1.188066 1.640522 0.277464 0.662415 -0.403526 -2.098057 -0.51512 0.271149 -5.443037 0.356258 -0.234928 -0.918389 1.635703 -1.198366 3.686783 -0.878392 4.806699 -3.345883 5.323986 -0.658412 0.126105 -0.599199 5.008459 -0.00055 0.019681 0.075374 0.28041 0.128694 0.087704 0.126432 0.036794 0.098037 -0.015717 0.09413 0.010072 -0.00701 0.033315 -0.000905 0.097908 -0.013748 0.003478 0.000278 0.000467 -0.012238 -0.02045 -0.022494 -0.021104
0.523039 1.213196 1.688892 0.789639 0.779413 -0.30447 -1.97622 -0.508694 0.377103 -5.504508 0.438466 -0.259846 -0.931798 1.656492 -1.201342 3.706842 -0.863758 4.805886 -3.309996 5.324758 -0.627445 0.112334 -0.587869 4.99534 -0.00631 0.02513 0.04837 0.512175 0.116997 0.099056 0.121837 0.006426 0.105954 -0.061471 0.082207 -0.024918 -0.013409 0.020789 -0.002977 0.020059 0.014634 -0.000812 0.035887 0.000772 0.030966 -0.013771 0.01133 -0.013119
0.533446 1.251181 1.71252 1.161623 0.8468 -0.205155 -1.89729 -0.498343 0.45049 -5.517289 0.496469 -0.238951 -0.940545 1.677991 -1.208639 3.722208 -0.850763 4.789311 -3.28904 5.312507 -0.604165 0.074355 -0.573555 4.958431 0.010407 0.037985 0.023628 0.371983 0.067387 0.099315 0.07893 0.010351 0.073387 -0.012781 0.058004 0.020895 -0.008747 0.0215 -0.007296 0.015366 0.012995 -0.016575 0.020956 -0.012251 0.02328 -0.037979 0.014314 -0.036909
0.533209 1.311719 1.675091 1.71074 0.981684 0.045776 -1.683756 -0.365379 0.647949 -5.453049 0.653627 -0.145177 -0.978025 1.685674 -1.267124 3.717598 -0.86076 4.70864 -3.287891 5.222961 -0.606047 -0.090074 -0.588196 4.805202 -0.000238 0.060539 -0.037429 0.549117 0.134884 0.250931 0.213534 0.132964 0.197458 0.064239 0.157157 0.093774 -0.037479 0.007682 -0.058486 -0.004609 -0.009997 -0.080671 0.001149 -0.089546 -0.001882 -0.164428 -0.014641 -0.153229
0.538752 1.364822 1.615668 2.184767 1.099029 0.261644 -1.517405 -0.251787 0.83429 -5.41154 0.810476 -0.0741 -0.985846 1.72981 -1.262594 3.894718 -0.843009 4.70644 -3.232385 5.170667 -0.587522 -0.231328 -0.581727 4.685183 0.005543 0.053102 -0.059423 0.474027 0.117345 0.215869 0.166351 0.113592 0.186341 0.04151 0.156849 0.071077 -0.007822 0.044136 0.00453 0.17712 0.017751 -0.0022 0.055505 -0.052295 0.018525 -0.141254 0.006469 -0.120019
0.538464 1.425324 1.534993 2.590827 1.18507 0.605727 -1.388846 0.053566 0.980934 -5.232444 0.928473 0.119004 -1.015777 1.730571 -1.308039 3.963384 -0.837977 4.55846 -3.160115 4.941661 -0.552061 -0.520789 -0.565462 4.421002 -0.000288 0.060502 -0.080675 0.40606 0.086041 0.344082 0.128559 0.305353 0.146645 0.179096 0.117998 0.193104 -0.02993 0.00076 -0.045445 0.068666 0.005032 -0.14798 0.07227 -0.229005 0.035461 -0.289462 0.016266 -0.264181
0.531632 1.515549 1.454959 3.058203 1.250255 1.07943 -1.282104 0.51584 1.096241 -4.802776 1.017599 0.533257 -1.029567 1.742072 -1.385685 4.01698 -0.778344 4.33337 -3.051973 4.602394 -0.453925 -0.888359 -0.497109 4.101013 -0.006832 0.090226 -0.080034 0.467376 0.065185 0.473704 0.106742 0.462274 0.115307 0.429668 0.089126 0.414253 -0.01379 0.011501 -0.077645 0.053596 0.059633 -0.22509 0.108142 -0.339267 0.098136 -0.367569 0.068353 -0.319989
0.552946 1.494759 1.35144 3.263593 1.323566 1.531962 -1.167203 1.056673 1.239038 -4.346092 1.143145 0.934101 -1.030422 1.75359 -1.384115 4.059792 -0.706794 4.238905 -2.974242 4.47529 -0.375638 -1.025641 -0.423122 3.962248 0.021314 -0.02079 -0.103518 0.20539 0.073311 0.452532 0.1149 0.540833 0.142797 0.456685 0.125546 0.400845 -0.000855 0.011518 0.00157 0.042812 0.07155 -0.094465 0.07773 -0.127104 0.078287 -0.137283 0.073987 -0.138765
0.545136 1.553789 1.114937 3.710048 1.26785 2.224126 -1.20849 1.867055 1.243781 -3.637587 1.136612 1.573335 -1.039239 1.761724 -1.381753 4.148532 -0.645043 4.149197 -2.881109 4.350653 -0.302471 -1.170501 -0.356627 3.820261 -0.00781 0.05903 -0.236503 0.446455 -0.055716 0.692164 -0.041287 0.810383 0.004743 0.708505 -0.006533 0.639234 -0.008817 0.008133 0.002362 0.088739 0.061751 -0.089707 0.093133 -0.124637 0.073167 -0.14486 0.066495 -0.141987
0.525009 1.577323 1.015867 3.674986 1.171747 2.54309 -1.323939 2.309128 1.130441 -3.190956 1.032577 1.970529 -1.045817 1.760847 -1.350162 4.126744 -0.619769 4.075871 -2.867467 4.246915 -0.306617 -1.266334 -0.347928 3.724688 -0.020127 0.023534 -0.09907 -0.035062 -0.096102 0.318964 -0.115449 0.442073 -0.11334 0.446631 -0.104035 0.397194 -0.006578 -0.000876 0.03159 -0.021788 0.025274 -0.073327 0.013642 -0.103738 -0.004146 -0.095833 0.008699 -0.095574
0.532105 1.650602 0.970549 3.875555 1.07033 2.802569 -1.477432 2.608582 0.979352 -2.91975 0.896509 2.226548 -1.036845 1.759697 -1.316641 4.089867 -0.605489 3.986226 -2.857503 4.151085 -0.30187 -1.383878 -0.338389 3.613071 0.007096 0.073279 -0.045317 0.200569 -0.101417 0.259479 -0.153493 0.299454 -0.151089 0.271207 -0.136068 0.256019 0.008971 -0.001151 0.033522 -0.036877 0.01428 -0.089644 0.009964 -0.09583 0.004747 -0.117545 0.009539 -0.111617
0.559199 1.685096 0.985375 4.034992 0.911899 3.117049 -1.695177 3.002566 0.864921 -2.551486 0.781052 2.566847 -1.03233 1.763351 -1.319406 4.085373 -0.576031 3.895936 -2.81717 4.030914 -0.274969 -1.515777 -0.31328 3.492404 0.027093 0.034494 0.014825 0.159437 -0.158431 0.31448 -0.217745 0.393984 -0.114431 0.368264 -0.115457 0.340299 0.004515 0.003655 -0.002765 -0.004494 0.029458 -0.09029 0.040333 -0.120171 0.026901 -0.131899 0.02511 -0.120667
0.566545 1.680044 0.999412 3.881977 0.763953 3.116936 -1.873623 3.064278 0.645078 -2.452533 0.593494 2.651417 -1.020756 1.772707 -1.334132 4.094146 -0.479008 3.874183 -2.683905 4.007644 -0.139819 -1.527599 -0.200753 3.485552 0.007346 -0.005053 0.014037 -0.153015 -0.147946 -0.000113 -0.178446 0.061712 -0.219843 0.098953 -0.187559 0.084571 0.011574 0.009356 -0.014726 0.008773 0.097023 -0.021753 0.133266 -0.023271 0.13515 -0.011823 0.112526 -0.006853
0.561726 1.663532 0.981095 3.78744 0.554886 3.15827 -2.139763 3.167445 0.353067 -2.316302 0.328216 2.768217 -1.019521 1.7747 -1.330255 4.0685 -0.429993 3.862006 -2.630279 3.999627 -0.098147 -1.526587 -0.163544 3.488802 -0.004819 -0.016512 -0.018317 -0.094537 -0.209067 0.041334 -0.26614 0.103167 -0.292011 0.136231 -0.265278 0.116799 0.001235 0.001993 0.003877 -0.025646 0.049014 -0.012177 0.053626 -0.008016 0.041672 0.001012 0.037209 0.003251
0.574724 1.657892 0.992715 3.773043 0.457639 3.336678 -2.253485 3.417754 0.220889 -2.052974 0.210498 3.001227 -1.010384 1.779409 -1.334066 4.090972 -0.356705 3.861021 -2.540032 3.998473 -0.008939 -1.525583 -0.087565 3.491049 0.012998 -0.005639 0.01162 -0.014397 -0.097246 0.178407 -0.113722 0.250309 -0.132177 0.263329 -0.117718 0.23301 0.009137 0.004709 -0.003811 0.022472 0.073288 -0.000985 0.090246 -0.001154 0.089209 0.001004 0.07598 0.002247
0.56109 1.628161 0.95168 3.714477 -0.031893 3.087117 -2.83844 3.087617 -0.344453 -2.337879 -0.290249 2.749618 -1.008607 1.784178 -1.352132 4.048786 -0.17216 3.848888 -2.332718 3.981972 0.200726 -1.503754 0.092469 3.530919 -0.013633 -0.029731 -0.041035 -0.058566 -0.489533 -0.249561 -0.584956 -0.330137 -0.565342 -0.284905 -0.500747 -0.251609 0.001777 0.00477 -0.018066 -0.042186 0.184545 -0.012133 0.207314 -0.016502 0.209664 0.021829 0.180033 0.03987
0.563062 1.630675 0.948449 3.685026 -0.055239 2.997877 -2.846339 2.952493 -0.35879 -2.482138 -0.315163 2.626529 -1.008566 1.788167 -1.347847 4.06197 -0.170692 3.809962 -2.344221 3.911803 0.19941 -1.535563 0.099794 3.520579 0.001972 0.002514 -0.003232 -0.029452 -0.023346 -0.089239 -0.007899 -0.135123 -0.014337 -0.144259 -0.024915 -0.123088 4.1e-05 0.003989 0.004285 0.013183 0.001468 -0.038926 -0.011503 -0.070168 -0.001315 -0.031809 0.007325 -0.01034
0.556755 1.622933 0.894596 3.646328 -0.056484 2.980986 -2.828576 2.901453 -0.33797 -2.540037 -0.306932 2.565305 -1.01162 1.786862 -1.2896 4.100488 -0.221603 3.766204 -2.421628 3.856759 0.112322 -1.595983 0.028159 3.453865 -0.006307 -0.007742 -0.053852 -0.038698 -0.001244 -0.016891 0.017763 -0.051041 0.02082 -0.057899 0.008232 -0.061225 -0.003054 -0.001305 0.058247 0.038519 -0.050911 -0.043758 -0.077407 -0.055045 -0.087088 -0.06042 -0.071635 -0.066714
0.551251 1.643683 0.921383 3.645296 0.074122 2.970526 -2.685143 2.883821 -0.196607 -2.54947 -0.173462 2.550232 -1.006767 1.796721 -1.270168 4.092804 -0.29348 3.739579 -2.497999 3.829377 0.029291 -1.638819 -0.045407 3.40311 -0.005504 0.02075 0.026786 -0.001032 0.130606 -0.01046 0.143433 -0.017632 0.141363 -0.009433 0.13347 -0.015072 0.004852 0.009859 0.019431 -0.007684 -0.071877 -0.026625 -0.076371 -0.027382 -0.083031 -0.042836 -0.073567 -0.050755
0.531498 1.65007 0.918886 3.637937 0.175845 3.038671 -2.523204 3.008024 -0.080509 -2.391749 -0.048295 2.685733 -0.982066 1.799513 -1.231012 4.082221 -0.347335 3.738243 -2.555967 3.828643 -0.032792 -1.64358 -0.102458 3.394035 -0.019753 0.006387 -0.002497 -0.007359 0.101723 0.068145 0.161939 0.124203 0.116098 0.157721 0.125167 0.135501 0.024702 0.002791 0.039156 -0.010583 -0.053855 -0.001336 -0.057968 -0.000734 -0.062083 -0.004761 -0.057051 -0.009075
0.531149 1.65928 0.920124 3.477972 0.707076 3.07068 -1.814143 3.027595 0.602978 -2.244168 0.545718 2.791993 -0.980909 1.801455 -1.237076 4.07927 -0.35071 3.712823 -2.556239 3.802235 -0.033291 -1.662883 -0.102467 3.378264 -0.000349 0.009209 0.001239 -0.159965 0.531231 0.032009 0.709061 0.019571 0.683487 0.147581 0.594013 0.10626 0.001157 0.001943 -0.006064 -0.002951 -0.003375 -0.02542 -0.000272 -0.026408 -0.000499 -0.019303 -1e-05 -0.015771
0.547271 1.654125 0.920117 3.290553 1.071264 3.115974 -1.369571 3.203397 1.068865 -2.11278 0.962651 2.913706 -0.984187 1.808568 -1.251043 4.075365 -0.426932 3.705502 -2.641292 3.799537 -0.111975 -1.691204 -0.165231 3.337921 0.016122 -0.005154 -7e-06 -0.18742 0.364188 0.045294 0.444572 0.175803 0.465887 0.131388 0.416933 0.121713 -0.003279 0.007113 -0.013967 -0.003905 -0.076222 -0.007321 -0.085053 -0.002698 -0.078684 -0.028321 -0.062763 -0.040343
0.552333 1.631826 0.952422 3.02838 1.166952 3.108633 -1.277313 3.139279 1.138329 -2.200993 1.033538 2.842953 -0.991615 1.813911 -1.261211 4.065172 -0.462778 3.698472 -2.676856 3.792186 -0.145603 -1.720198 -0.195348 3.30748 0.005063 -0.0223 0.032305 -0.262172 0.095688 -0.007342 0.092258 -0.064119 0.069464 -0.088212 0.070887 -0.070753 -0.007428 0.005342 -0.010168 -0.010192 -0.035846 -0.00703 -0.035565 -0.007352 -0.033628 -0.028994 -0.030117 -0.030441
0.568948 1.642195 0.958497 3.309286 1.139765 3.157202 -1.330357 3.200105 1.116216 -2.218073 1.011765 2.843449 -1.008986 1.807456 -1.276603 4.050146 -0.505312 3.734467 -2.735972 3.825361 -0.181709 -1.677224 -0.223349 3.371805 0.016614 0.010369 0.006075 0.280906 -0.027187 0.048569 -0.053043 0.060826 -0.022113 -0.01708 -0.021773 0.000496 -0.017371 -0.006455 -0.015392 -0.015026 -0.042534 0.035995 -0.059116 0.033175 -0.036106 0.042974 -0.028001 0.064325
0.579074 1.654252 0.945066 3.362033 1.02353 3.17587 -1.48242 3.230878 0.96864 -2.224375 0.878212 2.839421 -1.011007 1.803315 -1.288089 4.038298 -0.510865 3.73797 -2.7411 3.887824 -0.184297 -1.649668 -0.226798 3.373955 0.010127 0.012057 -0.013431 0.052747 -0.116234 0.018668 -0.152063 0.030773 -0.147576 -0.006301 -0.133554 -0.004028 -0.002021 -0.004141 -0.011486 -0.011848 -0.005553 0.003503 -0.005127 0.062464 -0.002588 0.027556 -0.003449 0.00215
0.578976 1.711488 0.890318 3.689572 0.83485 3.416143 -1.724851 3.488383 0.744855 -2.0085 0.672188 3.028784 -1.004133 1.794983 -1.309469 4.011307 -0.528243 3.827164 -2.761077 4.023511 -0.20726 -1.510427 -0.253019 3.486379 -9.8e-05 0.057236 -0.054747 0.327539 -0.18868 0.240273 -0.242432 0.257505 -0.223784 0.215875 -0.206024 0.189363 0.006874 -0.008332 -0.02138 -0.026991 -0.017378 0.089194 -0.019978 0.135687 -0.022963 0.139241 -0.026221 0.112424
0.580699 1.742311 1.013014 3.713173 0.795862 3.389147 -1.886705 3.470678 0.574878 -2.009378 0.539137 3.039608 -1.002444 1.812233 -1.308317 4.030737 -0.517729 3.944216 -2.738647 4.141443 -0.201647 -1.392135 -0.242009 3.608615 0.001723 0.030824 0.122696 0.0236 -0.038988 -0.026996 -0.161853 -0.017705 -0.169978 -0.000878 -0.13305 0.010824 0.001689 0.01725 0.001152 0.019431 0.010513 0.117052 0.02243 0.117932 0.005612 0.118291 0.01101 0.122237
0.591826 1.760046 1.009955 3.85713 0.579471 3.55 -2.103782 3.626044 0.360327 -1.868046 0.336659 3.181365 -0.995965 1.819997 -1.322146 4.040058 -0.482709 3.991563 -2.697118 4.171236 -0.16095 -1.345613 -0.208785 3.664762 0.011127 0.017734 -0.00306 0.143957 -0.216391 0.160853 -0.217077 0.155365 -0.21455 0.141332 -0.202479 0.141757 0.006479 0.007764 -0.013829 0.00932 0.035021 0.047347 0.041529 0.029793 0.040697 0.046523 0.033223 0.056146
0.584631 1.779087 0.977366 3.846445 0.407454 3.316801 -2.304266 3.376221 0.172624 -2.05632 0.160817 3.003907 -0.989712 1.831524 -1.297764 4.083395 -0.351474 3.981339 -2.553155 4.155344 -0.010706 -1.34529 -0.079859 3.666973 -0.007195 0.019041 -0.032589 -0.010685 -0.172017 -0.233198 -0.200484 -0.249823 -0.187703 -0.188274 -0.175841 -0.177458 0.006253 0.011526 0.024382 0.043337 0.131235 -0.010224 0.143963 -0.015892 0.150244 0.000323 0.128926 0.002211
0.588568 1.764312 0.941324 3.83744 0.28605 3.258741 -2.421438 3.302892 0.052539 -2.126463 0.048418 2.946229 -0.989334 1.824738 -1.279826 4.078989 -0.187698 4.031711 -2.359207 4.225811 0.19327 -1.242975 0.094805 3.769971 0.003937 -0.014775 -0.036042 -0.009005 -0.121404 -0.05806 -0.117172 -0.073329 -0.120084 -0.070143 -0.112399 -0.057678 0.000378 -0.006786 0.017938 -0.004406 0.163776 0.050371 0.193948 0.070467 0.203975 0.102315 0.174664 0.102998
0.581749 1.753139 0.938614 3.800738 0.220551 3.289689 -2.497098 3.344324 -0.016602 -2.069969 -0.013469 2.987895 -0.982416 1.81724 -1.245074 4.07495 -0.131588 4.026082 -2.308669 4.214691 0.239686 -1.245195 0.142529 3.762063 -0.006819 -0.011173 -0.00271 -0.036702 -0.065499 0.030948 -0.07566 0.041432 -0.069141 0.056493 -0.061888 0.041666 0.006919 -0.007498 0.034752 -0.004039 0.05611 -0.005629 0.050538 -0.01112 0.046417 -0.00222 0.047724 -0.007908
0.583458 1.739457 0.922316 3.799508 -0.088658 3.302389 -2.843622 3.357496 -0.346082 -2.066236 -0.314134 2.987918 -0.972629 1.80578 -1.24413 4.079014 -0.146323 3.994648 -2.342898 4.16778 0.205466 -1.293279 0.117417 3.693091 0.001709 -0.013682 -0.016298 -0.00123 -0.309209 0.012701 -0.346524 0.013172 -0.32948 0.003733 -0.300665 2.3e-05 0.009787 -0.01146 0.000944 0.004064 -0.014735 -0.031434 -0.034229 -0.046911 -0.03422 -0.048084 -0.025112 -0.068972
0.581104 1.737656 0.80094 3.787274 0.103741 3.45014 -2.596254 3.556758 -0.120471 -1.84108 -0.115029 3.17203 -0.9606 1.804529 -1.21714 4.083768 -0.22498 3.963953 -2.431503 4.083461 0.10634 -1.337694 0.028305 3.666814 -0.002354 -0.001801 -0.121376 -0.012234 0.192399 0.14775 0.247368 0.199262 0.225611 0.225156 0.199105 0.184112 0.012029 -0.001251 0.02699 0.004754 -0.078657 -0.030695 -0.088604 -0.08432 -0.099126 -0.044415 -0.089112 -0.026277
0.56772 1.735805 0.797797 3.736996 0.445086 3.493464 -2.150215 3.625573 0.303413 -1.78634 0.259878 3.22216 -0.940682 1.798453 -1.205142 4.043218 -0.279629 3.929544 -2.48219 4.077618 0.056827 -1.391875 -0.018672 3.614942 -0.013384 -0.001851 -0.003144 -0.050278 0.341344 0.043324 0.446039 0.068815 0.423884 0.05474 0.374907 0.05013 0.019918 -0.006076 0.011998 -0.04055 -0.054649 -0.03441 -0.050688 -0.005843 -0.049513 -0.054181 -0.046977 -0.051872
0.549803 1.741127 0.819158 3.642938 0.681015 3.484135 -1.837599 3.608127 0.606262 -1.816616 0.529983 3.20258 -0.954253 1.810723 -1.208575 4.044089 -0.400544 3.936037 -2.627488 4.090555 -0.0919 -1.395791 -0.145248 3.607073 -0.017918 0.005322 0.021361 -0.094058 0.235929 -0.009329 0.312616 -0.017446 0.302849 -0.030276 0.270105 -0.01958 -0.013571 0.01227 -0.003434 0.000871 -0.120915 0.006493 -0.145297 0.012938 -0.148728 -0.003917 -0.126576 -0.007869
0.55452 1.741689 0.822913 3.68127 0.912255 3.446454 -1.582949 3.512499 0.904887 -1.916549 0.804005 3.133861 -0.954851 1.809982 -1.215674 4.056914 -0.477592 3.94244 -2.716471 4.092709 -0.1811 -1.419683 -0.221182 3.579079 0.004718 0.000562 0.003756 0.038332 0.23124 -0.037681 0.254651 -0.095628 0.298625 -0.099933 0.274022 -0.068718 -0.000598 -0.00074 -0.007098 0.012826 -0.077048 0.006403 -0.088984 0.002154 -0.089199 -0.023891 -0.075933 -0.027995
0.567476 1.7522 0.824039 3.932335 0.997482 3.453277 -1.490057 3.485144 1.022932 -1.960032 0.916732 3.104057 -0.95808 1.80888 -1.21651 4.080511 -0.44887 3.922476 -2.675506 4.049732 -0.145007 -1.480133 -0.19208 3.526304 0.012956 0.010511 0.001125 0.251065 0.085227 0.006823 0.092892 -0.027355 0.118045 -0.043482 0.112727 -0.029804 -0.003229 -0.001103 -0.000837 0.023596 0.028721 -0.019964 0.040965 -0.042977 0.036093 -0.06045 0.029102 -0.052775
0.567669 1.77148 0.819256 4.115665 1.037598 3.53398 -1.436045 3.495451 1.113007 -1.967701 0.995975 3.10348 -0.970833 1.809945 -1.215712 4.144517 -0.479887 3.91783 -2.715697 4.048148 -0.199604 -1.508634 -0.238494 3.499197 0.000193 0.019279 -0.004783 0.18333 0.040116 0.080703 0.054011 0.010307 0.090075 -0.007669 0.079243 -0.000578 -0.012753 0.001065 0.000799 0.064006 -0.031017 -0.004646 -0.040191 -0.001584 -0.054597 -0.028502 -0.046414 -0.027108
0.580425 1.797561 0.82938 4.228945 1.026672 3.544612 -1.4753 3.534327 1.058491 -1.991934 0.949663 3.077862 -0.994875 1.807975 -1.226211 4.169931 -0.507609 3.897716 -2.751233 3.98544 -0.239338 -1.573162 -0.27524 3.448601 0.012756 0.026081 0.010124 0.11328 -0.010926 0.010632 -0.039255 0.038876 -0.054516 -0.024233 -0.046312 -0.025618 -0.024042 -0.00197 -0.010499 0.025414 -0.027722 -0.020114 -0.035536 -0.062708 -0.039734 -0.064527 -0.036747 -0.050595
0.58725 1.796114 0.846295 4.153985 0.99706 3.534027 -1.535433 3.500173 0.981542 -2.05797 0.886625 3.008509 -1.001162 1.810664 -1.236923 4.189042 -0.552011 3.845409 -2.801616 3.889825 -0.29013 -1.657753 -0.322099 3.378258 0.006825 -0.001446 0.016915 -0.07496 -0.029613 -0.010585 -0.060133 -0.034155 -0.076948 -0.066035 -0.063038 -0.069352 -0.006287 0.00269 -0.010712 0.019111 -0.044402 -0.052307 -0.050383 -0.095615 -0.050792 -0.084591 -0.046858 -0.070344
0.56684 1.791626 0.880025 4.106032 0.903551 3.488072 -1.65071 3.427168 0.857436 -2.167219 0.775304 2.912129 -1.002022 1.821512 -1.238058 4.227691 -0.547993 3.829218 -2.796584 3.834417 -0.286981 -1.710097 -0.321251 3.335226 -0.02041 -0.004489 0.03373 -0.047953 -0.093509 -0.045956 -0.115277 -0.073004 -0.124106 -0.109249 -0.111321 -0.09638 -0.00086 0.010847 -0.001135 0.038649 0.004018 -0.016192 0.005032 -0.055408 0.003149 -0.052344 0.000848 -0.043032
0.556801 1.791376 0.906777 4.07639 0.812391 3.485102 -1.783263 3.43662 0.704589 -2.158331 0.642153 2.91703 -0.999814 1.821431 -1.23745 4.226883 -0.538894 3.72384 -2.787354 3.736332 -0.265496 -1.777824 -0.302293 3.27256 -0.010039 -0.00025 0.026751 -0.029643 -0.091159 -0.00297 -0.132553 0.009452 -0.152847 0.008888 -0.13315 0.004901 0.002208 -8e-05 0.000608 -0.000808 0.0091 -0.105378 0.00923 -0.098085 0.021486 -0.067727 0.018958 -0.062666
0.552135 1.769214 0.907598 4.023252 0.706475 3.484358 -1.913202 3.452586 0.57667 -2.134485 0.518892 2.930078 -1.004525 1.815415 -1.236391 4.222223 -0.511154 3.691761 -2.751753 3.693558 -0.230738 -1.831855 -0.271976 3.22479 -0.004666 -0.022162 0.000821 -0.053138 -0.105917 -0.000744 -0.129939 0.015966 -0.127919 0.023846 -0.123262 0.013048 -0.004711 -0.006016 0.001059 -0.00466 0.027739 -0.032079 0.035601 -0.042773 0.034758 -0.054031 0.030317 -0.04777
0.551923 1.765237 0.958896 3.957854 0.611425 3.480532 -2.039201 3.47165 0.426804 -2.085008 0.390652 2.969791 -0.998324 1.815866 -1.221605 4.220325 -0.381207 3.619863 -2.584948 3.606802 -0.097575 -1.895673 -0.159632 3.174312 -0.000212 -0.003977 0.051298 -0.065398 -0.09505 -0.003827 -0.125999 0.019064 -0.149866 0.049477 -0.12824 0.039713 0.006201 0.000451 0.014786 -0.001898 0.129948 -0.071898 0.166805 -0.086756 0.133163 -0.063819 0.112344 -0.050479
0.549236 1.763428 0.944215 3.961535 0.602239 3.485223 -2.025898 3.508402 0.438193 -2.020635 0.393609 3.026078 -0.991908 1.82066 -1.163546 4.232579 -0.322166 3.606374 -2.522179 3.585805 -0.047972 -1.923078 -0.110738 3.150294 -0.002688 -0.001809 -0.014681 0.003681 -0.009186 0.004691 0.013303 0.036752 0.011389 0.064373 0.002957 0.056287 0.006416 0.004794 0.058059 0.012254 0.059041 -0.013489 0.062768 -0.020997 0.049603 -0.027404 0.048894 -0.024017
0.546703 1.756265 0.934862 3.977744 0.621071 3.483337 -1.994322 3.503869 0.491274 -2.032131 0.437922 3.018038 -0.992438 1.819507 -1.160974 4.230094 -0.364178 3.548149 -2.580361 3.497815 -0.105331 -2.002139 -0.156475 3.078314 -0.002533 -0.007163 -0.009353 0.016209 0.018831 -0.001886 0.031577 -0.004532 0.053081 -0.011496 0.044314 -0.008039 -0.00053 -0.001153 0.002572 -0.002485 -0.042013 -0.058225 -0.058181 -0.08799 -0.05736 -0.079061 -0.045737 -0.071981
0.54812 1.740912 0.94397 3.965848 0.683818 3.457426 -1.920021 3.503436 0.568513 -2.067324 0.513103 2.989922 -0.987377 1.814187 -1.167062 4.197377 -0.309305 3.49669 -2.517394 3.441325 -0.034324 -2.033004 -0.093681 3.053296 0.001417 -0.015354 0.009108 -0.011896 0.062748 -0.025911 0.0743 -0.000433 0.077239 -0.035192 0.075181 -0.028116 0.00506 -0.00532 -0.006089 -0.032717 0.054874 -0.051458 0.062967 -0.05649 0.071007 -0.030866 0.062794 -0.025018
0.570777 1.735219 0.959282 3.970122 1.009716 3.490256 -1.50375 3.521846 0.991722 -2.031827 0.891991 3.029062 -0.988738 1.807183 -1.181321 4.208174 -0.328231 3.448974 -2.532017 3.348209 -0.072921 -2.170846 -0.103857 2.932419 0.022656 -0.005692 0.015312 0.004274 0.325897 0.03283 0.416272 0.01841 0.423209 0.035496 0.378888 0.039139 -0.001361 -0.007004 -0.014259 0.010797 -0.018926 -0.047716 -0.014623 -0.093116 -0.038596 -0.137842 -0.010176 -0.120876
0.59613 1.752229 1.058879 3.941482 1.370452 3.334041 -1.071354 3.254564 1.398744 -2.241531 1.277946 2.860222 -0.988519 1.819362 -1.240391 4.233523 -0.552068 3.36337 -2.80468 3.228166 -0.322137 -2.279571 -0.341633 2.843657 0.025353 0.017009 0.099596 -0.028641 0.360737 -0.156215 0.432395 -0.267282 0.407022 -0.209704 0.385955 -0.16884 0.00022 0.012179 -0.059069 0.025349 -0.223837 -0.085604 -0.272663 -0.120043 -0.249217 -0.108725 -0.237776 -0.088763
0.643677 1.773342 1.194874 3.837956 1.657675 3.056421 -0.693879 2.854545 1.774758 -2.568985 1.634913 2.571839 -0.958472 1.811133 -1.313321 4.128957 -0.751896 3.356622 -3.048895 3.233531 -0.540863 -2.246101 -0.553964 2.875673 0.047548 0.021113 0.135996 -0.103526 0.287222 -0.277621 0.377476 -0.400019 0.376014 -0.327454 0.356967 -0.288383 0.030047 -0.008229 -0.07293 -0.104566 -0.199828 -0.006747 -0.244215 0.005366 -0.218726 0.03347 -0.212331 0.032016
0.667548 1.793611 1.220044 3.690286 1.841988 3.081877 -0.452599 2.934833 2.028043 -2.457763 1.877824 2.660181 -0.939723 1.811953 -1.282746 4.022127 -0.991501 3.287114 -3.373768 3.158439 -0.864324 -2.313564 -0.837282 2.797865 0.02387 0.020269 0.02517 -0.14767 0.184314 0.025457 0.24128 0.080288 0.253285 0.111222 0.242912 0.088342 0.01875 0.00082 0.030576 -0.10683 -0.239606 -0.069509 -0.324873 -0.075092 -0.323461 -0.067464 -0.283318 -0.077808
0.669646 1.806529 1.257518 3.64535 2.011408 3.122004 -0.218066 2.982456 2.264934 -2.37231 2.086069 2.735764 -0.946784 1.797878 -1.301318 4.064684 -1.394067 3.216527 -3.921462 3.002853 -1.418747 -2.453538 -1.334959 2.679449 0.002098 0.012917 0.037473 -0.044937 0.16942 0.040127 0.234534 0.047624 0.236891 0.085453 0.208245 0.075583 -0.007061 -0.014075 -0.018573 0.042557 -0.402565 -0.070587 -0.547694 -0.155586 -0.554423 -0.139974 -0.497677 -0.118416
0.645175 1.810375 1.240234 3.621231 2.08451 3.255842 -0.052137 3.11191 2.442165 -2.161112 2.236066 2.956613 -0.943378 1.822342 -1.246382 4.07759 -1.702214 3.265258 -4.351612 3.018879 -1.906916 -2.411868 -1.779803 2.742998 -0.024471 0.003847 -0.017284 -0.024118 0.073102 0.133838 0.165929 0.129454 0.177231 0.211198 0.149997 0.22085 0.003406 0.024464 0.054936 0.012906 -0.308147 0.048731 -0.43015 0.016026 -0.48817 0.04167 -0.444844 0.063549
0.650698 1.823885 1.230678 3.61108 2.132011 3.291383 -0.035516 3.142611 2.469442 -2.102902 2.271595 3.019208 -0.923394 1.819121 -1.254205 4.015651 -1.773153 3.330575 -4.441899 3.115239 -1.995351 -2.301055 -1.86382 2.84843 0.005524 0.01351 -0.009556 -0.010151 0.047501 0.035541 0.016621 0.030702 0.027277 0.05821 0.035529 0.062594 0.019984 -0.003221 -0.007823 -0.061939 -0.070939 0.065318 -0.090286 0.09636 -0.088434 0.110813 -0.084017 0.105432
0.638327 1.81576 1.234818 3.624585 2.145995 3.305898 -0.018962 3.176615 2.482496 -2.081927 2.281747 3.037618 -0.950274 1.798306 -1.234897 4.088076 -1.752398 3.413345 -4.417804 3.202717 -1.986559 -2.22973 -1.853523 2.91999 -0.012372 -0.008125 0.00414 0.013505 0.013983 0.014515 0.016555 0.034004 0.013053 0.020975 0.010152 0.018411 -0.02688 -0.020815 0.019308 0.072425 0.020756 0.08277 0.024095 0.087478 0.008791 0.071325 0.010297 0.071561
0.642889 1.819691 1.237156 3.620403 2.170199 3.314738 0.007904 3.179757 2.512935 -2.076958 2.313963 3.046007 -0.935449 1.828192 -1.22201 4.14308 -1.721899 3.526617 -4.377487 3.343297 -1.935386 -2.100542 -1.808001 3.038849 0.004563 0.003931 0.002338 -0.004182 0.024205 0.00884 0.026866 0.003142 0.030439 0.004969 0.032216 0.008388 0.014825 0.029885 0.012887 0.055003 0.030499 0.113272 0.040317 0.140581 0.051173 0.129187 0.045522 0.118858
0.653836 1.822613 1.238718 3.647703 2.159696 3.294628 -0.000147 3.150319 2.500454 -2.111393 2.300988 3.013712 -0.932468 1.82667 -1.234626 4.160133 -1.767755 3.483578 -4.433744 3.28073 -1.996109 -2.159082 -1.867216 2.985431 0.010946 0.002922 0.001562 0.0273 -0.010504 -0.02011 -0.008051 -0.029438 -0.012481 -0.034435 -0.012975 -0.032295 0.002981 -0.001522 -0.012616 0.017053 -0.045855 -0.043039 -0.056257 -0.062567 -0.060723 -0.05854 -0.059215 -0.053418
0.655443 1.822278 1.225295 3.686583 2.154296 3.296734 -0.006066 3.144617 2.499194 -2.12549 2.295943 2.998159 -0.939652 1.828674 -1.249672 4.174882 -1.767507 3.452197 -4.428191 3.244422 -1.982029 -2.189412 -1.854526 2.955102 0.001608 -0.000335 -0.013423 0.03888 -0.0054 0.002105 -0.005918 -0.005702 -0.001259 -0.014097 -0.005045 -0.015553 -0.007185 0.002003 -0.015046 0.014749 0.000248 -0.031381 0.005553 -0.036308 0.01408 -0.03033 0.01269 -0.030329
0.652447 1.827518 1.212215 3.704715 2.149228 3.34679 -0.011001 3.202276 2.492574 -2.072883 2.289306 3.044231 -0.937158 1.825795 -1.247321 4.157659 -1.764705 3.422257 -4.423794 3.206838 -1.978952 -2.226487 -1.85157 2.922385 -0.002996 0.00524 -0.01308 0.018132 -0.005068 0.050057 -0.004936 0.057659 -0.00662 0.052606 -0.006636 0.046072 0.002495 -0.002878 0.002351 -0.017223 0.002802 -0.02994 0.004396 -0.037584 0.003077 -0.037075 0.002955 -0.032716
0.643183 1.83173 1.163841 3.739463 2.076785 3.5304 -0.093639 3.432211 2.428484 -1.838892 2.228384 3.259478 -0.931122 1.824757 -1.187993 4.155406 -1.632895 3.49159 -4.252701 3.311086 -1.814935 -2.133633 -1.698178 3.000177 -0.009264 0.004211 -0.048375 0.034748 -0.072442 0.18361 -0.082637 0.229935 -0.06409 0.233991 -0.060923 0.215247 0.006036 -0.001038 0.059328 -0.002253 0.13181 0.069333 0.171094 0.104247 0.164017 0.092854 0.153393 0.077791
0.651125 1.823021 1.131641 3.751786 2.031228 3.685755 -0.113238 3.65478 2.370818 -1.639228 2.173065 3.435888 -0.944208 1.832576 -1.164975 4.233298 -1.540355 3.626393 -4.12196 3.466525 -1.711702 -2.014199 -1.596895 3.101862 0.007942 -0.008709 -0.0322 0.012323 -0.045557 0.155355 -0.019599 0.222569 -0.057666 0.199664 -0.055318 0.176411 -0.013086 0.007819 0.023018 0.077891 0.09254 0.134802 0.130741 0.155439 0.103233 0.119435 0.101283 0.101686
0.646854 1.840989 1.055898 3.747331 1.919446 3.831617 -0.222547 3.855914 2.25455 -1.429155 2.061278 3.628145 -0.944952 1.86726 -1.085318 4.29015 -1.404377 3.8654 -3.974906 3.761057 -1.570006 -1.692319 -1.459731 3.395425 -0.004271 0.017968 -0.075743 -0.004455 -0.111782 0.145862 -0.10931 0.201133 -0.116268 0.210073 -0.111787 0.192257 -0.000744 0.034683 0.079657 0.056852 0.135978 0.239007 0.147054 0.294533 0.141696 0.32188 0.137164 0.293562
0.646189 1.826539 0.997709 3.705831 1.78335 4.001654 -0.426793 4.106452 2.114196 -1.177004 1.925252 3.863891 -0.962463 1.853808 -1.161022 4.219254 -1.350702 4.066983 -3.863597 4.072416 -1.430225 -1.385505 -1.337522 3.663198 -0.000666 -0.01445 -0.05819 -0.0415 -0.136096 0.170037 -0.204246 0.250538 -0.140354 0.252151 -0.136026 0.235747 -0.017511 -0.013452 -0.075704 -0.070896 0.053675 0.201583 0.111309 0.311359 0.139781 0.306814 0.122208 0.267774
0.620382 1.797808 0.977187 3.635277 1.712358 4.210217 -0.529521 4.440708 2.014025 -0.81482 1.825638 4.183891 -0.978938 1.839712 -1.188602 4.199741 -1.306727 4.155216 -3.799546 4.203527 -1.34992 -1.25339 -1.265502 3.78396 -0.025807 -0.02873 -0.020522 -0.070555 -0.070993 0.208563 -0.102727 0.334256 -0.100171 0.362184 -0.099614 0.319999 -0.016475 -0.014095 -0.027579 -0.019513 0.043975 0.088233 0.064052 0.131111 0.080306 0.132115 0.072021 0.120762
0.614585 1.758419 0.957909 3.583803 1.596821 4.475154 -0.660251 4.826328 1.86958 -0.376822 1.690531 4.585222 -0.977134 1.814604 -1.164309 4.153307 -1.206251 4.254797 -3.677202 4.393318 -1.199636 -1.064348 -1.126478 3.948064 -0.005797 -0.039389 -0.019278 -0.051474 -0.115537 0.264937 -0.13073 0.385619 -0.144444 0.437998 -0.135108 0.401331 0.001804 -0.025108 0.024292 -0.046434 0.100476 0.09958 0.122344 0.189791 0.150284 0.189042 0.139024 0.164104
0.610166 1.803338 0.94406 3.629261 1.548154 4.687301 -0.719559 5.047493 1.799291 -0.117758 1.630484 4.835511 -0.92939 1.766717 -1.097268 3.886187 -1.079774 4.262419 -3.562562 4.471745 -1.037225 -0.895452 -0.968119 4.104382 -0.004419 0.044919 -0.013849 0.045458 -0.048667 0.212147 -0.059308 0.221165 -0.07029 0.259064 -0.060046 0.250289 0.047744 -0.047887 0.067042 -0.26712 0.126477 0.007622 0.11464 0.078427 0.16241 0.168896 0.158358 0.156317
0.629164 1.797513 0.944706 3.654333 1.499406 4.929932 -0.77299 5.368798 1.735686 0.242157 1.570171 5.162879 -0.938715 1.742345 -1.120357 3.848163 -1.054495 4.3542 -3.513489 4.621833 -0.970914 -0.75896 -0.903986 4.218869 0.018998 -0.005824 0.000646 0.025072 -0.048747 0.242631 -0.05343 0.321305 -0.063604 0.359914 -0.060313 0.327368 -0.009325 -0.024373 -0.02309 -0.038024 0.02528 0.091782 0.049073 0.150088 0.066311 0.136492 0.064133 0.114487
0.632308 1.804797 0.980553 3.768538 1.522574 5.326651 -0.749352 5.829822 1.740232 0.758385 1.573005 5.663195 -0.947947 1.766585 -1.155567 3.891942 -0.994253 4.512849 -3.435393 4.826624 -0.856394 -0.542193 -0.804469 4.424369 0.003144 0.007284 0.035847 0.114205 0.023168 0.39672 0.023637 0.461024 0.004546 0.516229 0.002834 0.500316 -0.009232 0.024241 -0.03521 0.043779 0.060242 0.158648 0.078096 0.204791 0.11452 0.216768 0.099517 0.2055
0.616368 1.789174 0.953679 3.758991 1.484653 5.400164 -0.774947 5.92297 1.705938 0.890484 1.540569 5.778355 -0.901001 1.695269 -1.129227 3.8914 -0.968672 4.47775 -3.443298 4.868343 -0.825713 -0.422342 -0.770845 4.518616 -0.01594 -0.015624 -0.026874 -0.009547 -0.037921 0.073513 -0.025595 0.093148 -0.034294 0.132098 -0.032436 0.11516 0.046946 -0.071316 0.02634 -0.000542 0.025581 -0.035099 -0.007904 0.041719 0.030682 0.119851 0.033624 0.094247
0.635496 1.818917 0.941431 3.808696 1.450859 5.411258 -0.81374 5.898032 1.676958 0.857922 1.513137 5.746117 -0.902303 1.697476 -1.115196 3.70497 -0.921222 4.5448 -3.376418 4.950545 -0.767488 -0.349358 -0.717228 4.570108 0.019128 0.029744 -0.012248 0.049706 -0.033794 0.011094 -0.038792 -0.024939 -0.02898 -0.032561 -0.027432 -0.032238 -0.001302 0.002206 0.014031 -0.18643 0.04745 0.06705 0.06688 0.082202 0.058224 0.072984 0.053617 0.051492
0.647023 1.838407 0.936962 3.873117 1.4019 5.507583 -0.874811 6.001231 1.609794 0.968413 1.449887 5.850247 -0.881617 1.70014 -1.097958 3.628342 -0.905261 4.618405 -3.363088 5.056356 -0.747816 -0.241961 -0.695543 4.656114 0.011527 0.01949 -0.004469 0.064421 -0.048959 0.096325 -0.061072 0.103199 -0.067164 0.110491 -0.063249 0.104131 0.020686 0.002664 0.017238 -0.076628 0.015961 0.073605 0.01333 0.105811 0.019673 0.107397 0.021685 0.086007
0.66791 1.87683 0.939051 3.968464 1.383126 5.601137 -0.896493 6.077449 1.586872 1.043178 1.428415 5.923581 -0.883708 1.700598 -1.099911 3.644525 -0.878071 4.685677 -3.329555 5.128779 -0.709449 -0.165665 -0.665606 4.730161 0.020887 0.038423 0.002089 0.095347 -0.018774 0.093554 -0.021682 0.076218 -0.022922 0.074765 -0.021473 0.073334 -0.002091 0.000458 -0.001953 0.016183 0.02719 0.067272 0.033533 0.072423 0.038367 0.076296 0.029936 0.074047
0.672222 1.869102 0.942177 3.971275 1.363874 5.654099 -0.927035 6.16468 1.540883 1.142338 1.385969 6.012581 -0.886619 1.703998 -1.105179 3.6671 -0.880153 4.741532 -3.330605 5.202479 -0.705951 -0.103692 -0.660897 4.788819 0.004311 -0.007728 0.003126 0.002811 -0.019252 0.052962 -0.030543 0.087231 -0.045989 0.09916 -0.042446 0.089 -0.002911 0.0034 -0.005268 0.022574 -0.002081 0.055856 -0.00105 0.0737 0.003498 0.061973 0.004709 0.058658
0.659833 1.866894 0.925284 3.943912 1.329407 5.62664 -0.959218 6.153256 1.500064 1.107841 1.346548 5.974805 -0.881927 1.691223 -1.089436 3.678398 -0.908586 4.711259 -3.374385 5.155233 -0.752874 -0.147071 -0.702595 4.76262 -0.012389 -0.002207 -0.016893 -0.027363 -0.034467 -0.027459 -0.032183 -0.011423 -0.040818 -0.034497 -0.039421 -0.037776 0.004692 -0.012776 0.015744 0.011299 -0.028433 -0.030273 -0.043781 -0.047247 -0.046924 -0.043378 -0.041697 -0.026199
0.677879 1.884691 0.934481 4.008256 1.325081 5.71609 -0.967201 6.259219 1.491142 1.201569 1.338917 6.066288 -0.88839 1.709773 -1.097638 3.729348 -0.893114 4.785999 -3.357683 5.250667 -0.725072 -0.04874 -0.672982 4.860793 0.018046 0.017797 0.009197 0.064344 -0.004326 0.08945 -0.007982 0.105963 -0.008922 0.093728 -0.007631 0.091483 -0.006463 0.018551 -0.008202 0.05095 0.015472 0.07474 0.016702 0.095435 0.027802 0.098331 0.029613 0.098172
0.677924 1.878985 0.944992 4.027427 1.342219 5.831678 -0.942098 6.366021 1.531032 1.360346 1.374121 6.22191 -0.880512 1.708979 -1.100334 3.718847 -0.894835 4.751795 -3.36013 5.209737 -0.724621 -0.063819 -0.673434 4.836898 4.6e-05 -0.005706 0.010511 0.019171 0.017139 0.115588 0.025102 0.106802 0.03989 0.158778 0.035204 0.155622 0.007877 -0.000794 -0.002696 -0.010501 -0.001721 -0.034204 -0.002446 -0.040931 0.000451 -0.015079 -0.000452 -0.023894
0.671781 1.880362 0.957946 4.049058 1.384223 5.901908 -0.896362 6.477457 1.577696 1.474372 1.417891 6.326887 -0.875178 1.691141 -1.099722 3.709348 -0.891917 4.752054 -3.359471 5.212234 -0.720516 -0.066083 -0.668862 4.834919 -0.006143 0.001377 0.012954 0.021631 0.042004 0.07023 0.045736 0.111436 0.046664 0.114025 0.04377 0.104977 0.005335 -0.017838 0.000612 -0.009499 0.002918 0.000259 0.000658 0.002497 0.004105 -0.002264 0.004572 -0.001979
0.675122 1.882092 0.92071 4.031123 1.342825 5.76695 -0.939812 6.284945 1.537271 1.255358 1.379938 6.121779 -0.88304 1.722401 -1.115833 3.763121 -0.887893 4.77577 -3.336387 5.227039 -0.710806 -0.07879 -0.665937 4.818398 0.003341 0.001731 -0.037236 -0.017935 -0.041398 -0.134959 -0.04345 -0.192512 -0.040424 -0.219014 -0.037953 -0.205109 -0.007862 0.03126 -0.016111 0.053773 0.004023 0.023717 0.023085 0.014805 0.00971 -0.012707 0.002925 -0.016521
0.674172 1.89509 0.902669 4.038582 1.319414 5.771784 -0.958905 6.285126 1.511014 1.267717 1.354233 6.129723 -0.889934 1.726257 -1.107374 3.718444 -0.879981 4.769908 -3.338314 5.208015 -0.71004 -0.081101 -0.6642 4.809696 -0.000951 0.012998 -0.018042 0.007459 -0.023411 0.004835 -0.019093 0.000181 -0.026258 0.012359 -0.025705 0.007944 -0.006894 0.003856 0.008459 -0.044677 0.007912 -0.005863 -0.001927 -0.019025 0.000766 -0.00231 0.001736 -0.008703
0.660803 1.895092 0.910735 4.050345 1.330241 5.839141 -0.934869 6.351296 1.537006 1.353204 1.377641 6.221979 -0.886227 1.718935 -1.105717 3.712577 -0.879772 4.764034 -3.338373 5.195128 -0.708074 -0.088639 -0.663312 4.808989 -0.013369 2e-06 0.008067 0.011764 0.010827 0.067357 0.024037 0.06617 0.025992 0.085487 0.023408 0.092256 0.003707 -0.007322 0.001657 -0.005867 0.000209 -0.005874 -5.9e-05 -0.012887 0.001966 -0.007539 0.000888 -0.000706
0.657213 1.887478 0.902524 4.028832 1.310934 5.782481 -0.965924 6.303686 1.499462 1.285394 1.344341 6.152478 -0.877737 1.713999 -1.108979 3.708724 -0.87048 4.76382 -3.32378 5.203944 -0.694501 -0.0868 -0.652136 4.811443 -0.00359 -0.007614 -0.008211 -0.021513 -0.019307 -0.05666 -0.031055 -0.04761 -0.037544 -0.06781 -0.033301 -0.0695 0.00849 -0.004936 -0.003262 -0.003853 0.009292 -0.000214 0.014594 0.008816 0.013573 0.001839 0.011176 0.002453
0.659289 1.881752 0.882177 4.006469 1.279225 5.696 -1.010577 6.214107 1.459991 1.180201 1.307901 6.051732 -0.872157 1.712867 -1.116792 3.707743 -0.870998 4.764746 -3.323329 5.209615 -0.693998 -0.080959 -0.650856 4.819326 0.002075 -0.005726 -0.020347 -0.022364 -0.031708 -0.08648 -0.044653 -0.089579 -0.039471 -0.105193 -0.03644 -0.100747 0.00558 -0.001132 -0.007813 -0.000981 -0.000519 0.000927 0.00045 0.005671 0.000504 0.005841 0.001279 0.007883
0.670047 1.875954 0.895237 4.001064 1.289805 5.704252 -0.998433 6.217719 1.469493 1.185856 1.31542 6.057643 -0.867748 1.709283 -1.103292 3.68108 -0.873622 4.763293 -3.333673 5.214344 -0.702238 -0.076785 -0.654941 4.818068 0.010758 -0.005798 0.01306 -0.005404 0.01058 0.008251 0.012144 0.003612 0.009502 0.005655 0.007519 0.005912 0.004409 -0.003584 0.0135 -0.026663 -0.002623 -0.001453 -0.010343 0.004729 -0.00824 0.004174 -0.004085 -0.001258
0.671298 1.881707 0.909981 4.006543 1.321875 5.735664 -0.95614 6.252881 1.502798 1.233653 1.346474 6.106123 -0.862912 1.700165 -1.107156 3.664131 -0.875427 4.770586 -3.335896 5.228683 -0.702307 -0.059414 -0.654525 4.837738 0.001251 0.005753 0.014744 0.005479 0.03207 0.031413 0.042293 0.035162 0.033305 0.047797 0.031054 0.04848 0.004836 -0.009118 -0.003864 -0.016949 -0.001805 0.007293 -0.002223 0.014338 -6.9e-05 0.017371 0.000417 0.01967
0.672034 1.886645 0.908878 4.010285 1.298883 5.7432 -0.986294 6.264557 1.47769 1.248421 1.327054 6.113628 -0.858561 1.700231 -1.096365 3.666476 -0.882719 4.784588 -3.352492 5.236274 -0.717584 -0.042452 -0.673214 4.858261 0.000736 0.004938 -0.001103 0.003742 -0.022992 0.007535 -0.030153 0.011676 -0.025108 0.014768 -0.01942 0.007504 0.004351 6.7e-05 0.010791 0.002345 -0.007291 0.014002 -0.016596 0.007591 -0.015278 0.016962 -0.018689 0.020524
0.681008 1.886331 0.938322 4.024475 1.347119 5.806748 -0.928995 6.341961 1.519503 1.329269 1.364702 6.190411 -0.863477 1.72199 -1.107647 3.700888 -0.877926 4.786117 -3.343451 5.241522 -0.701497 -0.049194 -0.65451 4.842824 0.008975 -0.000314 0.029444 0.014189 0.048236 0.063549 0.057299 0.077404 0.041813 0.080848 0.037648 0.076784 -0.004916 0.021759 -0.011282 0.034412 0.004793 0.001529 0.009041 0.005248 0.016087 -0.006742 0.018704 -0.015438
0.667456 1.876445 0.931789 4.029248 1.335303 5.81884 -0.948922 6.358038 1.499408 1.346037 1.343434 6.205724 -0.863061 1.706112 -1.112992 3.701343 -0.871381 4.766222 -3.329831 5.216498 -0.689191 -0.07976 -0.643637 4.818311 -0.013553 -0.009886 -0.006533 0.004773 -0.011816 0.012092 -0.019927 0.016077 -0.020095 0.016768 -0.021268 0.015312 0.000415 -0.015878 -0.005345 0.000455 0.006544 -0.019895 0.01362 -0.025023 0.012306 -0.030566 0.010873 -0.024513
0.667954 1.894393 0.931093 4.065371 1.369508 5.901826 -0.895697 6.42862 1.549764 1.434349 1.392774 6.299885 -0.86482 1.699081 -1.132256 3.688343 -0.88493 4.8027 -3.345503 5.25873 -0.697418 -0.020843 -0.652727 4.874826 0.000498 0.017948 -0.000696 0.036123 0.034205 0.082986 0.053225 0.070582 0.050356 0.088311 0.04934 0.094161 -0.001759 -0.007031 -0.019264 -0.013 -0.013548 0.036479 -0.015672 0.042232 -0.008227 0.058917 -0.00909 0.056515
0.667991 1.871423 0.90746 4.017454 1.314615 5.807245 -0.961219 6.339874 1.489172 1.334396 1.333191 6.193667 -0.870888 1.705069 -1.125727 3.704966 -0.884643 4.830406 -3.350263 5.292741 -0.707274 0.007641 -0.659974 4.894479 3.7e-05 -0.02297 -0.023633 -0.047917 -0.054893 -0.094581 -0.065522 -0.088747 -0.060592 -0.099953 -0.059583 -0.106218 -0.006068 0.005988 0.006528 0.016623 0.000287 0.027705 -0.00476 0.03401 -0.009856 0.028484 -0.007247 0.019653
0.665691 1.881921 0.911286 4.028688 1.329708 5.80527 -0.943518 6.33804 1.50863 1.324152 1.351329 6.185003 -0.873192 1.710611 -1.110328 3.721937 -0.88016 4.824739 -3.34824 5.282493 -0.707554 -0.005064 -0.659751 4.887768 -0.0023 0.010498 0.003827 0.011233 0.015094 -0.001976 0.017701 -0.001833 0.019458 -0.010244 0.018139 -0.008664 -0.002304 0.005542 0.015399 0.016971 0.004483 -0.005667 0.002023 -0.010247 -0.00028 -0.012704 0.000223 -0.006711
0.662307 1.87962 0.910869 4.027851 1.328672 5.786939 -0.94504 6.316124 1.507357 1.30148 1.351469 6.162867 -0.872696 1.709434 -1.110167 3.713097 -0.883056 4.814742 -3.353177 5.270743 -0.710679 -0.007701 -0.661201 4.884965 -0.003384 -0.002301 -0.000417 -0.000837 -0.001037 -0.01833 -0.001522 -0.021916 -0.001273 -0.022671 0.00014 -0.022136 0.000497 -0.001177 0.000161 -0.00884 -0.002896 -0.009996 -0.004937 -0.01175 -0.003125 -0.002637 -0.001451 -0.002803
0.65705 1.874996 0.912037 4.008489 1.348013 5.763773 -0.928097 6.303647 1.533772 1.298694 1.372906 6.162198 -0.867289 1.726152 -1.141204 3.728956 -0.882406 4.813071 -3.336879 5.277676 -0.693697 -0.020638 -0.647823 4.878651 -0.005258 -0.004624 0.001168 -0.019362 0.019341 -0.023166 0.016943 -0.012477 0.026416 -0.002786 0.021437 -0.000669 0.005406 0.016719 -0.031037 0.015859 0.00065 -0.001671 0.016298 0.006933 0.016982 -0.012937 0.013379 -0.006314
0.659149 1.870037 0.925917 4.005067 1.350749 5.783207 -0.927019 6.342341 1.5273 1.337538 1.366309 6.197157 -0.868405 1.719786 -1.133752 3.719922 -0.886627 4.809471 -3.339587 5.279171 -0.698549 -0.018661 -0.653379 4.881617 0.002099 -0.00496 0.01388 -0.003422 0.002736 0.019433 0.001078 0.038694 -0.006472 0.038843 -0.006597 0.034959 -0.001116 -0.006366 0.007452 -0.009034 -0.004221 -0.0036 -0.002709 0.001495 -0.004851 0.001976 -0.005557 0.002967
]