08-08-20_Ishan_4k.snake_in_flowers.0000000003 [ 5.650813 7.51888 2.043325 1.149371 5.650813 7.51888 2.043325 1.149371 5.357385 7.985412 -0.628211 5.504628 8.023083 -0.820077 5.660611 8.280712 -0.976516 5.840572 8.274685 -0.996159 6.056054 8.014749 -0.926007 5.357385 7.985412 -0.628211 5.504628 8.023083 -0.820077 5.660611 8.280712 -0.976516 5.840572 8.274685 -0.996159 6.056054 8.014749 -0.926007 0.0 0.0 0.0 0.0 0.0 0.0 0.0 0.0 0.0 0.0 0.0 0.0
5.643383 7.545431 2.000167 1.125094 5.650813 7.51888 2.043325 1.149371 5.343986 7.977195 -0.664729 5.510353 8.091032 -0.835031 5.679879 8.301147 -0.974431 5.857331 8.280849 -0.981985 6.065142 7.985365 -0.913315 5.357385 7.985412 -0.628211 5.504628 8.023083 -0.820077 5.660611 8.280712 -0.976516 5.840572 8.274685 -0.996159 6.056054 8.014749 -0.926007 0.00743 -0.02655 -0.00743 0.02655 -0.043158 -0.024276 0.0 0.0 0.0 0.0 0.00743 -0.02655
5.650813 7.51888 2.043325 1.149371 5.662642 7.569753 2.030286 1.142036 5.343986 7.977195 -0.664729 5.510353 8.091032 -0.835031 5.679879 8.301147 -0.974431 5.857331 8.280849 -0.981985 6.065142 7.985365 -0.913315 5.381878 7.991665 -0.678223 5.530956 8.040083 -0.848999 5.688533 8.275779 -1.01838 5.856655 8.283679 -1.056718 6.046093 8.034606 -0.973072 0.011829 0.050873 0.00743 -0.02655 0.043158 0.024276 0.011829 0.050873 -0.01304 -0.007335 0.004398 0.077423
5.650813 7.51888 2.043325 1.149371 5.667654 7.590277 2.050491 1.153401 5.343986 7.977195 -0.664729 5.510353 8.091032 -0.835031 5.679879 8.301147 -0.974431 5.857331 8.280849 -0.981985 6.065142 7.985365 -0.913315 5.387298 8.011249 -0.707852 5.506983 8.019225 -0.91799 5.670646 8.241704 -1.065826 5.847763 8.275487 -1.099617 6.053284 8.038617 -0.993316 0.016841 0.071397 0.0 0.0 0.0 0.0 0.005012 0.020524 0.020206 0.011366 0.005012 0.020524
5.648852 7.541659 2.035402 1.144914 5.667654 7.590277 2.050491 1.153401 5.343986 7.977195 -0.664729 5.510353 8.091032 -0.835031 5.679879 8.301147 -0.974431 5.857331 8.280849 -0.981985 6.065142 7.985365 -0.913315 5.349466 7.945879 -0.617739 5.498666 8.02323 -0.740029 5.653117 8.254468 -0.939187 5.849015 8.264652 -0.965741 6.055155 7.99016 -0.87909 0.018802 0.048618 -0.001961 0.022779 -0.007924 -0.004457 0.0 0.0 0.0 0.0 0.001961 -0.022779
5.65151 7.549879 2.007507 1.129223 5.667654 7.590277 2.050491 1.153401 5.343986 7.977195 -0.664729 5.510353 8.091032 -0.835031 5.679879 8.301147 -0.974431 5.857331 8.280849 -0.981985 6.065142 7.985365 -0.913315 5.355119 7.964423 -0.605138 5.516884 7.987502 -0.671648 5.66633 8.245341 -0.927694 5.84579 8.271253 -0.993859 6.044824 7.998176 -0.885651 0.016143 0.040398 0.002658 0.008219 -0.027895 -0.015691 0.0 0.0 0.0 0.0 -0.002658 -0.008219
5.646716 7.561536 2.029379 1.141526 5.667654 7.590277 2.050491 1.153401 5.343986 7.977195 -0.664729 5.510353 8.091032 -0.835031 5.679879 8.301147 -0.974431 5.857331 8.280849 -0.981985 6.065142 7.985365 -0.913315 5.356545 7.971394 -0.664334 5.524492 8.043455 -0.731569 5.670964 8.256114 -0.935014 5.842767 8.254519 -0.9594 6.053436 7.990304 -0.867431 0.020938 0.028741 -0.004795 0.011657 0.021872 0.012303 0.0 0.0 0.0 0.0 0.004795 -0.011657
5.645473 7.542933 2.03001 1.141881 5.667654 7.590277 2.050491 1.153401 5.343986 7.977195 -0.664729 5.510353 8.091032 -0.835031 5.679879 8.301147 -0.974431 5.857331 8.280849 -0.981985 6.065142 7.985365 -0.913315 5.347487 7.967744 -0.656177 5.518195 8.017278 -0.751311 5.671623 8.260537 -0.95482 5.846873 8.257713 -0.97991 6.061971 7.974456 -0.880943 0.022181 0.047345 -0.001243 -0.018603 0.000631 0.000355 0.0 0.0 0.0 0.0 0.001243 0.018603
5.658797 7.540081 2.058817 1.158085 5.667654 7.590277 2.050491 1.153401 5.343986 7.977195 -0.664729 5.510353 8.091032 -0.835031 5.679879 8.301147 -0.974431 5.857331 8.280849 -0.981985 6.065142 7.985365 -0.913315 5.358683 7.970876 -0.60364 5.480682 7.995147 -0.756317 5.656384 8.251102 -0.967662 5.853569 8.284733 -1.03976 6.044051 8.030784 -0.936561 0.008857 0.050196 0.013324 -0.002851 0.028807 0.016204 0.0 0.0 0.0 0.0 -0.013324 0.002851
5.658932 7.531411 2.031716 1.14284 5.667654 7.590277 2.050491 1.153401 5.343986 7.977195 -0.664729 5.510353 8.091032 -0.835031 5.679879 8.301147 -0.974431 5.857331 8.280849 -0.981985 6.065142 7.985365 -0.913315 5.349905 7.943551 -0.679398 5.506444 8.024101 -0.854479 5.672946 8.248913 -1.037233 5.848638 8.275253 -1.067925 6.035262 8.023275 -0.938881 0.008722 0.058866 0.000135 -0.00867 -0.027101 -0.015245 0.0 0.0 0.0 0.0 -0.000135 0.00867
5.667654 7.590277 2.050491 1.153401 5.667735 7.549304 2.018797 1.135573 5.365806 7.97358 -0.692059 5.524502 8.05607 -0.915584 5.696457 8.289074 -1.070145 5.866082 8.281498 -1.081234 6.045279 8.019471 -0.963408 5.349905 7.943551 -0.679398 5.506444 8.024101 -0.854479 5.672946 8.248913 -1.037233 5.848638 8.275253 -1.067925 6.035262 8.023275 -0.938881 8.2e-05 -0.040973 0.008722 0.058866 0.018776 0.010561 8.2e-05 -0.040973 -0.031694 -0.017828 -0.00864 -0.09984
5.653653 7.517931 2.028049 1.140777 5.667654 7.590277 2.050491 1.153401 5.365806 7.97358 -0.692059 5.524502 8.05607 -0.915584 5.696457 8.289074 -1.070145 5.866082 8.281498 -1.081234 6.045279 8.019471 -0.963408 5.355201 7.958781 -0.644055 5.5208 8.037004 -0.856419 5.677937 8.295438 -0.988015 5.85375 8.280325 -0.972 6.040631 8.027617 -0.91978 0.014001 0.072346 -0.014001 -0.072346 -0.022443 -0.012624 -8.2e-05 0.040973 0.031694 0.017828 0.013919 0.11332
5.645493 7.545058 2.051216 1.153809 5.667654 7.590277 2.050491 1.153401 5.365806 7.97358 -0.692059 5.524502 8.05607 -0.915584 5.696457 8.289074 -1.070145 5.866082 8.281498 -1.081234 6.045279 8.019471 -0.963408 5.357583 7.968232 -0.620426 5.495089 8.049757 -0.739441 5.652595 8.263193 -0.919723 5.837266 8.279501 -0.956343 6.037409 8.02875 -0.893667 0.02216 0.04522 -0.008159 0.027127 0.023167 0.013032 0.0 0.0 0.0 0.0 0.008159 -0.027127
5.653078 7.533491 2.046416 1.151109 5.667654 7.590277 2.050491 1.153401 5.365806 7.97358 -0.692059 5.524502 8.05607 -0.915584 5.696457 8.289074 -1.070145 5.866082 8.281498 -1.081234 6.045279 8.019471 -0.963408 5.368747 7.96984 -0.619325 5.477862 7.998011 -0.855744 5.650268 8.270867 -1.003286 5.832897 8.267192 -1.013122 6.046985 8.027395 -0.940054 0.014576 0.056787 0.007585 -0.011567 -0.004799 -0.0027 0.0 0.0 0.0 0.0 -0.007585 0.011567
5.657526 7.525728 2.035644 1.14505 5.667654 7.590277 2.050491 1.153401 5.365806 7.97358 -0.692059 5.524502 8.05607 -0.915584 5.696457 8.289074 -1.070145 5.866082 8.281498 -1.081234 6.045279 8.019471 -0.963408 5.355885 7.970891 -0.60663 5.503941 8.006756 -0.772266 5.663833 8.265798 -0.977737 5.850822 8.274105 -1.001499 6.05302 8.013545 -0.923923 0.010127 0.064549 0.004448 -0.007762 -0.010772 -0.006059 0.0 0.0 0.0 0.0 -0.004448 0.007762
5.652652 7.548867 2.033211 1.143681 5.667654 7.590277 2.050491 1.153401 5.365806 7.97358 -0.692059 5.524502 8.05607 -0.915584 5.696457 8.289074 -1.070145 5.866082 8.281498 -1.081234 6.045279 8.019471 -0.963408 5.364841 7.973981 -0.63662 5.510138 7.991425 -0.730856 5.663468 8.250705 -0.915141 5.854715 8.249187 -0.96191 6.068207 7.967457 -0.890709 0.015002 0.04141 -0.004874 0.023139 -0.002433 -0.001368 0.0 0.0 0.0 0.0 0.004874 -0.023139
5.638928 7.523835 2.035551 1.144997 5.667654 7.590277 2.050491 1.153401 5.365806 7.97358 -0.692059 5.524502 8.05607 -0.915584 5.696457 8.289074 -1.070145 5.866082 8.281498 -1.081234 6.045279 8.019471 -0.963408 5.355555 7.984705 -0.628267 5.495191 8.036851 -0.779918 5.652662 8.268322 -0.93017 5.827243 8.272634 -0.949738 6.028799 8.040329 -0.908506 0.028726 0.066442 -0.013724 -0.025033 0.002339 0.001316 0.0 0.0 0.0 0.0 0.013724 0.025033
5.650527 7.525038 2.034151 1.14421 5.667654 7.590277 2.050491 1.153401 5.365806 7.97358 -0.692059 5.524502 8.05607 -0.915584 5.696457 8.289074 -1.070145 5.866082 8.281498 -1.081234 6.045279 8.019471 -0.963408 5.367268 7.979174 -0.592567 5.470742 7.998758 -0.827569 5.634822 8.266401 -0.965148 5.816103 8.279244 -0.96864 6.031529 8.051498 -0.92115 0.017127 0.065239 0.011599 0.001203 -0.0014 -0.000787 0.0 0.0 0.0 0.0 -0.011599 -0.001203
5.64701 7.55713 2.033426 1.143802 5.667654 7.590277 2.050491 1.153401 5.365806 7.97358 -0.692059 5.524502 8.05607 -0.915584 5.696457 8.289074 -1.070145 5.866082 8.281498 -1.081234 6.045279 8.019471 -0.963408 5.347679 7.965239 -0.651347 5.512385 8.030523 -0.761651 5.67098 8.252235 -0.94386 5.843832 8.263033 -0.979465 6.045447 7.999153 -0.894992 0.020643 0.033147 -0.003517 0.032092 -0.000724 -0.000408 0.0 0.0 0.0 0.0 0.003517 -0.032092
3.073095 7.59846 1.969082 1.107609 5.655794 7.577541 2.033391 1.143782 3.046847 7.700192 -0.758506 3.022171 7.80073 -1.143844 3.03095 7.80283 -0.841658 3.127497 7.636853 -0.435702 3.064912 7.662354 -0.375873 5.369776 7.976878 -0.711722 5.515487 7.990745 -0.830052 5.671352 8.245243 -1.054843 5.844389 8.273456 -1.095333 6.046903 8.013052 -0.959202 2.582699 -0.020918 -2.573915 0.041329 -0.064344 -0.036194 -0.01186 -0.012736 -0.017101 -0.009619 2.562055 -0.054065
3.146418 7.514229 1.789754 1.006737 5.674759 7.497729 2.487491 1.399214 3.139759 7.561843 0.004193 3.139275 7.462343 -0.010878 3.149509 7.350194 -0.270517 3.160762 7.26586 -0.204923 3.165941 7.184967 -0.247782 5.425155 7.925714 -0.471415 5.416664 7.976667 -0.85999 5.663331 8.278836 -0.911231 5.861125 8.252202 -0.825403 6.046291 8.061591 -0.791242 2.528341 -0.0165 0.073323 -0.084231 -0.179328 -0.100872 0.018964 -0.079812 0.454101 0.255432 -0.054358 0.004418
3.207979 7.434709 1.502083 0.844922 5.71247 7.346349 2.217474 1.247329 3.139759 7.561843 0.004193 3.139275 7.462343 -0.010878 3.149509 7.350194 -0.270517 3.160762 7.26586 -0.204923 3.165941 7.184967 -0.247782 5.415338 7.867625 -0.240764 5.413252 8.038626 -0.691269 5.635905 8.336957 -0.758645 5.841938 8.335867 -0.690888 6.011344 8.119649 -0.65701 2.504491 -0.08836 0.061561 -0.07952 -0.287671 -0.161815 0.037711 -0.15138 -0.270017 -0.151885 -0.02385 -0.071861
3.33312 5.97267 1.934969 1.08842 5.650368 7.580568 2.033796 1.14401 3.387949 5.827411 -0.455723 3.286053 5.861694 -0.526141 3.259903 5.966951 -0.602205 3.278283 6.058924 -0.577293 3.277995 6.14594 -0.525476 5.351155 8.00404 -0.678697 5.511113 8.032485 -0.831614 5.656782 8.30222 -1.046674 5.830992 8.311638 -1.077397 6.039115 8.043774 -0.964281 2.317248 1.607898 0.125141 -1.462039 0.432886 0.243498 -0.062101 0.234219 -0.183678 -0.103319 -0.187243 1.696258
3.400208 5.999639 1.470421 0.827112 5.666511 7.502042 2.531664 1.424061 3.387949 5.827411 -0.455723 3.286053 5.861694 -0.526141 3.259903 5.966951 -0.602205 3.278283 6.058924 -0.577293 3.277995 6.14594 -0.525476 5.356637 7.975155 -0.424159 5.416917 8.034359 -0.824415 5.643319 8.370886 -0.96218 5.858895 8.343229 -0.877001 6.037009 8.159803 -0.820504 2.266303 1.502403 0.067088 0.026969 -0.464548 -0.261308 0.016143 -0.078526 0.497869 0.280051 -0.050945 -0.105495
3.400208 5.999639 1.470421 0.827112 5.632406 7.599778 2.086784 1.173816 3.387949 5.827411 -0.455723 3.286053 5.861694 -0.526141 3.259903 5.966951 -0.602205 3.278283 6.058924 -0.577293 3.277995 6.14594 -0.525476 5.327488 8.008958 -0.685633 5.50433 8.105078 -0.901998 5.657813 8.327703 -1.052451 5.819268 8.305413 -1.053884 6.028506 8.039746 -0.946418 2.232199 1.600139 0.0 0.0 0.0 0.0 -0.034105 0.097736 -0.444881 -0.250245 -0.034105 0.097736
3.400208 5.999639 1.470421 0.827112 5.635247 7.636733 2.081356 1.170763 3.387949 5.827411 -0.455723 3.286053 5.861694 -0.526141 3.259903 5.966951 -0.602205 3.278283 6.058924 -0.577293 3.277995 6.14594 -0.525476 5.323428 7.995749 -0.733156 5.492877 8.174379 -0.990404 5.654756 8.368353 -1.175479 5.836381 8.3328 -1.133319 6.03753 8.045306 -1.050428 2.235039 1.637094 0.0 0.0 0.0 0.0 0.002841 0.036955 -0.005427 -0.003053 0.002841 0.036955
4.269792 4.36091 2.229873 1.254304 5.613484 7.586118 1.985894 1.117065 4.282002 4.204357 -0.849778 4.202598 4.228 -0.967676 4.2039 4.515908 -1.104712 4.185188 4.804925 -0.854372 4.178486 4.955992 -1.009016 5.28949 8.020102 -0.702256 5.464823 8.1186 -1.004295 5.622514 8.350921 -1.099747 5.786374 8.337154 -1.084748 6.010692 8.027879 -0.98725 1.343691 3.225208 0.869585 -1.638729 0.759452 0.427192 -0.021763 -0.050615 -0.095463 -0.053698 -0.891348 1.588114
4.256909 4.433557 1.846082 1.038421 5.6226 7.51187 2.525854 1.420793 4.359343 4.553374 -0.687041 4.532433 4.143382 -1.180139 4.325905 4.438317 -1.133238 4.234995 4.599171 -0.849295 4.153355 4.608335 -0.782112 5.357364 7.902557 -0.383729 5.341849 8.066336 -0.747079 5.552158 8.375398 -0.846805 5.766406 8.356522 -0.795207 5.994784 8.145581 -0.790438 1.365691 3.078313 -0.012883 0.072647 -0.383791 -0.215882 0.009117 -0.074248 0.539961 0.303728 0.021999 -0.146895
4.319711 4.550354 1.421721 0.799718 5.648865 7.403436 2.252432 1.266993 4.359343 4.553374 -0.687041 4.532433 4.143382 -1.180139 4.325905 4.438317 -1.133238 4.234995 4.599171 -0.849295 4.153355 4.608335 -0.782112 5.360839 7.889014 -0.275105 5.357255 8.121586 -0.736192 5.573443 8.412232 -0.794964 5.792395 8.390259 -0.7099 5.962269 8.147348 -0.668141 1.329154 2.853082 0.062801 0.116797 -0.424361 -0.238703 0.026265 -0.108434 -0.273422 -0.1538 -0.036536 -0.225231
4.801459 4.307246 1.755937 0.987715 5.589339 7.574176 2.073639 1.166422 4.877395 4.361703 -0.58748 4.975248 3.647309 -0.556132 4.79474 3.700843 -0.557639 4.731259 4.271688 -0.541362 4.636776 4.446687 -0.526592 5.273501 8.014106 -0.666364 5.433775 8.102 -0.863568 5.606402 8.341147 -1.052941 5.790313 8.329972 -1.079994 5.999724 8.033361 -0.944016 0.787879 3.266929 0.481749 -0.243108 0.334215 0.187996 -0.059527 0.170739 -0.178793 -0.100571 -0.541275 0.413847
4.735925 4.259826 1.93919 1.090795 5.60705 7.505788 2.547608 1.43303 4.904047 4.352714 -0.570896 5.078388 3.616667 -0.419101 4.844766 3.464321 -0.455385 4.820336 4.248857 -0.612174 4.736013 4.392563 -0.635143 5.295761 8.013256 -0.432953 5.379505 8.000796 -0.801181 5.594796 8.325912 -0.940251 5.810807 8.286798 -0.879463 6.004521 8.096853 -0.85366 0.871125 3.245962 -0.065534 -0.04742 0.183254 0.10308 0.017712 -0.068388 0.473969 0.266608 0.083246 -0.020968
4.765506 4.226959 2.221306 1.249485 5.628346 7.404943 2.465119 1.386629 4.901376 4.285307 -0.624209 4.974284 3.557138 -0.567393 4.780088 3.48389 -0.706953 4.732278 4.084134 -0.832786 4.615164 4.260844 -0.754999 5.34579 7.87581 -0.252418 5.380075 8.042637 -0.650406 5.567991 8.315515 -0.763814 5.78397 8.290639 -0.722344 5.979137 8.09907 -0.704994 0.86284 3.177983 0.029581 -0.032867 0.282116 0.15869 0.021296 -0.100845 -0.08249 -0.046401 -0.008285 -0.067978
4.732957 4.212247 2.335605 1.313778 5.638328 7.34085 2.130551 1.198435 4.843162 4.232349 -0.294485 4.757269 3.491329 -0.280854 4.677871 3.900422 -0.449045 4.618471 4.064027 -0.518407 4.512913 4.189596 -0.543665 5.338864 7.83897 -0.233887 5.389635 8.05626 -0.678435 5.59686 8.309206 -0.752679 5.798894 8.295284 -0.679898 5.969646 8.065658 -0.629061 0.905371 3.128603 -0.032549 -0.014713 0.114299 0.064293 0.009982 -0.064093 -0.334567 -0.188194 0.042531 -0.04938
4.653507 4.21849 2.42232 1.362555 5.637405 7.370638 2.121813 1.19352 4.437557 4.003051 -0.05034 4.3727 3.81199 -0.116221 4.38582 3.874177 -0.206246 4.40604 4.023267 -0.228492 4.468183 4.150528 -0.23764 5.353026 7.82647 -0.361866 5.403912 8.047397 -0.673467 5.584128 8.284727 -0.735023 5.798139 8.288706 -0.682938 5.959185 8.06354 -0.633766 0.983898 3.152148 -0.07945 0.006243 0.086715 0.048777 -0.000923 0.029788 -0.008738 -0.004915 0.078528 0.023545
4.542617 4.248564 2.285836 1.285782 5.64607 7.412115 2.123954 1.194724 4.437557 4.003051 -0.05034 4.3727 3.81199 -0.116221 4.38582 3.874177 -0.206246 4.40604 4.023267 -0.228492 4.468183 4.150528 -0.23764 5.405241 7.861463 -0.449553 5.415741 8.036695 -0.762745 5.616832 8.306679 -0.792642 5.817579 8.297855 -0.76712 5.964468 8.051357 -0.706596 1.103453 3.163551 -0.11089 0.030074 -0.136484 -0.076773 0.008665 0.041477 0.002141 0.001204 0.119554 0.011403
3.80506 4.286653 2.346943 1.320155 5.668846 7.628761 2.075328 1.167372 3.957733 4.306689 -0.774737 3.843923 3.671639 -0.734852 3.816695 4.462216 -0.555974 3.739319 4.605602 -0.550736 3.629705 4.694943 -0.417383 5.395339 7.978293 -0.822233 5.523021 8.025127 -1.005348 5.677662 8.248101 -1.218388 5.861025 8.230004 -1.1621 6.068 7.977923 -1.017461 1.863786 3.342108 -0.737557 0.038089 0.061107 0.034373 0.022777 0.216646 -0.048626 -0.027352 0.760334 0.178557
3.806501 4.341249 2.337457 1.31482 5.698625 7.527412 2.435185 1.369791 4.012769 4.170281 -0.431345 3.772882 4.022566 -0.541288 3.664649 4.277121 -0.558943 3.755228 4.540073 -0.319998 3.664515 4.671897 -0.231522 5.361847 8.008758 -0.617426 5.466686 7.95442 -0.901266 5.678848 8.224287 -1.087707 5.888388 8.226474 -1.086871 6.083198 8.059424 -0.986544 1.892124 3.186163 0.001441 0.054596 -0.009485 -0.005336 0.029779 -0.101349 0.359857 0.202419 0.028338 -0.155946
3.834999 4.534257 1.957338 1.101002 5.708881 7.473733 2.628958 1.478789 4.012769 4.170281 -0.431345 3.772882 4.022566 -0.541288 3.664649 4.277121 -0.558943 3.755228 4.540073 -0.319998 3.664515 4.671897 -0.231522 5.335934 7.973766 -0.53839 5.513506 8.023196 -0.840303 5.693077 8.269396 -1.029845 5.89871 8.242356 -0.986521 6.096925 8.108075 -0.979301 1.873882 2.939475 0.028498 0.193008 -0.38012 -0.213817 0.010256 -0.053679 0.193774 0.108998 -0.018242 -0.246687
4.488663 5.134392 1.911573 1.07526 5.735126 7.605343 1.927417 1.084172 4.658831 5.691863 -0.703539 4.53904 5.651392 -1.170815 4.651745 5.763118 -1.271883 4.681909 5.633031 -0.845953 4.632411 5.448785 -0.602471 5.377867 7.995418 -0.75503 5.515146 8.063112 -1.025676 5.674611 8.240128 -1.216915 5.860311 8.210307 -1.148757 6.088305 7.977782 -1.03494 1.246463 2.470951 0.653664 0.600134 -0.045765 -0.025743 0.026245 0.13161 -0.701541 -0.394617 -0.62742 -0.468524
4.488168 5.383118 0.822811 0.462831 5.711141 7.518753 2.451587 1.379018 4.658831 5.691863 -0.703539 4.53904 5.651392 -1.170815 4.651745 5.763118 -1.271883 4.681909 5.633031 -0.845953 4.632411 5.448785 -0.602471 5.441542 7.936774 -0.413057 5.468065 7.998707 -0.862728 5.684478 8.309126 -0.918279 5.891287 8.308924 -0.821485 6.068448 8.124242 -0.746154 1.222973 2.135635 -0.000495 0.248726 -1.088762 -0.612429 -0.023985 -0.08659 0.52417 0.294845 -0.02349 -0.335316
4.712014 5.805821 1.398595 0.786709 5.684041 7.57598 1.951009 1.097442 4.518724 6.148762 -0.613656 4.586679 6.13664 -0.720254 4.697603 6.108888 -0.842217 4.757896 6.13471 -0.65303 4.795604 6.142614 -0.593009 5.383968 7.99554 -0.679538 5.532126 8.082352 -0.972587 5.67508 8.280278 -1.025503 5.845777 8.280022 -1.030862 6.052706 8.003721 -0.971917 0.972026 1.770158 0.223847 0.422704 0.575784 0.323878 -0.0271 0.057227 -0.500578 -0.281575 -0.250947 -0.365477
4.692789 5.885086 1.216559 0.684314 5.691932 7.506031 2.444604 1.37509 4.518724 6.148762 -0.613656 4.586679 6.13664 -0.720254 4.697603 6.108888 -0.842217 4.757896 6.13471 -0.65303 4.795604 6.142614 -0.593009 5.431871 7.882625 -0.431394 5.423556 8.019866 -0.799002 5.62937 8.318408 -0.84894 5.845578 8.296517 -0.814949 6.048446 8.094091 -0.772565 0.999144 1.620945 -0.019226 0.079265 -0.182036 -0.102395 0.007892 -0.069949 0.493595 0.277647 0.027117 -0.149214
4.229537 6.575055 1.590529 0.894672 5.666764 7.606888 1.999379 1.124651 4.126424 6.674508 -0.246548 4.04204 6.708448 -0.485178 4.050742 6.896549 -0.564631 4.273217 6.742578 -0.421835 4.328876 6.781222 -0.423473 5.386664 7.961472 -0.737915 5.483193 8.059808 -1.053674 5.649784 8.253699 -1.163503 5.812284 8.246839 -1.093487 6.00584 8.035449 -1.029649 1.437227 1.031834 -0.463251 0.689968 0.37397 0.210358 -0.025168 0.100858 -0.445225 -0.250439 0.438083 -0.589111
4.273413 6.601002 1.44266 0.811496 5.676525 7.495634 2.368833 1.332468 4.192663 6.987459 -0.216569 4.089665 6.906952 -0.465085 4.064483 6.826724 -0.498022 4.052555 6.709778 -0.349928 4.078487 6.537 -0.283063 5.424245 7.884938 -0.379799 5.391878 7.843909 -0.830353 5.639408 8.183427 -0.881589 5.840434 8.182241 -0.805955 6.044288 8.041612 -0.750652 1.403112 0.894632 0.043876 0.025948 -0.147869 -0.083176 0.009761 -0.111254 0.369453 0.207817 -0.034115 -0.137202
4.246263 6.675314 1.200605 0.67534 5.699028 7.330868 2.202124 1.238695 4.192663 6.987459 -0.216569 4.089665 6.906952 -0.465085 4.064483 6.826724 -0.498022 4.052555 6.709778 -0.349928 4.078487 6.537 -0.283063 5.422913 7.835185 -0.398811 5.404927 7.802053 -0.830887 5.60708 8.088107 -0.88759 5.791728 8.120762 -0.81123 5.986626 7.97861 -0.808206 1.452765 0.655554 -0.02715 0.074312 -0.242055 -0.136156 0.022503 -0.164766 -0.166708 -0.093773 0.049653 -0.239078
3.649285 6.359618 2.102146 1.182457 5.688284 7.493074 2.072284 1.16566 3.626761 6.834441 -0.365548 3.712687 6.930075 -0.434472 3.786522 6.847392 -0.55969 3.850817 6.799594 -0.525769 3.870701 6.685151 -0.674442 5.366887 7.704369 -0.73494 5.505328 7.737979 -0.949091 5.655783 7.864081 -1.123399 5.788107 7.950764 -1.108458 5.987083 7.873845 -1.102055 2.038999 1.133456 -0.596977 -0.315697 0.901541 0.507117 -0.010744 0.162206 -0.12984 -0.073035 0.586234 0.477902
3.766759 6.477816 1.927328 1.084122 5.711533 7.258484 2.297082 1.292109 3.699268 6.364912 -0.316621 3.672616 6.655044 -0.395694 3.662833 6.703349 -0.364925 3.688181 6.682475 -0.40595 3.744006 6.660852 -0.475428 5.414639 7.530365 -0.715691 5.516575 7.605189 -1.085958 5.690409 7.709551 -1.081226 5.809943 7.819155 -1.15457 5.98023 7.847531 -1.20662 1.944774 0.780668 0.117474 0.118198 -0.174818 -0.098335 0.023249 -0.23459 0.224798 0.126449 -0.094225 -0.352788
3.773328 6.391473 1.98099 1.114307 5.746388 7.341911 2.329566 1.310381 3.712874 6.135262 -0.313365 3.678583 6.364554 -0.504308 3.646472 6.508219 -0.533893 3.659184 6.556069 -0.440037 3.673064 6.592458 -0.438677 5.292351 7.532572 -0.710616 5.450034 7.494324 -1.23728 5.603467 7.610128 -1.161299 5.705742 7.784492 -0.992543 5.899134 7.895182 -1.08132 1.97306 0.950438 0.006569 -0.086343 0.053662 0.030185 0.034855 0.083427 0.032484 0.018272 0.028286 0.16977
3.788334 6.299689 1.91245 1.075753 5.679677 7.325866 2.479867 1.394925 3.58148 6.255715 -0.336501 3.488231 6.07193 -0.642799 3.547209 5.990853 -0.843715 3.674669 5.958738 -0.842402 3.845999 6.008645 -0.858817 5.244994 7.436897 -0.51552 5.357448 7.379587 -0.921209 5.526689 7.618424 -1.094894 5.684155 7.751207 -1.174074 5.902768 7.847852 -1.096597 1.891343 1.026177 0.015006 -0.091784 -0.06854 -0.038554 -0.066712 -0.016045 0.150302 0.084545 -0.081718 0.075739
3.839051 6.248354 1.847557 1.039251 5.625229 7.159954 2.2875 1.286719 3.711617 6.124465 -0.293685 3.479915 5.870121 -0.47034 3.519024 5.755126 -0.572463 3.616828 5.736175 -0.502689 3.731992 5.773905 -0.469388 5.249844 7.292524 -0.297059 5.241651 7.270262 -0.781031 5.44937 7.473332 -0.852106 5.585188 7.579295 -1.016244 5.835759 7.701893 -1.0186 1.786178 0.9116 0.050718 -0.051335 -0.064894 -0.036503 -0.054447 -0.165913 -0.192367 -0.108207 -0.105165 -0.114577
3.870951 6.157758 1.818142 1.022705 5.60156 7.066392 2.093001 1.177313 3.866893 6.0333 -0.264509 3.689736 5.714471 -0.29135 3.651025 5.618489 -0.305395 3.631529 5.611624 -0.195534 3.691087 5.673887 -0.068702 5.192499 7.157105 -0.202099 5.165008 7.150519 -0.502284 5.440753 7.268482 -0.462044 5.44452 7.423677 -0.68588 5.663697 7.492788 -0.788995 1.73061 0.908635 0.0319 -0.090596 -0.029414 -0.016546 -0.023669 -0.093561 -0.194499 -0.109406 -0.055569 -0.002965
3.883536 6.074386 1.071029 0.602454 5.565723 6.98755 2.176153 1.224086 3.866893 6.0333 -0.264509 3.689736 5.714471 -0.29135 3.651025 5.618489 -0.305395 3.631529 5.611624 -0.195534 3.691087 5.673887 -0.068702 5.195533 6.866317 -0.234223 5.043619 6.911466 -0.537181 5.216786 7.170657 -0.516636 5.309315 7.323446 -0.542038 5.537453 7.391746 -0.56221 1.682187 0.913163 0.012585 -0.083371 -0.747113 -0.420251 -0.035838 -0.078843 0.083153 0.046773 -0.048423 0.004529
3.769166 4.70169 1.849022 1.040075 5.183111 6.944935 2.250715 1.266027 3.892777 4.759479 -0.52975 3.925592 4.474843 -0.426911 3.879441 4.584559 -0.474521 3.853957 4.755667 -0.524672 3.831207 4.944724 -0.47103 4.988967 6.736252 -0.782381 4.989389 6.875636 -1.278082 5.173654 7.034529 -1.343763 5.305387 7.097632 -1.264173 5.437064 7.164918 -1.247946 1.413945 2.243245 -0.114369 -1.372696 0.777993 0.437621 -0.382611 -0.042614 0.074562 0.041941 -0.268242 1.330082
3.837943 4.816587 1.759503 0.98972 5.231538 6.840234 2.227589 1.253019 4.103144 4.620447 -0.452454 4.162896 4.589898 -0.545784 4.132994 4.738138 -0.605286 4.096161 4.885087 -0.538233 4.05126 5.006573 -0.573572 4.866377 6.73333 -0.777018 4.890898 6.722493 -1.385785 4.978114 6.924607 -1.339898 5.087711 7.032411 -1.049281 5.211568 7.114986 -1.018689 1.393595 2.023648 0.068777 0.114897 -0.089519 -0.050354 0.048426 -0.104701 -0.023127 -0.013009 -0.02035 -0.219598
3.940079 4.806921 1.946647 1.094989 5.238918 6.671533 2.222799 1.250324 4.287975 4.725063 -0.489216 4.433606 4.929229 -0.672004 4.413276 5.101948 -0.741176 4.35529 5.286107 -0.619206 4.244298 5.315455 -0.816697 4.935109 6.976197 -0.401792 4.793162 6.809902 -0.746348 4.713048 6.582301 -0.892108 4.757943 6.360025 -0.922633 4.846441 6.092798 -0.84403 1.298839 1.864612 0.102136 -0.009665 0.187144 0.105269 0.00738 -0.168701 -0.00479 -0.002694 -0.094756 -0.159036
4.048826 4.917026 1.872339 1.05319 5.281074 6.516852 2.07114 1.165016 4.394115 4.875075 -0.619032 4.5762 5.248556 -0.880016 4.529544 5.453632 -0.901229 4.441052 5.599384 -0.776522 4.286566 5.602471 -0.968082 5.012302 6.845909 -0.612586 4.786886 6.572567 -1.041717 4.739334 6.293309 -1.032473 4.797173 6.062573 -0.885992 4.917697 5.923593 -0.753023 1.232249 1.599825 0.108747 0.110105 -0.074309 -0.041799 0.042156 -0.154681 -0.151659 -0.085308 -0.066591 -0.264786
4.118577 4.952814 1.664052 0.936029 5.293649 6.355705 1.976264 1.111649 4.228514 4.420424 -0.279094 4.220023 4.230134 -0.382858 4.199642 4.259751 -0.428668 4.183598 4.359724 -0.354092 4.149558 4.440689 -0.360499 5.193549 7.419202 -0.420897 5.20583 7.541734 -0.836761 5.34649 7.71463 -0.946048 5.507063 7.728107 -0.897917 5.707992 7.610526 -0.868621 1.175072 1.402891 0.069752 0.035787 -0.208287 -0.117161 0.012575 -0.161147 -0.094875 -0.053367 -0.057176 -0.196934
4.38488 5.875145 1.976411 1.111731 4.861917 5.809138 1.965244 1.10545 4.524018 5.946132 -0.476679 4.608921 6.08056 -0.800685 4.53261 5.956782 -0.89161 4.419966 5.94297 -0.689743 4.433098 5.820205 -0.651405 4.60804 5.540479 -0.138991 4.358595 5.862082 -0.48883 4.323349 6.043081 -0.595434 4.411941 6.225018 -0.573169 4.57707 6.41495 -0.615676 0.477037 -0.066007 0.266303 0.922332 0.312359 0.175702 -0.431732 -0.546566 -0.01102 -0.006199 -0.698035 -1.468898
4.385137 5.847965 1.725633 0.970669 4.868588 5.95544 2.197023 1.235825 4.512278 6.132581 -0.473959 4.608474 6.01032 -0.729897 4.539581 5.929518 -0.868531 4.429106 5.879884 -0.710939 4.432609 5.710729 -0.767222 4.604399 5.851013 -0.079342 4.36444 5.88334 -0.456721 4.337921 6.069554 -0.58495 4.417263 6.251532 -0.552516 4.565234 6.51963 -0.593247 0.48345 0.107475 0.000257 -0.02718 -0.250777 -0.141062 0.00667 0.146302 0.231778 0.130375 0.006413 0.173482
4.41649 5.845754 1.582043 0.889899 4.883493 6.034764 2.254373 1.268085 4.472683 6.114526 -0.711528 4.743464 5.839065 -0.882078 4.667961 5.767633 -0.834281 4.439606 5.822889 -0.559446 4.363219 5.801921 -0.531474 4.62785 5.82346 -0.047454 4.425719 5.821579 -0.449294 4.398843 6.047953 -0.532883 4.474933 6.294874 -0.447746 4.632876 6.652737 -0.456647 0.467003 0.18901 0.031353 -0.002211 -0.14359 -0.08077 0.014906 0.079324 0.05735 0.032259 -0.016447 0.081535
4.409724 5.817357 1.49393 0.840336 4.94678 6.109542 2.257107 1.269622 4.385552 6.171611 -0.662154 4.482793 6.022862 -0.825257 4.518396 5.897636 -0.743193 4.514124 5.787669 -0.594451 4.51636 5.706187 -0.5924 4.717253 5.968796 -0.056714 4.510102 5.832745 -0.535467 4.488151 6.099917 -0.643955 4.560972 6.359835 -0.538954 4.73239 6.703123 -0.541279 0.537056 0.292185 -0.006766 -0.028397 -0.088113 -0.049563 0.063286 0.074778 0.002734 0.001538 0.070053 0.103175
4.415476 5.693377 1.372573 0.772072 5.020413 6.153824 2.240741 1.260417 4.606614 5.789949 -0.504222 4.484172 5.267336 -0.69036 4.400043 5.297292 -0.750207 4.348934 5.601524 -0.719105 4.287048 5.764658 -0.703083 4.70359 5.973052 -0.193574 4.615033 5.983709 -0.707754 4.611956 6.282598 -0.920849 4.709521 6.506967 -0.83161 4.902647 6.768729 -0.78776 0.604937 0.460447 0.005752 -0.12398 -0.121358 -0.068264 0.073634 0.044282 -0.016366 -0.009206 0.067881 0.168262
4.431244 5.66889 1.18862 0.668599 5.097629 6.227832 2.275744 1.280106 4.591836 5.53737 -0.129565 4.587336 5.643993 -0.311161 4.544679 5.706699 -0.381147 4.483399 5.763395 -0.397878 4.407332 5.683471 -0.435013 4.716528 6.014748 -0.423473 4.772276 6.315563 -0.799676 4.792006 6.516173 -0.955548 4.905152 6.708972 -0.975862 5.125512 6.95476 -1.013365 0.666384 0.558942 0.015768 -0.024486 -0.183953 -0.103474 0.077215 0.074009 0.035003 0.019689 0.061447 0.098495
4.448618 5.650773 0.979857 0.551169 5.164253 6.367378 2.424366 1.363706 4.591836 5.53737 -0.129565 4.587336 5.643993 -0.311161 4.544679 5.706699 -0.381147 4.483399 5.763395 -0.397878 4.407332 5.683471 -0.435013 4.887393 6.336223 -0.394945 4.939685 6.546744 -0.889771 5.00677 6.744149 -1.073718 5.124903 6.928925 -1.08121 5.311887 7.1099 -1.278474 0.715635 0.716605 0.017373 -0.018117 -0.208763 -0.117429 0.066624 0.139545 0.148621 0.0836 0.04925 0.157663
4.452883 4.440193 2.091905 1.176697 5.131068 6.645881 1.990982 1.119927 4.323027 4.753667 -0.658588 4.391099 4.629139 -0.638479 4.400701 4.49884 -0.576354 4.40897 4.390963 -0.552654 4.428481 4.300285 -0.712094 5.246612 6.978706 -0.690043 5.229692 6.981061 -1.075223 5.333179 6.953694 -1.120338 5.36663 6.827916 -0.894766 5.344394 6.676397 -0.956286 0.678185 2.205687 0.004265 -1.21058 1.112049 0.625527 -0.033185 0.278503 -0.433384 -0.243778 -0.03745 1.489083
4.37237 4.429727 1.426736 0.802539 5.212298 6.691603 1.245668 0.700688 4.227482 4.918007 -0.329656 4.300122 4.517992 -0.402641 4.360127 4.305878 -0.376925 4.376285 4.142351 -0.328921 4.38334 4.064431 -0.282143 5.246612 6.978706 -0.690043 5.229692 6.981061 -1.075223 5.333179 6.953694 -1.120338 5.36663 6.827916 -0.894766 5.344394 6.676397 -0.956286 0.839928 2.261876 -0.080513 -0.010466 -0.665169 -0.374158 0.08123 0.045722 -0.745314 -0.419239 0.161743 0.056188
4.342619 4.466778 1.571917 0.884203 5.417994 7.101975 1.998217 1.123997 4.290885 3.663062 -0.332085 4.305183 3.625057 -0.22899 4.286951 3.638888 -0.197237 4.238801 3.707927 -0.143661 4.177648 3.73781 -0.013097 5.146353 7.510401 -0.815008 5.302201 7.363373 -1.117548 5.455973 7.47087 -1.183407 5.632654 7.491068 -1.16214 5.885053 7.296245 -1.174489 1.075375 2.635197 -0.029751 0.037051 0.145181 0.081664 0.205696 0.410372 0.752549 0.423309 0.235447 0.373321
4.155227 3.748212 1.376557 0.774314 5.476106 7.037733 2.294247 1.290514 4.085336 3.431993 -0.189987 4.186207 3.269739 -0.473076 4.265752 3.260553 -0.509939 4.296047 3.311162 -0.434323 4.30815 3.411975 -0.478984 5.182481 7.581438 -0.421402 5.319796 7.6615 -0.835715 5.458354 7.82447 -0.970406 5.654206 7.767033 -0.879037 5.94013 7.58321 -0.927872 1.320879 3.289522 -0.187392 -0.718566 -0.195359 -0.10989 0.058112 -0.064242 0.29603 0.166517 0.245504 0.654324
4.142323 3.731309 1.288499 0.724781 5.528949 7.028415 2.230387 1.254593 4.06509 3.40286 0.080954 4.093202 3.309568 0.150406 4.178351 3.353518 0.038707 4.237229 3.516555 0.028726 4.281024 3.617043 0.053831 5.333802 7.582854 -0.250781 5.257144 7.842019 -0.726307 5.419408 8.006087 -0.858397 5.63842 8.062334 -0.825471 5.841177 7.779152 -0.735496 1.386625 3.297107 -0.012904 -0.016903 -0.088058 -0.049533 0.052842 -0.009318 -0.06386 -0.035921 0.065746 0.007585
4.15825 3.715203 1.185464 0.666823 5.532014 7.070565 1.845258 1.037958 4.268359 3.634567 -0.093202 4.216508 3.441699 -0.085927 4.168268 3.431598 -0.095949 4.136401 3.470792 -0.060337 4.089389 3.503785 -0.01146 5.340862 7.433884 -0.330063 5.299689 7.892876 -0.605327 5.448007 8.033141 -0.639854 5.606576 7.921446 -0.569534 5.7731 7.546223 -0.495095 1.373764 3.355362 0.015927 -0.016106 -0.103035 -0.057957 0.003065 0.042149 -0.385129 -0.216635 -0.012861 0.058255
4.183938 3.751616 1.080609 0.607842 5.540737 7.199929 1.510718 0.849779 4.268359 3.634567 -0.093202 4.216508 3.441699 -0.085927 4.168268 3.431598 -0.095949 4.136401 3.470792 -0.060337 4.089389 3.503785 -0.01146 5.377217 7.481709 -0.257128 5.341187 7.782375 -0.586609 5.419226 7.87181 -0.679968 5.602596 7.817793 -0.610986 5.74254 7.452005 -0.511662 1.356799 3.448313 0.025688 0.036414 -0.104855 -0.058981 0.008723 0.129365 -0.33454 -0.188179 -0.016966 0.092951
4.352855 2.910404 1.726108 0.970936 5.546018 7.226446 1.231188 0.692543 4.394558 2.794917 -0.024149 4.490281 2.51421 -0.051002 4.544325 2.496484 -0.200747 4.574207 2.594659 -0.259416 4.580399 2.784714 -0.312307 5.304731 7.791761 -0.282594 5.246837 8.068842 -0.706648 5.415245 8.228571 -0.848756 5.643929 8.204224 -0.816961 5.845169 7.8816 -0.674203 1.193163 4.316041 0.168917 -0.841212 0.645499 0.363093 0.005282 0.026516 -0.27953 -0.157236 -0.163636 0.867729
4.30197 2.998017 1.806196 1.015985 5.524344 7.381367 1.894845 1.06585 4.476608 2.809665 0.157197 4.533718 2.52266 0.135339 4.590295 2.45108 -0.023874 4.621065 2.518395 -0.085807 4.616996 2.685873 -0.158283 5.246158 7.827753 -0.338608 5.265591 8.113947 -0.757883 5.4417 8.289922 -0.863271 5.673068 8.250028 -0.887992 5.938811 7.978407 -0.822287 1.222374 4.38335 -0.050885 0.087613 0.080088 0.045049 -0.021674 0.154921 0.663658 0.373308 0.029211 0.067309
4.332331 3.017977 1.97043 1.108367 5.563957 7.388707 2.207365 1.241643 4.514475 2.845734 0.202779 4.569157 2.576165 0.234574 4.633144 2.484981 0.048581 4.669847 2.549528 -0.018783 4.678941 2.698523 -0.081644 5.246356 7.921557 -0.351827 5.279667 8.161164 -0.810887 5.460696 8.324006 -0.9958 5.671709 8.257934 -0.945782 5.962257 7.983122 -0.895765 1.231626 4.370731 0.030361 0.01996 0.164234 0.092382 0.039613 0.00734 0.312519 0.175792 0.009252 -0.012619
4.371929 3.03237 2.182142 1.227455 5.56388 7.385101 2.267103 1.275246 4.506831 2.777789 0.222132 4.59585 2.527358 0.191228 4.65818 2.509765 0.079647 4.692097 2.584819 -0.010828 4.695215 2.73261 -0.084236 5.222473 7.96191 -0.337609 5.295457 8.197441 -0.851513 5.459942 8.314533 -1.035981 5.673844 8.253666 -0.990837 5.937818 7.969877 -0.938688 1.19195 4.352732 0.039598 0.014393 0.211713 0.119088 -7.7e-05 -0.003606 0.059739 0.033603 -0.039676 -0.017999
4.386497 3.023815 2.305947 1.297095 5.554755 7.381973 2.226508 1.252411 4.498415 2.768571 0.254131 4.569753 2.500541 0.218703 4.626845 2.474396 0.08001 4.678439 2.547722 -0.01425 4.689091 2.699071 -0.092132 5.202434 7.919026 -0.348763 5.299785 8.210196 -0.861491 5.460052 8.317678 -1.054887 5.68431 8.251505 -1.028133 5.961034 7.96661 -0.982268 1.168258 4.358158 0.014567 -0.008555 0.123805 0.06964 -0.009125 -0.003128 -0.040595 -0.022835 -0.023692 0.005427
4.368963 3.018953 2.405536 1.353114 5.557242 7.357761 2.354582 1.324452 4.494184 2.745512 0.204714 4.559086 2.451845 0.196765 4.626524 2.428754 0.04341 4.68093 2.520705 -0.04643 4.690857 2.675902 -0.124501 5.209869 7.964851 -0.301728 5.299453 8.206703 -0.795852 5.45311 8.323857 -1.009669 5.675311 8.251252 -0.970058 5.942717 7.961615 -0.909429 1.188279 4.338807 -0.017534 -0.004862 0.099589 0.056019 0.002487 -0.024213 0.128074 0.072041 0.020021 -0.019351
4.367026 3.029559 2.512143 1.413081 5.553302 7.36515 2.238164 1.258967 4.588854 2.701523 0.170016 4.587377 2.445278 0.135193 4.645841 2.447889 -0.017748 4.69103 2.50127 -0.112553 4.69614 2.637521 -0.244512 5.203924 7.901781 -0.376714 5.299303 8.216037 -0.846791 5.45016 8.336737 -1.026599 5.67121 8.258808 -0.983568 5.937601 7.980316 -0.918253 1.186276 4.335591 -0.001937 0.010606 0.106607 0.059966 -0.00394 0.007389 -0.116418 -0.065485 -0.002003 -0.003217
4.395182 3.047444 2.626133 1.4772 5.55637 7.360032 2.269035 1.276332 4.654309 2.714823 0.209399 4.605075 2.616815 0.127803 4.662017 2.649706 -0.016764 4.727298 2.689655 -0.13558 4.724011 2.855663 -0.266201 5.218079 7.894776 -0.349192 5.282309 8.209175 -0.843669 5.434928 8.341742 -1.028295 5.656549 8.265477 -0.978438 5.930626 7.975869 -0.902095 1.161188 4.312588 0.028156 0.017885 0.11399 0.064119 0.003068 -0.005118 0.030871 0.017365 -0.025088 -0.023003
4.480654 3.027466 2.898397 1.630349 5.554228 7.348544 2.208965 1.242543 4.767817 2.733184 0.089558 4.714607 2.575822 0.104484 4.744017 2.627673 -0.045961 4.726917 2.916217 -0.057715 4.751713 3.083281 -0.123577 5.238754 7.881612 -0.333501 5.278081 8.192119 -0.814508 5.428448 8.338469 -0.999555 5.650516 8.262736 -0.971495 5.925359 7.981421 -0.890347 1.073574 4.321078 0.085473 -0.019979 0.272264 0.153149 -0.002142 -0.011488 -0.06007 -0.03379 -0.087614 0.00849
4.594804 3.03499 2.921089 1.643112 5.557901 7.352609 2.085344 1.173006 4.665318 2.894859 0.292589 4.671624 2.730502 0.267267 4.747239 2.708934 0.234046 4.780455 2.870221 0.187162 4.782872 3.037781 0.156699 5.243281 7.869079 -0.275818 5.28147 8.186938 -0.757471 5.424901 8.334213 -0.948628 5.637296 8.274491 -0.920706 5.916826 8.0064 -0.856271 0.963096 4.317619 0.11415 0.007524 0.022691 0.012764 0.003672 0.004065 -0.123621 -0.069537 -0.110478 -0.003459
4.665518 3.028728 2.85518 1.606039 5.555092 7.363721 2.075895 1.167691 4.658758 2.786702 0.223006 4.693985 2.566977 0.176445 4.733718 2.708887 0.262952 4.787251 2.876334 0.268343 4.810349 3.045609 0.224109 5.232849 7.822122 -0.285615 5.289096 8.228713 -0.740497 5.429221 8.355908 -0.930789 5.636902 8.268743 -0.912259 5.91392 8.008118 -0.860944 0.889574 4.334992 0.070713 -0.006262 -0.065909 -0.037074 -0.002809 0.011111 -0.009448 -0.005315 -0.073522 0.017374
4.696739 2.999323 2.869287 1.613974 5.554596 7.384779 2.1334 1.200037 4.645084 2.794465 0.269423 4.710644 2.399741 0.146409 4.765718 2.513701 0.309072 4.777359 2.835819 0.322617 4.803777 3.006378 0.27755 5.236399 7.881698 -0.292795 5.283059 8.20444 -0.761743 5.438974 8.348079 -0.960967 5.647624 8.26242 -0.930205 5.922425 7.989125 -0.865017 0.857856 4.385456 0.031222 -0.029405 0.014107 0.007935 -0.000497 0.021058 0.057505 0.032346 -0.031718 0.050463
4.703744 3.007795 2.786682 1.567509 5.554351 7.386534 2.151507 1.210222 4.680409 2.841972 0.285345 4.70091 2.41611 0.1581 4.761583 2.567491 0.309981 4.781193 2.838054 0.28965 4.788883 3.010975 0.224593 5.233765 7.913015 -0.338122 5.276619 8.199221 -0.839119 5.437707 8.349925 -1.040035 5.655288 8.279116 -1.004579 5.932592 8.003182 -0.93219 0.850607 4.378739 0.007004 0.008472 -0.082605 -0.046465 -0.000245 0.001755 0.018107 0.010185 -0.007249 -0.006717
4.700996 2.986284 2.727224 1.534063 5.558085 7.37321 2.166563 1.218691 4.687106 2.800877 0.27832 4.657379 2.71901 0.251635 4.750594 2.718784 0.204468 4.779499 2.916905 0.1724 4.778761 3.061162 0.083157 5.243691 7.876161 -0.298276 5.278347 8.185658 -0.773583 5.437607 8.341058 -0.979624 5.648962 8.274608 -0.958797 5.929359 8.001666 -0.896315 0.857089 4.386927 -0.002748 -0.021511 -0.059459 -0.033446 0.003734 -0.013324 0.015056 0.008469 0.006482 0.008187
4.677243 3.025484 2.694398 1.515599 5.561576 7.3692 2.151918 1.210454 4.629998 2.843613 0.071633 4.647536 2.697508 0.131357 4.735084 2.678872 0.028402 4.76609 2.862452 0.066835 4.752965 3.056549 0.056948 5.239438 7.889684 -0.296629 5.286379 8.19552 -0.777959 5.443661 8.343059 -0.988518 5.656497 8.268845 -0.952316 5.933008 7.991346 -0.875481 0.884333 4.343716 -0.023752 0.039201 -0.032825 -0.018464 0.003492 -0.00401 -0.014644 -0.008237 0.027244 -0.043211
4.631202 3.085981 2.664985 1.499054 5.562952 7.36165 2.158429 1.214117 4.630728 2.924658 -0.079086 4.636621 2.818402 0.050723 4.709886 2.828774 -0.083146 4.750203 2.952245 -0.087492 4.739413 3.05261 -0.171096 5.260361 7.863907 -0.299935 5.289828 8.176422 -0.751042 5.449007 8.336964 -0.944082 5.665713 8.272905 -0.908512 5.937391 8.009213 -0.826998 0.931749 4.27567 -0.046041 0.060496 -0.029414 -0.016545 0.001375 -0.00755 0.006511 0.003662 0.047416 -0.068046
4.5735 3.196798 2.602666 1.464 5.572637 7.370405 2.083203 1.171802 4.745004 2.933226 0.004576 4.652584 3.052987 -0.156037 4.646094 3.088453 -0.319893 4.609375 3.144163 -0.302245 4.535207 3.230002 -0.670613 5.246983 7.8519 -0.294846 5.28836 8.150852 -0.756693 5.453482 8.32287 -0.954807 5.660563 8.252562 -0.924053 5.94911 7.993456 -0.871127 0.999137 4.173607 -0.057702 0.110818 -0.062319 -0.035054 0.009685 0.008755 -0.075226 -0.042315 0.067387 -0.102063
4.509515 3.400315 2.243015 1.261696 5.57275 7.371137 2.188499 1.231031 4.558599 3.27463 -0.26895 4.499278 3.362551 -0.433554 4.487504 3.378468 -0.396205 4.460893 3.469764 -0.36675 4.45781 3.496752 -0.564852 5.276889 7.879612 -0.310312 5.297111 8.182994 -0.810719 5.455326 8.327927 -1.017343 5.673509 8.272491 -0.982781 5.944714 7.996601 -0.906142 1.063235 3.970822 -0.063985 0.203517 -0.359651 -0.202304 0.000113 0.000732 0.105296 0.059229 0.064098 -0.202785
4.440452 3.549637 1.992965 1.121043 5.584779 7.349954 2.109341 1.186504 4.558599 3.27463 -0.26895 4.499278 3.362551 -0.433554 4.487504 3.378468 -0.396205 4.460893 3.469764 -0.36675 4.45781 3.496752 -0.564852 5.266239 7.809919 -0.338556 5.296057 8.153562 -0.782119 5.454622 8.307019 -0.982719 5.666904 8.246775 -0.956648 5.946195 7.985579 -0.87916 1.144327 3.800317 -0.069063 0.149322 -0.25005 -0.140653 0.012029 -0.021183 -0.079158 -0.044527 0.081092 -0.170505
3.96166 4.385071 2.117023 1.190826 5.509499 7.435634 1.86218 1.047476 4.143087 4.216566 -0.472798 4.046797 4.22847 -0.502598 4.012861 4.282596 -0.550931 3.969789 4.398532 -0.585819 3.936975 4.52299 -0.522949 5.27678 7.842867 -0.434104 5.311818 8.163972 -0.746097 5.439711 8.29098 -0.87652 5.655161 8.231108 -0.908486 5.888571 7.990425 -0.840717 1.547839 3.050563 -0.478792 0.835433 0.124058 0.069783 -0.075279 0.085679 -0.24716 -0.139028 0.403512 -0.749754
3.981009 4.525864 2.072227 1.165627 5.569715 7.404538 2.124997 1.195311 4.143087 4.216566 -0.472798 4.046797 4.22847 -0.502598 4.012861 4.282596 -0.550931 3.969789 4.398532 -0.585819 3.936975 4.52299 -0.522949 5.243393 7.853451 -0.416944 5.309656 8.139081 -0.917786 5.468741 8.259444 -1.07829 5.697958 8.231508 -1.07829 5.974056 7.973288 -1.022113 1.588706 2.878673 0.019348 0.140794 -0.044796 -0.025198 0.060216 -0.031096 0.262817 0.147835 0.040867 -0.17189
3.503931 5.71081 2.57565 1.448803 5.535026 7.400246 1.825783 1.027003 3.572866 5.74457 -0.538968 3.570423 5.474601 -0.361007 3.657021 5.44333 -0.378693 3.774084 5.540078 -0.341995 3.813857 5.569004 -0.349511 5.284646 7.791327 -0.357608 5.334154 8.149403 -0.720858 5.457399 8.291332 -0.864403 5.648152 8.228264 -0.878193 5.869238 7.933095 -0.760975 2.031095 1.689436 -0.477077 1.184945 0.503423 0.283176 -0.034689 -0.004292 -0.299214 -0.168308 0.442388 -1.189238
3.58144 5.798274 2.030793 1.142321 5.56508 7.395915 2.029417 1.141547 3.546489 5.805417 -0.357672 3.488219 5.960521 -0.612157 3.484239 5.974191 -0.6139 3.506009 6.013429 -0.604487 3.54544 6.026267 -0.704538 5.279604 7.833902 -0.379378 5.303903 8.145366 -0.839578 5.455627 8.268638 -0.984501 5.676762 8.250808 -0.983804 5.939971 8.017688 -0.930154 1.98364 1.597642 0.077509 0.087464 -0.544857 -0.306482 0.030054 -0.00433 0.203633 0.114544 -0.047455 -0.091794
3.583119 5.924242 1.177531 0.662361 5.603656 7.372594 2.241553 1.260874 3.546489 5.805417 -0.357672 3.488219 5.960521 -0.612157 3.484239 5.974191 -0.6139 3.506009 6.013429 -0.604487 3.54544 6.026267 -0.704538 5.250185 7.887043 -0.345924 5.325097 8.214613 -0.814981 5.478554 8.335666 -0.985058 5.698791 8.26922 -0.968127 5.966717 7.985855 -0.918874 2.020537 1.448353 0.001679 0.125968 -0.853262 -0.47996 0.038576 -0.023321 0.212137 0.119327 0.036897 -0.149289
3.24716 6.972998 1.672786 0.940942 5.506096 7.454429 1.797414 1.011046 3.373821 7.29098 -0.641499 3.270128 7.22226 -0.944159 3.11281 7.37976 -0.878113 3.031901 7.408756 -0.725348 3.067954 7.29778 -0.589812 5.286252 7.829085 -0.423634 5.312034 8.159621 -0.726319 5.432751 8.284655 -0.861462 5.647661 8.240496 -0.87257 5.862416 7.976403 -0.786177 2.258937 0.481431 -0.335959 1.048757 0.495256 0.278581 -0.097559 0.081835 -0.444139 -0.249828 0.2384 -0.966922
3.254525 6.964894 1.291057 0.72622 5.562151 7.419254 2.039239 1.147072 3.373821 7.29098 -0.641499 3.270128 7.22226 -0.944159 3.11281 7.37976 -0.878113 3.031901 7.408756 -0.725348 3.067954 7.29778 -0.589812 5.265098 7.863593 -0.398717 5.304741 8.167554 -0.882848 5.454351 8.282991 -1.031973 5.684747 8.270437 -1.033373 5.963053 8.026792 -1.011669 2.307626 0.45436 0.007366 -0.008104 -0.381729 -0.214723 0.056055 -0.035175 0.241825 0.136026 0.048689 -0.027071
3.148379 7.775862 1.608514 0.904789 5.50162 7.455248 1.829395 1.029035 3.125471 7.970433 0.135299 2.936038 8.046198 -0.031754 2.938804 8.121588 -0.095537 3.018328 8.138323 -0.144963 3.13436 8.098865 -0.160564 5.262288 7.869977 -0.442163 5.304993 8.185942 -0.773158 5.433308 8.315734 -0.886839 5.650459 8.260186 -0.906937 5.871724 7.98714 -0.822776 2.353241 -0.320613 -0.106146 0.810968 0.317456 0.178569 -0.060531 0.035994 -0.209844 -0.118037 0.045615 -0.774974
3.193278 7.672955 1.472296 0.828166 5.552704 7.423274 2.102158 1.182464 3.18485 7.878301 -0.081065 2.958996 8.19872 -0.293932 2.968388 8.220958 -0.39073 3.054267 8.186485 -0.433443 3.182624 8.037278 -0.48955 5.231013 7.873014 -0.393697 5.302908 8.180481 -0.902148 5.451016 8.29285 -1.052266 5.672469 8.276802 -1.065257 5.950276 8.024453 -1.06237 2.359427 -0.249681 0.044898 -0.102907 -0.136218 -0.076623 0.051084 -0.031974 0.272763 0.153429 0.006186 0.070933
3.216695 7.729035 1.254687 0.705761 5.589738 7.392223 2.370915 1.33364 3.18485 7.878301 -0.081065 2.958996 8.19872 -0.293932 2.968388 8.220958 -0.39073 3.054267 8.186485 -0.433443 3.182624 8.037278 -0.48955 5.201768 7.921245 -0.34737 5.296963 8.201442 -0.840851 5.46013 8.327274 -1.051674 5.687764 8.275985 -0.988997 5.965712 8.004621 -0.971089 2.373044 -0.336812 0.023417 0.05608 -0.217609 -0.122405 0.037034 -0.03105 0.268758 0.151176 0.013617 -0.087131
3.216695 7.729035 1.254687 0.705761 5.475098 7.438077 1.79958 1.012264 3.18485 7.878301 -0.081065 2.958996 8.19872 -0.293932 2.968388 8.220958 -0.39073 3.054267 8.186485 -0.433443 3.182624 8.037278 -0.48955 5.245354 7.875087 -0.358345 5.292048 8.165469 -0.666028 5.401219 8.302948 -0.771678 5.596631 8.248022 -0.764264 5.794334 7.970257 -0.708041 2.258403 -0.290958 0.0 0.0 0.0 0.0 -0.114641 0.045853 -0.571335 -0.321376 -0.114641 0.045853
3.216695 7.729035 1.254687 0.705761 5.462549 7.437378 1.816512 1.021788 3.18485 7.878301 -0.081065 2.958996 8.19872 -0.293932 2.968388 8.220958 -0.39073 3.054267 8.186485 -0.433443 3.182624 8.037278 -0.48955 5.27249 7.84717 -0.369513 5.260473 8.141765 -0.727176 5.380601 8.277744 -0.870615 5.591109 8.241755 -0.864379 5.789189 7.952855 -0.759606 2.245854 -0.291657 0.0 0.0 0.0 0.0 -0.012549 -0.000699 0.016932 0.009525 -0.012549 -0.000699
3.216695 7.729035 1.254687 0.705761 5.459383 7.453669 1.823934 1.025963 3.18485 7.878301 -0.081065 2.958996 8.19872 -0.293932 2.968388 8.220958 -0.39073 3.054267 8.186485 -0.433443 3.182624 8.037278 -0.48955 5.251949 7.854468 -0.410473 5.261704 8.177142 -0.764588 5.387297 8.299835 -0.897342 5.604345 8.248891 -0.907987 5.831979 7.967653 -0.832217 2.242688 -0.275366 0.0 0.0 0.0 0.0 -0.003166 0.016291 0.007422 0.004175 -0.003166 0.016291
3.216695 7.729035 1.254687 0.705761 5.463038 7.433526 1.838825 1.034339 3.18485 7.878301 -0.081065 2.958996 8.19872 -0.293932 2.968388 8.220958 -0.39073 3.054267 8.186485 -0.433443 3.182624 8.037278 -0.48955 5.234763 7.862296 -0.392991 5.273727 8.180292 -0.752522 5.403323 8.310006 -0.867421 5.614793 8.248977 -0.873734 5.826493 7.95613 -0.787244 2.246343 -0.295509 0.0 0.0 0.0 0.0 0.003655 -0.020143 0.014891 0.008376 0.003655 -0.020143
3.216695 7.729035 1.254687 0.705761 5.463861 7.456655 1.809743 1.017981 3.18485 7.878301 -0.081065 2.958996 8.19872 -0.293932 2.968388 8.220958 -0.39073 3.054267 8.186485 -0.433443 3.182624 8.037278 -0.48955 5.227394 7.873563 -0.404483 5.275197 8.177838 -0.720738 5.39752 8.313521 -0.840033 5.611432 8.262886 -0.854945 5.833949 7.990483 -0.784113 2.247166 -0.27238 0.0 0.0 0.0 0.0 0.000823 0.023129 -0.029082 -0.016359 0.000823 0.023129
3.216695 7.729035 1.254687 0.705761 5.46298 7.451422 1.829365 1.029018 3.18485 7.878301 -0.081065 2.958996 8.19872 -0.293932 2.968388 8.220958 -0.39073 3.054267 8.186485 -0.433443 3.182624 8.037278 -0.48955 5.233999 7.844774 -0.420802 5.264013 8.183929 -0.772517 5.388758 8.303271 -0.917599 5.607077 8.249637 -0.918855 5.832505 7.976082 -0.835951 2.246285 -0.277613 0.0 0.0 0.0 0.0 -0.000881 -0.005233 0.019622 0.011037 -0.000881 -0.005233
3.216695 7.729035 1.254687 0.705761 5.483813 7.426177 1.827968 1.028232 3.18485 7.878301 -0.081065 2.958996 8.19872 -0.293932 2.968388 8.220958 -0.39073 3.054267 8.186485 -0.433443 3.182624 8.037278 -0.48955 5.222859 7.827845 -0.387846 5.282916 8.173761 -0.736155 5.411806 8.32409 -0.852258 5.624496 8.271288 -0.873595 5.843353 8.003756 -0.79201 2.267118 -0.302858 0.0 0.0 0.0 0.0 0.020833 -0.025245 -0.001397 -0.000786 0.020833 -0.025245
3.216695 7.729035 1.254687 0.705761 5.473262 7.415287 1.791287 1.007599 3.18485 7.878301 -0.081065 2.958996 8.19872 -0.293932 2.968388 8.220958 -0.39073 3.054267 8.186485 -0.433443 3.182624 8.037278 -0.48955 5.297897 7.834883 -0.369916 5.267106 8.136826 -0.698013 5.386271 8.278466 -0.817936 5.58501 8.233597 -0.814246 5.767628 7.951949 -0.714003 2.256567 -0.313748 0.0 0.0 0.0 0.0 -0.010551 -0.010889 -0.036681 -0.020633 -0.010551 -0.010889
3.216695 7.729035 1.254687 0.705761 5.473041 7.423202 1.863665 1.048312 3.18485 7.878301 -0.081065 2.958996 8.19872 -0.293932 2.968388 8.220958 -0.39073 3.054267 8.186485 -0.433443 3.182624 8.037278 -0.48955 5.254639 7.858 -0.365028 5.280949 8.165733 -0.708301 5.401825 8.294529 -0.849066 5.616648 8.248407 -0.87082 5.824565 7.972063 -0.800438 2.256346 -0.305833 0.0 0.0 0.0 0.0 -0.000221 0.007914 0.072378 0.040713 -0.000221 0.007914
3.216695 7.729035 1.254687 0.705761 5.489703 7.42802 1.834396 1.031847 3.18485 7.878301 -0.081065 2.958996 8.19872 -0.293932 2.968388 8.220958 -0.39073 3.054267 8.186485 -0.433443 3.182624 8.037278 -0.48955 5.237575 7.830296 -0.390155 5.294988 8.174819 -0.722369 5.413495 8.315893 -0.831322 5.618609 8.263699 -0.857774 5.826714 8.004326 -0.787237 2.273008 -0.301015 0.0 0.0 0.0 0.0 0.016662 0.004818 -0.02927 -0.016464 0.016662 0.004818
3.216695 7.729035 1.254687 0.705761 5.490206 7.429395 1.864423 1.048738 3.18485 7.878301 -0.081065 2.958996 8.19872 -0.293932 2.968388 8.220958 -0.39073 3.054267 8.186485 -0.433443 3.182624 8.037278 -0.48955 5.262951 7.831858 -0.428546 5.297865 8.167688 -0.736754 5.415933 8.302109 -0.850691 5.631615 8.256617 -0.861573 5.846291 8.010895 -0.7758 2.273511 -0.29964 0.0 0.0 0.0 0.0 0.000503 0.001376 0.030027 0.01689 0.000503 0.001376
3.216695 7.729035 1.254687 0.705761 5.482117 7.410981 1.840705 1.035396 3.18485 7.878301 -0.081065 2.958996 8.19872 -0.293932 2.968388 8.220958 -0.39073 3.054267 8.186485 -0.433443 3.182624 8.037278 -0.48955 5.284615 7.852681 -0.348208 5.290387 8.140649 -0.690728 5.409623 8.271033 -0.822174 5.610583 8.228133 -0.817751 5.797776 7.958565 -0.719798 2.265422 -0.318054 0.0 0.0 0.0 0.0 -0.008089 -0.018414 -0.023718 -0.013342 -0.008089 -0.018414
3.216695 7.729035 1.254687 0.705761 5.492132 7.427796 1.875498 1.054968 3.18485 7.878301 -0.081065 2.958996 8.19872 -0.293932 2.968388 8.220958 -0.39073 3.054267 8.186485 -0.433443 3.182624 8.037278 -0.48955 5.25428 7.856743 -0.435599 5.300451 8.172421 -0.750145 5.42414 8.307787 -0.858964 5.645913 8.255441 -0.869267 5.866269 8.002126 -0.799081 2.275437 -0.301239 0.0 0.0 0.0 0.0 0.010015 0.016814 0.034794 0.019571 0.010015 0.016814
3.216695 7.729035 1.254687 0.705761 5.492744 7.422605 1.889811 1.063019 3.18485 7.878301 -0.081065 2.958996 8.19872 -0.293932 2.968388 8.220958 -0.39073 3.054267 8.186485 -0.433443 3.182624 8.037278 -0.48955 5.263531 7.833772 -0.384747 5.280983 8.149205 -0.741596 5.415595 8.293565 -0.874603 5.643989 8.261477 -0.890823 5.86986 8.011262 -0.81037 2.276049 -0.30643 0.0 0.0 0.0 0.0 0.000612 -0.00519 0.014313 0.008051 0.000612 -0.00519
3.216695 7.729035 1.254687 0.705761 5.487353 7.416781 1.910182 1.074477 3.18485 7.878301 -0.081065 2.958996 8.19872 -0.293932 2.968388 8.220958 -0.39073 3.054267 8.186485 -0.433443 3.182624 8.037278 -0.48955 5.231816 7.843984 -0.398732 5.311764 8.185577 -0.771231 5.440231 8.290738 -0.921411 5.659516 8.225907 -0.945676 5.886409 7.962027 -0.880095 2.270658 -0.312254 0.0 0.0 0.0 0.0 -0.005391 -0.005825 0.020371 0.011459 -0.005391 -0.005825
3.216695 7.729035 1.254687 0.705761 5.491638 7.420939 1.875597 1.055024 3.18485 7.878301 -0.081065 2.958996 8.19872 -0.293932 2.968388 8.220958 -0.39073 3.054267 8.186485 -0.433443 3.182624 8.037278 -0.48955 5.259256 7.852616 -0.39602 5.287828 8.16255 -0.735374 5.41618 8.296332 -0.854502 5.642445 8.251963 -0.875108 5.861036 7.992066 -0.804275 2.274943 -0.308096 0.0 0.0 0.0 0.0 0.004284 0.004158 -0.034584 -0.019454 0.004284 0.004158
3.216695 7.729035 1.254687 0.705761 5.493061 7.429945 1.825461 1.026822 3.18485 7.878301 -0.081065 2.958996 8.19872 -0.293932 2.968388 8.220958 -0.39073 3.054267 8.186485 -0.433443 3.182624 8.037278 -0.48955 5.250375 7.837657 -0.380734 5.287511 8.149748 -0.714463 5.412168 8.291124 -0.825393 5.624973 8.246382 -0.849209 5.845529 7.988705 -0.782149 2.276366 -0.29909 0.0 0.0 0.0 0.0 0.001423 0.009007 -0.050137 -0.028202 0.001423 0.009007
3.216695 7.729035 1.254687 0.705761 5.485581 7.415094 1.873997 1.054123 3.18485 7.878301 -0.081065 2.958996 8.19872 -0.293932 2.968388 8.220958 -0.39073 3.054267 8.186485 -0.433443 3.182624 8.037278 -0.48955 5.260847 7.849481 -0.398899 5.292251 8.150561 -0.752118 5.420647 8.284289 -0.907174 5.641107 8.239792 -0.909747 5.853048 7.964007 -0.810666 2.268886 -0.313941 0.0 0.0 0.0 0.0 -0.00748 -0.014851 0.048536 0.027301 -0.00748 -0.014851
3.216695 7.729035 1.254687 0.705761 5.486737 7.441153 1.87236 1.053203 3.18485 7.878301 -0.081065 2.958996 8.19872 -0.293932 2.968388 8.220958 -0.39073 3.054267 8.186485 -0.433443 3.182624 8.037278 -0.48955 5.251719 7.858647 -0.425549 5.28899 8.163033 -0.740533 5.412691 8.292496 -0.860098 5.63601 8.24584 -0.872955 5.852928 7.99576 -0.796459 2.270042 -0.287882 0.0 0.0 0.0 0.0 0.001156 0.026059 -0.001637 -0.000921 0.001156 0.026059
3.216695 7.729035 1.254687 0.705761 5.487981 7.421224 1.890882 1.063621 3.18485 7.878301 -0.081065 2.958996 8.19872 -0.293932 2.968388 8.220958 -0.39073 3.054267 8.186485 -0.433443 3.182624 8.037278 -0.48955 5.243846 7.866529 -0.411582 5.291064 8.176636 -0.759544 5.422801 8.296053 -0.896522 5.645953 8.249052 -0.908207 5.870996 7.986405 -0.844587 2.271287 -0.307811 0.0 0.0 0.0 0.0 0.001245 -0.019929 0.018522 0.010419 0.001245 -0.019929
]