08-06-20_Linda_4KDepth.orange_snake_below_blue_flowers.0000000004 [ -0.012912 0.074742 0.010842 1.67834 0.586246 0.0 0.0 0.0 0.0 0.0 0.0 0.0 0.0 0.0 0.0
-0.002554 0.072013 0.010021 1.691 0.628827 -0.025585 0.045446 0.013288 -0.013404 0.051314 0.010357 -0.002729 -0.000821 0.01266 0.042582
-0.004684 0.05802 0.009479 1.682557 0.543879 -0.034502 0.015604 -0.002836 -0.03894 0.018562 -0.00213 -0.013993 -0.000543 -0.008443 -0.084949
-0.00173 0.069111 0.009078 1.68637 0.55112 0.01961 -0.012668 0.008389 0.02139 -0.0132 0.002954 0.01109 -0.000401 0.003814 0.007241
-0.00217 0.059548 0.008663 1.688844 0.551451 0.013861 0.005029 -0.009046 0.01805 0.001203 -0.00044 -0.009563 -0.000414 0.002474 0.000331
-0.003201 0.059487 0.008332 1.688815 0.549257 -0.009413 0.010605 -0.004907 -0.011316 0.013231 -0.001031 -6e-05 -0.000331 -2.9e-05 -0.002194
-0.00424 0.056728 0.008188 1.693615 0.541794 0.02642 -0.016256 0.008205 0.030646 -0.015982 -0.001038 -0.002759 -0.000144 0.0048 -0.007463
-0.004534 0.056891 0.008144 1.689937 0.517476 -0.013337 0.011683 -0.006922 -0.016152 0.011963 -0.000294 0.000163 -4.4e-05 -0.003678 -0.024318
-0.006122 0.057906 0.008111 1.68876 0.515083 0.003724 -0.028122 0.019794 0.012519 -0.031947 -0.001588 0.001015 -3.4e-05 -0.001177 -0.002393
-0.002787 0.066126 0.008099 1.697443 0.520092 0.009546 -0.001583 -0.00768 0.005509 -0.000285 0.003335 0.00822 -1.2e-05 0.008683 0.005009
-0.009462 0.065581 0.008078 1.702749 0.524825 0.00492 0.000735 -0.003251 -2e-05 0.001686 -0.006675 -0.000546 -2.1e-05 0.005306 0.004734
-0.009494 0.065661 0.008057 1.695853 0.507187 0.009095 -0.006918 0.005511 0.008093 -0.008319 -3.3e-05 8.1e-05 -2.1e-05 -0.006897 -0.017638
-0.011696 0.064764 0.008044 1.67649 0.517898 -0.014512 0.030296 -0.010052 -0.019973 0.03317 -0.002202 -0.000897 -1.3e-05 -0.019363 0.01071
-0.012483 0.06261 0.007986 1.675599 0.517242 -0.000855 -0.012638 0.011441 0.001498 -0.013251 -0.000787 -0.002154 -5.8e-05 -0.000891 -0.000656
-0.012018 0.062153 0.007973 1.675668 0.518442 -0.002926 0.009803 0.002825 0.002803 0.010008 0.000466 -0.000457 -1.3e-05 6.9e-05 0.0012
-0.012665 0.063876 0.007834 1.67524 0.514421 -0.003453 0.00705 0.000867 -0.006219 0.006358 -0.000648 0.001723 -0.00014 -0.000429 -0.00402
-0.015485 0.060715 0.007816 1.665763 0.512611 -0.014238 0.004558 -0.000396 -0.01533 0.008861 -0.002819 -0.003161 -1.8e-05 -0.009476 -0.00181
-0.01573 0.063172 0.007796 1.65955 0.522122 0.022935 -0.029593 0.017427 0.028641 -0.032615 -0.000246 0.002458 -2e-05 -0.006213 0.009511
-0.020697 0.060517 0.007763 1.652036 0.532498 -0.005563 0.010321 -0.009524 -0.003034 0.008348 -0.004967 -0.002655 -3.3e-05 -0.007515 0.010377
-0.024287 0.057237 0.007726 1.646039 0.511236 0.008861 -0.045463 0.01222 0.006924 -0.047248 -0.00359 -0.00328 -3.6e-05 -0.005997 -0.021263
-0.020067 0.059561 0.007709 1.634139 0.478306 -0.048379 0.025859 -0.019085 -0.065 0.027025 0.004221 0.002323 -1.8e-05 -0.0119 -0.03293
-0.022511 0.05873 0.007673 1.642145 0.488897 -0.034891 0.072699 -0.029664 -0.046213 0.084785 -0.002444 -0.000831 -3.5e-05 0.008006 0.010591
-0.025657 0.055227 0.007608 1.639683 0.48026 -0.083861 0.011574 -0.034767 -0.08854 0.013624 -0.003146 -0.003503 -6.5e-05 -0.002462 -0.008637
-0.032375 0.052315 0.007589 1.60755 0.335864 0.010054 -0.05294 -0.011954 0.013818 -0.059607 -0.006718 -0.002912 -1.8e-05 -0.032132 -0.144396
-0.033288 0.032483 0.007561 1.515647 0.223117 -1.170502 -0.147838 -0.555318 -1.152161 -0.140438 -0.000913 -0.019832 -2.9e-05 -0.091904 -0.112747
-0.038536 0.021013 0.007528 1.481282 0.088329 -0.058583 -0.007847 -0.029117 -0.058976 -0.007235 -0.005248 -0.01147 -3.3e-05 -0.034364 -0.134788
-0.035004 0.014182 0.007407 1.455679 -0.029264 -0.058168 -0.00765 -0.028699 -0.058629 -0.007057 0.003532 -0.006831 -0.00012 -0.025603 -0.117593
-0.033695 0.020085 0.007221 1.37292 -0.12827 -0.057745 -0.007454 -0.028281 -0.058272 -0.00688 0.001309 0.005903 -0.000187 -0.082759 -0.099006
-0.022817 0.034544 0.006605 1.27409 -0.477542 -0.057313 -0.00726 -0.027864 -0.057905 -0.006705 0.010878 0.014458 -0.000615 -0.09883 -0.349271
-0.025378 0.019207 0.005838 1.213769 -0.803539 -0.362999 -0.459162 -0.075357 -0.408177 -0.497344 -0.002561 -0.015336 -0.000767 -0.060321 -0.325997
-0.016249 0.016408 0.004784 1.13618 -1.110978 -0.548855 0.393744 -0.203889 -0.54119 0.439948 0.009129 -0.0028 -0.001054 -0.077589 -0.307438
-0.002057 0.011739 0.003865 1.021242 -1.353713 -0.389879 0.076209 -0.169945 -0.399137 0.075551 0.014192 -0.004669 -0.000919 -0.114938 -0.242735
-0.001866 0.014825 0.003128 0.980984 -1.700096 -0.014998 -0.110893 -0.146191 -0.03147 -0.098435 0.000191 0.003086 -0.000737 -0.040258 -0.346383
0.000924 0.018244 0.002534 0.963809 -1.853271 -0.289933 0.00313 -0.027259 -0.258995 -0.004834 0.00279 0.003419 -0.000594 -0.017175 -0.153174
0.002757 0.026372 0.002055 0.91305 -2.113364 -0.142651 0.234935 -0.009494 -0.150713 0.228788 0.001833 0.008128 -0.000479 -0.05076 -0.260094
4.1e-05 0.026573 0.001785 0.91213 -2.174546 -0.15237 -0.236654 -0.041102 -0.13217 -0.233933 -0.002716 0.000201 -0.00027 -0.000919 -0.061182
0.003585 0.022463 0.001548 0.883027 -2.217358 -0.081844 0.048103 -0.044764 -0.099276 0.046396 0.003544 -0.00411 -0.000238 -0.029103 -0.042812
0.008673 0.0206 0.001305 0.856316 -2.220303 0.00486 0.007448 -0.06707 -0.00691 0.020219 0.005088 -0.001863 -0.000242 -0.026711 -0.002944
0.005021 0.026365 0.000931 0.827022 -2.211624 0.050556 0.044986 -0.003959 0.057018 0.037714 -0.003652 0.005765 -0.000374 -0.029293 0.008678
0.0054 0.032728 0.000686 0.819223 -2.201531 -0.006144 -0.011999 -0.015926 0.007138 -0.010199 0.000378 0.006363 -0.000245 -0.007799 0.010093
0.005914 0.032831 0.000585 0.808688 -2.202565 -0.011626 0.010449 -0.011384 -0.028744 0.026574 0.000514 0.000104 -0.000101 -0.010535 -0.001034
0.007924 0.043543 0.000364 0.807796 -2.197285 0.030696 -0.055074 -0.013702 0.015182 -0.050793 0.00201 0.010712 -0.00022 -0.000893 0.00528
0.012261 0.043259 0.000332 0.797029 -2.198431 0.052882 -0.034591 0.001189 0.068406 -0.039348 0.004337 -0.000284 -3.2e-05 -0.010767 -0.001146
0.016088 0.048022 0.000143 0.793501 -2.194586 -0.039475 0.037628 0.014545 -0.014398 0.011242 0.003827 0.004763 -0.000189 -0.003528 0.003846
0.027529 0.070736 8.8e-05 0.790736 -2.196247 -0.013785 0.012041 0.015358 -0.006468 0.006789 0.011441 0.022714 -5.6e-05 -0.002766 -0.001661
0.02793 0.072233 8.1e-05 0.793455 -2.194059 -0.0267 0.032248 0.005633 -0.025781 0.027766 0.000401 0.001497 -7e-06 0.002719 0.002188
0.02721 0.072214 -7e-06 0.795307 -2.191193 -0.018579 0.020475 0.013527 -0.018555 0.021285 -0.000719 -1.9e-05 -8.8e-05 0.001851 0.002866
0.021316 0.073166 -0.000131 0.796852 -2.20839 0.032155 0.021883 0.034539 0.023964 0.019394 -0.005894 0.000952 -0.000124 0.001546 -0.017197
0.019277 0.072431 -0.00016 0.811344 -2.207515 0.035547 0.010957 0.015048 0.030547 0.01204 -0.002039 -0.000735 -2.9e-05 0.014492 0.000875
0.01832 0.073401 -0.000278 0.830617 -2.204869 0.014396 -0.02233 0.013466 0.019445 -0.008437 -0.000957 0.000969 -0.000118 0.019273 0.002646
0.019438 0.074443 -0.000435 0.862572 -2.117218 0.016981 -0.046268 0.013521 -0.000821 -0.024158 0.001118 0.001043 -0.000158 0.031955 0.087652
0.018846 0.087126 -0.00055 0.87324 -2.103947 0.059662 -0.046098 0.028436 0.062625 -0.042582 -0.000592 0.012683 -0.000115 0.010667 0.013271
0.021446 0.087167 -0.000571 0.908203 -2.060518 0.053591 -0.039979 0.066373 0.028082 -0.033208 0.002601 4.1e-05 -2.1e-05 0.034963 0.043429
0.01999 0.091827 -0.000736 0.931391 -2.037435 -0.003918 -0.091031 0.040542 0.005088 -0.09397 -0.001456 0.00466 -0.000165 0.023188 0.023084
0.026788 0.099427 -0.000763 0.932094 -2.009115 -0.052354 0.012773 -0.004925 -0.028605 -0.001248 0.006798 0.0076 -2.7e-05 0.000703 0.028319
0.028406 0.098629 -0.000797 0.927353 -2.019553 -0.110446 -0.07204 -0.06835 -0.09613 -0.104582 0.001618 -0.000797 -3.4e-05 -0.004742 -0.010437
0.02803 0.092845 -0.000842 0.88844 -2.098335 -0.076196 0.068086 -0.043673 -0.07428 0.071887 -0.000376 -0.005785 -4.5e-05 -0.038913 -0.078782
0.029945 0.083578 -0.000873 0.825761 -2.200045 -0.188491 -0.069187 -0.11247 -0.227652 -0.045004 0.001916 -0.009267 -3.1e-05 -0.062679 -0.10171
0.057425 0.060015 -0.000933 0.709842 -2.288429 0.005442 0.119054 -0.092413 0.012007 0.117586 0.02748 -0.023563 -6e-05 -0.115919 -0.088384
0.041733 0.050095 -0.000983 0.639626 -2.343634 -0.0831 -0.121279 -0.136539 -0.073322 -0.126091 -0.015692 -0.00992 -5e-05 -0.070215 -0.055206
0.054527 0.048894 -0.000988 0.56597 -2.377693 0.054932 0.13885 -0.100311 0.114044 0.11528 0.012794 -0.001201 -5e-06 -0.073657 -0.034059
0.061101 0.03712 -0.001156 0.526116 -2.390504 -0.005693 0.015292 -0.0303 0.004579 0.011487 0.006574 -0.011774 -0.000167 -0.039853 -0.012811
0.067317 0.036346 -0.001455 0.537141 -2.408556 -0.040877 -0.103242 0.037823 -0.067295 -0.107266 0.006216 -0.000775 -0.000299 0.011024 -0.018052
0.044551 0.029255 -0.001582 0.58057 -2.455434 0.582191 0.067599 0.407067 0.524376 0.096847 -0.022766 -0.00709 -0.000127 0.043429 -0.046878
0.055489 0.028991 -0.001594 0.610745 -2.462728 -0.036033 -0.001312 -0.012815 -0.038016 -0.001287 0.010937 -0.000264 -1.2e-05 0.030175 -0.007294
0.065034 0.023047 -0.001642 0.663704 -2.45267 -0.561776 -0.123028 0.014461 -0.514823 -0.133446 0.009545 -0.005944 -4.8e-05 0.052959 0.010058
0.049555 0.015921 -0.001688 0.719571 -2.458998 0.216372 -0.000979 -0.041562 0.243628 0.015726 -0.015479 -0.007126 -4.6e-05 0.055867 -0.006328
0.053424 -0.000597 -0.001788 0.724888 -2.462703 0.241842 0.120883 -0.008833 0.161616 0.114608 0.003869 -0.016518 -0.0001 0.005317 -0.003705
0.041316 -0.030882 -0.001854 0.694051 -2.342257 -0.032979 -0.000776 -0.011141 -0.035003 -0.000792 -0.012107 -0.030285 -6.6e-05 -0.030837 0.120445
0.040004 -0.012612 -0.002153 0.739996 -1.979586 0.29169 0.322367 -0.057912 0.306769 0.314298 -0.001312 0.018271 -0.0003 0.045945 0.362671
0.045264 -0.001813 -0.00242 0.741408 -1.781074 -0.056119 -0.195904 0.153639 -0.095885 -0.197196 0.005261 0.010799 -0.000267 0.001412 0.198513
0.044286 -0.004191 -0.002814 0.844803 -1.525892 0.025997 0.010279 0.236768 0.009257 0.004525 -0.000979 -0.002379 -0.000394 0.103394 0.255182
0.049037 -0.010147 -0.003129 1.064193 -1.438244 0.963675 -0.431592 0.142999 1.031545 -0.435413 0.004752 -0.005956 -0.000314 0.21939 0.087648
0.038891 -0.006049 -0.003307 1.108206 -1.252204 0.141081 0.021366 -0.115504 0.139991 0.005849 -0.010146 0.004098 -0.000178 0.044013 0.18604
0.038596 -0.002782 -0.003401 1.093473 -1.174093 0.049918 -0.02422 -0.019163 0.075818 -0.048492 -0.000295 0.003267 -9.4e-05 -0.014733 0.078111
0.040562 -0.007554 -0.003482 1.106363 -1.077377 0.122955 0.251491 -0.061556 0.073566 0.33772 0.001965 -0.004772 -8.1e-05 0.01289 0.096716
0.038134 -0.010594 -0.003519 1.107326 -0.985637 0.038405 0.002985 0.039628 -0.019272 0.028747 -0.002428 -0.00304 -3.7e-05 0.000964 0.091739
0.035829 -0.012993 -0.003604 1.107729 -0.846847 -0.001875 -0.040861 0.071029 -0.007357 -0.054299 -0.002305 -0.002399 -8.5e-05 0.000402 0.138791
0.02693 -0.026247 -0.003597 1.09349 -0.541448 0.023509 0.002596 0.021934 0.033129 -0.003547 -0.008899 -0.013254 7e-06 -0.014239 0.305399
0.007148 -0.039241 -0.003501 1.114935 -0.34233 0.019246 0.024655 0.003031 0.030158 0.036407 -0.019782 -0.012994 9.6e-05 0.021445 0.199118
-0.003551 -0.035733 -0.003309 1.073304 -0.112678 -0.025102 -0.114638 -0.025159 0.02287 -0.174462 -0.010699 0.003508 0.000192 -0.04163 0.229652
0.015458 -0.067188 -0.003019 0.960973 0.154921 -1.94755 0.172653 -0.49648 -1.981169 0.18602 0.019009 -0.031455 0.000289 -0.112332 0.2676
0.023463 -0.081129 -0.003066 0.731151 0.231892 1.899265 -0.040936 0.168014 1.902649 -0.047902 0.008005 -0.013941 -4.7e-05 -0.229822 0.076971
0.02301 -0.064653 -0.003103 0.488544 0.403496 -1.940773 0.042848 -0.178156 -1.948122 0.049542 -0.000453 0.016476 -3.7e-05 -0.242607 0.171604
0.005192 -0.065372 -0.003075 0.459985 0.378836 -0.019387 0.001117 -0.004443 -0.021349 0.000971 -0.017818 -0.000719 2.8e-05 -0.02856 -0.02466
0.018566 -0.08094 -0.003083 0.44485 0.331344 -0.018465 0.001222 -0.004024 -0.02041 0.00107 0.013374 -0.015568 -8e-06 -0.015134 -0.047492
0.015542 -0.077887 -0.003069 0.418626 0.315518 -0.017533 0.001326 -0.003605 -0.019461 0.001167 -0.003024 0.003053 1.4e-05 -0.026224 -0.015826
-0.003709 -0.07407 -0.003047 0.511643 0.355537 -0.016593 0.001428 -0.003186 -0.018503 0.001263 -0.019251 0.003816 2.1e-05 0.093017 0.040019
-0.011178 -0.072192 -0.003032 0.60835 0.487366 -0.015645 0.001528 -0.002767 -0.017534 0.001358 -0.007468 0.001878 1.5e-05 0.096707 0.131829
-0.015716 -0.0806 -0.003034 0.802258 0.652263 1.55844 -0.187021 0.627545 1.65783 -0.189718 -0.004538 -0.008408 -2e-06 0.193908 0.164896
-0.025993 -0.076282 -0.003026 0.897885 0.666223 0.157378 -0.047999 -0.122243 0.173371 -0.037024 -0.010277 0.004318 9e-06 0.095627 0.013961
-0.022301 -0.076603 -0.002966 0.795136 0.663088 -0.196269 0.755191 -0.396845 -0.278918 0.768187 0.003692 -0.000321 6e-05 -0.102749 -0.003135
-0.017866 -0.071468 -0.002952 0.711779 0.491503 -0.07663 -0.124406 -0.238749 -0.096584 -0.128368 0.004435 0.005136 1.3e-05 -0.083357 -0.171585
-0.017971 -0.067874 -0.002949 0.479756 0.423989 -1.506613 -0.386675 0.122738 -1.528486 -0.404912 -0.000105 0.003593 3e-06 -0.232023 -0.067514
-0.015702 -0.056096 -0.002963 0.322877 0.306973 1.609594 0.186528 -0.296805 1.631467 0.205437 0.002269 0.011778 -1.3e-05 -0.156879 -0.117016
-0.017384 -0.039628 -0.002964 0.322675 0.251906 -0.253614 0.274849 0.102173 -0.215473 0.30184 -0.001682 0.016468 -1e-06 -0.000202 -0.055068
-0.0182 -0.039635 -0.002962 0.398129 0.241508 -1.382262 -0.454818 0.195127 -1.447398 -0.501327 -0.000816 -7e-06 2e-06 0.075454 -0.010397
-0.021236 -0.042505 -0.002863 0.505769 0.402957 1.320795 -0.096078 0.266221 1.383778 -0.119308 -0.003036 -0.00287 9.9e-05 0.10764 0.161448
-0.022873 -0.051483 -0.002848 0.64653 0.513133 0.508145 -0.032608 0.057368 0.611709 -0.011566 -0.001637 -0.008978 1.5e-05 0.140761 0.110177
-0.027176 -0.064042 -0.002441 0.738897 0.428592 -1.845988 0.13602 -0.319321 -2.01736 0.137569 -0.004303 -0.012559 0.000407 0.092368 -0.084541
-0.032203 -0.074707 -0.001836 0.773523 0.23729 1.604772 -0.160162 0.32683 1.696114 -0.158118 -0.005028 -0.010665 0.000605 0.034626 -0.191302
-0.024749 -0.076493 -0.001468 0.829002 -0.003123 -0.303693 -0.075779 0.03605 -0.334751 -0.076933 0.007454 -0.001786 0.000368 0.055479 -0.240413
-0.027483 -0.076221 -0.001462 0.810228 -0.522528 -0.432357 0.245896 -0.05325 -0.426577 0.255947 -0.002734 0.000272 6e-06 -0.018774 -0.519406
-0.031858 -0.058271 -0.001377 0.841804 -0.95745 -0.876685 0.000959 -0.298073 -0.948655 -0.010875 -0.004375 0.017949 8.6e-05 0.031576 -0.434922
-0.050683 -0.042335 -0.001283 0.912955 -1.19856 0.294772 -0.092009 0.570829 0.244248 -0.128169 -0.018825 0.015937 9.4e-05 0.07115 -0.24111
-0.053533 -0.037169 -0.00127 0.975807 -1.532165 -0.051494 0.010458 0.035933 -0.049575 0.009887 -0.00285 0.005165 1.3e-05 0.062853 -0.333605
-0.057763 -0.024002 -0.0014 1.039696 -1.767523 -0.049407 0.159321 -0.077322 -0.04077 0.196933 -0.00423 0.013167 -0.00013 0.063889 -0.235358
-0.055357 -0.017871 -0.00157 1.067402 -1.949046 -0.053231 -0.004264 0.017357 -0.066371 -0.02907 0.002406 0.006131 -0.00017 0.027706 -0.181522
-0.058332 -0.012127 -0.001722 1.091704 -1.996463 -0.016803 0.008431 0.014076 -0.015067 0.020505 -0.002975 0.005744 -0.000153 0.024302 -0.047417
-0.059862 -0.013451 -0.001852 1.085936 -2.001986 0.000955 -0.038696 -0.004361 0.007929 -0.050198 -0.001529 -0.001325 -0.000129 -0.005768 -0.005523
-0.060235 -0.004361 -0.001912 1.047375 -2.01629 0.001043 -0.06333 -0.034236 -0.003975 -0.055607 -0.000373 0.009091 -6.1e-05 -0.038561 -0.014304
-0.06237 -0.003217 -0.001954 1.028628 -2.025826 -0.005749 0.114624 0.084009 0.016087 0.113615 -0.002135 0.001144 -4.1e-05 -0.018747 -0.009536
-0.062458 0.000493 -0.001965 1.03267 -2.022705 -0.005661 -0.104761 -0.039954 -0.019709 -0.121348 -8.8e-05 0.00371 -1.1e-05 0.004042 0.003121
-0.065901 0.000497 -0.001968 1.017867 -2.099368 -0.098686 0.019958 -0.028446 -0.106723 0.018848 -0.003443 4e-06 -3e-06 -0.014803 -0.076663
-0.064115 0.000712 -0.001991 0.992418 -2.158091 -0.014513 0.008187 -0.031947 -0.016759 0.012975 0.001786 0.000215 -2.4e-05 -0.025449 -0.058723
-0.068229 0.00118 -0.001998 0.96357 -2.253008 0.013913 0.040636 -0.053182 0.02852 0.062964 -0.004114 0.000469 -6e-06 -0.028847 -0.094917
-0.063826 -0.00216 -0.002025 0.935833 -2.338507 0.003335 0.01795 -0.061644 0.011751 0.020518 0.004403 -0.00334 -2.7e-05 -0.027737 -0.085499
-0.060397 -0.005223 -0.002028 0.888884 -2.396498 -0.065087 0.01144 -0.081779 -0.073436 0.012613 0.003428 -0.003063 -3e-06 -0.046949 -0.057991
-0.045506 -0.007311 -0.002042 0.822551 -2.433412 -0.172454 -0.20792 -0.06212 -0.158346 -0.184162 0.014892 -0.002088 -1.4e-05 -0.066333 -0.036915
-0.029722 -0.0114 -0.002069 0.770645 -2.455972 0.070237 0.170714 -0.082064 0.03195 0.152705 0.015784 -0.004089 -2.7e-05 -0.051906 -0.022559
-0.017385 -0.016451 -0.002111 0.752626 -2.416991 0.012044 0.046569 -0.03556 0.020683 0.037448 0.012337 -0.005051 -4.2e-05 -0.018019 0.038981
-0.019689 -0.017265 -0.002152 0.724575 -2.434005 0.01039 -0.045917 -0.023898 0.011621 -0.061756 -0.002304 -0.000814 -4.1e-05 -0.028051 -0.017014
-0.017797 -0.019024 -0.0022 0.707288 -2.435297 -0.019748 -0.043391 -0.020104 -0.019059 -0.047423 0.001892 -0.001759 -4.9e-05 -0.017287 -0.001292
-0.018489 -0.033919 -0.002406 0.695139 -2.434129 -0.017614 0.004395 -0.012338 -0.015388 0.007505 -0.000691 -0.014895 -0.000206 -0.012149 0.001168
-0.014737 -0.026747 -0.002543 0.678241 -2.433693 -0.016288 -0.017516 -0.013112 -0.017474 -0.019532 0.003752 0.007172 -0.000137 -0.016899 0.000436
-0.01324 -0.026125 -0.002621 0.668646 -2.437385 -0.014437 0.004283 -0.005898 -0.014213 0.00949 0.001497 0.000622 -7.7e-05 -0.009595 -0.003692
-0.01568 -0.026232 -0.00267 0.663909 -2.439579 -0.012484 -0.006869 -0.000595 -0.010758 -0.012198 -0.00244 -0.000107 -5e-05 -0.004737 -0.002194
-0.027911 -0.054834 -0.002698 0.661173 -2.448998 -0.003945 0.009537 -0.005229 -0.000562 0.015038 -0.012231 -0.028602 -2.8e-05 -0.002736 -0.00942
-0.032665 -0.066531 -0.0027 0.648228 -2.452598 -0.004134 -0.005374 -0.007564 -0.004291 -0.006225 -0.004754 -0.011698 -2e-06 -0.012946 -0.0036
-0.037549 -0.046246 -0.002719 0.637905 -2.462036 -0.011084 0.007401 -0.006734 -0.010684 0.011676 -0.004883 0.020286 -1.8e-05 -0.010323 -0.009438
-0.037618 -0.040225 -0.002759 0.642897 -2.473916 -0.011863 0.010524 -0.008131 -0.009189 0.008465 -6.9e-05 0.00602 -4e-05 0.004992 -0.01188
-0.034531 -0.040172 -0.002791 0.614629 -2.470009 -0.005218 0.026329 -0.023807 -0.00531 0.035935 0.003087 5.3e-05 -3.2e-05 -0.028268 0.003907
-0.033182 -0.043079 -0.002852 0.57669 -2.466635 0.042742 0.063333 -0.039218 0.058063 0.072757 0.001349 -0.002907 -6.1e-05 -0.03794 0.003375
-0.01998 -0.05324 -0.002986 0.572573 -2.448706 0.732858 0.009336 0.337609 0.743058 0.002407 0.013202 -0.010161 -0.000134 -0.004116 0.017928
-0.002657 -0.047294 -0.002997 0.540606 -2.469709 -1.156138 0.040921 -0.215515 -1.090689 0.072086 0.017323 0.005946 -1.1e-05 -0.031967 -0.021003
-0.002651 -0.053578 -0.003007 0.498242 -2.476023 0.158847 -0.360381 -0.006257 0.101309 -0.378892 6e-06 -0.006284 -1e-05 -0.042364 -0.006314
-0.006095 -0.052333 -0.003092 0.491541 -2.484867 -0.005568 0.193632 -0.171472 -0.049087 0.191826 -0.003444 0.001245 -8.5e-05 -0.006701 -0.008844
-0.006815 -0.052053 -0.003386 0.485375 -2.486099 0.193521 0.341478 -0.082703 0.218394 0.363616 -0.00072 0.00028 -0.000294 -0.006166 -0.001232
-0.006784 -0.050877 -0.003419 0.471072 -2.534126 0.072211 0.06304 0.006438 0.07378 0.055306 3.1e-05 0.001176 -3.3e-05 -0.014303 -0.048027
2.2e-05 -0.043993 -0.003461 0.46766 -2.551077 -0.026277 -0.043648 -0.003242 -0.045446 -0.04805 0.006806 0.006884 -4.2e-05 -0.003413 -0.01695
0.00876 -0.04221 -0.003522 0.479548 -2.539041 0.004978 -0.020937 0.015123 0.00549 -0.026503 0.008738 0.001783 -6.1e-05 0.011889 0.012036
0.013486 -0.042883 -0.003591 0.484659 -2.523059 -0.003802 0.00375 0.000467 -0.00053 0.004725 0.004726 -0.000673 -7e-05 0.005111 0.015982
0.018863 -0.04139 -0.003613 0.49663 -2.502154 -0.007757 -0.018231 0.017409 -0.007683 -0.026205 0.005377 0.001493 -2.1e-05 0.011972 0.020905
0.023307 -0.03912 -0.003687 0.497025 -2.500116 0.016472 -0.00866 0.000154 0.019474 -0.005203 0.004444 0.00227 -7.4e-05 0.000395 0.002038
0.021242 -0.039212 -0.003687 0.502973 -2.469648 0.001595 -0.013443 0.016967 0.002652 -0.017312 -0.002065 -9.2e-05 -0.0 0.005948 0.030468
0.021799 -0.039212 -0.003695 0.507167 -2.467321 0.006263 0.020527 -0.003769 0.010422 0.024706 0.000557 1e-06 -8e-06 0.004194 0.002326
0.036678 -0.041456 -0.003697 0.517391 -2.460452 -0.00292 0.004234 -0.001369 -0.001852 0.002201 0.01488 -0.002244 -2e-06 0.010223 0.006869
0.042663 -0.043302 -0.003709 0.519966 -2.462017 -0.007944 -0.010206 0.002859 -0.012607 -0.010308 0.005985 -0.001846 -1.2e-05 0.002576 -0.001565
0.045306 -0.044037 -0.00372 0.526522 -2.452629 0.00076 -0.008167 -0.004086 0.001094 -0.008805 0.002643 -0.000735 -1.2e-05 0.006556 0.009388
0.046296 -0.044398 -0.003756 0.528479 -2.45417 0.023819 0.035576 0.004978 0.03053 0.042298 0.00099 -0.000361 -3.5e-05 0.001957 -0.00154
0.049095 -0.036492 -0.003765 0.530868 -2.455389 -0.009027 -0.032446 -0.003441 -0.016398 -0.039344 0.002799 0.007906 -9e-06 0.002389 -0.001219
0.045488 -0.035573 -0.003769 0.533417 -2.45343 0.050578 -0.052661 -0.015939 0.047103 -0.052996 -0.003607 0.000919 -4e-06 0.002549 0.001959
0.040489 -0.038768 -0.003773 0.53193 -2.421178 0.135505 -0.123021 -0.013362 0.150905 -0.116931 -0.005 -0.003195 -4e-06 -0.001487 0.032252
0.037897 -0.036882 -0.00379 0.571813 -2.243891 0.150607 -0.12276 -0.005539 0.159372 -0.128373 -0.002592 0.001886 -1.8e-05 0.039883 0.177286
0.030732 -0.040967 -0.004031 0.629456 -1.929362 1.483225 0.208514 0.897482 1.514906 0.196601 -0.007165 -0.004085 -0.00024 0.057643 0.31453
0.045072 -0.02757 -0.004256 0.731679 -1.575235 -0.751531 0.126966 -0.668997 -0.777009 0.180477 0.01434 0.013397 -0.000225 0.102223 0.354127
0.026644 -0.038504 -0.004385 0.87167 -1.294342 0.888122 -0.11759 0.720106 0.919111 -0.171177 -0.018428 -0.010934 -0.000129 0.139991 0.280893
0.022743 -0.029248 -0.004376 1.23087 -0.65886 0.070606 0.004677 0.026185 0.073537 0.004654 -0.003901 0.009256 9e-06 0.3592 0.635481
-0.010749 -0.003159 -0.004049 1.455138 -0.237413 0.072157 0.004668 0.026605 0.075208 0.004655 -0.033492 0.026089 0.000327 0.224268 0.421447
-0.012073 -0.004251 -0.003436 1.50921 -0.095251 1.49235 0.049698 0.476633 1.550609 0.054909 -0.001324 -0.001092 0.000613 0.054072 0.142162
-0.003877 -0.007472 -0.002319 1.538655 0.037391 0.105153 -0.275737 0.196416 0.14259 -0.302487 0.008196 -0.00322 0.001117 0.029445 0.132642
-0.006704 -0.012937 -0.0011 1.582913 0.179983 0.225171 0.229069 0.190852 0.212801 0.250662 -0.002827 -0.005465 0.001219 0.044258 0.142592
-0.007243 -0.054821 -0.000117 1.583212 0.348873 0.004165 -0.036799 -0.077706 0.008033 -0.047213 -0.000538 -0.041884 0.000983 0.000298 0.16889
0.00384 -0.037128 0.000266 1.61957 0.44127 0.000588 0.044597 -0.034489 -0.003647 0.049136 0.011082 0.017693 0.000383 0.036359 0.092397
-0.005531 -0.043734 0.000408 1.606168 0.493413 0.089003 0.020235 -0.006357 0.091813 0.019267 -0.009371 -0.006606 0.000142 -0.013402 0.052142
0.000417 -0.031398 0.000421 1.618936 0.501544 0.086148 -0.176302 0.055164 0.106382 -0.185197 0.005948 0.012335 1.3e-05 0.012768 0.008131
0.002123 -0.030099 0.000467 1.624514 0.509084 0.038602 0.022768 0.031186 0.043147 0.007907 0.001706 0.001299 4.6e-05 0.005579 0.00754
0.003978 -0.027591 0.000494 1.634458 0.495924 0.040537 0.010938 -0.012944 0.044345 0.013058 0.001855 0.002508 2.7e-05 0.009944 -0.01316
0.002791 -0.026852 0.000537 1.630576 0.493286 -0.029643 0.098102 -0.031018 -0.034606 0.11408 -0.001187 0.000739 4.3e-05 -0.003882 -0.002639
0.000697 -0.026617 0.00058 1.637565 0.485988 -0.014892 0.032915 -0.01203 -0.019584 0.037866 -0.002095 0.000235 4.3e-05 0.006989 -0.007297
0.007249 -0.028183 0.000627 1.63708 0.485767 -0.013749 0.019864 0.004112 -0.012305 0.022539 0.006552 -0.001566 4.7e-05 -0.000485 -0.000222
0.006778 -0.018162 0.000678 1.633032 0.503297 0.00393 0.043499 -0.041603 -0.006185 0.048991 -0.000471 0.010021 5.1e-05 -0.004048 0.017531
0.006891 -0.012015 0.000683 1.621662 0.500927 -0.000989 0.00056 -0.003548 -0.001274 0.00185 0.000113 0.006147 6e-06 -0.01137 -0.00237
0.004526 -0.009156 0.000736 1.622722 0.511757 -0.001966 0.031102 -0.029039 -0.010505 0.030305 -0.002365 0.002858 5.3e-05 0.00106 0.01083
0.009676 -0.004026 0.000792 1.622175 0.528271 0.004964 0.007422 0.006146 0.005366 0.007468 0.005149 0.00513 5.6e-05 -0.000547 0.016514
0.007248 0.000614 0.0008 1.623346 0.524158 -0.004122 -0.032593 0.006689 -0.002605 -0.033916 -0.002428 0.00464 7e-06 0.001171 -0.004112
0.012974 0.000435 0.000883 1.614797 0.506194 -0.007267 -0.009401 0.001758 -0.006073 -0.008558 0.005726 -0.000179 8.3e-05 -0.00855 -0.017965
0.009961 0.011884 0.000907 1.618797 0.490969 0.008622 -0.001889 0.010175 0.008791 -0.001495 -0.003013 0.011449 2.4e-05 0.004001 -0.015224
0.007603 0.021889 0.000945 1.622605 0.495238 -0.00861 0.014151 0.003471 -0.008451 0.014781 -0.002359 0.010006 3.9e-05 0.003807 0.004269
0.000703 0.021735 0.001059 1.616687 0.470647 0.002761 -0.001305 -0.030944 -0.003193 0.000642 -0.0069 -0.000154 0.000114 -0.005917 -0.024592
0.002168 0.021589 0.001078 1.619196 0.473535 -0.011089 0.001309 0.016757 -0.008748 0.003319 0.001466 -0.000146 1.8e-05 0.002508 0.002888
0.003949 0.020888 0.001086 1.615672 0.470811 -0.002355 -0.002712 -0.016354 -0.002982 -0.006304 0.00178 -0.000701 9e-06 -0.003524 -0.002725
0.003055 0.030604 0.001149 1.61648 0.473737 0.004665 -0.002046 0.025177 0.007051 -0.000927 -0.000893 0.009716 6.3e-05 0.000808 0.002926
0.003009 0.032117 0.00115 1.617001 0.483711 -0.003155 0.007577 -0.003959 -0.005931 0.007375 -4.6e-05 0.001513 0.0 0.000521 0.009974
0.001572 0.033271 0.001162 1.620979 0.478991 0.004196 0.009533 -0.013753 0.005344 0.009991 -0.001437 0.001155 1.2e-05 0.003977 -0.00472
0.001186 0.03459 0.001198 1.622202 0.47701 -0.000417 0.038639 -0.012472 -0.001336 0.037922 -0.000386 0.001319 3.5e-05 0.001224 -0.001981
0.001901 0.031418 0.001209 1.622951 0.47585 0.002025 -0.04013 0.020605 0.00786 -0.039287 0.000715 -0.003172 1.2e-05 0.000749 -0.00116
0.00194 0.030013 0.001311 1.628247 0.482339 -0.02205 0.031049 -0.020934 -0.031873 0.031997 3.9e-05 -0.001405 0.000102 0.005295 0.006489
0.002256 0.025427 0.001495 1.628152 0.451913 -0.002839 0.010713 -0.010858 -0.002985 0.01421 0.000316 -0.004586 0.000183 -9.4e-05 -0.030426
]