08-11-20_Linda_4KDepth.black_lion_above_grey_bed.0000000003 [ 5.175525 15.253121 8.990562 29.776078 13.997698 42.641115 16.197884 46.241581 15.796447 46.612209 14.360934 45.893162 -6.620744 13.115472 -7.764792 27.254623 -6.541589 38.266081 -7.05972 42.338365 -5.53914 41.651273 -4.856759 40.703487 21.335587 4.960936 0.0 0.0 0.0 0.0 0.0 0.0 0.0 0.0 0.0 0.0 0.0 0.0 0.0 0.0 0.0 0.0 0.0 0.0 0.0 0.0 0.0 0.0 0.0 0.0 0.0 0.0
5.371553 14.773461 8.892989 29.290816 13.530439 42.258337 15.762138 45.772645 15.292126 46.13997 13.90003 45.466527 -6.196371 12.920129 -7.300821 27.087697 -6.452498 38.710484 -7.157785 42.76301 -5.607507 42.244402 -4.904962 41.255739 20.899633 3.895569 0.196028 -0.479659 -0.097573 -0.485262 -0.467259 -0.382778 -0.435746 -0.468937 -0.504321 -0.472239 -0.460905 -0.426635 0.424373 -0.195342 0.463971 -0.166926 0.089091 0.444403 -0.098065 0.424644 -0.068367 0.593129 -0.048202 0.552252 -0.435954 -1.065367
5.427492 14.890918 8.964682 29.202864 13.741755 42.259315 15.958267 45.749405 15.440792 46.163705 14.029729 45.44737 -6.073409 12.95042 -7.191721 27.118376 -6.321618 38.838854 -7.029203 42.790505 -5.505937 42.241314 -4.832986 41.243097 20.946729 3.922391 0.055939 0.117457 0.071692 -0.087953 0.211316 0.000978 0.196129 -0.02324 0.148666 0.023735 0.1297 -0.019157 0.122961 0.030291 0.1091 0.030679 0.13088 0.128371 0.128582 0.027496 0.101569 -0.003088 0.071976 -0.012642 0.047097 0.026822
5.256885 14.885804 8.979422 29.092517 13.87459 42.358366 15.941483 45.956519 15.587866 46.514669 14.226198 45.711151 -6.067044 12.943843 -7.27098 27.059212 -6.18903 38.653305 -6.750101 42.587969 -5.306339 42.072174 -4.689246 41.069707 20.894206 4.442495 -0.170606 -0.005114 0.01474 -0.110346 0.132835 0.099051 -0.016785 0.207114 0.147074 0.350964 0.196469 0.26378 0.006366 -0.006577 -0.079259 -0.059164 0.132588 -0.185549 0.279102 -0.202537 0.199598 -0.16914 0.14374 -0.17339 -0.052524 0.520104
5.293632 14.712122 9.163988 28.969023 14.103121 42.600539 16.180474 46.155885 15.838331 46.890554 14.46895 46.128592 -6.01953 12.813535 -7.288337 26.98116 -6.150708 38.546279 -6.673691 42.394122 -5.207339 41.902611 -4.61953 40.975526 21.04567 4.987943 0.036746 -0.173682 0.184566 -0.123495 0.22853 0.242174 0.238991 0.199366 0.250465 0.375885 0.242752 0.417441 0.047514 -0.130308 -0.017357 -0.078052 0.038323 -0.107026 0.07641 -0.193846 0.099 -0.169563 0.069717 -0.094181 0.151464 0.545448
5.304754 14.55718 9.089082 28.744301 13.951975 42.341021 15.988284 45.929447 15.644497 46.660998 14.298272 45.876434 -6.035417 12.647301 -7.296985 26.780972 -6.099612 38.474819 -6.570596 42.339328 -5.144075 41.791913 -4.565215 40.790614 20.788571 4.869086 0.011122 -0.154942 -0.074905 -0.224721 -0.151145 -0.259519 -0.192189 -0.226438 -0.193834 -0.229555 -0.170678 -0.252157 -0.015888 -0.166234 -0.008649 -0.200188 0.051096 -0.07146 0.103095 -0.054795 0.063264 -0.110698 0.054315 -0.184911 -0.257099 -0.118858
5.351657 14.630502 9.017062 28.794539 13.802785 42.321843 15.852988 45.921588 15.516108 46.594131 14.158839 45.820177 -6.058767 12.766162 -7.396987 26.978898 -6.226316 38.595098 -6.742167 42.492443 -5.261746 41.874474 -4.667822 40.879571 20.777854 4.719657 0.046903 0.073323 -0.07202 0.050238 -0.14919 -0.019178 -0.135297 -0.007859 -0.128388 -0.066867 -0.139433 -0.056258 -0.02335 0.118861 -0.100002 0.197926 -0.126705 0.120279 -0.171572 0.153115 -0.117671 0.082561 -0.102606 0.088957 -0.010717 -0.149429
5.292606 14.547077 8.992422 28.681597 13.737464 42.069879 15.756035 45.677027 15.420401 46.287754 14.071482 45.517501 -6.116888 12.76415 -7.475406 26.917943 -6.287411 38.571838 -6.758273 42.525008 -5.257267 41.909942 -4.680601 40.893444 20.677668 4.377812 -0.05905 -0.083426 -0.024641 -0.112942 -0.065321 -0.251964 -0.096953 -0.244561 -0.095707 -0.306377 -0.087357 -0.302675 -0.05812 -0.002012 -0.078419 -0.060955 -0.061095 -0.023261 -0.016105 0.032565 0.004479 0.035468 -0.012779 0.013873 -0.100186 -0.341845
5.443805 14.69821 9.019756 28.771469 13.806552 42.096123 15.871 45.707998 15.544397 46.297547 14.177132 45.549604 -6.122509 12.770319 -7.54486 26.84494 -6.395701 38.714901 -6.93472 42.716226 -5.377418 42.068109 -4.779059 41.060528 20.921814 4.229438 0.151199 0.151134 0.027335 0.089872 0.069088 0.026244 0.114965 0.030971 0.123996 0.009793 0.105649 0.032103 -0.005621 0.006169 -0.069454 -0.073004 -0.10829 0.143063 -0.176448 0.191218 -0.120151 0.158167 -0.098458 0.167084 0.244147 -0.148374
5.413628 14.565921 9.022099 28.654969 13.808668 41.896158 15.872031 45.514005 15.55745 46.035403 14.187914 45.315278 -6.084299 12.648565 -7.497317 26.734424 -6.386232 38.549232 -6.945893 42.54021 -5.370605 41.914886 -4.764774 40.908021 20.928055 4.120517 -0.030178 -0.13229 0.002342 -0.1165 0.002116 -0.199965 0.001031 -0.193992 0.013053 -0.262144 0.010782 -0.234327 0.03821 -0.121754 0.047544 -0.110516 0.009468 -0.165668 -0.011173 -0.176015 0.006813 -0.153223 0.014284 -0.152507 0.006241 -0.108922
5.420643 14.575687 9.02369 28.665581 13.7995 41.952202 15.85713 45.54306 15.554863 46.100083 14.193243 45.377359 -6.072429 12.689295 -7.484636 26.815781 -6.371251 38.683721 -6.92645 42.688116 -5.368274 42.023531 -4.76113 40.991929 20.923138 4.076552 0.007015 0.009766 0.001591 0.010613 -0.009167 0.056043 -0.014901 0.029054 -0.002587 0.06468 0.005329 0.062081 0.01187 0.040731 0.012681 0.081357 0.014982 0.134489 0.019443 0.147906 0.002331 0.108644 0.003645 0.083908 -0.004917 -0.043964
5.440933 14.543271 9.025747 28.563589 13.780135 41.818541 15.837532 45.436692 15.547287 46.002072 14.181334 45.277041 -6.024858 12.658101 -7.423517 26.617122 -6.284177 38.551891 -6.845278 42.619479 -5.274028 41.957408 -4.664576 40.928799 20.821315 4.044664 0.020289 -0.032416 0.002056 -0.101992 -0.019366 -0.13366 -0.019598 -0.106367 -0.007576 -0.098011 -0.011909 -0.100318 0.04757 -0.031194 0.061119 -0.198659 0.087073 -0.131831 0.081173 -0.068638 0.094247 -0.066122 0.096554 -0.06313 -0.101823 -0.031888
5.338448 14.490214 8.883393 28.528801 13.68252 41.746977 15.724939 45.35782 15.540439 45.960811 14.185983 45.239416 -5.995986 12.602952 -7.236132 26.574329 -6.146115 38.452145 -6.703335 42.532715 -5.183583 41.881117 -4.580799 40.826836 20.724022 4.079694 -0.102484 -0.053057 -0.142354 -0.034788 -0.097615 -0.071564 -0.112593 -0.078872 -0.006849 -0.041261 0.004649 -0.037625 0.028872 -0.055149 0.187385 -0.042793 0.138062 -0.099745 0.141943 -0.086764 0.090444 -0.076291 0.083777 -0.101963 -0.097293 0.03503
5.349022 14.466551 8.879381 28.521803 13.663137 41.732708 15.706193 45.336983 15.51401 45.929274 14.15289 45.204249 -5.978361 12.601987 -7.188269 26.573029 -6.100798 38.439324 -6.677032 42.533419 -5.147049 41.89823 -4.535374 40.850595 20.661059 4.031044 0.010574 -0.023663 -0.004011 -0.006998 -0.019383 -0.014269 -0.018746 -0.020838 -0.026429 -0.031537 -0.033092 -0.035167 0.017625 -0.000966 0.047863 -0.001299 0.045317 -0.012821 0.026304 0.000703 0.036535 0.017112 0.045425 0.023758 -0.062963 -0.048649
5.330956 14.364988 8.860034 28.429496 13.633633 41.653043 15.678215 45.226514 15.473241 45.817792 14.114273 45.090634 -5.957669 12.502003 -7.270512 26.591283 -6.131425 38.387454 -6.669593 42.460686 -5.154201 41.81388 -4.552862 40.759158 20.627442 4.003912 -0.018066 -0.101563 -0.019348 -0.092307 -0.029504 -0.079665 -0.027978 -0.110468 -0.04077 -0.111482 -0.038618 -0.113615 0.020692 -0.099984 -0.082242 0.018254 -0.030628 -0.051871 0.007439 -0.072733 -0.007153 -0.08435 -0.017488 -0.091437 -0.033617 -0.027132
5.332279 14.300171 8.81229 28.409532 13.54416 41.588894 15.59059 45.129672 15.374035 45.696589 14.02036 44.951257 -5.938074 12.485814 -7.292184 26.660368 -6.175658 38.428566 -6.713933 42.469808 -5.205783 41.794798 -4.600397 40.71925 20.579818 3.901792 0.001323 -0.064817 -0.047743 -0.019965 -0.089473 -0.064149 -0.087625 -0.096843 -0.099206 -0.121203 -0.093913 -0.139377 0.019595 -0.016189 -0.021672 0.069085 -0.044233 0.041112 -0.04434 0.009122 -0.051582 -0.019082 -0.047535 -0.039908 -0.047624 -0.102121
5.314606 14.338928 8.872885 28.570789 13.541079 41.866636 15.554726 45.412952 15.318573 46.001947 13.97028 45.204073 -5.934277 12.514403 -7.383877 26.792651 -6.264323 38.452762 -6.759548 42.470992 -5.302677 41.786534 -4.714742 40.698135 20.621249 4.215413 -0.017673 0.038758 0.060594 0.161257 -0.003082 0.277743 -0.035864 0.28328 -0.055462 0.305358 -0.05008 0.252816 0.003797 0.028589 -0.091693 0.132284 -0.088665 0.024197 -0.045615 0.001183 -0.096893 -0.008264 -0.114346 -0.021115 0.041431 0.313622
5.286962 14.257467 8.839709 28.470671 13.451397 41.908425 15.453547 45.473409 15.200967 46.109605 13.857257 45.304894 -5.907682 12.390471 -7.404053 26.586944 -6.246063 38.374704 -6.745648 42.416447 -5.262479 41.77447 -4.680386 40.681618 20.463446 4.335135 -0.027645 -0.081462 -0.033176 -0.100118 -0.089681 0.041789 -0.101179 0.060457 -0.117606 0.107658 -0.113022 0.100821 0.026596 -0.123933 -0.020176 -0.205708 0.01826 -0.078058 0.0139 -0.054544 0.040197 -0.012064 0.034356 -0.016516 -0.157803 0.119722
5.260199 14.226654 8.800268 28.43729 13.409078 41.796073 15.414923 45.356169 15.158743 45.954749 13.815004 45.160279 -5.967653 12.376443 -7.474896 26.661846 -6.290868 38.401851 -6.787485 42.44853 -5.304402 41.779408 -4.722339 40.682337 20.463145 4.175341 -0.026762 -0.030813 -0.03944 -0.033382 -0.042319 -0.112352 -0.038624 -0.117239 -0.042224 -0.154856 -0.042254 -0.144616 -0.059971 -0.014028 -0.070843 0.074902 -0.044805 0.027147 -0.041837 0.032082 -0.041923 0.004938 -0.041953 0.000718 -0.000301 -0.159794
5.237567 14.12777 8.7538 28.370389 13.437611 41.679224 15.458447 45.232955 15.231377 45.801541 13.877422 45.010379 -6.023258 12.299192 -7.433313 26.692525 -6.267178 38.416579 -6.752461 42.470798 -5.295554 41.783598 -4.70944 40.66492 20.526931 4.017943 -0.022632 -0.098884 -0.046468 -0.0669 0.028533 -0.116849 0.043523 -0.123215 0.072634 -0.153208 0.062418 -0.1499 -0.055605 -0.077251 0.041583 0.030679 0.02369 0.014728 0.035024 0.022268 0.008848 0.00419 0.012898 -0.017416 0.063786 -0.157398
5.205941 14.1958 8.827412 28.419119 13.514322 41.654867 15.512103 45.174611 15.295935 45.727837 13.957787 44.929183 -5.992037 12.315375 -7.518193 26.620662 -6.263268 38.357592 -6.665203 42.440689 -5.186704 41.732067 -4.63616 40.59388 20.482638 3.99577 -0.031626 0.06803 0.073612 0.04873 0.076711 -0.024357 0.053656 -0.058344 0.064558 -0.073704 0.080365 -0.081196 0.031221 0.016183 -0.08488 -0.071862 0.00391 -0.058988 0.087258 -0.030109 0.10885 -0.051531 0.073281 -0.07104 -0.044292 -0.022173
5.252975 14.447451 8.804864 28.532946 13.500339 41.589159 15.528089 45.15534 15.28039 45.639759 13.935053 44.832957 -6.048927 12.35283 -7.597849 26.482582 -6.299299 38.258982 -6.752008 42.389971 -5.185261 41.692591 -4.624563 40.562028 20.465651 3.947169 0.047034 0.251651 -0.022548 0.113827 -0.013983 -0.065708 0.015986 -0.01927 -0.015545 -0.088078 -0.022733 -0.096226 -0.05689 0.037456 -0.079656 -0.13808 -0.036031 -0.09861 -0.086805 -0.050718 0.001442 -0.039476 0.011596 -0.031853 -0.016987 -0.048602
5.200493 14.517629 8.821052 28.588611 13.512629 41.694295 15.538627 45.308536 15.255821 45.820779 13.91775 44.985509 -6.080958 12.353393 -7.663509 26.490384 -6.325012 38.320339 -6.764752 42.463499 -5.222657 41.70692 -4.674855 40.575558 20.478478 4.113859 -0.052482 0.070179 0.016189 0.055665 0.01229 0.105137 0.010538 0.153196 -0.024569 0.181019 -0.017303 0.152552 -0.032032 0.000563 -0.06566 0.007802 -0.025713 0.061357 -0.012743 0.073528 -0.037396 0.014329 -0.050291 0.01353 0.012827 0.16669
5.189037 14.54415 8.810687 28.533861 13.51791 41.483334 15.548825 45.10245 15.256274 45.59876 13.91983 44.763741 -6.075454 12.352753 -7.63582 26.446787 -6.301403 38.274983 -6.753439 42.438534 -5.207983 41.663173 -4.656821 40.521523 20.464256 3.935587 -0.011456 0.026521 -0.010365 -0.05475 0.005281 -0.210962 0.010198 -0.206086 0.000453 -0.222018 0.00208 -0.221768 0.005504 -0.000641 0.027689 -0.043598 0.023609 -0.045356 0.011313 -0.024965 0.014675 -0.043747 0.018033 -0.054035 -0.014222 -0.178272
5.188912 14.498457 8.898509 28.530392 13.624352 41.625461 15.666544 45.25564 15.332699 45.789459 13.983309 44.934842 -6.072015 12.352556 -7.634851 26.478073 -6.304666 38.349649 -6.75132 42.53436 -5.217093 41.745636 -4.662281 40.591392 20.549792 4.043823 -0.000125 -0.045693 0.087821 -0.003469 0.106442 0.142127 0.117719 0.15319 0.076425 0.190699 0.063479 0.171101 0.003439 -0.000197 0.000969 0.031286 -0.003263 0.074667 0.002119 0.095826 -0.009111 0.082463 -0.00546 0.069869 0.085536 0.108236
5.138576 14.468706 9.005606 28.593749 13.698262 41.80485 15.732867 45.34443 15.393203 45.97674 14.066863 45.125216 -6.019154 12.381524 -7.676819 26.6671 -6.345093 38.505495 -6.753352 42.596549 -5.267757 41.808206 -4.726136 40.667671 20.660961 4.168534 -0.050336 -0.029752 0.107098 0.063357 0.07391 0.179389 0.066322 0.08879 0.060505 0.187281 0.083554 0.190374 0.05286 0.028968 -0.041968 0.189027 -0.040427 0.155845 -0.002033 0.062189 -0.050664 0.06257 -0.063854 0.076279 0.111169 0.124711
5.095702 14.456281 8.980334 28.582677 13.731337 41.810229 15.770823 45.372811 15.457821 45.989123 14.124256 45.133027 -6.074521 12.354243 -7.767609 26.642236 -6.330907 38.448736 -6.694654 42.557129 -5.209669 41.722861 -4.676881 40.569934 20.66749 4.266262 -0.042874 -0.012425 -0.025272 -0.011072 0.033075 0.005379 0.037956 0.028381 0.064617 0.012383 0.057393 0.007811 -0.055367 -0.027281 -0.09079 -0.024864 0.014186 -0.056759 0.058699 -0.03942 0.058088 -0.085345 0.049254 -0.097737 0.00653 0.097728
5.211222 14.490759 9.030533 28.569096 13.780135 41.762114 15.816265 45.315707 15.512288 45.913041 14.184451 45.070207 -5.947798 12.396631 -7.61295 26.55654 -6.323475 38.384634 -6.785733 42.47573 -5.302635 41.712004 -4.74056 40.571028 20.814922 4.201037 0.11552 0.034478 0.050199 -0.013581 0.048798 -0.048116 0.045443 -0.057104 0.054467 -0.076082 0.060195 -0.06282 0.126722 0.042388 0.154659 -0.085697 0.007433 -0.064102 -0.091079 -0.081399 -0.092965 -0.010857 -0.063679 0.001094 0.147432 -0.065225
5.194551 14.471853 9.043461 28.534377 13.781065 41.720235 15.795648 45.278943 15.487772 45.855933 14.164406 45.005268 -5.915013 12.388468 -7.593814 26.554888 -6.312093 38.278878 -6.770217 42.338401 -5.29424 41.589326 -4.732153 40.456527 20.782012 4.266608 -0.016671 -0.018907 0.012928 -0.03472 0.00093 -0.041878 -0.020617 -0.036764 -0.024515 -0.057107 -0.020045 -0.064939 0.032786 -0.008163 0.019136 -0.001651 0.011382 -0.105757 0.015515 -0.137329 0.008395 -0.122678 0.008407 -0.114501 -0.032911 0.065571
5.167574 14.45218 8.991283 28.495231 13.732225 41.735217 15.757209 45.306352 15.437233 45.89301 14.103091 45.06202 -5.959392 12.350735 -7.615003 26.507285 -6.332454 38.225159 -6.790456 42.302021 -5.313861 41.549447 -4.751784 40.412411 20.751095 4.343563 -0.026977 -0.019673 -0.052178 -0.039145 -0.04884 0.014982 -0.038439 0.027409 -0.050539 0.037077 -0.061315 0.056753 -0.044379 -0.037733 -0.021189 -0.047603 -0.020361 -0.053719 -0.020239 -0.03638 -0.019622 -0.039878 -0.019631 -0.044116 -0.030917 0.076956
5.126637 14.437351 8.884984 28.487971 13.638175 41.659853 15.660018 45.232907 15.368515 45.806786 14.03504 44.974938 -6.114727 12.352493 -7.735869 26.546493 -6.457299 38.241753 -6.91953 42.320284 -5.424801 41.557273 -4.863715 40.42308 20.793316 4.249513 -0.040936 -0.01483 -0.106299 -0.00726 -0.09405 -0.075364 -0.097191 -0.073445 -0.068718 -0.086224 -0.068051 -0.087082 -0.155336 0.001758 -0.120866 0.039208 -0.124845 0.016594 -0.129074 0.018263 -0.110939 0.007826 -0.111932 0.010669 0.042221 -0.09405
5.126119 14.505953 8.888537 28.500146 13.638091 41.679025 15.663087 45.23952 15.369672 45.832032 14.037204 44.99709 -6.11769 12.349758 -7.7315 26.57125 -6.371373 38.260323 -6.784236 42.342895 -5.316404 41.564763 -4.780683 40.434951 20.686075 4.267269 -0.000519 0.068602 0.003552 0.012174 -8.3e-05 0.019172 0.00307 0.006613 0.001156 0.025246 0.002164 0.022152 -0.002962 -0.002736 0.004369 0.024757 0.085926 0.01857 0.135294 0.022611 0.108397 0.007489 0.083032 0.01187 -0.107241 0.017756
5.204105 14.369589 8.897132 28.401059 13.623804 41.548657 15.647048 45.120794 15.365344 45.69248 14.03566 44.855911 -6.033215 12.298515 -7.60875 26.454437 -6.313732 38.160586 -6.737009 42.267162 -5.255198 41.499698 -4.709822 40.369201 20.620543 4.192781 0.077987 -0.136364 0.008595 -0.099087 -0.014287 -0.130367 -0.01604 -0.118726 -0.004327 -0.139552 -0.001544 -0.14118 0.084475 -0.051242 0.12275 -0.116813 0.057641 -0.099736 0.047228 -0.075734 0.061205 -0.065064 0.070861 -0.06575 -0.065532 -0.074488
5.232561 14.447191 8.875376 28.50115 13.599646 41.612306 15.614891 45.176646 15.345174 45.709166 14.021432 44.883326 -6.002906 12.269971 -7.601714 26.348296 -6.32484 38.131759 -6.783468 42.215607 -5.267072 41.474453 -4.717281 40.363035 20.612246 4.234713 0.028455 0.077602 -0.021756 0.100091 -0.024158 0.063649 -0.032157 0.055853 -0.02017 0.016686 -0.014228 0.027415 0.030309 -0.028545 0.007036 -0.106141 -0.011107 -0.028828 -0.046459 -0.051555 -0.011873 -0.025246 -0.00746 -0.006166 -0.008297 0.041932
5.171204 14.432228 8.835906 28.474355 13.572109 41.599965 15.586376 45.173383 15.326524 45.697886 14.000076 44.873548 -6.024796 12.267768 -7.647392 26.350087 -6.340164 38.148248 -6.788459 42.277032 -5.235708 41.531724 -4.688317 40.408242 20.562232 4.166162 -0.061357 -0.014964 -0.03947 -0.026795 -0.027537 -0.012341 -0.028515 -0.003263 -0.01865 -0.01128 -0.021356 -0.009778 -0.02189 -0.002202 -0.045678 0.001791 -0.015324 0.01649 -0.004992 0.061426 0.031364 0.057271 0.028965 0.045207 -0.050014 -0.068551
5.215293 14.454547 8.896887 28.452453 13.614595 41.515997 15.632415 45.085916 15.363908 45.61452 14.04267 44.794378 -6.042883 12.309983 -7.684323 26.41128 -6.251064 38.301137 -6.640121 42.436829 -5.088738 41.625127 -4.564801 40.488318 20.452645 3.989393 0.04409 0.022319 0.060982 -0.021902 0.042486 -0.083968 0.046039 -0.087467 0.037384 -0.083366 0.042593 -0.07917 -0.018087 0.042215 -0.036931 0.061193 0.0891 0.152889 0.148338 0.159797 0.14697 0.093403 0.123516 0.080076 -0.109586 -0.176769
5.19014 14.506525 8.973724 28.516579 13.660651 41.584748 15.710068 45.112729 15.383339 45.671076 14.056987 44.863492 -5.963686 12.404674 -7.66027 26.483029 -6.285951 38.298851 -6.669062 42.415231 -5.155763 41.612345 -4.623845 40.489352 20.539102 4.058731 -0.025153 0.051978 0.076836 0.064126 0.046057 0.068751 0.077653 0.026813 0.019431 0.056556 0.014317 0.069115 0.079197 0.094691 0.024053 0.071749 -0.034887 -0.002286 -0.028941 -0.021598 -0.067025 -0.012782 -0.059044 0.001034 0.086457 0.069338
5.202848 14.417097 8.963889 28.445855 13.6428 41.50615 15.67989 45.01631 15.378535 45.55507 14.05127 44.766042 -5.962014 12.329167 -7.656586 26.359591 -6.294385 38.189343 -6.705853 42.307344 -5.178073 41.537312 -4.640484 40.418985 20.556608 4.017758 0.012708 -0.089428 -0.009835 -0.070724 -0.017852 -0.078598 -0.030178 -0.096419 -0.004804 -0.116006 -0.005716 -0.097451 0.001672 -0.075507 0.003684 -0.123438 -0.008434 -0.109509 -0.036791 -0.107887 -0.02231 -0.075033 -0.016639 -0.070366 0.017506 -0.040972
5.19231 14.411321 8.957011 28.444013 13.635743 41.505203 15.673888 45.015785 15.357459 45.562109 14.033026 44.767186 -5.965242 12.316465 -7.688269 26.350871 -6.307194 38.189188 -6.712887 42.305717 -5.183676 41.536155 -4.650152 40.417561 20.541134 4.025954 -0.010538 -0.005776 -0.006878 -0.001842 -0.007057 -0.000948 -0.006002 -0.000525 -0.021076 0.007039 -0.018245 0.001144 -0.003228 -0.012702 -0.031683 -0.00872 -0.012809 -0.000155 -0.007033 -0.001627 -0.005603 -0.001156 -0.009668 -0.001425 -0.015473 0.008196
5.184478 14.421886 8.937287 28.467661 13.604701 41.498494 15.627438 45.010459 15.325141 45.558 14.010739 44.751179 -5.968401 12.32968 -7.655564 26.574391 -6.182444 38.517874 -6.505272 42.59122 -5.038467 41.783398 -4.531002 40.621495 20.363608 3.774601 -0.007832 0.010565 -0.019723 0.023648 -0.031042 -0.006709 -0.04645 -0.005326 -0.032318 -0.00411 -0.022286 -0.016007 -0.003159 0.013214 0.032705 0.22352 0.12475 0.328687 0.207615 0.285503 0.145209 0.247243 0.11915 0.203934 -0.177526 -0.251353
5.203617 14.350301 8.871371 28.400034 13.543248 41.459519 15.558648 44.97835 15.274745 45.519239 13.959444 44.714069 -5.967048 12.285626 -7.629126 26.459819 -6.194985 38.423115 -6.559435 42.535406 -5.053446 41.765344 -4.533005 40.606862 20.328191 3.753895 0.019139 -0.071585 -0.065917 -0.067627 -0.061452 -0.038975 -0.06879 -0.032109 -0.050396 -0.038761 -0.051296 -0.03711 0.001353 -0.044054 0.026438 -0.114572 -0.012541 -0.094759 -0.054163 -0.055814 -0.014979 -0.018054 -0.002003 -0.014633 -0.035417 -0.020707
5.242687 14.317691 8.872056 28.383106 13.509095 41.443962 15.513217 44.967622 15.216899 45.505029 13.902521 44.69927 -5.963886 12.259454 -7.621551 26.422429 -6.249329 38.319981 -6.66016 42.446876 -5.1357 41.673762 -4.592153 40.517855 20.352599 3.831267 0.039071 -0.03261 0.000685 -0.016928 -0.034153 -0.015557 -0.045431 -0.010729 -0.057846 -0.01421 -0.056922 -0.0148 0.003162 -0.026172 0.007576 -0.03739 -0.054345 -0.103134 -0.100726 -0.088531 -0.082254 -0.091583 -0.059149 -0.089008 0.024408 0.077373
5.234385 14.267388 8.840132 28.25599 13.485092 41.245279 15.476948 44.819418 15.176529 45.330808 13.863128 44.501606 -5.959961 12.182873 -7.567531 26.257351 -6.264478 38.15355 -6.714147 42.287269 -5.188167 41.549966 -4.626065 40.39115 20.364696 3.780842 -0.008303 -0.050303 -0.031924 -0.127116 -0.024003 -0.198683 -0.036269 -0.148204 -0.04037 -0.174221 -0.039393 -0.197664 0.003925 -0.07658 0.05402 -0.165078 -0.015149 -0.166431 -0.053987 -0.159606 -0.052467 -0.123796 -0.033912 -0.126705 0.012097 -0.050426
5.14546 14.243487 8.771533 28.207144 13.438797 41.217431 15.405107 44.817761 15.110517 45.304373 13.803935 44.449863 -5.981255 12.140879 -7.659888 26.25111 -6.345159 38.155624 -6.765056 42.323074 -5.238092 41.56777 -4.679286 40.382883 20.348608 3.736603 -0.088924 -0.023901 -0.068599 -0.048846 -0.046295 -0.027847 -0.071841 -0.001657 -0.066012 -0.026435 -0.059193 -0.051743 -0.021294 -0.041994 -0.092357 -0.006241 -0.080681 0.002074 -0.050908 0.035805 -0.049925 0.017804 -0.053221 -0.008267 -0.016087 -0.044239
5.150676 14.248633 8.77791 28.207982 13.443476 41.221219 15.411675 44.806582 15.118229 45.300901 13.810998 44.453758 -5.978629 12.140483 -7.673219 26.243216 -6.35173 38.154632 -6.774038 42.324656 -5.235782 41.566896 -4.677051 40.38043 20.354012 3.734004 0.005215 0.005147 0.006378 0.000837 0.004679 0.003788 0.006568 -0.011179 0.007713 -0.003472 0.007063 0.003895 0.002626 -0.000396 -0.013331 -0.007895 -0.006571 -0.000992 -0.008982 0.001583 0.00231 -0.000873 0.002235 -0.002453 0.005403 -0.002599
5.142641 14.267355 8.702111 28.163797 13.336688 41.047674 15.313828 44.660383 15.027994 45.161062 13.733602 44.306225 -6.013373 12.135077 -7.681373 26.241767 -6.3458 38.190073 -6.770793 42.37076 -5.232307 41.587359 -4.689267 40.393555 20.260301 3.573704 -0.008035 0.018722 -0.075799 -0.044185 -0.106788 -0.173545 -0.097847 -0.146198 -0.090235 -0.139838 -0.077397 -0.147533 -0.034744 -0.005406 -0.008154 -0.001448 0.005931 0.035441 0.003245 0.046104 0.003475 0.020462 -0.012216 0.013125 -0.09371 -0.160301
5.117112 14.23834 8.605993 28.082871 13.201892 40.921366 15.146607 44.485831 14.879054 44.967878 13.598102 44.126976 -6.015041 12.168562 -7.729363 26.244521 -6.396985 38.229519 -6.818196 42.420334 -5.261457 41.639072 -4.729018 40.432101 20.140511 3.328806 -0.025529 -0.029016 -0.096118 -0.080925 -0.134796 -0.126308 -0.167221 -0.174552 -0.14894 -0.193185 -0.135499 -0.179249 -0.001669 0.033486 -0.047991 0.002754 -0.051185 0.039446 -0.047404 0.049573 -0.02915 0.051713 -0.03975 0.038546 -0.11979 -0.244898
5.100656 14.285338 8.494818 28.041142 13.06299 40.709728 15.028906 44.253153 14.780003 44.642758 13.493472 43.859625 -6.015372 12.261349 -7.709789 26.312524 -6.367072 38.284427 -6.804428 42.479825 -5.222026 41.709274 -4.690945 40.511876 20.002028 2.933484 -0.016457 0.046998 -0.111175 -0.041729 -0.138903 -0.211638 -0.117701 -0.232679 -0.099051 -0.325119 -0.10463 -0.267351 -0.000331 0.092787 0.019574 0.068003 0.029913 0.054908 0.013769 0.059491 0.039431 0.070202 0.038072 0.079775 -0.138482 -0.395322
5.090481 14.203915 8.296406 27.993503 12.824947 40.604791 14.828378 44.152907 14.527267 44.542119 13.230902 43.746856 -6.096247 12.271243 -7.792184 26.391736 -6.400451 38.328162 -6.75472 42.57752 -5.176765 41.755965 -4.676652 40.522388 19.704032 2.786154 -0.010175 -0.081423 -0.198412 -0.047639 -0.238043 -0.104937 -0.200528 -0.100246 -0.252736 -0.100639 -0.26257 -0.112769 -0.080875 0.009894 -0.082394 0.079212 -0.033379 0.043735 0.049707 0.097695 0.045261 0.046691 0.014293 0.010511 -0.297996 -0.147331
5.115288 13.958907 8.111304 27.83013 12.46264 40.248871 14.587092 43.7985 14.2456 44.15592 12.8887 43.347073 -6.096122 12.211916 -7.875904 26.332229 -6.448841 38.169658 -6.792465 42.40526 -5.15272 41.538483 -4.645815 40.304095 19.39832 2.617437 0.024807 -0.245008 -0.185102 -0.163373 -0.362307 -0.35592 -0.241286 -0.354406 -0.281668 -0.386199 -0.342202 -0.399783 0.000125 -0.059327 -0.083721 -0.059506 -0.04839 -0.158504 -0.037745 -0.17226 0.024045 -0.217482 0.030836 -0.218293 -0.305712 -0.168717
5.147457 13.854066 7.847124 27.537027 12.040693 39.777091 14.13703 43.425176 13.402349 43.669757 12.300915 42.837396 -6.191137 12.321126 -7.899112 26.329663 -6.407568 38.279656 -6.787938 42.580888 -5.081853 41.663161 -4.573038 40.445939 18.484202 2.006596 0.032169 -0.104842 -0.26418 -0.293103 -0.421947 -0.47178 -0.450063 -0.373325 -0.843251 -0.486162 -0.587785 -0.509676 -0.095016 0.109211 -0.023207 -0.002566 0.041273 0.109997 0.004527 0.175628 0.070867 0.124678 0.072777 0.141844 -0.914118 -0.61084
5.184144 13.62524 7.803363 27.4297 11.414176 39.610279 12.892866 43.394578 12.216061 43.541098 11.160707 42.644525 -6.202251 12.270471 -7.836729 26.451713 -6.335342 38.248926 -6.69868 42.547482 -5.063859 41.587824 -4.549795 40.332586 17.27992 1.953274 0.036687 -0.228825 -0.043762 -0.107327 -0.626516 -0.166813 -1.244164 -0.030598 -1.186287 -0.12866 -1.140207 -0.192872 -0.011113 -0.050655 0.062382 0.122049 0.072226 -0.030729 0.089258 -0.033405 0.017995 -0.075337 0.023243 -0.113353 -1.204282 -0.053322
5.381918 13.548186 7.405376 26.936415 11.376727 38.341734 11.323094 42.014983 10.151929 42.226365 9.298098 41.541007 -6.178346 12.373903 -7.854962 26.361868 -6.418908 37.893727 -6.682888 42.206952 -5.172932 41.080073 -4.70925 39.765134 15.324861 1.146293 0.197774 -0.077054 -0.397986 -0.493285 -0.03745 -1.268545 -1.569772 -1.379594 -2.064133 -1.314732 -1.862609 -1.103517 0.023904 0.103432 -0.018233 -0.089845 -0.083566 -0.355199 0.015792 -0.34053 -0.109074 -0.507751 -0.159454 -0.567451 -1.955059 -0.806981
5.267012 13.673499 7.205552 26.225409 8.628923 35.910788 10.778862 39.272234 8.766598 42.29497 9.106672 40.718862 -6.325677 12.640789 -8.204329 26.445207 -6.484741 37.704417 -6.47977 42.066696 -5.025747 40.805724 -4.588234 39.381161 13.792345 1.489246 -0.114906 0.125313 -0.199825 -0.711006 -2.747804 -2.430946 -0.544232 -2.742749 -1.385331 0.068605 -0.191426 -0.822145 -0.147331 0.266886 -0.349367 0.083339 -0.065833 -0.18931 0.203118 -0.140256 0.147185 -0.274348 0.121015 -0.383973 -1.532516 0.342953
5.223489 13.385063 7.703525 25.548887 7.530719 32.596302 7.130688 35.748416 5.84262 34.335268 5.744988 33.441877 -6.195107 12.554851 -8.294263 26.176786 -6.587505 37.491673 -6.579587 41.894579 -5.122945 40.570009 -4.685736 39.103043 10.965565 -6.234741 -0.043523 -0.288436 0.497973 -0.676522 -1.098204 -3.314486 -3.648174 -3.523818 -2.923977 -7.959703 -3.361684 -7.276985 0.13057 -0.085938 -0.089934 -0.268421 -0.102764 -0.212744 -0.099817 -0.172117 -0.097197 -0.235716 -0.097501 -0.278118 -2.82678 -7.723987
5.258363 13.536999 7.632828 27.19464 6.339145 28.517905 5.358207 29.921421 4.893905 26.859501 4.726434 26.757279 -6.360549 12.487468 -8.258644 26.766589 -6.74206 37.637755 -6.77321 41.965851 -5.41864 40.704718 -4.902002 39.272633 10.312545 -13.845217 0.034875 0.151935 -0.070697 1.645753 -1.191574 -4.078397 -1.772481 -5.826995 -0.948715 -7.475767 -1.018554 -6.684598 -0.165442 -0.067383 0.03562 0.589803 -0.154555 0.146082 -0.193623 0.071272 -0.295696 0.134709 -0.216267 0.16959 -0.65302 -7.610476
5.000621 13.383463 7.435226 27.906933 4.947078 24.428198 3.467155 24.498793 3.521562 21.257105 3.459579 21.729574 -6.456077 12.409219 -8.360782 27.058044 -6.724137 37.751368 -6.723773 42.197236 -5.346462 40.996519 -4.863381 39.520499 8.868024 -19.739413 -0.257742 -0.153536 -0.197601 0.712293 -1.392066 -4.089707 -1.891053 -5.422628 -1.372343 -5.602396 -1.266855 -5.027705 -0.095528 -0.078249 -0.102139 0.291455 0.017923 0.113612 0.049436 0.231385 0.072178 0.2918 0.038621 0.247866 -1.444522 -5.894196
5.01411 13.256317 7.755738 28.290135 4.128766 21.322024 2.352393 20.321155 2.585703 17.334473 2.642053 18.255246 -6.63881 12.20943 -8.540568 27.061141 -6.857732 38.107193 -6.853071 42.685151 -5.400929 41.542083 -4.949611 39.991474 7.986632 -24.20761 0.013489 -0.127146 0.320512 0.383201 -0.818312 -3.106174 -1.114762 -4.177639 -0.935858 -3.922632 -0.817525 -3.474328 -0.182733 -0.199789 -0.179785 0.003096 -0.133595 0.355825 -0.129297 0.487915 -0.054467 0.545564 -0.08623 0.470975 -0.881392 -4.468197
4.931837 13.020086 7.892191 27.502093 3.729904 17.750922 1.958191 15.919271 2.109981 13.252607 2.129108 14.565733 -6.842631 11.989212 -8.68915 26.931056 -6.9249 38.171217 -6.983766 42.838553 -5.490819 41.848698 -5.037269 40.32425 7.600799 -28.596091 -0.082272 -0.236231 0.136453 -0.788042 -0.398862 -3.571102 -0.394201 -4.401883 -0.475723 -4.081866 -0.512946 -3.689513 -0.203821 -0.220218 -0.148582 -0.130084 -0.067168 0.064024 -0.130695 0.153401 -0.08989 0.306615 -0.087658 0.332776 -0.385833 -4.388481
4.905057 12.832016 7.897693 26.496595 2.714628 14.602685 0.886315 12.214079 1.089644 10.224006 1.172733 11.655262 -6.764325 11.956015 -8.671123 26.946121 -6.947196 38.142091 -6.968006 42.842489 -5.47637 41.836643 -5.060291 40.296108 6.566015 -31.612638 -0.02678 -0.188071 0.005502 -1.005498 -1.015276 -3.148237 -1.071876 -3.705192 -1.020336 -3.028601 -0.956374 -2.910471 0.078306 -0.033197 0.018027 0.015065 -0.022295 -0.029126 0.015759 0.003937 0.014448 -0.012055 -0.023022 -0.028142 -1.034784 -3.016546
4.936832 12.578017 7.924938 24.165818 1.963222 10.86767 0.12874 7.838985 0.326973 6.476492 0.389224 8.088511 -6.683949 11.987817 -8.635655 26.956078 -6.86999 38.009182 -6.878674 42.889872 -5.383217 41.763142 -4.976109 40.269801 5.710191 -35.28665 0.031775 -0.253999 0.027245 -2.330777 -0.751406 -3.735015 -0.757575 -4.375094 -0.762671 -3.747514 -0.783509 -3.566751 0.080377 0.031802 0.035468 0.009957 0.077206 -0.132909 0.089332 0.047383 0.093153 -0.073501 0.084183 -0.026307 -0.855824 -3.674012
5.021811 12.2076 7.615119 22.279924 1.080465 7.640117 -0.790834 4.041249 -0.357789 3.124249 -0.317341 4.85177 -6.639427 11.856806 -8.566079 26.491135 -6.668219 37.890083 -6.746474 42.503619 -5.016389 41.357917 -4.649633 39.883465 4.658601 -38.233668 0.084978 -0.370416 -0.309819 -1.885894 -0.882757 -3.227553 -0.919574 -3.797737 -0.684762 -3.352243 -0.706565 -3.236741 0.044522 -0.131011 0.069577 -0.464943 0.201771 -0.119099 0.1322 -0.386253 0.366828 -0.405225 0.326476 -0.386336 -1.05159 -2.947018
4.638577 11.93684 6.669527 20.714018 -0.043494 5.877632 -2.006054 2.165514 -1.378155 1.475644 -1.326782 3.199342 -6.960508 11.591834 -8.874303 26.178899 -6.989676 37.50591 -7.086533 42.133775 -5.390257 41.149721 -5.018777 39.582023 4.012102 -39.674076 -0.383234 -0.27076 -0.945592 -1.565906 -1.123959 -1.762486 -1.215219 -1.875734 -1.020366 -1.648605 -1.00944 -1.652429 -0.321081 -0.264972 -0.308225 -0.312236 -0.321457 -0.384173 -0.340059 -0.369844 -0.373867 -0.208196 -0.369143 -0.301442 -0.646499 -1.440409
4.58647 11.407954 5.394506 18.184459 -0.705045 3.679857 -2.594554 -0.089151 -1.989418 -0.505084 -1.911885 1.213008 -6.71995 11.388931 -8.659548 25.559223 -6.924227 37.207544 -7.085624 41.855615 -5.334467 40.927398 -4.973823 39.276451 3.345048 -41.432482 -0.052106 -0.528887 -1.275021 -2.529559 -0.661552 -2.197775 -0.5885 -2.254665 -0.611264 -1.980728 -0.585103 -1.986334 0.240558 -0.202903 0.214756 -0.619677 0.065449 -0.298366 0.000909 -0.27816 0.05579 -0.222322 0.044954 -0.305572 -0.667053 -1.758406
4.682827 11.135104 4.872543 16.429162 -0.985223 2.176648 -2.828938 -1.426166 -2.136105 -1.576063 -2.020997 0.065744 -6.51235 11.401862 -8.297342 25.413668 -6.744418 37.136757 -6.943664 41.78313 -5.22728 40.863192 -4.840937 39.15565 3.091174 -42.439255 0.096357 -0.272849 -0.521964 -1.755297 -0.280178 -1.503208 -0.234383 -1.337016 -0.146687 -1.070979 -0.109112 -1.147264 0.2076 0.012931 0.362206 -0.145555 0.179809 -0.070786 0.14196 -0.072485 0.107187 -0.064206 0.132886 -0.120801 -0.253874 -1.006773
5.705827 10.705993 6.095076 14.784211 0.714254 -0.104219 -0.948268 -4.107529 -0.271177 -3.886947 -0.203729 -2.114567 -5.484825 11.084172 -7.24574 25.153011 -5.576935 36.650711 -5.713388 41.186303 -4.05567 40.379363 -3.66855 38.723439 3.784493 -44.26631 1.023 -0.429112 1.222533 -1.644951 1.699477 -2.280867 1.88067 -2.681363 1.864928 -2.310884 1.817268 -2.180311 1.027524 -0.31769 1.051602 -0.260657 1.167482 -0.486046 1.230276 -0.596827 1.17161 -0.483829 1.172388 -0.432211 0.693318 -1.827055
5.305976 10.863346 6.391782 14.955503 1.652503 -0.026986 0.121617 -4.241922 0.602335 -3.887931 0.623643 -2.081263 -5.870005 11.297122 -7.649958 25.097203 -6.02214 36.619788 -6.116953 41.112161 -4.446754 40.269959 -4.082394 38.634032 5.049089 -44.157889 -0.399852 0.157353 0.296706 0.171292 0.938249 0.077233 1.069885 -0.134394 0.873512 -0.000983 0.827372 0.033304 -0.38518 0.21295 -0.404218 -0.055808 -0.445205 -0.030923 -0.403565 -0.074142 -0.391084 -0.109404 -0.413844 -0.089407 1.264596 0.108421
4.660195 11.282593 6.753451 14.999166 2.44838 0.207481 1.886016 -4.184866 2.040428 -3.719491 1.798403 -1.797408 -6.188402 11.464947 -8.061066 25.293866 -6.460184 36.789969 -6.482488 41.269484 -4.887718 40.310094 -4.562289 38.754144 6.928146 -44.029585 -0.645781 0.419247 0.361669 0.043663 0.795877 0.234467 1.764399 0.057057 1.438093 0.16844 1.17476 0.283855 -0.318396 0.167826 -0.411108 0.196663 -0.438043 0.17018 -0.365534 0.157323 -0.440964 0.040135 -0.479895 0.120112 1.879057 0.128305
4.183048 11.765084 6.506813 15.408179 3.490758 -1.030892 3.573853 -5.692166 3.617537 -5.509025 3.110749 -3.351763 -6.512558 11.55583 -8.304554 25.887701 -6.755412 37.242958 -6.884035 41.78091 -5.396196 40.944317 -4.987189 39.507994 9.013733 -46.453342 -0.477147 0.482491 -0.246638 0.409013 1.042378 -1.238373 1.687837 -1.5073 1.577109 -1.789534 1.312345 -1.554355 -0.324157 0.090882 -0.243488 0.593835 -0.295228 0.452989 -0.401548 0.511426 -0.508478 0.634223 -0.424901 0.75385 2.085587 -2.423757
4.000992 11.87737 7.411373 15.289962 5.950195 -1.217496 5.677485 -6.342432 5.615139 -6.289002 5.195075 -4.062486 -6.537902 11.63201 -8.273891 26.227999 -6.740278 37.375474 -6.790426 41.768974 -5.426943 40.973604 -5.04913 39.572269 11.042082 -47.262606 -0.182056 0.112286 0.90456 -0.118217 2.459437 -0.186604 2.103633 -0.650266 1.997602 -0.779977 2.084327 -0.710723 -0.025344 0.076181 0.030664 0.340298 0.015134 0.132516 0.093609 -0.011936 -0.030747 0.029287 -0.061941 0.064275 2.028349 -0.809264
4.211843 11.599746 7.846403 16.255918 7.739389 -0.799721 7.898402 -6.208184 7.748693 -6.533164 7.11686 -4.217273 -6.344533 11.424038 -8.009535 25.963292 -6.623551 37.52459 -6.635183 41.91421 -5.247861 41.075489 -4.888606 39.705417 12.996554 -47.608653 0.210851 -0.277624 0.43503 0.965956 1.789194 0.417775 2.220917 0.134248 2.133554 -0.244161 1.921785 -0.154787 0.193369 -0.207973 0.264356 -0.264707 0.116727 0.149116 0.155243 0.145236 0.179082 0.101885 0.160524 0.133148 1.954472 -0.346047
4.160041 11.463165 8.034158 15.880165 8.252245 -0.75829 8.476937 -5.885765 8.208263 -6.346262 7.601124 -4.164502 -6.468588 11.275342 -8.062971 26.032814 -6.526336 37.461463 -6.47206 41.763452 -5.089667 40.916517 -4.751545 39.555481 13.29793 -47.262779 -0.051802 -0.136581 0.187755 -0.375754 0.512856 0.041431 0.578535 0.322419 0.45957 0.186902 0.484264 0.052771 -0.124055 -0.148696 -0.053436 0.069523 0.097215 -0.063127 0.163123 -0.150758 0.158194 -0.158972 0.137061 -0.149935 0.301376 0.345874
4.314524 12.151515 8.103025 16.17924 8.213699 -0.331679 8.370346 -5.366653 8.117378 -5.745026 7.554132 -3.576604 -6.462073 12.020844 -8.083212 26.595581 -6.344709 37.83834 -6.24285 42.127424 -4.821342 41.156971 -4.523829 39.815545 12.93872 -46.901998 0.154483 0.68835 0.068867 0.299075 -0.038546 0.426611 -0.106591 0.519112 -0.090885 0.601235 -0.046992 0.587898 0.006515 0.745502 -0.020242 0.562766 0.181627 0.376877 0.22921 0.363973 0.268325 0.240454 0.227717 0.260064 -0.35921 0.360781
4.378444 12.160331 8.347803 16.141307 8.191735 -0.142297 8.180189 -5.043268 7.91235 -5.478358 7.394254 -3.253794 -6.484944 11.989874 -7.977003 26.557481 -6.279722 37.828177 -6.266108 42.142779 -4.841575 41.243041 -4.504886 39.957601 12.753925 -46.721399 0.06392 0.008816 0.244778 -0.037932 -0.021964 0.189382 -0.190157 0.323385 -0.205028 0.266668 -0.159878 0.32281 -0.02287 -0.030971 0.10621 -0.038099 0.064987 -0.010163 -0.023258 0.015354 -0.020233 0.086069 0.018942 0.142056 -0.184795 0.180599
4.574251 12.009937 8.852112 16.030803 8.370697 -0.197005 8.259684 -5.073509 7.921118 -5.440846 7.417601 -3.201815 -6.381407 12.009484 -7.887319 26.467595 -6.206745 37.649325 -6.227994 41.946223 -4.79005 41.041043 -4.430613 39.841416 12.711167 -46.481889 0.195807 -0.150394 0.504309 -0.110504 0.178963 -0.054708 0.079495 -0.03024 0.008768 0.037512 0.023347 0.051978 0.103536 0.01961 0.089684 -0.089887 0.072977 -0.178853 0.038114 -0.196555 0.051525 -0.201997 0.074273 -0.116184 -0.042757 0.239509
4.712629 12.34948 8.983773 16.510165 8.281511 0.133011 8.195573 -4.54725 7.846785 -5.115178 7.350081 -2.91267 -6.259826 12.427652 -7.837287 27.003556 -6.22839 37.945431 -6.190878 42.189711 -4.766667 41.224527 -4.440936 39.968991 12.613451 -46.339706 0.138378 0.339544 0.131661 0.479361 -0.089186 0.330016 -0.064111 0.526258 -0.074333 0.325668 -0.06752 0.289145 0.121582 0.418168 0.050032 0.535962 -0.021645 0.296107 0.037116 0.243488 0.023383 0.183484 -0.010324 0.127575 -0.097716 0.142184
4.756838 12.168637 9.099615 16.700247 8.055031 0.529701 7.771695 -4.091197 7.496691 -4.677883 7.037395 -2.44059 -6.186667 12.386164 -7.838419 27.003935 -6.185359 37.990162 -6.154633 42.27508 -4.730883 41.23641 -4.401258 39.983246 12.227574 -45.914292 0.044209 -0.180843 0.115842 0.190082 -0.22648 0.39669 -0.423878 0.456053 -0.350094 0.437295 -0.312686 0.472081 0.073159 -0.041488 -0.001132 0.000378 0.043032 0.04473 0.036246 0.085369 0.035784 0.011882 0.039679 0.014254 -0.385877 0.425413
5.051064 11.879656 9.337717 17.24706 7.892466 0.99861 7.490194 -3.591803 7.272232 -4.291487 6.794131 -1.933882 -6.12959 12.205634 -7.918617 26.790377 -6.119278 37.490335 -6.133676 41.862348 -4.665479 40.64993 -4.307595 39.425102 11.937711 -44.941416 0.294226 -0.288981 0.238103 0.546813 -0.162566 0.46891 -0.281501 0.499395 -0.224459 0.386396 -0.243264 0.506708 0.057077 -0.180531 -0.080198 -0.213557 0.066081 -0.499827 0.020957 -0.412732 0.065404 -0.58648 0.093663 -0.558144 -0.289863 0.972876
5.142415 11.828461 9.481609 18.790224 7.806456 2.122432 7.308531 -2.661145 7.173246 -3.436258 6.68692 -0.993389 -6.082445 12.200075 -7.938856 26.721141 -6.151754 37.282464 -6.234828 41.677001 -4.709712 40.474233 -4.326996 39.261553 11.882958 -43.910491 0.09135 -0.051194 0.143892 1.543164 -0.08601 1.123822 -0.181663 0.930658 -0.098985 0.855228 -0.107211 0.940493 0.047144 -0.005558 -0.020239 -0.069237 -0.032476 -0.207871 -0.101152 -0.185347 -0.044233 -0.175697 -0.019401 -0.163549 -0.054753 1.030925
5.259383 11.753249 9.237516 19.498557 7.593745 3.386781 7.115704 -1.325539 7.002532 -2.11724 6.512922 0.255275 -6.007403 12.155545 -7.885751 26.328254 -6.154594 36.911553 -6.291205 41.26451 -4.772392 40.182531 -4.383096 38.945121 11.774924 -42.299771 0.116968 -0.075212 -0.244093 0.708333 -0.212711 1.264349 -0.192827 1.335606 -0.170714 1.319018 -0.173998 1.248664 0.075042 -0.044531 0.053105 -0.392887 -0.00284 -0.370911 -0.056377 -0.412491 -0.06268 -0.291702 -0.0561 -0.316432 -0.108033 1.61072
5.145311 11.971831 9.623241 20.015335 7.615721 4.874548 7.167339 0.726143 7.050639 -0.288478 6.516516 1.910821 -6.019568 12.303817 -7.869411 26.428658 -5.873239 36.822122 -5.794024 41.199321 -4.280451 40.096366 -3.996986 38.920915 11.33109 -40.384844 -0.114071 0.218582 0.385725 0.516778 0.021976 1.487768 0.051636 2.051681 0.048107 1.828763 0.003594 1.655546 -0.012165 0.148273 0.016341 0.100404 0.281355 -0.089431 0.49718 -0.06519 0.491941 -0.086164 0.38611 -0.024205 -0.443834 1.914927
5.362225 12.279779 9.577233 21.025842 7.499748 6.6715 7.002044 2.740142 6.831437 1.61857 6.338382 3.649974 -5.838403 12.720063 -7.963559 26.512653 -5.782232 36.844754 -5.624807 41.078418 -4.109958 40.185058 -3.86804 39.028215 10.941395 -38.566488 0.216913 0.307947 -0.046009 1.010507 -0.115973 1.796952 -0.165296 2.013999 -0.219202 1.907048 -0.178134 1.739153 0.181165 0.416246 -0.094149 0.083995 0.091007 0.022632 0.169218 -0.120902 0.170493 0.088692 0.128946 0.1073 -0.389695 1.818356
5.329692 12.439311 9.260058 22.336686 7.254946 8.766827 6.67243 5.097249 6.478083 3.717601 6.053847 5.589908 -5.826324 12.68937 -8.090624 26.576364 -5.790737 36.633217 -5.494511 40.809792 -4.064077 40.062678 -3.886205 38.783497 10.54216 -36.345077 -0.032532 0.159532 -0.317174 1.310843 -0.244802 2.095327 -0.329614 2.357107 -0.353354 2.099031 -0.284535 1.939934 0.012079 -0.030693 -0.127065 0.063711 -0.008506 -0.211537 0.130296 -0.268626 0.045881 -0.12238 -0.018165 -0.244719 -0.399235 2.221411
5.194867 12.317774 9.44978 22.131255 7.17904 8.886972 6.510431 5.381581 6.283277 4.007348 5.899376 5.80554 -5.906332 12.493616 -8.272016 26.478133 -5.994979 36.559513 -5.624527 40.836766 -4.180127 39.470074 -4.03192 38.069537 10.463405 -35.462725 -0.134826 -0.121537 0.189722 -0.20543 -0.075907 0.120145 -0.161999 0.284332 -0.194806 0.289747 -0.154471 0.215632 -0.080007 -0.195754 -0.181392 -0.098231 -0.204241 -0.073704 -0.130016 0.026974 -0.11605 -0.592604 -0.145715 -0.713959 -0.078756 0.882351
5.283588 12.29057 9.934831 21.359995 7.148975 7.706892 6.491941 4.029527 6.247914 2.905312 5.882543 4.79632 -5.785742 12.503293 -8.283007 26.534125 -6.136188 36.506703 -5.767831 40.778556 -4.33479 39.262417 -4.178381 37.815008 10.582703 -36.357105 0.088722 -0.027204 0.485051 -0.77126 -0.030065 -1.18008 -0.018489 -1.352054 -0.035363 -1.102036 -0.016832 -1.00922 0.120589 0.009677 -0.010991 0.055993 -0.141209 -0.05281 -0.143304 -0.05821 -0.154662 -0.207657 -0.146461 -0.25453 0.119299 -0.89438
5.215925 12.253109 10.05075 20.170987 6.749588 6.673369 5.638105 2.661735 5.371994 1.747027 5.181623 3.788093 -5.93653 12.512532 -8.446589 26.546478 -6.312498 36.4685 -6.012109 40.810037 -4.504207 39.240283 -4.326653 37.900293 9.876201 -37.493256 -0.067663 -0.037462 0.115919 -1.189008 -0.399387 -1.033524 -0.853837 -1.367792 -0.87592 -1.158285 -0.700921 -1.008227 -0.150788 0.009239 -0.163582 0.012353 -0.176311 -0.038204 -0.244278 0.03148 -0.169417 -0.022134 -0.148273 0.085285 -0.706503 -1.136151
5.166811 12.251541 10.167778 16.047055 6.644386 3.748399 5.5619 0.371364 5.201846 0.332242 5.058801 2.242652 -5.980521 12.548438 -8.430192 26.613575 -6.454015 36.638153 -6.177461 41.009867 -4.650545 39.428747 -4.436845 38.060194 9.852391 -39.096504 -0.049114 -0.001568 0.117028 -4.123932 -0.105202 -2.92497 -0.076205 -2.290371 -0.170147 -1.414785 -0.122821 -1.545441 -0.043991 0.035906 0.016397 0.067097 -0.141516 0.169653 -0.165352 0.199831 -0.146338 0.188464 -0.110191 0.159901 -0.023809 -1.603249
4.992008 12.135184 10.117966 12.959355 6.099778 0.897205 4.788184 -2.246323 4.347366 -1.908058 4.334426 0.020498 -6.087163 12.814918 -8.423722 27.053428 -6.585556 37.001491 -6.456971 41.40231 -4.846689 39.736116 -4.54081 38.298172 9.194055 -41.644174 -0.174803 -0.116357 -0.049812 -3.087699 -0.544608 -2.851194 -0.773716 -2.617687 -0.85448 -2.2403 -0.724375 -2.222154 -0.106642 0.26648 0.00647 0.439852 -0.131541 0.363338 -0.27951 0.392443 -0.196144 0.307369 -0.103965 0.237978 -0.658336 -2.547669
4.143041 12.481004 10.333174 9.631291 5.492604 -2.575535 3.969228 -5.808139 3.382581 -4.973024 3.562915 -3.014943 -6.498346 12.776726 -8.614233 27.487603 -6.853041 37.799957 -6.604812 42.152813 -5.120063 40.619656 -4.835594 39.203683 8.502644 -45.592681 -0.848967 0.34582 0.215209 -3.328064 -0.607175 -3.472739 -0.818956 -3.561816 -0.964785 -3.064966 -0.771511 -3.035441 -0.411183 -0.038192 -0.190511 0.434175 -0.267485 0.798467 -0.14784 0.750503 -0.273374 0.883541 -0.294784 0.905511 -0.691411 -3.948507
3.932524 12.022397 10.230803 6.109765 3.991699 -5.675858 2.146494 -8.58357 1.613343 -7.547942 2.009445 -5.702922 -6.689742 12.555376 -8.933908 27.903613 -6.999421 38.135347 -6.758466 42.29584 -5.298501 41.11385 -4.972658 39.778891 6.911844 -48.661792 -0.210518 -0.458607 -0.102371 -3.521526 -1.500905 -3.100324 -1.822734 -2.775431 -1.769239 -2.574918 -1.55347 -2.687979 -0.191396 -0.221351 -0.319675 0.416011 -0.14638 0.335389 -0.153655 0.143027 -0.178438 0.494194 -0.137064 0.575209 -1.5908 -3.069112
3.892171 11.464739 10.158837 2.979136 3.45946 -8.139148 1.459569 -10.791102 0.995851 -9.730488 1.540321 -8.058313 -6.509143 12.425318 -8.82211 28.088123 -6.542435 38.171655 -6.317014 42.105675 -4.936072 41.150737 -4.585934 39.852595 5.931923 -50.881225 -0.040352 -0.557658 -0.071967 -3.13063 -0.53224 -2.46329 -0.686926 -2.207533 -0.617492 -2.182546 -0.469124 -2.355391 0.180599 -0.130057 0.111797 0.184509 0.456986 0.036308 0.441453 -0.190166 0.362429 0.036886 0.386724 0.073704 -0.979921 -2.219433
4.184014 10.456643 10.103911 0.872388 3.152055 -10.09053 1.004094 -12.595332 0.651675 -11.763248 1.290572 -10.162038 -6.244576 12.239864 -8.413357 27.836832 -6.271386 38.417086 -6.189772 42.267129 -4.780403 41.498753 -4.362553 40.213928 5.432078 -53.262001 0.291842 -1.008096 -0.054926 -2.106747 -0.307405 -1.951382 -0.455475 -1.80423 -0.344175 -2.03276 -0.249749 -2.103725 0.264567 -0.185454 0.408754 -0.25129 0.271049 0.245431 0.127241 0.161454 0.155669 0.348017 0.22338 0.361332 -0.499845 -2.380776
4.114372 10.617781 9.531236 -0.047171 2.357554 -11.39531 0.147045 -13.897707 -0.214177 -13.01312 0.458086 -11.399847 -6.366566 12.269431 -8.553153 27.558467 -6.379277 38.22408 -6.33212 42.051437 -4.852283 41.37204 -4.416955 40.117869 4.638106 -54.38516 -0.069642 0.161138 -0.572675 -0.91956 -0.7945 -1.30478 -0.857049 -1.302375 -0.865853 -1.249872 -0.832486 -1.23781 -0.12199 0.029567 -0.139797 -0.278366 -0.10789 -0.193006 -0.142348 -0.215691 -0.07188 -0.126714 -0.054401 -0.096059 -0.793973 -1.123159
4.615313 9.795016 10.091418 -0.641152 2.766407 -12.553635 0.525028 -15.030771 0.134307 -14.323239 0.783634 -12.740725 -6.201139 11.827832 -8.475098 26.663247 -6.204778 37.676266 -6.134111 41.79897 -4.551798 40.942815 -4.148585 39.531228 4.686105 -55.266054 0.500941 -0.822765 0.560182 -0.593981 0.408852 -1.158325 0.377983 -1.133065 0.348485 -1.310119 0.325549 -1.340878 0.165427 -0.441599 0.078055 -0.89522 0.174499 -0.547814 0.19801 -0.252467 0.300485 -0.429225 0.26837 -0.586641 0.048 -0.880894
4.650861 10.576808 10.060877 0.053796 3.259534 -11.70218 1.371521 -14.45843 0.820488 -13.552232 1.351464 -11.953741 -6.142986 12.032986 -8.212513 26.531848 -6.173393 37.521067 -6.049597 41.3977 -4.639968 40.739605 -4.28609 39.446428 5.460456 -54.291837 0.035548 0.781792 -0.030541 0.694948 0.493127 0.851455 0.846493 0.572342 0.686181 0.771007 0.56783 0.786984 0.058153 0.205153 0.262585 -0.131398 0.031385 -0.155199 0.084513 -0.40127 -0.08817 -0.20321 -0.137505 -0.0848 0.774351 0.974217
4.059899 10.572195 9.439605 1.811019 3.931201 -9.717894 2.288288 -12.45863 1.701629 -11.587584 2.120799 -9.999657 -6.180659 11.557767 -8.232531 26.137424 -6.084406 37.375504 -5.905536 41.317391 -4.540932 40.550768 -4.207525 39.203668 6.242561 -52.138352 -0.590962 -0.004613 -0.621271 1.757222 0.671667 1.984286 0.916767 1.9998 0.881141 1.964648 0.769335 1.954085 -0.037673 -0.475219 -0.020018 -0.394425 0.088987 -0.145563 0.144061 -0.080308 0.099036 -0.188836 0.078565 -0.242761 0.782105 2.153485
4.223537 10.241082 9.517449 3.233266 4.408926 -8.36561 3.153795 -11.237153 2.648544 -10.776678 2.880162 -9.15862 -6.107849 11.233363 -8.157375 26.051003 -6.018549 36.981338 -5.834246 40.951174 -4.450271 40.09046 -4.114684 38.780683 7.098815 -50.867137 0.163639 -0.331113 0.077844 1.422247 0.477725 1.352283 0.865507 1.221476 0.946915 0.810906 0.759363 0.841036 0.07281 -0.324404 0.075155 -0.086421 0.065857 -0.394166 0.07129 -0.366217 0.090662 -0.460309 0.09284 -0.422984 0.856254 1.271215
4.629475 10.762015 9.935927 6.505394 5.452091 -5.175105 4.233515 -8.145222 3.736943 -7.889915 3.929383 -6.313485 -6.029341 11.760652 -8.120334 26.421025 -6.003645 36.873594 -5.691007 40.953723 -4.365918 39.875945 -4.107848 38.549867 8.102861 -47.76586 0.405937 0.520933 0.418478 3.272128 1.043165 3.190506 1.07972 3.091931 1.088399 2.886763 1.049221 2.845135 0.078508 0.52729 0.037041 0.370023 0.014904 -0.107744 0.143239 0.002548 0.084352 -0.214514 0.006837 -0.230816 1.004046 3.101277
4.840541 10.832328 10.28496 9.396702 5.916494 -2.005038 4.750907 -4.888555 4.294324 -4.76394 4.322082 -2.934837 -5.965966 11.998987 -8.162642 26.572567 -6.113827 36.920905 -5.818632 41.153675 -4.345986 39.783192 -4.083824 38.44648 8.64031 -44.547132 0.211066 0.070313 0.349033 2.891308 0.464404 3.170067 0.517392 3.256667 0.557381 3.125975 0.392699 3.378648 0.063375 0.238335 -0.042307 0.151542 -0.110182 0.047311 -0.127625 0.199953 0.019932 -0.092754 0.024024 -0.103387 0.537449 3.218728
4.916912 11.287966 10.131443 12.86079 6.419355 1.395988 5.378294 -1.229328 4.867369 -1.597348 4.772985 0.216195 -6.130874 12.019473 -8.143944 26.518789 -5.986705 37.000713 -5.832285 41.378161 -4.194063 39.941791 -3.888917 38.65101 9.061432 -41.539139 0.076371 0.455639 -0.153518 3.464088 0.502861 3.401026 0.627387 3.659227 0.573045 3.166592 0.450903 3.151032 -0.164908 0.020486 0.018698 -0.053778 0.127122 0.079808 -0.013652 0.224486 0.151923 0.158599 0.194907 0.20453 0.421122 3.007993
5.201131 11.760399 10.245878 16.632652 6.807989 3.831378 5.808246 0.6143 5.353218 -0.056168 5.157673 1.873046 -6.09937 12.405258 -8.340016 26.709813 -5.922636 37.053293 -5.741668 41.54461 -4.060146 40.024573 -3.846508 38.707763 9.413365 -40.080741 0.284219 0.472432 0.114435 3.771862 0.388634 2.435389 0.429952 1.843628 0.485849 1.541179 0.384688 1.656851 0.031504 0.385785 -0.196072 0.191024 0.064069 0.05258 0.090617 0.166449 0.133917 0.082782 0.042409 0.056753 0.351933 1.458398
5.133986 12.019753 10.417974 18.631381 7.118177 5.291468 6.157875 1.713872 5.707234 0.884879 5.495328 2.90224 -6.077304 12.445384 -8.520535 26.730186 -5.993426 37.070012 -5.699006 41.551977 -4.126611 39.875388 -3.965041 38.553518 9.833845 -38.99051 -0.067145 0.259355 0.172096 1.998729 0.310189 1.46009 0.349629 1.099572 0.354016 0.941047 0.337654 1.029193 0.022066 0.040126 -0.180519 0.020373 -0.070789 0.016719 0.042662 0.007367 -0.066465 -0.149184 -0.118533 -0.154245 0.420481 1.090232
5.140287 12.524629 9.923476 21.278501 7.264739 6.754321 6.523496 2.700287 6.186533 1.729062 5.845672 3.866413 -6.073195 12.486976 -8.380687 26.497459 -6.07942 36.791503 -5.816475 41.204876 -4.276219 39.680684 -4.094541 38.385051 10.462752 -37.951621 0.0063 0.504875 -0.494498 2.64712 0.146562 1.462853 0.365621 0.986415 0.479299 0.844184 0.350344 0.964174 0.00411 0.041592 0.139847 -0.232726 -0.085995 -0.278509 -0.117469 -0.347102 -0.149608 -0.194705 -0.1295 -0.168467 0.628906 1.038888
5.482316 12.806761 9.420049 24.607366 7.495785 9.111843 6.893641 4.705477 6.786025 3.031123 6.322199 5.143407 -5.93816 12.65524 -8.466122 26.966387 -5.815142 37.105155 -5.566716 41.440809 -4.048383 39.952105 -3.856158 38.68044 10.834408 -36.920983 0.342029 0.282133 -0.503427 3.328866 0.231045 2.357522 0.370145 2.00519 0.599492 1.30206 0.476527 1.276994 0.135034 0.168264 -0.085434 0.468928 0.264278 0.313652 0.249758 0.235933 0.227836 0.271422 0.238383 0.295389 0.371656 1.030639
5.373305 12.924567 9.20248 25.777844 7.73322 10.540864 7.202888 6.254548 7.177502 4.318354 6.668454 6.405318 -6.130236 12.472805 -9.015441 26.670501 -6.539756 36.252359 -6.234819 40.562788 -4.72317 38.851979 -4.545704 37.621406 11.900672 -34.533626 -0.109011 0.117806 -0.217569 1.170477 0.237435 1.429021 0.309247 1.549071 0.391477 1.287231 0.346255 1.261911 -0.192076 -0.182435 -0.549319 -0.295886 -0.724614 -0.852796 -0.668103 -0.878021 -0.674787 -1.100126 -0.689545 -1.059034 1.066265 2.387357
5.561984 12.71278 9.577411 25.778836 8.085811 11.672503 7.495266 7.689261 7.37896 5.626702 6.938666 7.608348 -5.791882 12.332153 -8.87455 26.464564 -6.365022 35.909832 -5.933577 40.119523 -4.471779 38.255024 -4.353905 37.117338 11.850739 -32.628322 0.188679 -0.211787 0.374931 0.000992 0.352591 1.131639 0.292379 1.434714 0.201458 1.308349 0.270212 1.20303 0.338355 -0.140652 0.14089 -0.205937 0.174734 -0.342527 0.301242 -0.443265 0.251392 -0.596955 0.191799 -0.504068 -0.049934 1.905304
5.565828 13.127607 9.275639 26.135632 8.224678 14.267859 7.808059 11.079848 7.686418 8.98855 7.191521 10.641992 -5.78371 12.700883 -9.170374 26.558426 -6.275707 34.838846 -5.806562 38.860688 -4.435366 36.765859 -4.22743 35.725197 12.121785 -27.777308 0.003844 0.414827 -0.301772 0.356796 0.138867 2.595356 0.312793 3.390586 0.307459 3.361848 0.252855 3.033644 0.008172 0.368729 -0.295824 0.093862 0.089315 -1.070985 0.127015 -1.258835 0.036412 -1.489165 0.126475 -1.392141 0.271046 4.851013
5.644637 13.420448 9.935021 26.721695 8.228612 16.028163 7.732981 13.483438 7.490176 11.098269 7.083815 12.616026 -5.811271 12.990704 -9.681228 26.453122 -6.038281 33.782485 -5.378222 37.771717 -4.064846 35.404155 -4.057446 34.441653 11.555022 -24.305886 0.078809 0.292841 0.659382 0.586063 0.003934 1.760304 -0.075078 2.40359 -0.196242 2.109718 -0.107706 1.974034 -0.027561 0.289822 -0.510854 -0.105304 0.237426 -1.056361 0.42834 -1.088971 0.37052 -1.361704 0.169984 -1.283544 -0.566763 3.471422
5.707252 13.156879 10.664618 26.438737 7.87313 17.64918 6.782806 16.006315 6.358904 13.466576 6.190872 14.795697 -5.887416 12.549004 -10.082218 26.133949 -5.514145 31.665957 -4.253045 34.972328 -3.160411 32.368612 -3.771892 31.778044 9.519315 -18.902037 0.062615 -0.263569 0.729597 -0.282958 -0.355482 1.621017 -0.950176 2.522877 -1.131272 2.368307 -0.892943 2.17967 -0.076145 -0.4417 -0.40099 -0.319174 0.524136 -2.116528 1.125178 -2.799389 0.904435 -3.035542 0.285554 -2.663609 -2.035707 5.403849
5.886102 13.103512 11.154664 25.346518 6.112808 17.898798 4.259312 16.692561 3.865707 14.572501 4.013669 15.724528 -5.885971 12.50864 -9.914732 25.33251 -4.492471 30.402064 -2.907109 33.497483 -1.975709 31.437153 -2.953064 30.984735 5.841416 -16.864651 0.17885 -0.053367 0.490046 -1.092219 -1.760322 0.249618 -2.523494 0.686246 -2.493197 1.105925 -2.177203 0.928831 0.001445 -0.040364 0.167486 -0.801438 1.021674 -1.263893 1.345935 -1.474845 1.184702 -0.93146 0.818828 -0.793308 -3.677899 2.037385
6.09144 13.364398 11.693621 24.76463 4.936177 18.470898 2.766144 17.465654 2.295327 15.648285 2.686954 16.723493 -5.972874 12.838522 -10.559765 24.929622 -3.903815 28.479245 -1.269317 30.708554 -0.291616 28.790519 -1.770627 28.705874 2.586943 -13.142234 0.205338 0.260887 0.538957 -0.581887 -1.176631 0.5721 -1.493168 0.773093 -1.57038 1.075783 -1.326716 0.998965 -0.086904 0.329882 -0.645033 -0.402889 0.588655 -1.922819 1.637793 -2.788928 1.684093 -2.646634 1.182437 -2.278861 -3.254473 3.722417
6.195813 13.213596 11.833328 23.909789 3.294182 18.954998 0.803059 18.258893 0.550961 16.703117 1.161402 17.701298 -6.034374 12.812054 -10.827047 24.680382 -1.105052 27.935529 1.768243 29.764622 2.64315 27.846599 1.312536 28.024817 -2.092189 -11.143482 0.104374 -0.150803 0.139707 -0.854841 -1.641995 0.4841 -1.963085 0.793239 -1.744366 1.054832 -1.525551 0.977805 -0.0615 -0.026467 -0.267282 -0.24924 2.798763 -0.543717 3.03756 -0.943932 2.934766 -0.94392 3.083163 -0.681058 -4.679132 1.998752
6.063193 12.981156 11.691254 23.794636 2.513933 19.096467 0.004929 18.447527 -0.19446 16.766301 0.448948 17.704263 -6.137753 12.515622 -10.990646 23.817357 -1.10749 25.727639 1.338631 27.069572 2.311409 25.356779 1.275092 25.689533 -2.505869 -8.590478 -0.13262 -0.23244 -0.142074 -0.115153 -0.780249 0.141469 -0.79813 0.188634 -0.745422 0.063184 -0.712454 0.002965 -0.103378 -0.296432 -0.1636 -0.863025 -0.002438 -2.20789 -0.429612 -2.695051 -0.331742 -2.48982 -0.037444 -2.335283 -0.41368 2.553004
5.906278 12.695166 10.165256 23.598269 0.224525 18.872371 -2.638316 18.439755 -2.799588 16.590413 -1.971149 17.487827 -6.179106 12.205818 -10.885 23.56489 -0.517732 24.430719 1.864851 25.602129 2.86079 23.794171 1.86078 24.246702 -5.660379 -7.203758 -0.156915 -0.285989 -1.525998 -0.196368 -2.289408 -0.224096 -2.643245 -0.007772 -2.605128 -0.175887 -2.420098 -0.216436 -0.041354 -0.309804 0.105646 -0.252467 0.589758 -1.29692 0.52622 -1.467443 0.549382 -1.562607 0.585687 -1.442832 -3.15451 1.38672
5.662584 12.718156 9.583318 23.641184 -0.147921 18.110022 -2.928817 17.354724 -3.090447 15.560535 -2.335441 16.605559 -6.238025 12.191471 -10.990286 23.407367 -0.725961 23.667702 1.630694 24.677131 2.588391 22.921941 1.615041 23.510495 -5.678838 -7.361406 -0.243694 0.02299 -0.581938 0.042915 -0.372446 -0.762349 -0.290501 -1.085031 -0.290859 -1.029879 -0.364292 -0.882268 -0.058919 -0.014347 -0.105286 -0.157523 -0.208229 -0.763017 -0.234157 -0.924999 -0.272399 -0.872231 -0.245738 -0.736207 -0.01846 -0.157648
5.61139 12.836805 9.537739 23.710874 1.090318 17.966053 -1.412159 16.746345 -1.605594 15.322301 -1.047319 16.259685 -6.338057 12.219089 -11.448503 23.228058 -2.379721 22.073266 -0.388235 22.29158 0.630176 20.572153 -0.092769 21.333507 -2.23577 -5.249852 -0.051194 0.118649 -0.04558 0.06969 1.238239 -0.143969 1.516658 -0.608379 1.484853 -0.238234 1.288122 -0.345874 -0.100031 0.027618 -0.458217 -0.179309 -1.653761 -1.594436 -2.018929 -2.385551 -1.958215 -2.349788 -1.70781 -2.176988 3.443068 2.111554
5.578649 12.86819 10.111874 23.764771 1.905996 17.262185 -0.630033 15.588456 -1.186663 14.246219 -0.45855 15.462148 -6.315786 12.243494 -11.920914 22.433275 -3.594634 21.918094 -1.626414 22.463369 -0.717747 20.935684 -1.414144 21.629494 -0.468916 -6.689465 -0.032741 0.031385 0.574136 0.053898 0.815678 -0.703868 0.782126 -1.157889 0.418931 -1.076081 0.588769 -0.797537 0.022271 0.024405 -0.472412 -0.794783 -1.214913 -0.155172 -1.238179 0.17179 -1.347923 0.363532 -1.321375 0.295988 1.766855 -1.439613
5.537999 13.028494 10.49614 23.756394 4.573661 16.566214 2.782297 14.737275 2.189815 13.455778 2.388316 14.790717 -6.285307 12.373316 -12.177899 22.422907 -3.885409 21.415481 -1.685971 21.79127 -0.939852 19.999632 -1.728165 20.786783 3.129667 -6.543854 -0.04065 0.160304 0.384265 -0.008377 2.667665 -0.695971 3.41233 -0.851181 3.376478 -0.790441 2.846867 -0.671431 0.030479 0.129822 -0.256985 -0.010368 -0.290775 -0.502613 -0.059557 -0.672099 -0.222105 -0.936052 -0.314021 -0.842711 3.598583 0.145611
5.711538 13.156497 11.721855 23.045337 6.594485 16.290492 5.202657 14.501643 4.411447 13.369527 4.43204 14.813858 -5.969238 12.598777 -12.237012 21.673048 -4.345083 21.560115 -2.329969 22.257489 -1.278806 20.888048 -2.049106 21.648771 5.690253 -7.518521 0.173539 0.128004 1.225716 -0.711057 2.020824 -0.275722 2.42036 -0.235632 2.221632 -0.086251 2.043724 0.023142 0.316069 0.225461 -0.059113 -0.749859 -0.459674 0.144634 -0.643998 0.466219 -0.338954 0.888416 -0.320941 0.861987 2.560586 -0.974667
5.857217 13.469678 11.748958 22.834012 7.57435 16.140279 6.349826 14.378953 5.637133 13.240853 5.610073 14.703557 -5.682823 12.941927 -12.067145 22.032914 -4.48992 21.679857 -2.519953 22.227439 -1.591498 20.686147 -2.303743 21.508273 7.228631 -7.445294 0.14568 0.313181 0.027102 -0.211325 0.979865 -0.150213 1.147169 -0.12269 1.225686 -0.128675 1.178032 -0.110301 0.286415 0.34315 0.169867 0.359866 -0.144836 0.119743 -0.189984 -0.03005 -0.312692 -0.201902 -0.254637 -0.140497 1.538378 0.073227
6.202948 13.915178 11.755961 23.109701 6.866914 17.50032 5.313122 16.291144 4.576492 15.016261 4.76979 16.27827 -5.503494 13.490158 -12.032086 22.388002 -4.647627 22.249153 -2.701908 23.089871 -1.722741 21.446553 -2.421713 22.119656 6.299233 -6.430292 0.345731 0.4455 0.007004 0.275689 -0.707436 1.360041 -1.036704 1.912192 -1.060641 1.775408 -0.840282 1.574713 0.17933 0.548232 0.035059 0.355089 -0.157708 0.569296 -0.181955 0.862432 -0.131243 0.760406 -0.11797 0.611383 -0.929397 1.015002
6.094754 13.508794 11.744601 22.728989 5.662853 17.224219 3.658831 15.965816 3.167909 14.734557 3.528482 15.981284 -5.733797 13.150036 -11.906621 22.310928 -3.465667 22.398153 -1.385188 23.142698 -0.43661 21.533653 -1.216233 22.237495 3.604519 -6.799096 -0.108194 -0.406384 -0.011361 -0.380713 -1.204062 -0.276101 -1.654291 -0.325328 -1.408583 -0.281703 -1.241308 -0.296986 -0.230303 -0.340122 0.125465 -0.077075 1.18196 0.149 1.31672 0.052828 1.286131 0.0871 1.20548 0.117838 -2.694714 -0.368804
6.060898 13.509724 11.663771 22.649077 4.96316 17.202386 2.788365 15.881065 2.364218 14.643085 2.914023 15.88532 -5.740705 13.197234 -11.635312 22.599205 -2.377009 23.001674 -0.165135 23.845544 0.795668 22.317788 -0.081533 22.974589 1.56855 -7.674703 -0.033855 0.00093 -0.08083 -0.079912 -0.699693 -0.021833 -0.870466 -0.084752 -0.803691 -0.091472 -0.614458 -0.095963 -0.006908 0.047198 0.271308 0.288278 1.088658 0.603521 1.220053 0.702846 1.232278 0.784135 1.1347 0.737095 -2.035969 -0.875607
5.927169 13.281411 11.124742 22.077331 4.453474 16.53268 1.975435 15.427086 1.598632 14.352432 2.7888 15.474167 -6.009898 13.027889 -11.342323 22.614244 -1.958376 22.530982 0.242096 23.291871 1.166338 21.801206 0.299579 22.478762 0.432295 -7.448775 -0.133729 -0.228313 -0.539029 -0.571746 -0.509685 -0.669706 -0.81293 -0.453979 -0.765586 -0.290653 -0.125223 -0.411153 -0.269192 -0.169346 0.29299 0.015038 0.418633 -0.470692 0.407231 -0.553674 0.370669 -0.516582 0.381112 -0.495827 -1.136255 0.225928
5.488056 13.263875 10.352355 22.386211 2.800423 16.740268 0.069207 15.607512 -0.180459 14.537051 0.769854 15.647364 -6.252542 12.912658 -11.137512 23.28015 -1.473534 22.535747 0.817055 22.986162 1.602167 21.462989 0.676155 22.203982 -1.782626 -6.925938 -0.439113 -0.017536 -0.772387 0.30888 -1.653051 0.207588 -1.906228 0.180426 -1.779091 0.184619 -2.018946 0.173196 -0.242645 -0.115231 0.204811 0.665906 0.484842 0.004765 0.574958 -0.305709 0.435829 -0.338218 0.376576 -0.27478 -2.214921 0.522837
5.487448 13.184324 9.832293 22.670004 1.369089 16.975656 -1.17628 15.843549 -1.523972 14.780477 -0.843894 15.866604 -6.311247 12.715963 -10.699856 23.690543 -1.05468 22.285798 1.148367 22.554353 1.919091 21.020725 1.080424 21.812311 -3.443062 -6.240249 -0.000608 -0.079551 -0.520062 0.283793 -1.431334 0.235388 -1.245487 0.236037 -1.343513 0.243425 -1.613748 0.219241 -0.058705 -0.196695 0.437656 0.410393 0.418854 -0.249949 0.331312 -0.431809 0.316924 -0.442263 0.404269 -0.391671 -1.660436 0.685689
5.602092 13.168308 9.882706 23.412949 1.798177 16.699463 -0.410557 15.307456 -0.815898 14.196214 -0.336182 15.33131 -6.226876 12.619901 -10.657901 23.858416 -1.796138 21.613151 0.276268 21.75895 0.971264 20.170122 0.251359 20.970041 -1.787162 -5.973908 0.114644 -0.016016 0.050414 0.742945 0.429088 -0.276193 0.765723 -0.536093 0.708073 -0.584263 0.507712 -0.535294 0.08437 -0.096062 0.041956 0.167874 -0.741458 -0.672647 -0.872099 -0.795403 -0.947827 -0.850603 -0.829065 -0.84227 1.6559 0.26634
5.699325 13.521075 10.467637 23.768306 2.381068 16.595042 -0.150216 15.079647 -0.426674 13.961953 0.123125 15.135765 -6.307045 12.811309 -10.854885 24.014997 -1.623952 21.678281 0.555187 21.744376 1.194096 20.184201 0.418931 20.993018 -1.62077 -6.222248 0.097233 0.352767 0.58493 0.355357 0.582892 -0.104421 0.260341 -0.227809 0.389224 -0.234261 0.459307 -0.195545 -0.080168 0.191408 -0.196984 0.156581 0.172186 0.06513 0.27892 -0.014573 0.222832 0.014079 0.167572 0.022978 0.166392 -0.24834
5.628282 13.774478 10.473669 24.637413 4.266107 16.602421 2.424806 14.973342 2.008539 13.770172 2.152443 15.131503 -6.291559 12.964264 -10.923219 24.275815 -1.984149 21.437925 0.217366 21.098512 0.929868 19.288617 0.41343 20.271266 1.078671 -5.518445 -0.071043 0.253403 0.006032 0.869107 1.885039 0.007379 2.575022 -0.106305 2.435213 -0.191781 2.029318 -0.004262 0.015485 0.152954 -0.068334 0.260818 -0.360197 -0.240356 -0.337821 -0.645864 -0.264227 -0.895584 -0.005502 -0.721753 2.699441 0.703803
5.769616 14.16457 10.920268 25.130805 5.189699 16.753396 3.652966 14.438772 3.221786 13.267449 3.225672 14.782703 -6.323391 13.50047 -11.096483 24.758491 -2.628273 21.733037 -0.377905 21.319786 0.092292 19.378367 -0.631875 20.414093 3.129494 -6.110919 0.141335 0.390092 0.4466 0.493392 0.923592 0.150976 1.22816 -0.53457 1.213247 -0.502723 1.073229 -0.3488 -0.031832 0.536206 -0.173265 0.482675 -0.644124 0.295112 -0.595272 0.221273 -0.837576 0.08975 -1.045305 0.142828 2.050823 -0.592473
5.993849 14.614764 11.085624 25.922358 7.344359 17.340112 6.28916 15.010762 5.819052 13.575268 5.606115 15.135038 -6.129113 14.044169 -11.28065 25.15552 -4.065272 22.347963 -2.005148 22.121143 -1.468486 19.895107 -2.109289 20.867717 7.287538 -6.319839 0.224233 0.450194 0.165355 0.791553 2.15466 0.586715 2.636194 0.57199 2.597266 0.307819 2.380443 0.352335 0.194278 0.543699 -0.184166 0.39703 -1.436999 0.614926 -1.627243 0.801358 -1.560777 0.516739 -1.477414 0.453624 4.158044 -0.20892
6.03382 14.327058 10.677516 26.329279 8.04401 17.542523 7.275808 15.470916 6.856787 13.688862 6.593347 15.142292 -5.925259 13.770294 -10.958627 25.944966 -5.435801 22.419381 -3.712079 22.079891 -3.211209 19.40434 -3.571808 20.344257 10.067996 -5.715477 0.039971 -0.287706 -0.408107 0.406921 0.699651 0.202411 0.986648 0.460154 1.037735 0.113595 0.987232 0.007254 0.203854 -0.273874 0.322023 0.789446 -1.370528 0.071418 -1.706931 -0.041252 -1.742724 -0.490767 -1.462519 -0.52346 2.780458 0.604361
6.032062 14.073607 10.135812 27.099586 8.25783 18.183923 7.64662 16.08879 7.318896 13.835248 6.987971 15.21914 -5.826387 13.603303 -10.685688 26.975578 -6.789377 22.306848 -5.486518 21.875507 -5.001217 18.850249 -5.085304 19.75106 12.320113 -5.015001 -0.001758 -0.253451 -0.541705 0.770307 0.21382 0.6414 0.370812 0.617874 0.462109 0.146386 0.394624 0.076848 0.098872 -0.166991 0.272939 1.030612 -1.353577 -0.112534 -1.774439 -0.204384 -1.790008 -0.554091 -1.513496 -0.593197 2.252117 0.700477
6.018031 13.82654 10.073423 27.558225 8.445448 19.908369 7.774067 18.257141 7.472759 15.576392 7.158071 16.715038 -5.855003 13.437799 -10.167211 27.936071 -7.148263 22.627443 -6.14239 22.038722 -5.723676 18.801814 -5.654258 19.69682 13.196436 -3.225422 -0.014031 -0.247067 -0.062388 0.45864 0.187618 1.724446 0.127447 2.168351 0.153863 1.741144 0.1701 1.495898 -0.028616 -0.165504 0.518477 0.960493 -0.358886 0.320596 -0.655872 0.163215 -0.722459 -0.048435 -0.568953 -0.05424 0.876322 1.789579
5.991447 13.76029 10.335368 28.028226 8.556747 20.906055 7.82634 19.311959 7.490093 16.659784 7.24315 17.736715 -5.797434 13.304108 -9.94176 28.166533 -6.955305 21.954048 -5.876505 21.179259 -5.579454 18.59476 -5.524817 19.411796 13.069546 -1.934975 -0.026584 -0.066251 0.261945 0.470001 0.1113 0.997686 0.052273 1.054817 0.017333 1.083392 0.08508 1.021677 0.057569 -0.13369 0.225452 0.230461 0.192958 -0.673395 0.265884 -0.859463 0.144222 -0.207055 0.12944 -0.285023 -0.126889 1.290447
5.634636 13.813969 10.072666 27.930948 8.546722 21.939459 7.901114 20.753399 7.586348 18.011937 7.339996 18.906149 -5.966929 13.210201 -9.746653 28.331044 -6.829318 21.38671 -5.694136 20.943823 -5.517223 17.572525 -5.440059 18.612906 13.103572 0.439411 -0.356811 0.05368 -0.262702 -0.097278 -0.010026 1.033404 0.074774 1.44144 0.096256 1.352152 0.096846 1.169434 -0.169495 -0.093907 0.195107 0.164512 0.125986 -0.567338 0.182369 -0.235435 0.06223 -1.022235 0.084758 -0.79889 0.034025 2.374387
5.720317 13.905457 9.436333 28.486294 8.754879 24.318379 8.525628 23.719245 8.44121 20.671982 8.01174 21.286929 -5.897871 13.275105 -9.565377 28.163743 -6.728745 21.086442 -5.215654 18.980044 -4.954216 15.669119 -5.065054 16.956824 13.395426 5.002862 0.085682 0.091487 -0.636333 0.555345 0.208157 2.37892 0.624514 2.965847 0.854862 2.660045 0.671744 2.380779 0.069058 0.064903 0.181276 -0.167301 0.100574 -0.300267 0.478482 -1.963779 0.563008 -1.903406 0.375006 -1.656082 0.291854 4.563451
5.719048 13.566554 9.362537 27.599943 8.658868 23.99196 8.202219 23.719156 7.96876 20.774746 7.628036 21.3072 -5.921239 12.977222 -9.514567 27.823132 -6.131166 20.095593 -4.794341 17.65334 -4.6372 14.629096 -4.581526 15.940315 12.605959 6.14565 -0.00127 -0.338903 -0.073797 -0.886351 -0.096011 -0.326419 -0.323409 -8.9e-05 -0.47245 0.102764 -0.383705 0.020272 -0.023368 -0.297883 0.05081 -0.340611 0.597578 -0.99085 0.421312 -1.326704 0.317016 -1.040024 0.483528 -1.01651 -0.789467 1.142788
5.750889 13.708422 10.210377 27.507746 8.484334 23.1547 8.212733 22.504628 7.789361 19.836819 7.538891 20.602959 -5.897492 13.038898 -9.628102 27.676696 -5.506676 19.465774 -4.118788 17.38953 -3.891376 14.758211 -3.930661 16.136593 11.680737 5.078608 0.031841 0.141868 0.84784 -0.092196 -0.174534 -0.83726 0.010514 -1.214528 -0.179398 -0.937927 -0.089145 -0.704241 0.023746 0.061676 -0.113535 -0.146437 0.62449 -0.629818 0.675553 -0.26381 0.745824 0.129116 0.650865 0.196278 -0.925222 -1.067042
5.740219 13.700172 10.448605 27.613783 7.773322 22.696555 6.793058 21.62596 6.472832 19.004482 6.360352 19.943738 -5.881244 13.139814 -9.780392 27.535802 -5.16496 19.697821 -3.645778 17.903453 -3.388423 15.480447 -3.523871 16.853553 9.861255 3.524035 -0.010669 -0.008249 0.238228 0.106037 -0.711012 -0.458145 -1.419675 -0.878668 -1.31653 -0.832337 -1.178539 -0.659221 0.016248 0.100917 -0.15229 -0.140893 0.341716 0.232047 0.473011 0.513923 0.502953 0.722235 0.40679 0.71696 -1.819482 -1.554573
5.79173 13.744479 10.485923 27.645689 7.610756 22.49639 6.506127 21.365541 6.100827 18.588001 5.985403 19.543046 -5.882981 13.139966 -9.836596 27.085352 -4.91893 20.005107 -3.426415 18.522924 -3.032568 15.999311 -3.20532 17.287546 9.133396 2.588689 0.05151 0.044307 0.037318 0.031906 -0.162566 -0.200164 -0.286931 -0.260419 -0.372005 -0.416481 -0.374949 -0.400692 -0.001737 0.000152 -0.056204 -0.45045 0.24603 0.307286 0.219363 0.619471 0.355855 0.518864 0.318551 0.433993 -0.727859 -0.935346
5.815095 13.676873 10.503471 27.62647 7.533944 21.735886 6.39863 20.360634 6.002545 17.816338 5.883086 18.940541 -5.880761 13.095456 -9.869936 27.005371 -4.983643 20.339534 -3.44547 19.570485 -3.042951 16.774473 -3.239751 17.870286 9.045497 1.041865 0.023365 -0.067607 0.017548 -0.01922 -0.076813 -0.760505 -0.107497 -1.004907 -0.098282 -0.771663 -0.102317 -0.602505 0.00222 -0.04451 -0.03334 -0.07998 -0.064713 0.334427 -0.019056 1.047561 -0.010383 0.775161 -0.034431 0.58274 -0.087899 -1.546824
5.785692 13.610056 10.373551 27.53087 7.378095 21.084788 6.226724 19.657347 5.821544 17.213139 5.690271 18.338582 -5.898255 13.053143 -9.886661 27.037111 -5.104378 21.42804 -3.593931 20.84032 -3.212506 17.842183 -3.392822 18.759593 9.03405 -0.629044 -0.029403 -0.066817 -0.12992 -0.0956 -0.155848 -0.651097 -0.171906 -0.703287 -0.181001 -0.603199 -0.192815 -0.601959 -0.017494 -0.042313 -0.016725 0.031739 -0.120735 1.088506 -0.14846 1.269835 -0.169554 1.06771 -0.153071 0.889307 -0.011447 -1.670909
5.808687 13.65338 10.425133 27.615643 7.360452 21.209896 6.145561 19.856876 5.752254 17.276347 5.611062 18.386894 -5.877861 13.161436 -9.795687 27.174544 -5.039573 21.37056 -3.522417 20.548123 -3.158879 17.4209 -3.325364 18.444145 8.911133 -0.144553 0.022995 0.043324 0.051582 0.084773 -0.017643 0.125107 -0.081164 0.19953 -0.06929 0.063208 -0.079209 0.048313 0.020394 0.108293 0.090975 0.137433 0.064805 -0.05748 0.071514 -0.292197 0.053626 -0.421283 0.067458 -0.315449 -0.122917 0.48449
5.816281 13.598409 10.44656 27.672121 7.305807 21.245417 6.073934 20.122787 5.693185 17.539021 5.573982 18.539211 -5.865857 13.024718 -9.732774 27.145246 -4.960027 20.693824 -3.46556 19.479868 -3.146049 16.658291 -3.284764 17.83348 8.839235 0.88073 0.007594 -0.05497 0.021428 0.056478 -0.054646 0.035521 -0.071627 0.265911 -0.059068 0.262675 -0.03708 0.152317 0.012004 -0.136718 0.062913 -0.029299 0.079545 -0.676736 0.056857 -1.068255 0.01283 -0.762609 0.0406 -0.610664 -0.071898 1.025283
5.624557 13.619849 10.253 27.666488 7.411772 21.993354 6.26114 21.142879 5.909538 18.422958 5.792344 19.314352 -5.933541 12.945181 -9.673741 27.148959 -4.923356 20.333931 -3.401738 18.95614 -3.139675 16.21885 -3.26494 17.438456 9.049213 2.204108 -0.191724 0.02144 -0.19356 -0.005633 0.105965 0.747937 0.187206 1.020092 0.216353 0.883937 0.218362 0.775141 -0.067684 -0.079536 0.059032 0.003713 0.036672 -0.359893 0.063822 -0.523728 0.006375 -0.439441 0.019825 -0.395024 0.209978 1.323378
5.671817 13.580257 10.255712 27.568561 7.604575 22.557354 6.462568 22.029489 6.129605 19.199419 6.015277 19.9503 -5.870327 12.890854 -9.605095 26.99033 -4.977131 20.204061 -3.473082 18.860811 -3.188622 16.177422 -3.311017 17.38354 9.318227 3.021997 0.047261 -0.039592 0.002712 -0.097927 0.192803 0.564 0.201428 0.88661 0.220066 0.776461 0.222933 0.635949 0.063214 -0.054327 0.068647 -0.158629 -0.053775 -0.12987 -0.071344 -0.095329 -0.048947 -0.041428 -0.046077 -0.054917 0.269014 0.817889
5.776232 13.521087 10.218871 27.686769 7.492912 22.736019 6.338614 22.097296 6.021482 19.221884 5.91355 20.014977 -5.76643 12.771159 -9.542793 27.077925 -4.955381 20.100421 -3.457081 18.688858 -3.181711 15.951741 -3.287482 17.181265 9.203193 3.270143 0.104415 -0.05917 -0.036842 0.118208 -0.111663 0.178665 -0.123954 0.067806 -0.108123 0.022465 -0.101727 0.064677 0.103897 -0.119695 0.062302 0.087595 0.02175 -0.103641 0.016001 -0.171953 0.006911 -0.225681 0.023535 -0.202274 -0.115034 0.248146
5.780542 13.770482 10.214555 27.978173 7.341063 22.286204 6.223112 21.234831 5.855656 18.562117 5.736387 19.502464 -5.807212 12.863114 -9.632155 27.068427 -4.931554 20.079926 -3.447911 18.685362 -3.136197 16.02048 -3.25295 17.239484 8.991852 2.541637 0.004309 0.249395 -0.004315 0.291404 -0.151849 -0.449815 -0.115502 -0.862464 -0.165826 -0.659767 -0.177163 -0.512514 -0.040781 0.091955 -0.089362 -0.009498 0.023827 -0.020495 0.00917 -0.003496 0.045514 0.068739 0.034532 0.058219 -0.21134 -0.728506
5.777889 13.771969 10.195088 27.917159 7.172215 22.013891 6.022394 20.844305 5.649465 18.410015 5.532706 19.361573 -5.814391 12.896183 -9.639889 26.913559 -4.750374 20.284736 -3.177258 19.048458 -2.833098 16.189313 -3.045365 17.380655 8.482563 2.220702 -0.002652 0.001487 -0.019467 -0.061014 -0.168848 -0.272313 -0.200719 -0.390527 -0.20619 -0.152102 -0.203681 -0.14089 -0.007179 0.033069 -0.007734 -0.154868 0.18118 0.204811 0.270653 0.363097 0.303099 0.168833 0.207585 0.141171 -0.509289 -0.320935
5.811393 13.746676 9.87044 28.134847 6.408828 20.442396 5.177921 18.377191 4.996812 15.941179 4.858309 17.169088 -5.820939 12.958041 -9.737787 27.003014 -4.738462 21.832079 -3.146517 21.403074 -2.786154 18.375021 -3.026447 19.148737 7.782966 -2.433842 0.033504 -0.025293 -0.324649 0.217688 -0.763386 -1.571494 -0.844473 -2.467114 -0.652653 -2.468836 -0.674397 -2.192485 -0.006548 0.061858 -0.097898 0.089455 0.011912 1.547343 0.030741 2.354616 0.046945 2.185708 0.018919 1.768082 -0.699598 -4.654545
5.881053 13.72585 9.824973 28.547996 6.118715 19.03497 4.898798 16.493547 4.831022 14.010558 4.652029 15.374684 -5.825418 13.286364 -9.805408 27.624971 -4.827806 24.82211 -3.188127 25.269037 -3.027576 22.07669 -3.202742 22.424561 7.858598 -8.066133 0.06966 -0.020826 -0.045466 0.41315 -0.290114 -1.407427 -0.279123 -1.883644 -0.16579 -1.930621 -0.20628 -1.794404 -0.004479 0.328323 -0.067621 0.621957 -0.089344 2.990031 -0.04161 3.865963 -0.241423 3.701669 -0.176296 3.275824 0.075632 -5.63229
5.753505 13.874802 9.176087 28.681439 5.925453 18.02907 4.781985 15.214998 4.715419 12.653211 4.539901 14.047 -5.923289 13.285449 -9.870332 27.41372 -5.270767 27.040386 -3.706411 28.456843 -3.440213 25.336009 -3.610057 25.261104 8.155632 -12.682799 -0.127548 0.148952 -0.648886 0.133443 -0.193262 -1.0059 -0.116813 -1.278549 -0.115603 -1.357347 -0.112128 -1.327685 -0.097871 -0.000915 -0.064924 -0.211251 -0.442961 2.218276 -0.518283 3.187805 -0.412637 3.259319 -0.407314 2.836543 0.297034 -4.616666
5.492038 13.952333 8.279759 28.21207 5.521834 15.466034 4.570156 11.731178 4.735023 9.624252 4.37572 11.266232 -6.100044 13.385543 -9.569722 27.809864 -4.808041 28.540623 -3.360027 30.063874 -2.811819 27.251148 -3.09878 27.084237 7.546842 -17.626897 -0.261468 0.077531 -0.896329 -0.469369 -0.403619 -2.563035 -0.211829 -3.48382 0.019604 -3.028959 -0.164181 -2.780768 -0.176755 0.100094 0.30061 0.396144 0.462726 1.500237 0.346383 1.607031 0.628394 1.915139 0.511277 1.823133 -0.60879 -4.944098
5.19129 13.9483 6.951058 28.110674 5.179942 13.370815 4.473794 9.214103 4.854232 7.546136 4.37122 9.22986 -6.358811 13.157505 -9.802774 27.459839 -5.725771 30.907992 -3.887364 33.433005 -3.857294 30.981514 -4.053056 30.449817 8.711526 -23.435378 -0.300747 -0.004032 -1.328701 -0.101396 -0.341892 -2.095219 -0.096363 -2.517074 0.119209 -2.078116 -0.0045 -2.036372 -0.258768 -0.228038 -0.233051 -0.350025 -0.91773 2.367368 -0.527337 3.369132 -1.045474 3.730366 -0.954276 3.365579 1.164684 -5.808482
4.670739 14.08909 6.232762 28.462008 5.017877 13.367832 4.612035 9.085745 5.004025 7.396725 4.447466 9.225172 -6.584108 13.019693 -9.836784 27.101788 -6.15437 33.089241 -5.034265 36.43271 -4.276812 34.309587 -4.479465 33.484408 9.280837 -26.912862 -0.520551 0.140789 -0.718296 0.351334 -0.162065 -0.002983 0.138241 -0.128359 0.149792 -0.149411 0.076246 -0.004688 -0.225297 -0.137812 -0.03401 -0.358051 -0.428599 2.18125 -1.146901 2.999705 -0.419518 3.328073 -0.426409 3.034592 0.569311 -3.477484
4.342073 14.113545 5.292547 28.070685 4.883802 12.26314 4.758811 7.843557 5.187994 6.548232 4.544264 8.39428 -6.628731 12.688568 -9.465495 26.623324 -6.692961 34.916237 -5.959758 38.902059 -4.81807 37.317762 -4.92456 36.2398 10.006064 -30.76953 -0.328666 0.024456 -0.940216 -0.391322 -0.134075 -1.104692 0.146776 -1.242188 0.18397 -0.848493 0.096798 -0.830892 -0.044623 -0.331125 0.371289 -0.478464 -0.538591 1.826996 -0.925493 2.469349 -0.541258 3.008175 -0.445095 2.755392 0.725228 -3.856668
4.030186 14.031008 4.734552 27.487868 4.589421 11.261243 4.449743 6.771475 4.943573 5.702811 4.298979 7.580107 -6.784824 12.221465 -9.210378 26.127481 -7.271087 36.322087 -7.018095 40.788758 -5.719551 39.805394 -5.440384 38.517624 10.663125 -34.102583 -0.311887 -0.082538 -0.557995 -0.582817 -0.294381 -1.001897 -0.309068 -1.072082 -0.244421 -0.84542 -0.245285 -0.814173 -0.156093 -0.467104 0.255117 -0.495842 -0.578126 1.40585 -1.058337 1.886699 -0.901482 2.487633 -0.515825 2.277824 0.657061 -3.333053
4.057986 13.998783 4.387051 26.914403 4.05221 11.099273 3.834391 6.765044 4.406327 5.936641 3.815866 7.725823 -7.083738 12.1117 -9.111869 26.622853 -7.191095 37.919489 -7.168007 42.447618 -5.751452 41.591594 -5.37757 40.133956 10.157779 -35.654953 0.0278 -0.032225 -0.347501 -0.573465 -0.537211 -0.16197 -0.615352 -0.006431 -0.537246 0.233829 -0.483114 0.145715 -0.298914 -0.109765 0.098509 0.495371 0.079992 1.597401 -0.149912 1.65886 -0.0319 1.786199 0.062814 1.616332 -0.505346 -1.55237
3.708553 13.996038 4.060245 26.724097 3.618813 11.039719 3.282571 6.856322 3.856081 5.930865 3.286439 7.682043 -7.414997 11.799642 -9.333834 26.506105 -7.437408 38.217029 -7.325968 43.008521 -5.898634 42.192486 -5.653372 40.667233 9.754714 -36.261621 -0.349432 -0.002745 -0.326806 -0.190306 -0.433397 -0.059554 -0.55182 0.091279 -0.550246 -0.005776 -0.529426 -0.04378 -0.331259 -0.312057 -0.221965 -0.116748 -0.246313 0.29754 -0.157961 0.560904 -0.147182 0.600892 -0.275803 0.533277 -0.403064 -0.606668
3.561103 14.09277 3.758478 26.825553 2.971423 10.899991 2.532971 6.720522 3.181517 5.95738 2.649307 7.726675 -7.746342 11.873877 -9.464109 26.560754 -7.480869 38.438159 -7.539082 43.153673 -6.016564 42.37684 -5.638242 40.842205 9.198081 -36.41946 -0.14745 0.096732 -0.301766 0.101456 -0.64739 -0.139728 -0.7496 -0.1358 -0.674564 0.026515 -0.637132 0.044632 -0.331345 0.074235 -0.130275 0.054649 -0.043461 0.22113 -0.213113 0.145152 -0.117931 0.184354 0.015131 0.174972 -0.556633 -0.157839
3.327954 13.926008 3.972107 26.799762 2.672267 10.697478 2.122033 6.331375 2.703589 5.694056 2.194268 7.526761 -7.922518 11.690372 -9.918913 26.515692 -7.889709 38.642085 -7.940233 43.335438 -6.423903 42.593527 -6.077483 41.071105 9.127492 -36.899471 -0.23315 -0.166762 0.213629 -0.025791 -0.299156 -0.202513 -0.410938 -0.389147 -0.477928 -0.263324 -0.45504 -0.199914 -0.176176 -0.183505 -0.454804 -0.045061 -0.40884 0.203925 -0.401151 0.181764 -0.407338 0.216687 -0.439242 0.2289 -0.07059 -0.480011
3.339928 14.139897 3.321511 26.86137 2.385843 10.716042 1.893282 6.327054 2.582926 5.759069 2.040654 7.592961 -8.047277 11.732879 -10.035118 26.377851 -8.054414 38.599783 -8.128202 43.402064 -6.645897 42.627382 -6.252584 41.122818 9.228823 -36.868313 0.011975 0.213888 -0.650597 0.061607 -0.286424 0.018564 -0.228751 -0.004321 -0.120664 0.065014 -0.153613 0.0662 -0.124758 0.042507 -0.116205 -0.137842 -0.164706 -0.042301 -0.187969 0.066626 -0.221995 0.033855 -0.175101 0.051713 0.101331 0.031158
3.234065 14.196739 3.137511 26.631364 1.931566 10.456264 1.310492 6.031573 2.169645 5.611986 1.671588 7.381356 -8.132723 11.587247 -10.173467 26.226524 -8.273792 38.40526 -8.370978 43.184748 -6.888205 42.506477 -6.493306 40.96922 9.05785 -36.894491 -0.105864 0.056842 -0.184 -0.230005 -0.454277 -0.259778 -0.58279 -0.295481 -0.413281 -0.147083 -0.369066 -0.211605 -0.085446 -0.145632 -0.138348 -0.151327 -0.219378 -0.194523 -0.242776 -0.217316 -0.242308 -0.120905 -0.240722 -0.153598 -0.170973 -0.026178
3.032917 14.182818 3.171569 26.449528 1.714188 10.335207 1.041341 5.945233 1.807886 5.354849 1.329339 7.136449 -8.328068 11.320239 -10.401189 26.056036 -8.533949 38.390091 -8.648965 43.196401 -7.132855 42.54705 -6.73953 40.982625 8.940741 -37.192202 -0.201148 -0.013921 0.034058 -0.181836 -0.217378 -0.121057 -0.269151 -0.08634 -0.361758 -0.257137 -0.34225 -0.244907 -0.195345 -0.267008 -0.227723 -0.170487 -0.260156 -0.015169 -0.277987 0.011653 -0.24465 0.040573 -0.246224 0.013405 -0.117108 -0.29771
3.064209 14.138088 3.066343 26.581484 1.531994 10.237068 0.78705 5.857268 1.637775 5.220839 1.177865 7.0079 -8.355311 11.156097 -10.558814 25.938088 -8.664951 38.450646 -8.780423 43.32788 -7.241082 42.741847 -6.839538 41.116858 8.878857 -37.521008 0.031292 -0.04473 -0.105226 0.131956 -0.182194 -0.098139 -0.254291 -0.087965 -0.170112 -0.134009 -0.151473 -0.128549 -0.027242 -0.164142 -0.157624 -0.117949 -0.131002 0.060555 -0.131458 0.131479 -0.108227 0.194797 -0.100008 0.134233 -0.061885 -0.328806
2.931035 14.277676 3.02487 26.471287 1.447403 10.391808 0.728142 5.923733 1.560891 5.283901 1.107615 7.081595 -8.421153 11.086661 -10.655624 25.912505 -8.764949 38.531816 -8.862948 43.368608 -7.334223 42.726791 -6.939867 41.091961 8.895114 -37.44289 -0.133175 0.139588 -0.041473 -0.110197 -0.084591 0.15474 -0.058907 0.066465 -0.076884 0.063062 -0.07025 0.073695 -0.065842 -0.069436 -0.09681 -0.025582 -0.099999 0.08117 -0.082526 0.040728 -0.093141 -0.015056 -0.10033 -0.024897 0.016257 0.078118
2.948046 14.099184 3.063869 26.331863 1.48471 10.350192 0.772703 5.896544 1.59899 5.23591 1.140338 7.02922 -8.377287 10.860753 -10.64156 25.740328 -8.74508 38.381734 -8.841005 43.178239 -7.317069 42.531988 -6.929946 40.929762 8.916059 -37.296078 0.017011 -0.178492 0.038999 -0.139424 0.037307 -0.041616 0.04456 -0.027189 0.038099 -0.047991 0.032723 -0.052375 0.043866 -0.225908 0.014064 -0.172177 0.019869 -0.150082 0.021943 -0.190368 0.017154 -0.194803 0.009921 -0.162199 0.020945 0.146812
3.08314 13.866124 3.180355 26.073438 1.582778 10.067782 0.894636 5.621859 1.700556 4.949048 1.241612 6.74001 -8.223906 10.678118 -10.530382 25.482124 -8.658731 38.092697 -8.767137 42.897201 -7.22746 42.224252 -6.839466 40.641987 8.928016 -37.275204 0.135094 -0.23306 0.116485 -0.258425 0.098068 -0.28241 0.121933 -0.274685 0.101566 -0.286862 0.101274 -0.289211 0.153381 -0.182635 0.111178 -0.258204 0.086349 -0.289038 0.073868 -0.281039 0.08961 -0.307736 0.09048 -0.287774 0.011957 0.020874
3.126156 13.985494 3.160769 26.325712 1.634938 10.326394 0.949144 5.907357 1.757878 5.142206 1.295418 6.928146 -8.204648 10.714468 -10.502574 25.585172 -8.61738 38.100114 -8.727825 42.878512 -7.189819 42.22022 -6.798345 40.651682 8.947697 -37.078014 0.043017 0.11937 -0.019586 0.252274 0.05216 0.258613 0.054508 0.285497 0.057322 0.193158 0.053805 0.188136 0.019258 0.03635 0.027809 0.103047 0.041351 0.007418 0.039312 -0.018689 0.03764 -0.004032 0.041121 0.009695 0.019681 0.19719
3.235596 13.865885 3.36898 26.551649 1.795083 10.790569 1.116002 6.383282 1.905316 5.435324 1.445878 7.25027 -8.061698 10.59728 -10.345137 25.447533 -8.461618 37.973794 -8.571321 42.750642 -7.028747 42.123726 -6.63653 40.543851 8.934063 -36.688402 0.10944 -0.119609 0.208211 0.225937 0.160146 0.464174 0.166857 0.475925 0.147438 0.293118 0.15046 0.322124 0.14295 -0.117189 0.157437 -0.137639 0.155762 -0.12632 0.156504 -0.12787 0.161073 -0.096494 0.161815 -0.107831 -0.013635 0.389612
3.261316 13.781223 3.633595 26.815501 2.433568 11.009887 1.889318 6.57877 2.522314 5.564678 2.006793 7.415166 -8.036622 10.598424 -10.286614 25.734714 -8.343899 37.904075 -8.392355 42.645529 -6.88239 41.992876 -6.512967 40.418252 9.404704 -36.428198 0.025719 -0.084662 0.264615 0.263852 0.638485 0.219318 0.773317 0.195488 0.616997 0.129354 0.560915 0.164896 0.025076 0.001144 0.058523 0.287181 0.117719 -0.06972 0.178966 -0.105113 0.146356 -0.13085 0.123563 -0.125599 0.470641 0.260204
3.578508 13.79551 4.132122 27.25952 2.944696 12.017438 2.494717 7.89299 3.046697 6.529847 2.502394 8.31134 -7.718226 10.660514 -9.785798 25.801435 -7.843769 37.880859 -7.860225 42.586115 -6.389928 41.724363 -6.018111 40.235797 9.436625 -35.194516 0.317192 0.014287 0.498527 0.444019 0.511128 1.007551 0.605398 1.31422 0.524384 0.965169 0.495601 0.896174 0.318396 0.06209 0.500816 0.066721 0.500131 -0.023216 0.532129 -0.059414 0.492463 -0.268513 0.494856 -0.182456 0.031921 1.233682
3.629774 13.806951 4.246771 28.438586 3.582168 13.617328 3.224474 9.598407 3.838736 7.933229 3.219616 9.687585 -7.681552 10.704637 -9.650052 25.953585 -7.704169 37.941545 -7.736564 42.646688 -6.255668 41.795051 -5.879366 40.318906 10.094404 -33.861822 0.051266 0.011441 0.11465 1.179066 0.637472 1.59989 0.729758 1.705417 0.792038 1.403382 0.717223 1.376244 0.036675 0.044122 0.135747 0.15215 0.1396 0.060686 0.123662 0.060573 0.134259 0.070688 0.138745 0.08311 0.657779 1.332694
3.806102 13.8419 5.063772 28.921756 4.957151 15.733495 4.641533 12.035224 5.162132 9.818602 4.492265 11.509073 -7.498771 11.055258 -9.38808 26.434782 -7.46952 38.00979 -7.515302 42.682686 -6.085637 41.823974 -5.69528 40.346965 11.247769 -32.005373 0.176328 0.034949 0.817001 0.48317 1.374984 2.116168 1.417059 2.436817 1.323396 1.885372 1.272649 1.821488 0.182781 0.350621 0.261971 0.481197 0.234649 0.068244 0.221261 0.035998 0.170031 0.028923 0.184086 0.028059 1.153365 1.856449
4.652995 14.571348 5.781251 30.39082 5.964059 20.182201 6.161404 17.477152 6.334066 14.323172 5.523688 15.698341 -7.107934 11.625546 -8.908454 26.813975 -7.021478 38.21778 -7.115069 42.895326 -5.617344 42.082581 -5.132008 40.633485 11.951411 -27.759409 0.846893 0.729448 0.717479 1.469064 1.006907 4.448706 1.519871 5.441928 1.171935 4.50457 1.031423 4.189268 0.390837 0.570288 0.479627 0.379193 0.448042 0.20799 0.400233 0.21264 0.468293 0.258607 0.563273 0.28652 0.703642 4.245964
4.382026 14.426556 5.673808 30.476782 7.38554 23.504677 7.928562 22.05123 8.07485 18.805996 7.282764 19.7225 -7.063833 11.733603 -8.877957 26.671514 -7.067862 37.946823 -7.119948 42.566404 -5.549315 41.570702 -5.118698 40.101364 13.624164 -22.764707 -0.270969 -0.144792 -0.107443 0.085962 1.421481 3.322476 1.767159 4.574078 1.740783 4.482824 1.759076 4.02416 0.044101 0.108057 0.030497 -0.142461 -0.046384 -0.270957 -0.004879 -0.328922 0.06803 -0.511879 0.01331 -0.53212 1.672754 4.994702
4.706907 13.965014 6.135297 28.498513 8.62605 27.289736 9.602445 27.531791 9.33665 25.036204 7.932007 25.451773 -6.64196 11.910602 -8.249703 26.603645 -6.496483 38.120198 -6.64815 42.40315 -5.108571 41.470373 -4.601428 40.117568 14.445221 -16.434169 0.324881 -0.461543 0.461489 -1.978269 1.24051 3.785059 1.673883 5.480561 1.261801 6.230208 0.649244 5.729273 0.421873 0.176999 0.628254 -0.067869 0.571379 0.173375 0.471798 -0.163254 0.440744 -0.10033 0.51727 0.016204 0.821057 6.330538
4.801804 13.386026 6.840205 25.346896 9.741962 29.570952 10.803801 31.501058 9.989619 30.421767 9.153003 30.338439 -6.174275 12.043783 -7.553461 26.054361 -5.894059 37.923893 -6.194627 42.109671 -4.680917 41.326109 -4.158628 39.980826 14.670536 -10.904342 0.094897 -0.578988 0.704908 -3.151616 1.115912 2.281216 1.201355 3.969267 0.652969 5.385563 1.220995 4.886666 0.467685 0.133181 0.696242 -0.549284 0.602424 -0.196305 0.453523 -0.293478 0.427654 -0.144264 0.4428 -0.136742 0.225314 5.529827
4.980189 13.325164 7.228094 25.36529 10.542184 33.309558 12.516129 35.956106 12.021017 35.609779 10.720628 35.33698 -5.869645 12.441874 -7.051158 26.49546 -5.616531 38.128611 -5.994201 42.240921 -4.352996 41.393122 -3.86478 40.156159 16.374013 -5.783343 0.178385 -0.060862 0.387889 0.018394 0.800222 3.738606 1.712328 4.455048 2.031398 5.188012 1.567626 4.998541 0.30463 0.39809 0.502303 0.441098 0.277528 0.204718 0.200427 0.131249 0.327921 0.067014 0.293848 0.175333 1.703477 5.120999
5.213863 13.430455 7.819676 26.253223 11.743772 36.154443 12.78885 39.209843 12.860531 39.160764 11.888212 38.643837 -5.703688 12.511897 -6.714344 26.453412 -5.360094 38.261753 -5.787861 42.317343 -4.21893 41.562158 -3.716278 40.342373 17.079461 -2.401394 0.233674 0.105292 0.591582 0.887933 1.201588 2.844885 0.272721 3.253737 0.839514 3.550985 1.167583 3.306857 0.165957 0.070024 0.336814 -0.042048 0.256437 0.133142 0.206339 0.076422 0.134066 0.169036 0.148502 0.186214 0.705448 3.38195
5.329847 13.347927 8.160311 26.758161 12.324274 37.777242 13.75761 40.871635 13.598442 41.120192 12.125927 40.548965 -5.576947 12.433887 -6.490442 26.497641 -5.182189 38.294092 -5.567589 42.213997 -4.140314 41.554704 -3.626886 40.356001 17.738757 -0.434512 0.115985 -0.082529 0.340635 0.504938 0.580502 1.622799 0.96876 1.661792 0.737911 1.959428 0.237715 1.905128 0.12674 -0.078011 0.223902 0.04423 0.177905 0.032339 0.220272 -0.103346 0.078616 -0.007454 0.089392 0.013629 0.659296 1.966882
5.337137 13.580063 8.287883 27.086696 12.61422 38.767889 13.935256 41.988757 13.78392 42.300251 12.674302 41.691741 -5.616561 12.571752 -6.329611 26.718375 -5.033848 38.528869 -5.485329 42.498371 -4.03755 41.832653 -3.50855 40.702668 17.82147 0.467598 0.00729 0.232136 0.127572 0.328535 0.289947 0.990647 0.177646 1.117122 0.185478 1.180059 0.548375 1.142776 -0.039613 0.137866 0.160831 0.220734 0.148341 0.234777 0.08226 0.284374 0.102764 0.277948 0.118336 0.346667 0.082713 0.90211
5.584168 13.741896 8.658218 27.451503 12.844974 39.626008 14.745677 42.916399 14.497864 43.290931 13.198692 42.64847 -5.583611 12.853009 -6.241819 27.124047 -4.879257 38.698417 -5.227035 42.625785 -3.834161 41.917241 -3.334317 40.806836 18.332025 1.37369 0.247031 0.161833 0.370336 0.364807 0.230753 0.858119 0.810421 0.927642 0.713944 0.99068 0.52439 0.956729 0.032949 0.281256 0.087792 0.405672 0.154591 0.169548 0.258294 0.127414 0.203389 0.084588 0.174233 0.104168 0.510556 0.906092
5.619043 13.662732 8.913219 27.319667 13.211793 39.620522 15.18752 43.179706 14.875251 43.48987 13.5638 42.765078 -5.599716 12.759963 -6.372282 26.885453 -4.883385 38.478461 -5.252203 42.574736 -3.748044 41.842958 -3.240138 40.689138 18.623295 1.646912 0.034875 -0.079164 0.255001 -0.131837 0.366819 -0.005487 0.441843 0.263306 0.377387 0.198939 0.365108 0.116608 -0.016105 -0.093046 -0.130463 -0.238594 -0.004128 -0.219956 -0.025168 -0.051048 0.086117 -0.074282 0.094178 -0.117698 0.29127 0.273222
5.64431 13.93398 9.064525 27.526772 13.358426 40.405929 15.255821 43.995476 15.091765 44.551718 13.838184 43.825692 -5.621433 13.057983 -6.377685 27.259737 -4.757172 38.988888 -5.124223 43.112189 -3.586057 42.342168 -3.076413 41.176295 18.677822 2.20955 0.025266 0.271249 0.151306 0.207105 0.146633 0.785407 0.068301 0.81577 0.216514 1.061848 0.274384 1.060614 -0.021717 0.29802 -0.005403 0.374284 0.126213 0.510427 0.12798 0.537452 0.161988 0.49921 0.163725 0.487158 0.054526 0.562638
5.701894 14.031631 9.228247 27.658021 13.610101 40.790778 15.522301 44.364107 15.324289 44.961959 14.071053 44.209898 -5.467674 13.048303 -6.383654 27.171654 -4.807973 38.899457 -5.248484 42.985481 -3.675184 42.272431 -3.143221 41.156167 18.999472 2.689528 0.057584 0.09765 0.163722 0.131249 0.251675 0.384849 0.26648 0.368631 0.232524 0.410241 0.232869 0.384206 0.153759 -0.00968 -0.005969 -0.088084 -0.050801 -0.089431 -0.124261 -0.126708 -0.089127 -0.069737 -0.066808 -0.020128 0.321651 0.479978
5.84318 14.188412 9.334534 27.850381 13.713562 41.031191 15.625173 44.537523 15.410161 45.156303 14.146143 44.431427 -5.327541 13.197264 -6.222934 27.324989 -4.721731 39.0825 -5.216667 43.149027 -3.620523 42.443976 -3.072441 41.311273 19.030684 2.712327 0.141287 0.156781 0.106287 0.192359 0.103462 0.240412 0.102872 0.173417 0.085872 0.194344 0.07509 0.22153 0.140134 0.148961 0.160721 0.153336 0.086242 0.183043 0.031817 0.163546 0.05466 0.171545 0.070781 0.155106 0.031212 0.022799
5.748928 14.138258 9.290171 27.814108 13.674039 41.077471 15.584093 44.608486 15.354306 45.242572 14.085126 44.512486 -5.393976 13.176781 -6.155229 27.302265 -4.772109 39.024884 -5.274513 43.047488 -3.734502 42.364711 -3.180569 41.272855 19.088808 2.877861 -0.094253 -0.050154 -0.044364 -0.036272 -0.039524 0.04628 -0.04108 0.070962 -0.055856 0.086269 -0.061017 0.081059 -0.066435 -0.020483 0.067705 -0.022724 -0.050378 -0.057617 -0.057846 -0.101539 -0.113979 -0.079265 -0.108129 -0.038418 0.058123 0.165534
5.746305 14.29933 9.394902 28.116491 13.809043 41.505715 15.777862 45.087972 15.420824 45.79483 14.138162 45.040444 -5.402929 13.321248 -6.156573 27.631661 -4.753247 39.274207 -5.257264 43.216863 -3.733718 42.500225 -3.180036 41.452011 19.154543 3.294605 -0.002623 0.161073 0.104731 0.302383 0.135005 0.428244 0.193769 0.479487 0.066519 0.552258 0.053036 0.527957 -0.008953 0.144467 -0.001344 0.329396 0.018862 0.249323 0.01725 0.169376 0.000784 0.135514 0.000533 0.179157 0.065735 0.416744
5.756038 14.261618 9.408623 28.088263 13.847506 41.296986 15.81738 44.865355 15.473992 45.458558 14.189547 44.717982 -5.396429 13.28851 -6.167662 27.53959 -4.745445 39.18387 -5.244491 43.174681 -3.720683 42.468312 -3.167328 41.415361 19.194674 2.990246 0.009733 -0.037712 0.013721 -0.028229 0.038463 -0.20873 0.039518 -0.222617 0.053167 -0.336272 0.051385 -0.322461 0.0065 -0.032738 -0.011089 -0.092071 0.007802 -0.090337 0.012773 -0.042182 0.013036 -0.031912 0.012708 -0.036651 0.040132 -0.304359
5.797142 14.260623 9.441537 28.09796 13.861448 41.291615 15.827072 44.86042 15.497547 45.45621 14.217418 44.714734 -5.389008 13.252783 -6.244713 27.507904 -4.714826 39.19076 -5.170614 43.186942 -3.621757 42.476776 -3.080425 41.427168 19.119304 2.979434 0.041103 -0.000995 0.032914 0.009698 0.013942 -0.00537 0.009692 -0.004935 0.023556 -0.002348 0.027871 -0.003248 0.007421 -0.035727 -0.077051 -0.031686 0.030619 0.00689 0.073877 0.012261 0.098926 0.008464 0.086904 0.011808 -0.07537 -0.010812
5.807871 14.214185 9.68377 28.175303 14.159507 41.511586 16.1668 45.072034 15.753305 45.785317 14.457917 45.038429 -5.362567 13.295493 -6.240132 27.666584 -4.586259 39.218822 -5.003774 43.21461 -3.485319 42.500624 -2.954736 41.477153 19.238624 3.284693 0.010729 -0.046438 0.242233 0.077343 0.298059 0.219971 0.339729 0.211614 0.255758 0.329107 0.240499 0.323695 0.026441 0.04271 0.004581 0.158679 0.128567 0.028062 0.166839 0.027668 0.136438 0.023848 0.125688 0.049984 0.11932 0.305259
5.775046 14.185986 9.640551 28.127071 14.161807 41.43537 16.15203 44.977877 15.757203 45.67683 14.467371 44.932058 -5.385652 13.250932 -6.272253 27.600697 -4.633087 39.116815 -5.064487 43.053576 -3.522155 42.366442 -3.002101 41.34225 19.279358 3.310388 -0.032824 -0.028199 -0.043219 -0.048232 0.002301 -0.076216 -0.01477 -0.094157 0.003898 -0.108486 0.009453 -0.10637 -0.023085 -0.04456 -0.032121 -0.065887 -0.046828 -0.102007 -0.060713 -0.161034 -0.036836 -0.134182 -0.047365 -0.134903 0.040734 0.025696
5.705112 14.121175 9.602165 28.021646 14.215398 41.30522 16.235656 44.921553 15.837795 45.656693 14.544606 44.847745 -5.435166 13.159814 -6.341711 27.546322 -4.694018 39.118016 -5.067998 43.052208 -3.619519 42.311049 -3.108969 41.243011 19.457313 3.345644 -0.069934 -0.064811 -0.038385 -0.105426 0.053591 -0.13015 0.083625 -0.056323 0.080591 -0.020137 0.077236 -0.084314 -0.049514 -0.091118 -0.069457 -0.054374 -0.060931 0.001201 -0.003511 -0.001368 -0.097364 -0.055394 -0.106868 -0.099239 0.177956 0.035256
5.798972 14.07553 9.641784 28.062087 14.263988 41.372484 16.33085 44.954449 15.965772 45.642245 14.641714 44.889081 -5.450955 13.150761 -6.257975 27.477688 -4.649994 39.069271 -5.070978 43.080759 -3.574586 42.329651 -3.035128 41.264206 19.540358 3.312594 0.093859 -0.045645 0.039619 0.040442 0.04859 0.067264 0.095195 0.032896 0.127977 -0.014448 0.097108 0.041336 -0.015789 -0.009054 0.083736 -0.068635 0.044024 -0.048745 -0.00298 0.028551 0.044933 0.018603 0.073841 0.021195 0.083044 -0.033051
5.797517 14.020291 9.621465 28.055277 14.191777 41.384038 16.23289 44.940332 15.869641 45.627931 14.555204 44.903341 -5.503696 13.110897 -6.269452 27.466944 -4.682851 39.07086 -5.111694 43.085667 -3.613833 42.339298 -3.069374 41.293439 19.483474 3.288633 -0.001454 -0.055239 -0.020319 -0.00681 -0.072211 0.011554 -0.09796 -0.014117 -0.09613 -0.014314 -0.08651 0.01426 -0.052741 -0.039864 -0.011477 -0.010744 -0.032857 0.001588 -0.040716 0.004908 -0.039247 0.009647 -0.034246 0.029233 -0.056884 -0.023961
5.810338 14.006695 9.648496 28.03711 14.221078 41.389474 16.283697 44.94727 15.896475 45.700946 14.571661 44.996414 -5.475214 13.092113 -6.284162 27.436903 -4.682598 39.027217 -5.109802 43.010387 -3.60913 42.222282 -3.064701 41.223213 19.505605 3.478664 0.012821 -0.013596 0.027031 -0.018167 0.029302 0.005436 0.050807 0.006938 0.026834 0.073016 0.016457 0.093073 0.028482 -0.018784 -0.01471 -0.030041 0.000253 -0.043643 0.001892 -0.075281 0.004703 -0.117016 0.004673 -0.070226 0.022131 0.190032
5.754584 13.996455 9.605187 27.965555 14.229536 41.18993 16.285485 44.652411 15.907955 45.36061 14.585793 44.670978 -5.486056 13.087368 -6.339458 27.435496 -4.715464 38.911203 -5.119491 42.843744 -3.630978 42.111394 -3.100997 41.113243 19.538933 3.249216 -0.055754 -0.01024 -0.043309 -0.071555 0.008458 -0.199544 0.001788 -0.294858 0.01148 -0.340337 0.014132 -0.325435 -0.010842 -0.004745 -0.055295 -0.001407 -0.032866 -0.116014 -0.009689 -0.166643 -0.021848 -0.110888 -0.036296 -0.109971 0.033328 -0.229448
5.787772 13.975057 9.637284 27.962711 14.260435 41.15229 16.317916 44.604138 15.945852 45.286205 14.619267 44.598261 -5.472684 13.052067 -6.372437 27.423564 -4.690367 38.90532 -5.095416 42.833576 -3.597414 42.1078 -3.069243 41.107568 19.543266 3.178406 0.033188 -0.021398 0.032097 -0.002843 0.030899 -0.03764 0.032431 -0.048274 0.037897 -0.074404 0.033474 -0.072718 0.013372 -0.035301 -0.032979 -0.011933 0.025097 -0.005883 0.024074 -0.010169 0.033563 -0.003594 0.031754 -0.005674 0.004333 -0.07081
]