08-15-20_Prerna_4K.lion_above_blue_bed.0000000001 [ 5.368369 7.233741 0.899346 2.787464 9.217575 2.133876 5.3519 7.339319 7.142366 7.285489 5.169073 5.565182 5.432819 7.461791 7.583749 5.525973 7.560862 7.613596 9.01144 2.813075 9.008758 9.152146 2.583643 9.044487 9.104921 2.632307 8.952217 -2.580905 1.983834 0.0 0.0 0.0 0.0 0.0 0.0 0.0 0.0 0.0 0.0 0.0 0.0 0.0 0.0 0.0 0.0 0.0
5.421745 7.298692 0.812446 2.815287 9.146076 1.581763 5.337555 7.333589 7.126274 7.295663 5.17435 5.57116 5.420616 7.507367 7.602094 5.517132 7.610773 7.639931 9.004976 2.752815 9.013678 9.222286 2.573519 9.117641 9.204803 2.631433 9.054024 -2.606458 1.847384 0.053376 0.064951 -0.086901 -0.310564 -0.010226 -0.000557 0.008422 -0.003645 0.008467 0.018345 0.006867 -0.26069 -0.032058 -0.037227 0.060256 0.014468 -0.13645
5.425669 7.295609 0.839945 2.841654 9.038651 1.657526 5.352809 7.357597 7.127344 7.301636 5.215464 5.566868 5.42936 7.504855 7.630911 5.519717 7.589831 7.64932 8.818768 2.742071 8.742108 9.038356 2.592598 8.928043 9.044461 2.669082 8.880839 -2.584015 1.743042 0.003924 -0.003083 0.0275 0.042617 0.023187 0.008268 -0.003292 -0.015556 -0.019661 0.028817 0.030868 0.055375 -0.016018 -0.25067 -0.240346 0.05637 -0.104342
5.432407 7.287124 0.875673 2.85647 8.930782 1.773216 5.359236 7.343868 7.136784 7.311742 5.203549 5.576888 5.430744 7.534468 7.649812 5.520125 7.625503 7.676902 8.780671 2.742785 8.69974 9.048285 2.58128 8.8484 8.986498 2.682852 8.755611 -2.575937 1.643658 0.006738 -0.008485 0.035727 0.065076 -0.00594 -0.008786 0.00838 0.012304 0.007056 0.018901 0.021642 -0.026863 0.003049 -0.055426 -0.019518 -0.004722 -0.099384
5.439612 7.306892 0.910796 2.86122 8.888059 1.768613 5.332562 7.335877 7.151439 7.300964 5.197537 5.59412 5.449186 7.529038 7.648208 5.540863 7.61844 7.665788 8.770714 2.73074 8.689973 9.059026 2.587318 8.85785 9.005035 2.68462 8.764347 -2.578393 1.581167 0.007205 0.019768 0.035124 -0.002589 -0.00721 -0.002235 -0.00711 0.013204 -0.007071 -0.001605 -0.005354 -0.010801 -0.01736 -0.009881 -0.001775 0.01142 -0.062491
5.431715 7.311511 0.962475 2.858388 8.877673 1.758633 5.36951 7.351224 7.122393 7.316 5.191816 5.583183 5.425851 7.533338 7.63342 5.522626 7.623789 7.661556 8.757719 2.738948 8.689568 9.055428 2.581526 8.830805 8.972213 2.682634 8.726407 -2.573327 1.566162 -0.007897 0.004619 0.051679 -0.005614 -0.014417 0.017523 0.026948 0.010893 0.025042 -0.014788 -0.03325 0.001968 0.004035 0.003411 -0.005614 -0.006044 -0.015005
5.451694 7.306422 1.00528 2.857307 8.88155 1.742414 5.350246 7.329971 7.122595 7.289654 5.206079 5.581855 5.444129 7.480516 7.616648 5.535698 7.586636 7.649174 8.774124 2.728672 8.691211 9.060993 2.590567 8.860729 9.001307 2.68465 8.768952 -2.594387 1.575128 0.019978 -0.005089 0.042804 -0.009123 0.003911 -0.017104 -0.026485 -0.007852 -0.018174 -0.016772 0.022491 0.001711 -0.009472 0.007412 0.007695 0.009706 0.008966
5.460657 7.294389 1.019319 2.854064 8.885286 1.715534 5.363234 7.332649 7.118042 7.290306 5.194286 5.591375 5.451448 7.488989 7.610043 5.549937 7.586607 7.636706 8.751428 2.718592 8.693101 9.059727 2.591732 8.868586 9.012628 2.689469 8.773673 -2.606593 1.590897 0.008964 -0.012033 0.014039 -0.01512 -0.002051 -0.003722 -0.01495 -0.014749 0.007076 -0.006605 -0.014967 -0.006269 -0.012434 -0.005533 -0.001001 0.004478 0.015769
5.470502 7.293754 1.041526 2.854462 8.88155 1.73884 5.371345 7.309127 7.116359 7.2637 5.193934 5.577007 5.440343 7.456005 7.595774 5.534031 7.565616 7.626147 8.759139 2.737749 8.697382 9.052926 2.585155 8.842998 8.982366 2.685455 8.744197 -2.616041 1.587797 0.009845 -0.000635 0.022208 0.01311 -0.001815 -0.024214 -0.019503 -0.012144 -0.009048 -0.014269 0.002745 0.006343 0.021201 0.001493 -0.002276 -0.009847 -0.0031
5.476448 7.28619 1.069024 2.858829 8.884649 1.745899 5.368011 7.335792 7.10451 7.262806 5.197091 5.590888 5.446624 7.460805 7.594467 5.540614 7.568225 7.637104 8.762276 2.736652 8.690478 9.047487 2.588634 8.855727 8.989509 2.683833 8.766209 -2.617619 1.598459 0.005946 -0.007564 0.027497 0.00397 0.00418 0.032786 0.002558 0.006868 0.00863 -0.001307 0.01329 0.001237 -0.0027 -0.004271 -0.003587 0.001751 0.010662
5.480046 7.277195 1.068672 2.857559 8.882135 1.733969 5.370741 7.363672 7.112202 7.29431 5.198752 5.595521 5.44508 7.479463 7.604548 5.541215 7.576943 7.646231 8.771281 2.724508 8.687509 9.041682 2.599063 8.866999 8.999911 2.694433 8.779088 -2.622488 1.60494 0.003598 -0.008994 -0.000352 -0.00671 0.004718 0.029628 0.036008 0.024817 -8.5e-05 0.01008 0.004697 -0.0009 -0.012896 0.006406 -0.00632 0.017183 0.006481
5.478987 7.282019 1.075483 2.858902 8.88499 1.734383 5.365189 7.331912 7.102423 7.248211 5.194206 5.59266 5.448006 7.444408 7.59144 5.545042 7.549489 7.624941 8.759334 2.733662 8.690784 9.044549 2.596632 8.854042 8.990868 2.691551 8.756469 -2.620085 1.60297 -0.001059 0.004824 0.006812 0.000233 -0.000356 -0.024873 -0.037977 -0.018644 -0.002898 -0.013108 -0.015109 -0.001295 0.007764 -0.003833 0.003307 -0.007074 -0.001969
5.485345 7.269941 1.070012 2.862188 8.882973 1.722727 5.361384 7.377149 7.120733 7.319428 5.195087 5.612034 5.458746 7.51526 7.620201 5.559552 7.599075 7.649314 8.755081 2.726262 8.682564 9.046904 2.593002 8.866294 9.001105 2.692533 8.769745 -2.623156 1.613032 0.006357 -0.012078 -0.005471 -0.006556 0.003384 0.043926 0.062335 0.044022 0.016366 0.028761 -0.000668 0.00473 -0.00529 -0.010693 -0.002764 -0.001144 0.010061
5.47548 7.293547 1.045513 2.857502 8.879051 1.725285 5.358873 7.344347 7.11556 7.281265 5.211477 5.59751 5.449055 7.482314 7.606927 5.544445 7.579284 7.636917 8.763225 2.727295 8.692752 9.030222 2.588333 8.846717 8.976265 2.687218 8.753358 -2.617978 1.585503 -0.009865 0.023606 -0.0245 0.001439 -0.000429 -0.034441 -0.045546 -0.049414 -0.016425 -0.013274 -0.001161 -0.002646 0.002399 0.014522 -0.004113 -0.00897 -0.027528
5.475577 7.288675 1.039726 2.856833 8.886005 1.719406 5.381038 7.344681 7.116005 7.281091 5.202104 5.585644 5.439709 7.470537 7.605981 5.541262 7.564697 7.64013 8.759872 2.727298 8.698902 9.074547 2.606048 8.893175 9.029644 2.695675 8.796965 -2.618744 1.597329 9.7e-05 -0.004872 -0.005787 -0.003307 -0.011288 -0.008329 0.003619 0.00653 -0.000573 -0.000947 0.021874 0.000597 -0.003079 -0.001169 0.028923 0.018747 0.011826
5.476337 7.282315 1.074482 2.861814 8.886092 1.72547 5.355537 7.360842 7.123383 7.312493 5.202512 5.592412 5.443267 7.502753 7.605944 5.537027 7.60493 7.645786 8.766163 2.71872 8.697182 9.057343 2.592642 8.875018 9.012023 2.691011 8.772507 -2.614523 1.603777 0.00076 -0.00636 0.034756 0.003411 0.013997 0.018294 0.023035 0.011555 0.002396 -3.6e-05 -0.029947 -0.011401 -0.005118 0.00196 -0.010611 -0.013592 0.006447
5.470756 7.296329 1.090973 2.858672 8.881457 1.735683 5.3702 7.321525 7.128148 7.262027 5.194327 5.590502 5.444538 7.454035 7.584022 5.543132 7.577732 7.640787 8.768382 2.711326 8.676631 9.02368 2.598589 8.853244 8.989034 2.68765 8.760728 -2.612084 1.585129 -0.005581 0.014014 0.016491 0.005745 -0.006257 -0.029296 -0.035806 -0.010701 -0.005122 -0.021923 0.011651 -0.008293 -0.008311 0.004026 -0.031559 -0.002317 -0.018648
5.487593 7.293062 1.083791 2.859178 8.879868 1.762185 5.401586 7.31558 7.122554 7.232646 5.184613 5.563982 5.428261 7.414449 7.571574 5.528716 7.532746 7.619686 8.747165 2.726265 8.677034 8.954923 2.593092 8.835679 8.963094 2.687153 8.790689 -2.628415 1.586806 0.016837 -0.003266 -0.007182 0.014908 -0.007614 -0.014625 -0.034183 -0.021191 -0.01483 -0.012447 0.021186 -0.051715 0.000513 0.000738 -0.036521 0.000437 0.001677
5.490324 7.277807 1.121383 2.881051 8.856889 1.839124 5.395325 7.323001 7.118669 7.257523 5.18496 5.586002 5.445161 7.441311 7.584467 5.550583 7.562841 7.636904 8.864715 2.70473 8.753877 8.865514 2.865003 8.90228 8.885416 2.829436 8.999221 -2.609273 1.579082 0.00273 -0.015255 0.037592 0.043278 -0.003009 0.007183 0.025266 0.018951 0.016445 0.012892 -0.001804 -0.348507 -0.028673 0.074574 0.008293 0.24305 -0.007724
5.496419 7.287351 1.150409 2.916909 8.773511 1.758125 5.394282 7.327226 7.087722 7.234989 5.184283 5.57388 5.436491 7.406519 7.591759 5.547209 7.50999 7.616383 7.327083 5.241207 7.234989 7.596603 5.345558 7.591759 7.717988 5.547209 7.50999 -2.57951 1.48616 0.006095 0.009544 0.029026 -0.045562 -0.006996 0.012097 0.001768 0.022264 -0.001813 0.007292 0.006462 -1.301584 2.563883 -1.621391 -1.393851 2.596316 -0.092922
5.365411 7.115148 0.951753 2.644412 8.338746 2.168063 5.334245 7.296913 7.107332 7.276047 5.165883 5.565567 5.443823 7.433667 7.575956 5.543174 7.515296 7.581021 8.177611 2.578821 8.075812 8.164498 2.60063 8.254738 8.303655 2.694025 8.302637 -2.720999 1.223598 -0.131008 -0.172203 -0.198656 0.23059 0.041077 -0.058424 0.017121 -0.028083 0.00076 -0.015803 -0.072052 0.79724 -2.641269 1.032098 0.683695 -2.804548 -0.262562
5.4227 7.252626 0.901257 2.766267 8.14855 1.525953 5.341258 7.321979 7.120873 7.301431 5.16565 5.569885 5.421372 7.504624 7.61051 5.513968 7.587088 7.62506 7.243052 5.243031 7.301431 7.561974 5.333757 7.61051 7.656033 5.513968 7.587088 -2.656433 0.895924 0.057289 0.137478 -0.050496 -0.361187 -0.041026 0.042021 0.009481 -0.006546 -0.012561 0.034554 0.01178 -0.911536 2.64132 -0.998947 -0.657094 2.783887 -0.327674
5.318781 7.254525 0.983124 3.578189 5.879543 1.540709 5.319394 7.323433 7.10194 7.235419 5.1423 5.554214 5.407913 7.405336 7.570984 5.506183 7.55752 7.640001 7.21916 5.234145 7.235419 7.563152 5.324845 7.570984 7.662922 5.506183 7.55752 -1.740592 -1.374981 -0.10392 0.001899 0.081867 0.0083 0.002912 -0.003355 -0.02596 0.001178 -0.008912 -0.039526 0.04712 0.07327 0.002912 -0.018933 -0.02596 -0.019519 -2.270905
5.298714 7.250383 0.985074 2.752689 6.205331 2.24015 5.301252 7.317114 7.110177 7.246003 5.123699 5.527846 5.378369 7.41605 7.566608 5.466843 7.555016 7.621239 5.897663 2.535742 6.336166 6.580067 2.765194 6.428437 6.393434 2.815168 6.396204 -2.546025 -1.045052 -0.020066 -0.004141 0.00195 0.393435 -0.018212 -0.01123 0.006526 5e-06 -0.031012 -0.004376 -0.033554 -1.226554 -2.733634 -1.104393 -0.945112 -2.60379 0.329929
5.380027 7.284973 0.925275 2.796048 6.156024 2.149652 5.312638 7.32126 7.115602 7.284255 5.094838 5.508573 5.35212 7.492424 7.592459 5.453186 7.582896 7.625207 7.257383 5.192371 7.284255 7.56017 5.285455 7.592459 7.631746 5.453186 7.582896 -2.583979 -1.128948 0.081313 0.034589 -0.059799 -0.050905 -0.033991 0.016064 0.006667 -0.002987 -0.008377 0.025852 -0.00864 1.164721 2.681431 1.118056 0.958304 2.563324 -0.083896
5.287285 7.19433 0.904045 3.712268 5.481894 1.504871 5.279992 7.337545 7.127943 7.283011 5.074083 5.477603 5.34987 7.44437 7.58777 5.458702 7.535215 7.608128 7.214718 5.157219 7.283011 7.580712 5.261879 7.58777 7.678534 5.458702 7.535215 -1.575018 -1.712435 -0.092741 -0.090643 -0.02123 -0.362689 -0.026253 0.011389 0.008869 0.020542 -0.023576 -0.00469 0.019495 0.003956 -0.026253 0.012341 0.008869 0.000196 -0.583487
5.199759 7.351933 0.859556 3.755341 5.362419 1.494167 5.189503 7.318954 7.14335 7.30597 5.088878 5.422939 5.29993 7.480223 7.586597 5.398747 7.574724 7.621315 7.222689 5.160826 7.30597 7.591705 5.238133 7.586597 7.623387 5.398747 7.574724 -1.444418 -1.989514 -0.087526 0.157603 -0.044489 -0.006021 0.004284 -0.036642 0.029199 0.010993 -0.023746 -0.001172 -0.031716 0.108009 0.004284 0.015407 0.029199 -0.039175 -0.277079
5.241305 7.254285 0.862437 3.797618 5.249307 1.484067 5.236145 7.32548 7.120249 7.273455 5.057789 5.448831 5.311561 7.475343 7.584665 5.409093 7.573022 7.617437 7.221019 5.139574 7.273455 7.589414 5.258014 7.584665 7.614842 5.409093 7.573022 -1.443686 -2.004978 0.041546 -0.097648 0.002881 -0.005681 -0.03028 0.016546 -0.018647 -0.002291 0.019881 -0.001932 -0.010277 -0.045681 -0.03028 -0.023102 -0.018647 0.005711 -0.015464
5.211794 7.260867 0.813307 3.839107 5.142454 1.474562 5.214491 7.344276 7.11901 7.310563 5.061895 5.424478 5.310966 7.477259 7.56081 5.416303 7.555097 7.600128 7.157313 5.133662 7.310563 7.588184 5.262858 7.56081 7.572861 5.416303 7.555097 -1.372687 -2.118412 -0.02951 0.006582 -0.049129 -0.005347 -0.001019 0.006306 0.016302 -0.00123 0.004843 -0.023854 -0.0161 -0.073725 -0.001019 -0.001239 0.016302 0.015879 -0.113434
5.209498 7.306945 0.869555 3.879816 5.041758 1.465641 5.19688 7.362276 7.106296 7.302517 5.061547 5.437232 5.295241 7.464805 7.568769 5.397255 7.546701 7.591246 7.157403 5.141819 7.302517 7.58125 5.234766 7.568769 7.597429 5.397255 7.546701 -1.329682 -2.265187 -0.002297 0.046078 0.056247 -0.005018 0.013147 0.016733 0.001126 -0.006934 -0.028092 0.007959 -0.008823 0.016711 0.013147 -0.012714 0.001126 -0.034196 -0.146775
5.208536 7.298444 0.861172 4.606322 2.839874 1.79992 5.194758 7.332821 7.109888 7.282309 5.069051 5.436308 5.300515 7.464602 7.56043 5.401661 7.569017 7.610822 2.594456 4.793012 3.186162 3.424484 4.602244 3.383938 3.484829 4.450868 3.171216 -0.602214 -4.45857 -0.000961 -0.008501 -0.008382 0.188032 -0.002041 -0.025192 -0.018086 -0.009106 0.010422 -0.00834 0.01904 -4.899754 -0.196997 -4.15751 -4.169852 -0.870773 -2.193383
5.271825 7.294978 0.834577 4.593546 2.897128 1.764866 5.227819 7.340656 7.099589 7.281385 5.072337 5.452902 5.316624 7.462022 7.59644 5.416215 7.564115 7.636828 2.40979 4.854064 3.165126 3.529461 4.55704 3.413351 3.572621 4.42609 3.030472 -0.678279 -4.39785 0.063289 -0.003466 -0.026595 -0.019718 -0.016024 0.030159 0.003558 0.017427 0.001769 0.036011 0.05946 0.035602 0.06103 -0.159278 0.064333 -0.087686 0.06072
5.307914 7.277897 0.87583 4.6711 2.854019 1.693546 5.256753 7.350264 7.097228 7.299054 5.073711 5.476415 5.320963 7.497124 7.610768 5.420983 7.581156 7.631199 2.290678 4.712012 2.942618 3.321614 4.810719 3.084458 3.228771 4.702313 2.722319 -0.636814 -4.423878 0.036089 -0.017081 0.041253 -0.040117 0.00807 0.009747 0.004945 -0.002547 0.000858 0.014328 -0.022722 0.282401 -0.198099 -0.190862 -0.20408 0.312168 -0.026028
5.32728 7.274703 0.924464 4.668954 2.66431 1.369074 5.264034 7.381849 7.08803 7.322844 5.108758 5.485926 5.335289 7.509084 7.632022 5.4335 7.582612 7.639079 2.230987 4.724261 2.684156 2.952229 4.734434 2.683227 2.777059 4.683628 2.44977 -0.658326 -4.610392 0.019366 -0.003194 0.048633 -0.182516 0.027948 0.034493 0.039282 0.034994 0.002228 0.021254 0.005486 0.156035 -0.004715 -0.118575 -0.333271 -0.015911 -0.186515
5.344386 7.26881 0.971161 4.690773 2.635319 1.468548 5.289496 7.343231 7.107325 7.280699 5.101725 5.503855 5.355658 7.480699 7.591679 5.450345 7.580309 7.632477 7.234498 5.165771 7.280699 7.568382 5.276744 7.591679 7.636579 5.450345 7.580309 -0.653612 -4.633491 0.017105 -0.005893 0.046697 0.055954 0.012001 -0.049512 -0.061924 -0.053636 0.0267 -0.040343 0.000895 4.430955 0.368736 4.627254 4.610646 0.706422 -0.023099
5.258323 7.054483 0.91114 4.688903 1.786202 1.356763 5.221016 7.314189 7.061085 7.260479 5.119435 5.481833 5.356672 7.395101 7.561054 5.476177 7.492483 7.595519 2.000429 4.854777 1.915693 2.251222 4.62254 2.1542 2.283057 4.513912 1.889343 -0.56942 -5.26828 -0.086063 -0.214328 -0.060021 -0.062879 0.012184 -0.046511 0.008293 0.002646 0.004775 -0.030625 -0.006645 -5.2858 -0.237404 -5.343217 -5.330789 -0.865179 -0.634789
5.315232 7.226133 0.921274 4.699616 1.890349 1.343929 5.303873 7.355492 7.080075 7.303323 5.116709 5.497605 5.354058 7.472675 7.577524 5.455116 7.547652 7.587528 2.208199 4.807389 1.785723 1.691332 4.766909 1.93997 2.046927 4.723168 1.865579 -0.615616 -5.335784 0.056909 0.17165 0.010135 -0.007219 -0.009055 0.042213 0.034841 0.024413 0.022655 0.016469 -0.067474 0.116951 -0.019813 0.102894 -0.38033 0.20254 -0.067503
5.365083 7.253106 0.994701 4.742397 1.991263 1.050747 5.31214 7.364725 7.067764 7.289248 5.127175 5.517377 5.368127 7.473918 7.593546 5.464778 7.550883 7.607 2.254976 4.840479 1.914461 1.873366 4.684593 2.119227 2.188055 4.610618 2.08138 -0.622686 -5.261843 0.049852 0.026973 0.073427 -0.164915 0.004437 0.038418 -0.00712 0.005654 -0.002794 0.016022 0.035105 -0.116501 0.043845 0.148574 0.155521 -0.104322 0.07394
5.396518 7.245123 1.049128 4.732183 2.067212 0.909552 5.290393 7.347125 7.067233 7.273895 5.149691 5.520974 5.373114 7.459877 7.582648 5.477676 7.537103 7.586417 7.254371 5.18346 7.273895 7.562944 5.29678 7.582648 7.613983 5.477676 7.537103 -0.664335 -5.177911 0.031435 -0.007983 0.054426 -0.079422 0.002921 -0.030279 -0.028905 -0.038151 -0.004599 -0.010898 -0.024778 5.329702 0.22386 5.051657 5.562706 0.800316 0.083932
5.35314 7.142312 0.927475 4.245758 4.350451 1.406422 5.318688 7.319837 7.097526 7.281533 5.100962 5.496032 5.376244 7.451488 7.589044 5.482697 7.50257 7.570466 7.177214 5.184053 7.281533 7.572334 5.315465 7.589044 7.661242 5.482697 7.50257 -1.107383 -2.79186 -0.043378 -0.102811 -0.121652 0.279489 -0.004084 -0.0252 -0.003434 0.00939 0.018684 0.006396 0.018202 -0.139917 -0.004084 0.030293 -0.003434 0.012139 2.38605
5.325363 7.131428 0.931044 4.539659 2.354044 1.455074 5.299726 7.299631 7.110201 7.269667 5.089808 5.478716 5.370122 7.425046 7.580082 5.491673 7.492425 7.576243 2.719227 4.622303 2.288058 2.138096 4.475871 2.326514 2.314685 4.364372 2.485149 -0.785703 -4.777384 -0.027778 -0.010884 0.003569 0.027366 -0.010411 -0.029019 -0.014365 -0.005567 -0.026821 -0.008962 0.025216 -4.639034 -0.444422 -4.663841 -5.249627 -1.071037 -1.985523
5.362058 7.256127 0.922027 4.504153 2.492981 1.019782 5.274475 7.345791 7.103131 7.295601 5.07105 5.469794 5.332798 7.500072 7.58386 5.4456 7.566745 7.582102 2.670334 4.579351 2.298589 2.093802 4.448926 2.367575 2.397169 4.37996 2.382869 -0.857905 -4.763146 0.036695 0.124699 -0.009018 -0.244851 -0.015785 0.06938 0.023857 0.012985 -0.008273 0.003778 -0.066807 0.080649 -0.033326 0.041103 -0.012084 0.013114 0.014238
5.361879 7.289958 0.967926 4.481598 2.494277 0.945198 5.271019 7.316303 7.055376 7.272584 5.035996 5.432997 5.285239 7.492873 7.530436 5.391532 7.58073 7.559481 2.588983 4.489183 2.373259 2.206684 4.472404 2.201462 2.128819 4.412245 2.266099 -0.880282 -4.795681 -0.000178 0.033831 0.0459 -0.041954 -0.015144 -0.048883 -0.02821 -0.036287 0.015915 -0.053424 -0.061235 0.070453 -0.106427 0.021769 0.097964 0.062444 -0.032535
5.349801 7.264643 1.021559 4.439715 2.496815 1.074474 5.273094 7.224302 7.027708 7.209951 5.004277 5.462168 5.302858 7.473617 7.614523 5.402976 7.573774 7.634152 2.615665 4.444681 2.354271 2.21412 4.435098 2.22836 2.175272 4.411821 2.279971 -0.910086 -4.767829 -0.012079 -0.025315 0.053633 0.072718 -0.040736 -0.093107 -0.074741 -0.072052 -0.105418 0.084087 0.147455 -0.048635 -0.073263 -0.031846 -0.006498 -0.013736 0.027853
5.342088 7.241631 1.061249 4.389851 2.490318 0.987586 5.310725 7.125239 6.978638 7.154514 4.993044 5.455667 5.297372 7.400281 7.559882 5.396737 7.528978 7.626649 2.629933 4.374593 2.409267 2.337419 4.327608 2.432703 2.409262 4.385941 2.567837 -0.952237 -4.751314 -0.007712 -0.023012 0.03969 -0.048874 -0.004148 -0.087852 -0.053795 -0.050534 -0.001592 -0.054641 0.030074 -0.274963 -0.093071 0.01439 0.082141 -0.067695 0.016515
5.357701 7.195756 1.133149 4.357157 2.484101 0.53195 5.282844 6.990498 6.93612 7.028239 5.035961 5.419534 5.30057 7.219905 7.333707 5.413682 7.406238 7.48736 6.890571 5.150104 7.028239 7.223209 5.208538 7.333707 7.402864 5.413682 7.406238 -1.000544 -4.711656 0.015612 -0.045875 0.0719 -0.256295 0.047339 -0.174409 -0.164219 -0.197669 0.019262 -0.226175 -0.148132 4.464761 0.711626 4.45702 4.77663 1.007077 0.039658
5.389761 7.105783 1.150395 4.12061 2.536343 1.800574 5.482425 7.248328 7.004316 7.11197 5.0529 5.34334 5.183601 6.991372 7.033437 5.213365 6.853806 6.895384 6.852649 5.061935 6.859589 6.827374 5.160514 6.815771 6.813331 5.185238 6.756876 -1.269151 -4.56944 0.032061 -0.089974 0.017246 0.713601 0.103018 0.187083 0.019351 -0.03406 -0.107827 -0.30027 -0.603575 0.144566 0.005229 -0.050683 -0.304399 -0.151502 0.142216
5.415775 7.01983 1.078536 4.106617 2.654165 1.761322 5.353066 6.940597 6.846294 7.02815 5.221703 5.471954 5.371139 7.180007 7.247525 5.449401 7.282445 7.334182 3.206233 4.199029 2.411858 2.575827 4.074102 2.588336 2.679049 4.01472 2.60826 -1.309158 -4.365665 0.026014 -0.085952 -0.071859 -0.02208 0.030253 -0.304841 -0.069073 -0.076845 0.23792 0.214087 0.423202 -4.241512 -0.894892 -4.241986 -4.341186 -1.183793 0.203774
5.421713 6.988535 0.847826 4.127512 2.735457 1.668188 4.675833 6.084216 6.075918 6.107051 4.556366 4.719184 4.66362 6.227734 6.26034 4.715216 6.315518 6.325827 4.992324 4.56562 4.868251 4.897959 4.595291 4.94762 4.955983 4.621188 4.97026 -1.294201 -4.253078 0.005938 -0.031295 -0.23071 -0.052388 -0.643436 -0.838961 -0.93122 -0.916875 -0.698925 -0.987185 -1.029357 2.120369 0.383172 2.236021 2.391394 0.587608 0.112587
5.20538 6.18607 0.707409 4.914305 6.058106 1.280703 4.947242 5.893326 6.120229 5.96902 4.822679 4.940413 4.864959 6.006294 5.904636 4.938137 6.062729 5.973811 6.296144 5.113795 6.16036 6.069988 5.015312 6.139311 6.086466 5.091094 6.19512 -0.291075 -0.127964 -0.216333 -0.802464 -0.140417 -0.21796 0.247319 -0.274831 -0.288216 -0.372556 0.216187 -0.355704 -0.406903 1.257634 0.487728 1.314483 1.235805 0.435576 4.125114
5.234212 6.224184 0.715918 4.950948 6.125426 1.141182 4.963757 5.935884 6.083113 5.982189 4.751684 4.930474 4.872384 6.013038 5.962037 4.908428 6.055864 6.016949 6.226689 4.861003 5.982189 5.879201 4.825482 5.962037 5.909227 4.908428 6.055864 -0.283264 -0.098758 0.028832 0.038114 0.00851 -0.078481 0.009378 0.043049 0.059175 0.056328 -0.030411 0.0574 0.061802 -0.115823 -0.234705 -0.110842 -0.191597 -0.179092 0.029206
3.395247 5.698768 0.779968 4.971828 6.095294 1.010382 3.294859 5.388559 5.566316 5.541567 3.373347 3.173882 3.32012 5.710802 5.668839 3.267064 5.89417 5.883881 5.62921 3.393697 5.541567 5.491896 3.327939 5.668839 5.655891 3.267064 5.89417 1.57658 0.396526 -1.838964 -0.525416 0.06405 -0.073575 -1.354888 -0.484188 -0.421789 -0.387305 -1.497543 -0.293198 -0.08643 -0.829212 -1.354888 -0.516797 -0.421789 -1.588937 0.495284
3.29214 5.544616 0.75509 4.690387 5.77534 1.196382 4.651332 5.71399 5.745546 5.668067 4.532115 4.673684 4.608628 5.641299 5.634099 4.643007 5.626931 5.625212 5.84201 4.568983 5.668067 5.660986 4.580975 5.634099 5.633969 4.643007 5.626931 1.398247 0.230724 -0.103108 -0.154152 -0.024878 0.104625 1.088566 0.302502 0.154393 0.169089 1.253036 -0.03474 -0.25625 0.611211 1.088566 0.17923 0.154393 1.331232 -0.165802
3.559494 5.758633 0.780179 4.706388 5.777153 1.154698 3.616895 5.558195 5.799409 5.713672 3.66028 3.491611 3.709859 5.869596 5.855686 3.686344 6.046435 6.040184 5.957191 3.668432 5.713672 5.680327 3.672954 5.855686 5.863348 3.686344 6.046435 1.146894 0.01852 0.267354 0.214017 0.025089 -0.023447 -0.835423 -0.154683 0.022427 0.019342 -0.908021 0.221587 0.412174 -0.440114 -0.835423 0.053863 0.022427 -0.936358 -0.212204
3.561777 5.716887 0.801774 4.613252 5.62325 1.269501 4.612965 5.648363 5.758857 5.690773 4.429513 4.642748 4.556927 5.680673 5.605152 4.622985 5.677579 5.635728 5.72973 4.50628 5.690773 5.537745 4.522865 5.605152 5.53218 4.622985 5.677579 1.051475 -0.093637 0.002283 -0.041746 0.021595 0.064577 0.750619 0.042183 -0.072544 -0.142583 0.849912 -0.250534 -0.456895 0.234484 0.750619 -0.040551 -0.072544 0.919975 -0.112157
4.569573 5.925963 0.869788 4.572116 5.541971 1.422236 4.539835 5.496653 5.705748 5.577122 4.441232 4.65387 4.583685 5.575471 5.478483 4.690277 5.587059 5.532201 5.723221 4.454062 5.577122 5.372739 4.551698 5.478483 5.403854 4.690277 5.587059 0.002543 -0.383992 1.007796 0.209076 0.068014 0.085913 -0.049078 -0.191309 -0.152826 -0.165005 0.028833 -0.126669 -0.09885 -0.092586 -0.049078 -0.053109 -0.152826 0.07057 -0.290355
4.375789 5.507325 0.745575 4.626034 5.644746 1.349182 4.63249 5.521376 5.663345 5.56517 4.403676 4.653327 4.578807 5.555795 5.49211 4.677103 5.57573 5.532411 5.618425 4.268861 5.406332 5.387353 4.387676 5.382245 5.407467 4.469746 5.392358 0.250245 0.137421 -0.193784 -0.418638 -0.124213 -0.041093 0.032922 0.052401 0.041865 0.065407 -0.024963 0.013627 -0.005919 0.03441 -0.182571 -0.218336 -0.07458 -0.208807 0.521413
4.420821 5.503551 0.697311 4.665447 5.663055 1.338195 4.636677 5.48559 5.653643 5.558117 4.48676 4.676523 4.601414 5.56022 5.48308 4.663548 5.554871 5.507528 5.658611 4.541952 5.558117 5.416238 4.559568 5.48308 5.419077 4.663548 5.554871 0.244626 0.159504 0.045033 -0.003774 -0.048263 -0.00618 0.057924 -0.040804 -0.026593 -0.021908 0.032833 -0.009031 -0.017469 -0.103391 0.273417 0.166231 0.089853 0.176943 0.022082
4.572348 5.275847 0.701417 4.757108 4.331474 1.416938 4.613517 5.243365 5.274358 5.193446 4.503421 4.600707 4.536412 5.21577 5.257677 4.574449 5.252159 5.274842 5.519673 4.467518 5.193446 5.278073 4.523685 5.257677 5.294574 4.574449 5.252159 0.184761 -0.944373 0.151526 -0.227704 0.004105 0.044293 -0.047714 -0.133182 -0.233879 -0.138165 -0.035883 -0.225403 -0.173304 -0.127991 -0.047714 -0.379285 -0.233879 -0.07934 -1.103877
4.597831 5.337172 0.609295 4.595684 3.394946 2.085961 4.670437 2.888681 3.223924 2.995586 4.947537 4.584014 4.697559 3.106417 3.029675 4.656116 3.294346 3.214563 3.862315 4.718547 2.995586 2.871275 4.80668 3.029675 2.993431 4.656116 3.294346 -0.002147 -1.942226 0.025483 0.061324 -0.092122 0.376326 0.370512 -2.449311 -2.32341 -2.406798 0.282995 -2.228001 -2.123997 -1.970139 0.370512 -2.050433 -2.32341 0.18323 -0.997853
4.854101 5.243476 0.677223 4.603207 3.340004 1.866764 4.817527 5.112031 5.220895 5.061176 4.767447 4.864687 4.825862 5.101519 5.134322 4.853511 5.170839 5.194111 5.509305 4.750085 5.061176 5.130345 4.80979 5.134322 5.182363 4.853511 5.170839 -0.250894 -1.903472 0.25627 -0.093696 0.067928 -0.123299 -0.098791 2.313006 2.170512 2.25907 0.00311 2.104647 2.063051 1.994907 -0.098791 1.996971 2.170512 0.09698 0.038754
4.912452 5.390246 0.701176 4.818646 4.446909 1.429864 4.451539 5.503829 5.590102 5.550487 4.343225 4.431115 4.401456 5.64584 5.632438 4.433852 5.733441 5.714894 4.971825 4.857102 4.93301 4.958472 4.950094 5.005026 5.015105 4.987938 5.004128 -0.093805 -0.943337 0.058351 0.14677 0.023953 -0.245756 -0.377897 0.352666 0.458347 0.407557 -0.415623 0.498116 0.457804 -0.45316 0.137911 -0.306153 -0.136304 0.15165 0.960135
4.230036 4.834002 0.855378 4.838118 4.490969 1.434703 4.436577 5.462789 5.555591 5.510934 4.329048 4.411868 4.383933 5.604408 5.587742 4.415017 5.691928 5.671292 4.98656 4.875056 4.955629 4.982271 4.972762 5.027571 5.038361 5.011999 5.024058 0.608082 -0.343033 -0.682415 -0.556244 0.154202 0.002722 -0.013744 -0.04405 -0.043527 -0.046774 -0.01646 -0.044696 -0.045077 0.018472 0.018745 0.019502 0.023544 0.024397 0.600304
4.371505 5.298238 1.034271 5.005196 5.446554 1.342945 4.391218 5.402901 5.413779 5.432035 4.370628 4.325635 4.308475 5.486887 5.427578 4.24212 5.559803 5.502129 5.70429 4.871545 5.367473 5.351133 4.972437 5.381836 5.414721 5.013925 5.399377 0.633692 0.148316 0.141468 0.464236 0.178894 -0.051614 0.189159 -0.023402 -0.09566 -0.100275 -0.096879 -0.160164 -0.186195 0.54104 -0.019107 0.566682 0.366405 0.005559 0.491349
4.333309 5.352407 0.910881 5.01106 5.520514 1.16759 4.322626 5.353583 5.262599 5.354373 4.686951 4.378909 4.529485 5.400518 5.451867 4.475404 5.485654 5.535805 5.731062 4.915955 5.405849 5.436263 5.015084 5.443457 5.482761 4.977745 5.477334 0.677751 0.168107 -0.038196 0.054169 -0.12339 -0.098637 0.057669 -0.053651 -0.005143 0.0565 0.335654 0.024289 0.118526 -0.027106 0.093879 0.028374 0.07199 -0.034589 0.019791
4.323088 5.356864 0.948627 5.011076 5.549214 0.906543 4.394009 5.344136 5.455629 5.396395 4.288809 4.357106 4.334094 5.484298 5.458203 4.361426 5.571485 5.544784 5.042973 4.924764 5.036429 5.067748 5.03631 5.108514 5.121873 5.080056 5.096612 0.687988 0.19235 -0.010221 0.004457 0.037746 -0.146839 -0.285864 -0.050327 -0.025234 -0.0917 -0.285623 0.006336 -0.063115 -0.444784 -0.022949 -0.524157 -0.354211 0.097924 0.024243
3.286321 5.021881 0.843849 4.998556 5.527716 1.994405 3.461031 4.836879 4.973435 4.970889 3.409377 3.189432 3.298761 5.158817 5.153328 3.275735 5.339309 5.324597 5.577656 4.817789 5.423487 5.343798 4.735409 5.347925 5.318999 4.884996 5.332906 1.712235 0.505834 -1.036766 -0.334982 -0.104778 0.611923 -0.83746 -0.464901 -0.394918 -0.350147 -0.980136 -0.304875 -0.212665 0.573387 -0.229541 0.488062 0.32065 -0.280702 0.313484
3.339694 5.017161 0.718867 5.061361 5.492083 1.983714 3.445377 4.84058 4.976467 5.020548 3.47658 3.267447 3.412452 5.180181 5.174432 3.359079 5.315877 5.317189 5.173495 3.438727 5.020548 4.991715 3.428811 5.174432 5.15429 3.359079 5.315877 1.721667 0.474921 0.053373 -0.00472 -0.124982 -0.006014 0.025179 -0.035938 0.034044 -0.013791 0.078088 0.021105 -0.003321 -0.742345 -1.221895 -0.516738 -0.364165 -1.420127 -0.030913
3.389136 5.033413 0.557193 5.643842 4.768442 1.0907 3.437474 4.992771 5.142565 5.18728 3.519692 3.376393 3.400048 5.302536 5.30724 3.382399 5.389131 5.411791 5.211018 3.478206 5.234013 5.188004 3.536307 5.358075 5.320045 3.456131 5.481385 2.254706 -0.264971 0.049441 0.016252 -0.161675 -0.50232 0.016001 0.160652 0.158603 0.181469 0.016384 0.132807 0.136923 -0.032418 0.043949 0.228827 0.206232 0.130562 -0.739893
3.469687 5.095009 0.770845 5.629155 4.813788 1.017645 3.431317 5.088999 5.127714 4.997284 3.588464 3.468434 3.508473 4.919763 4.889632 3.543577 4.86464 4.838171 5.348897 3.437365 4.997284 4.989626 3.576504 4.889632 4.905016 3.543577 4.86464 2.159468 -0.28122 0.080551 0.061595 0.213652 -0.041094 -0.002315 0.101918 -0.203165 -0.183559 0.131309 -0.417608 -0.583356 0.522414 -0.030263 -0.07758 -0.250794 0.075518 -0.016249
3.452182 5.081074 0.622103 4.843779 4.875636 1.731691 3.524107 4.904817 5.106884 5.007675 3.55378 3.392867 3.448322 5.123401 5.127773 3.431336 5.229216 5.227007 5.347093 3.426554 5.289631 5.322715 3.6044 5.494133 5.485002 3.557466 5.62553 1.391597 -0.205439 -0.017504 -0.013934 -0.148742 0.401651 0.025395 -0.173417 0.036407 0.034266 -0.069608 0.238141 0.37954 -0.466599 0.006529 0.154723 0.337141 0.042415 0.075782
3.46199 5.103258 0.563492 4.806778 4.864448 1.656694 3.468118 4.833692 5.091178 4.951599 3.588049 3.431916 3.513421 5.074356 5.107408 3.51432 5.181234 5.200917 5.189652 3.646918 5.279135 5.320447 3.730978 5.179622 5.208564 3.673355 4.959675 1.344788 -0.23881 0.009808 0.022184 -0.058611 -0.042186 -0.031462 -0.1538 -0.093903 -0.135716 0.066563 -0.020365 0.002618 0.710993 0.226102 -0.05411 0.00537 0.082606 -0.033371
3.572721 5.328832 0.787873 5.006291 5.058372 1.495186 4.309561 5.098539 5.24748 5.158155 4.209777 4.248508 4.235449 5.233478 5.187985 4.2553 5.319224 5.279898 5.239118 5.015282 5.292265 5.340517 5.156734 5.366608 5.388232 5.21264 5.332495 1.43357 -0.27046 0.110731 0.225574 0.224381 -0.090848 0.72774 0.301692 0.200869 0.185604 0.664555 0.080578 0.006571 -0.331847 1.299049 0.006983 0.012482 1.503268 -0.03165
4.231764 4.949296 0.940315 5.02063 5.125503 1.502226 4.299351 5.067621 5.221097 5.128008 4.200354 4.235394 4.223573 5.201585 5.153674 4.24252 5.287035 5.246118 5.273747 5.025163 5.335567 5.386858 5.170542 5.410429 5.433465 5.228339 5.372904 0.788866 0.176207 0.659044 -0.379536 0.152441 0.00396 -0.009216 -0.033225 -0.033146 -0.035672 -0.011187 -0.034312 -0.034869 0.040725 0.010191 0.039417 0.045207 0.01572 0.446667
4.213617 4.902481 0.945264 5.034551 5.194107 1.509406 4.289636 5.037866 5.195652 5.09895 4.191432 4.222922 4.212291 5.170794 5.120564 4.230381 5.255922 5.213477 5.309871 5.034252 5.380366 5.434837 5.183457 5.45579 5.480292 5.243178 5.414806 0.820934 0.291626 -0.018147 -0.046815 0.004949 0.004039 -0.008741 -0.031979 -0.031944 -0.034383 -0.010628 -0.03311 -0.033682 0.04238 0.009355 0.040875 0.046775 0.01483 0.115419
3.079434 5.18184 1.059447 5.048062 5.26408 1.516718 3.340602 5.415715 5.225398 5.303918 3.241248 3.026411 3.064063 5.060717 5.092627 3.120938 4.864147 4.906805 4.968743 3.057721 5.303918 5.244892 3.20143 5.092627 5.090584 3.120938 4.864147 1.968628 0.08224 -1.134183 0.279359 0.114184 0.004113 -1.039839 0.376535 0.239831 0.241166 -1.01477 -0.027937 -0.248092 0.146304 -1.887351 -0.090205 -0.128861 -2.028748 -0.209386
3.159627 5.203586 0.769544 3.705736 4.833418 1.80983 3.764491 4.82061 4.895685 4.788522 3.87535 3.649697 3.732222 4.7754 4.774347 3.651826 4.78658 4.764678 5.583162 4.914081 5.38882 5.275182 4.979222 5.301396 5.266964 5.060774 5.358684 0.546109 -0.370168 0.080193 0.021746 -0.289903 0.164876 0.776898 -0.534271 -0.50042 -0.416469 0.567976 -0.31828 -0.163149 0.007569 1.729504 0.279285 0.027866 1.830707 -0.452408
5.077714 5.478676 0.745104 3.692156 4.956744 1.63365 5.046196 5.470652 5.522786 5.394511 5.001398 5.074174 5.031143 5.406279 5.428869 5.10903 5.449744 5.463119 5.660939 4.909129 5.394511 5.465915 5.046635 5.428869 5.467868 5.10903 5.449744 -1.385558 -0.521932 1.918087 0.27509 -0.02444 -0.099101 0.979413 0.665678 0.62245 0.637492 1.277229 0.654522 0.731477 0.102854 0.026808 0.018104 0.094163 0.073963 -0.151764
5.027427 5.434359 0.602407 5.086213 5.481172 1.539339 4.255935 4.931289 5.103905 4.994383 4.160988 4.179741 4.173381 5.059434 5.000997 4.188521 5.142998 5.095106 5.468281 5.062501 5.573252 5.64176 5.225904 5.651331 5.682176 5.293593 5.596128 0.058786 0.046813 -0.050287 -0.044317 -0.142697 -0.05305 -0.74648 -0.622526 -0.476757 -0.585903 -0.867093 -0.427873 -0.442233 -0.071884 0.159906 -0.030283 0.20828 0.174166 0.568745
3.193321 5.426833 0.979502 5.098163 5.55558 1.547075 3.385451 5.115598 5.480632 5.364815 3.160418 3.077767 3.08513 5.584362 5.517512 3.096815 5.801829 5.746255 5.699472 3.111122 5.364815 5.243928 3.168031 5.517512 5.455974 3.096815 5.801829 1.904841 0.128747 -1.834106 -0.007526 0.377094 0.004352 -1.071909 0.199803 0.362942 0.363917 -1.011511 0.516515 0.635308 -0.365914 -1.978295 -0.011871 -0.322095 -2.137382 0.081935
3.211903 5.579052 0.919466 4.897637 5.677318 1.287502 3.402686 5.359004 5.605134 5.600154 3.282785 3.142506 3.21636 5.765654 5.747096 3.236957 5.901709 5.87953 5.830458 4.786209 5.659193 5.655496 4.93415 5.61327 5.652139 4.970115 5.559938 1.685734 0.098266 0.018581 0.152219 -0.060036 -0.14601 0.013445 0.336139 0.373578 0.493578 0.146932 0.229584 0.174869 0.672548 1.700334 0.293875 0.340074 1.830256 -0.030481
3.250634 5.549169 0.805231 4.937393 5.719922 1.265642 3.380564 5.59944 5.513923 5.551678 3.169061 3.184398 3.168867 5.525716 5.585013 3.206821 5.474476 5.527664 5.922434 4.805959 5.829533 5.727777 4.823149 5.747872 5.716249 4.875529 5.803066 1.68676 0.170753 0.038731 -0.029883 -0.114235 -0.012296 0.02209 0.246214 -0.079349 -0.078084 -0.130488 -0.162083 -0.263439 -0.199896 -0.019289 0.090706 0.122695 -0.128705 0.072487
3.274208 5.532925 0.612299 4.952168 5.776601 1.209859 3.387561 5.628802 5.544537 5.641005 3.244467 3.236993 3.211793 5.719501 5.808574 3.234731 5.701524 5.76963 5.901352 4.840944 5.832288 5.751162 4.86535 5.778142 5.757787 4.946095 5.794502 1.67796 0.243676 0.023574 -0.016245 -0.192932 -0.031378 0.051464 0.037667 0.142216 0.144569 0.048988 0.223561 0.217413 0.104924 0.03443 0.011523 0.025484 0.061851 0.072923
3.281349 5.579304 0.45796 4.986022 5.821341 1.149458 4.2262 4.829105 5.014279 4.892841 4.135598 4.141913 4.139747 4.949727 4.88372 4.15239 5.030641 4.977642 5.693682 5.078856 5.840367 5.929036 5.257145 5.922558 5.962276 5.335243 5.849034 1.704673 0.242038 0.007142 0.046379 -0.154339 -0.033975 0.959345 -0.929782 -0.910794 -1.04404 0.914423 -0.924854 -0.884766 0.049268 0.278923 -0.137366 0.112926 0.414553 -0.001639
4.507109 3.797099 0.905457 5.029623 6.389251 1.675957 4.537512 3.640939 3.720272 3.709098 4.558071 4.405465 4.508667 3.89134 3.95596 4.483197 4.066929 4.115372 6.37172 4.919198 6.339849 6.268283 4.974931 6.304364 6.274017 5.067754 6.330477 0.522514 2.592152 1.225759 -1.782205 0.447496 0.296156 0.424153 -1.09592 -1.046256 -0.939652 0.391799 -0.92776 -0.785334 0.608764 -0.205899 0.651289 0.398091 -0.30067 2.350114
4.470055 3.820019 0.673723 5.103089 6.380756 1.453386 4.479932 3.478922 3.783913 3.608041 4.48027 4.41266 4.431473 3.675952 3.574573 4.409295 3.765814 3.706032 6.279446 4.997733 6.580461 6.563109 5.161036 6.624058 6.575645 5.207191 6.650527 0.633034 2.560737 -0.037053 0.02292 -0.231733 -0.125197 -0.095458 -0.299312 -0.306472 -0.465119 -0.090595 -0.381387 -0.494101 -0.06835 0.137127 0.035723 0.300374 0.19413 -0.031415
4.449654 3.809528 0.633045 5.147338 6.447783 1.289976 4.215472 4.786292 4.975456 4.84934 4.127672 4.128509 4.12822 4.901513 4.832578 4.140064 4.980417 4.925389 5.841026 5.0781 6.011439 6.113376 5.263558 6.096441 6.141894 5.348034 6.011835 0.697684 2.638255 -0.020402 -0.010491 -0.040679 -0.091918 -0.337158 1.349094 1.305131 1.353414 -0.312006 1.258005 1.226139 -0.370866 0.067311 -0.527986 -0.519675 0.118322 0.077517
3.982801 4.430535 1.014762 4.994389 6.89974 1.763714 4.965957 7.042942 6.898314 7.005271 5.098439 5.134093 5.114258 6.983795 6.99917 5.224707 6.943225 6.952245 6.818015 4.935212 7.005271 7.002363 5.153846 6.99917 6.998769 5.224707 6.943225 1.011587 2.469204 -0.466853 0.621007 0.381718 0.266478 0.816953 2.31875 2.23735 2.293769 1.016762 2.166592 2.076454 1.087431 -0.138102 0.999916 0.935435 -0.089263 -0.16905
4.020432 3.656879 1.006948 5.057632 7.08217 1.680798 5.095351 7.295601 7.028311 7.235937 5.184811 5.127115 5.178369 7.232589 7.249393 5.264608 7.162637 7.160996 4.191451 4.027698 3.325851 2.9065 4.051864 3.247271 3.079139 4.083439 3.683374 1.037201 3.425291 0.037631 -0.773656 -0.007814 -0.04664 0.059258 0.269234 0.265566 0.278567 0.089549 0.250223 0.205163 -3.452563 -0.908038 -3.243445 -3.910637 -1.17629 0.956087
4.017157 3.665736 1.036161 5.133806 7.088673 1.383625 5.126064 7.283855 7.168438 7.210184 5.153513 5.164224 5.165564 7.146559 7.18479 5.224971 7.061877 7.088113 4.242523 3.94633 3.309391 2.842772 4.044806 3.18542 2.99024 4.096011 3.612791 1.11665 3.422937 -0.003275 0.008857 0.029213 -0.16716 0.059909 -0.011396 -0.044546 -0.013239 -0.053726 -0.064604 -0.033768 0.070949 -0.061879 0.006257 -0.044614 0.015114 -0.002354
3.970902 3.682728 1.102262 5.184096 7.153463 1.071558 3.788027 3.089197 3.684647 3.320865 4.055392 3.994063 4.051791 3.453724 3.244883 4.112462 3.687672 3.540391 4.304299 3.92678 3.320865 2.897221 4.082639 3.244883 3.085292 4.112462 3.687672 1.213194 3.470735 -0.046255 0.016992 0.066101 -0.175538 -1.088012 -4.384773 -4.14827 -4.37047 -1.107029 -3.939906 -3.704847 -0.061285 0.001072 0.023522 0.028001 0.031487 0.047798
3.981622 3.621716 1.017965 5.301751 7.778456 2.09755 3.765327 3.128996 3.685077 3.334102 4.111218 4.036831 4.098504 3.473762 3.2622 4.156203 3.674113 3.504482 7.076747 5.240605 7.978846 7.741594 5.546021 7.73958 7.62821 5.577545 7.719459 1.320129 4.15674 0.01072 -0.061013 -0.084297 0.577121 0.038188 0.053067 0.027513 0.036123 0.049235 0.017317 -0.071191 4.16676 1.310755 4.025711 4.775527 1.463873 0.686005
3.972121 3.682501 1.092189 5.34228 7.649182 2.006247 3.922137 3.161038 3.732412 3.403009 4.070348 4.000671 4.049272 3.555803 3.36705 4.111429 3.80009 3.662406 7.205378 5.234169 7.844997 8.053203 5.434004 7.971362 8.018999 5.602138 7.774196 1.370159 3.966681 -0.009501 0.060786 0.074224 -0.051358 0.01013 0.036786 0.066468 0.064203 -0.042999 0.10485 0.201029 -0.049419 -0.075259 -0.225613 0.139217 -0.035046 -0.190059
4.001909 3.730865 1.104035 5.346237 7.576279 1.940621 4.154142 3.272693 3.725356 3.44312 3.859391 3.896747 3.869295 3.539878 3.354897 3.853238 3.711544 3.568406 7.236196 5.205656 7.728441 8.120267 5.4439 7.934815 8.090698 5.619236 7.676101 1.344329 3.845414 0.029788 0.048364 0.011846 -0.036915 -0.044204 0.103115 0.051507 0.036335 -0.226717 -0.012153 -0.079753 -0.018094 -0.022745 -0.041354 -0.044911 0.035753 -0.121267
4.010998 3.825812 1.130132 5.347315 7.514035 1.956578 4.074851 3.328556 3.811131 3.488839 3.873829 3.796391 3.792516 3.542246 3.337254 3.69803 3.647062 3.47343 7.183756 5.2096 7.773574 8.041521 5.451839 7.934004 8.049271 5.615175 7.681852 1.336317 3.688223 0.009089 0.094947 0.026098 0.008976 0.005839 0.021079 0.014138 -0.019037 -0.074625 -0.017643 -0.149507 0.036468 0.007534 0.007706 -0.006524 -0.006748 -0.157191
3.926131 3.891053 1.177816 5.34277 7.519484 1.931159 4.030153 3.425591 3.774233 3.478599 3.8573 3.690447 3.698458 3.520496 3.34141 3.594201 3.688461 3.580349 7.212032 5.20118 7.753551 8.130885 5.464767 7.940539 8.102036 5.622037 7.66399 1.416639 3.628431 -0.084867 0.065241 0.047684 -0.014298 -0.073507 0.139379 0.016554 0.066503 -0.063954 0.004157 0.201732 -0.022372 -0.002797 -0.00104 0.021556 0.016074 -0.059792
3.834717 3.912672 1.275728 5.349396 7.518924 1.910237 4.015931 3.175631 3.753603 3.364354 3.633692 3.653935 3.630432 3.459826 3.210927 3.553083 3.679726 3.480752 7.235663 5.213386 7.730296 8.139957 5.466864 7.919785 8.096406 5.61932 7.639419 1.51468 3.606252 -0.091415 0.021619 0.097912 -0.011768 -0.133848 -0.319929 -0.1736 -0.2318 -0.122429 -0.130484 -0.244055 0.008194 0.008907 0.012419 -0.009469 -0.000104 -0.022179
3.793643 3.84208 1.41057 5.347227 7.514294 1.889387 3.963734 3.123443 3.704142 3.340772 3.622288 3.700509 3.662915 3.479891 3.281949 3.631071 3.697839 3.532311 7.228815 5.215107 7.74057 8.158237 5.45758 7.921742 8.098732 5.611582 7.629889 1.553585 3.672214 -0.041074 -0.070592 0.134842 -0.011728 -0.001539 -0.019116 0.010755 0.031459 0.070472 0.071022 0.124037 -0.009325 0.0027 -0.019897 0.014728 -0.009565 0.065963
3.815687 3.834074 1.464828 5.349644 7.51652 1.830979 3.979001 3.138565 3.694471 3.314163 3.751103 3.764966 3.757239 3.394267 3.143216 3.769642 3.578505 3.393607 7.230994 5.21669 7.774137 8.169234 5.459251 7.948023 8.125125 5.614394 7.637634 1.533957 3.682446 0.022044 -0.008006 0.054257 -0.032855 0.04062 0.011022 -0.042885 -0.066679 0.079544 -0.138732 -0.161608 -0.010726 0.001486 0.012285 0.026373 0.002862 0.010232
3.880912 3.824539 1.507068 5.351267 7.53832 1.84364 3.994858 3.109363 3.653245 3.244154 3.852409 3.829782 3.876509 3.359744 3.126014 3.91737 3.554723 3.402627 7.27318 5.230014 7.710745 8.135433 5.469747 7.908413 8.089883 5.631325 7.624929 1.470355 3.713781 0.065225 -0.009535 0.042241 0.007122 0.053011 -0.032407 -0.065331 -0.053311 0.143221 -0.017202 0.031101 0.025303 0.008314 -0.021528 -0.0514 0.011706 0.031335
3.921053 3.778364 1.577439 5.361465 7.530097 1.934955 4.150137 3.241554 3.736779 3.359785 3.956359 3.912986 3.927543 3.408829 3.182603 3.869742 3.53408 3.339141 7.231821 5.234839 7.729824 8.121415 5.463691 7.905899 8.074311 5.629136 7.629238 1.440412 3.751733 0.040141 -0.046175 0.070371 0.051365 0.168947 0.16775 0.143772 0.180059 0.028953 0.056589 -0.087594 0.002558 0.005243 0.01035 0.005671 -0.000981 0.037951
4.019024 3.89116 1.561535 5.359565 7.514685 1.939722 4.198498 3.372574 3.842196 3.464689 4.106538 3.9709 4.022967 3.513018 3.298012 3.911846 3.639163 3.459232 7.212726 5.224442 7.769663 8.14866 5.461428 7.945314 8.10778 5.61492 7.648357 1.340541 3.623525 0.097971 0.112796 -0.015904 0.002681 0.10754 0.114852 0.103631 0.091642 0.122814 0.115409 0.105974 -0.000197 -0.004344 0.003913 0.036286 -0.010743 -0.128208
4.086757 3.987501 1.521569 5.353751 7.526893 1.827803 4.178919 3.480884 3.860327 3.53631 4.134533 3.932771 3.9641 3.574557 3.383172 3.871085 3.699042 3.524934 7.263741 5.215075 7.745387 8.149625 5.462942 7.940352 8.114126 5.617105 7.654506 1.266994 3.539392 0.067733 0.096341 -0.039967 -0.062954 -0.01068 0.141998 0.109999 0.125751 -0.036709 0.08516 0.069204 -0.016024 -0.014701 0.000957 -0.014828 -0.001749 -0.084133
4.046546 4.045501 1.484639 5.354261 7.533069 1.897642 4.06897 3.476153 3.949278 3.640154 3.963166 3.818335 3.835552 3.799492 3.677857 3.810657 4.052363 3.917484 7.246009 5.233349 7.732794 8.14597 5.45974 7.927037 8.100357 5.618141 7.627178 1.307715 3.487568 -0.040211 0.058 -0.03693 0.039285 -0.161576 -0.020434 0.131454 0.180747 -0.121271 0.294685 0.45393 0.023304 0.021093 -0.021983 -0.000695 -0.002432 -0.051824
3.959095 4.122393 1.409755 5.351671 7.524238 1.92884 4.029681 3.630807 4.049982 3.680974 3.79916 3.684147 3.666511 3.724899 3.56131 3.576407 3.909264 3.784781 7.224076 5.211167 7.781065 8.130764 5.452786 7.946239 8.089763 5.612001 7.670252 1.392576 3.401844 -0.087451 0.076893 -0.074884 0.017549 -0.106542 0.17432 0.020219 0.015974 -0.200303 -0.116547 -0.12239 -0.025563 -0.017184 0.021799 0.018276 -0.0025 -0.085724
3.819185 4.176433 1.453276 5.348186 7.536252 1.890246 3.970606 3.491486 4.012227 3.64193 3.678282 3.6291 3.621693 3.717443 3.486288 3.527488 3.925261 3.748834 7.218581 5.203884 7.746626 8.121852 5.443614 7.928352 8.077174 5.61109 7.658837 1.529001 3.359819 -0.139911 0.054039 0.043521 -0.021709 -0.075043 -0.204833 -0.110248 -0.185674 -0.074617 -0.075022 -0.134801 0.015064 -0.014423 -0.024264 -0.025386 -0.004693 -0.042025
3.753376 4.1713 1.561245 5.347065 7.51353 1.886165 4.016671 3.363169 3.903945 3.533728 3.632007 3.656025 3.620053 3.641451 3.427833 3.546888 3.85286 3.675899 7.221813 5.213609 7.749903 8.130556 5.445299 7.91797 8.086297 5.607312 7.62861 1.593689 3.342231 -0.065809 -0.005133 0.107969 -0.002296 -0.029544 -0.126389 -0.090278 -0.085314 -0.021451 -0.058455 -0.068994 -0.008425 0.014876 0.014831 0.001062 0.003972 -0.017588
3.779802 4.089179 1.640185 5.355006 7.517695 1.811094 4.051393 3.305382 3.812128 3.441931 3.651198 3.704437 3.663513 3.546086 3.344133 3.620605 3.739577 3.563995 7.239687 5.209632 7.733664 8.159128 5.453232 7.92775 8.116633 5.614219 7.615616 1.575204 3.428516 0.026426 -0.082121 0.07894 -0.042227 0.015776 -0.039115 -0.062478 -0.037107 0.041595 -0.0837 -0.089051 -0.011578 -0.007759 -0.011434 0.003781 0.00057 0.086285
3.824519 4.005497 1.659879 5.359604 7.517504 1.82848 4.096384 3.28698 3.775159 3.417625 3.662283 3.792361 3.728884 3.512009 3.313532 3.711328 3.661494 3.500049 7.243063 5.213642 7.742736 8.160335 5.453891 7.944091 8.12921 5.614691 7.637486 1.535086 3.512007 0.044717 -0.083682 0.019694 0.009779 0.022431 0.028009 -0.016918 0.000623 0.066399 -0.030601 -0.027034 -0.013508 -0.001263 0.006936 0.006494 0.001287 0.083491
3.8916 3.978553 1.651445 5.362106 7.522773 1.857096 4.124839 3.34849 3.841047 3.489487 3.693381 3.827804 3.738492 3.541124 3.352263 3.734084 3.629437 3.460775 7.219834 5.230132 7.742637 8.16472 5.466661 7.937307 8.127126 5.626379 7.620324 1.470506 3.54422 0.067081 -0.026944 -0.008434 0.016097 0.004618 0.042496 0.068089 0.072491 -0.012353 0.038731 -0.054405 0.018581 0.0193 0.003625 0.001254 0.016038 0.032213
3.914002 4.027014 1.571918 5.363864 7.516147 1.879631 4.153673 3.657707 4.042358 3.764926 3.705283 3.832158 3.747882 3.72535 3.547539 3.761692 3.753761 3.596149 7.238875 5.220984 7.754714 8.154845 5.473106 7.949783 8.125578 5.630045 7.658799 1.449862 3.489133 0.022402 0.048461 -0.079528 0.012676 -0.006931 0.325468 0.294284 0.308869 0.016734 0.195276 0.16358 -0.0036 -0.009423 0.010414 -0.00145 0.005457 -0.055087
3.93943 4.178658 1.305408 5.362653 7.528659 1.890653 4.175832 3.883736 4.194951 3.93925 3.76589 3.878741 3.800569 3.876872 3.721223 3.798443 3.874307 3.744276 7.207485 5.229309 7.760143 8.173676 5.47191 7.947789 8.134863 5.631074 7.631016 1.423223 3.350001 0.025428 0.151645 -0.26651 0.0062 0.043886 0.26035 0.19192 0.225319 0.057057 0.173684 0.172438 0.012411 0.008709 0.000752 0.014112 -4.2e-05 -0.139132
3.980845 4.245069 1.043242 5.373784 7.521662 1.850145 4.121822 4.077599 4.31794 4.097283 3.810006 3.924431 3.865684 4.038484 3.921616 3.880326 3.997634 3.90379 7.232922 5.222872 7.775066 8.164071 5.479727 7.970722 8.151742 5.630705 7.6726 1.392939 3.276593 0.041415 0.066411 -0.262166 -0.022786 0.026216 0.229053 0.206504 0.242138 0.064366 0.200393 0.172661 -0.026856 -0.00616 0.00586 -0.000371 0.003697 -0.073408
3.997101 4.296159 0.80693 5.373937 7.540221 1.808303 4.056605 4.158272 4.353582 4.170738 3.811344 3.976586 3.901635 4.132344 4.040158 3.927663 4.124779 4.058328 7.244596 5.229127 7.774887 8.18045 5.476722 7.974255 8.159015 5.627074 7.671286 1.376835 3.244061 0.016256 0.05109 -0.236312 -0.023536 0.007542 0.091309 0.090137 0.102906 0.033371 0.118542 0.189207 4.4e-05 0.006856 -0.005512 0.009633 -0.005047 -0.032532
4.015258 4.346727 0.598433 5.3789 7.545302 1.786278 4.053316 4.191308 4.397088 4.22508 3.85615 4.017385 3.943508 4.200574 4.117969 3.976209 4.190169 4.12955 7.255648 5.222425 7.785913 8.168408 5.476084 7.976407 8.145865 5.632207 7.68319 1.363643 3.198574 0.018156 0.050568 -0.208497 -0.012389 0.025731 0.036703 0.067355 0.076766 0.042097 0.077811 0.080015 0.007989 -0.006621 0.022652 -0.000328 -0.001441 -0.045487
4.026633 4.367486 0.476507 5.379738 7.555342 1.792978 4.038769 4.190979 4.349194 4.221714 3.883567 4.023953 3.967603 4.192361 4.122395 3.99527 4.168926 4.116323 7.237883 5.224614 7.773895 8.163817 5.473244 7.963687 8.137287 5.637597 7.666988 1.353105 3.187855 0.011376 0.020759 -0.121926 0.003769 0.017782 0.001654 0.005037 0.015296 0.032359 0.004426 -0.010422 -0.002989 -0.002615 -0.006206 -0.00957 0.003416 -0.010719
4.029829 4.331359 0.442355 5.38294 7.541896 1.823453 5.243396 7.92386 7.451791 7.77535 5.357436 5.523951 5.495665 7.736372 7.958109 5.636948 7.652831 7.792049 7.218237 5.219744 7.77535 8.153937 5.475922 7.958109 8.132309 5.636948 7.652831 1.353112 3.210537 0.003195 -0.036128 -0.034151 0.017142 1.287909 3.94148 3.849188 4.062436 1.542494 3.835714 3.84404 1.1e-05 0.002272 -0.014234 -0.002254 0.004568 0.022682
3.477962 4.94668 1.165826 5.328827 7.685893 1.656512 5.214951 7.972913 7.498654 7.811857 5.363401 5.540609 5.517828 7.770848 7.950397 5.64238 7.687395 7.81774 7.383941 5.279896 7.811857 8.159853 5.484875 7.950397 8.072532 5.64238 7.687395 1.850865 2.739213 -0.551866 0.615321 0.723471 -0.093904 0.061484 0.032673 0.022478 0.005916 0.008954 -0.007712 0.003369 0.070921 0.061484 0.046862 0.022478 0.001724 -0.471325
3.461604 5.017761 1.169534 5.354441 7.694153 1.653945 5.219804 7.950853 7.482534 7.794331 5.350635 5.537077 5.499997 7.771726 7.962171 5.639077 7.713165 7.851768 7.362117 5.247912 7.794331 8.142266 5.473598 7.962171 8.092502 5.639077 7.713165 1.892837 2.676391 -0.016359 0.071082 0.003708 -0.001444 -0.028212 -0.033149 -0.013983 -0.017586 -0.011278 0.011774 0.03525 0.000723 -0.028212 -0.016119 -0.013983 -0.001 -0.062822
3.445266 5.093037 1.173105 5.385371 7.726677 1.615658 5.217481 7.944006 7.47967 7.786735 5.3382 5.542628 5.501322 7.774954 7.962659 5.638668 7.718655 7.851956 7.375712 5.251436 7.786735 8.135216 5.467914 7.962659 8.092239 5.638668 7.718655 1.940105 2.63364 -0.016338 0.075276 0.003571 -0.021536 -0.007456 0.005406 -0.005431 -0.00705 -0.005684 0.000488 -0.008919 0.001164 -0.007456 -0.002864 -0.005431 -0.011164 -0.042751
2.858734 9.2355 1.229858 5.349038 7.71084 1.688397 5.21028 7.9669 7.470101 7.810832 5.341979 5.544414 5.505698 7.80472 7.992604 5.638881 7.731413 7.87357 9.076838 2.707869 9.580366 9.428625 2.614201 9.57561 9.457285 2.808698 9.661103 2.490304 -1.524661 -0.586532 4.142463 0.056753 0.040916 0.003345 0.008117 0.025411 0.011607 0.002159 0.029945 0.024086 1.138313 -2.687513 1.976233 1.538081 -2.907173 -4.158301
2.940114 9.283731 1.140715 5.374364 7.615587 1.918001 5.2248 7.930213 7.444049 7.775365 5.351174 5.527475 5.48546 7.745264 7.963169 5.621254 7.677076 7.822762 7.196988 5.218788 7.775365 8.13812 5.457454 7.963169 8.117009 5.621254 7.677076 2.43425 -1.668144 0.08138 0.048231 -0.089143 0.129152 -0.033509 -0.022162 -0.024833 -0.008703 -0.012619 -0.029435 -0.039807 -1.173905 2.657349 -2.011854 -1.537504 2.890133 -0.143484
3.39637 5.3447 1.182945 5.330633 7.69439 1.648941 5.213329 7.965637 7.48409 7.796181 5.347773 5.535791 5.505103 7.765527 7.954832 5.637764 7.69338 7.830657 7.388041 5.258128 7.796181 8.161523 5.476588 7.954832 8.087993 5.637764 7.69338 1.934263 2.349689 0.456256 -3.939031 0.04223 -0.151346 0.040298 0.038443 0.012321 0.023403 0.019134 -0.008337 0.006729 0.038077 0.040298 0.040041 0.012321 0.025973 4.017834
3.380108 5.437425 1.185918 5.347517 7.707308 1.646495 5.200829 7.942258 7.466925 7.77697 5.339965 5.534709 5.501722 7.765773 7.967379 5.637349 7.700467 7.845143 7.366333 5.246866 7.77697 8.14236 5.471256 7.967379 8.100023 5.637349 7.700467 1.96741 2.269883 -0.016263 0.092724 0.002973 -0.001376 -0.014017 -0.035805 -0.013425 -0.019163 -0.005332 0.012547 0.012943 -0.001575 -0.014017 -0.017166 -0.013425 -0.00059 -0.079806
3.363862 5.534679 1.188729 5.370221 7.730159 1.714939 5.206251 7.916244 7.462958 7.76841 5.329198 5.532331 5.492983 7.76814 7.955849 5.630119 7.72873 7.871376 7.354625 5.238061 7.76841 8.116558 5.462678 7.955849 8.073303 5.630119 7.72873 2.00636 2.19548 -0.016246 0.097255 0.002811 0.0385 -0.010751 -0.027636 -0.016016 -0.025802 -0.008578 -0.01153 0.012259 -0.002041 -0.010751 -0.003967 -0.016016 -0.015745 -0.074403
3.347631 5.636531 1.191373 5.352175 7.756655 1.633009 5.208695 7.974522 7.49468 7.820154 5.344018 5.540062 5.51355 7.802147 7.970431 5.641059 7.721139 7.863418 7.427082 5.26355 7.820154 8.151968 5.478727 7.970431 8.07296 5.641059 7.721139 2.004543 2.120124 -0.01623 0.101852 0.002645 -0.046086 0.025196 0.070342 0.042416 0.03541 0.016049 0.014582 0.001059 0.019736 0.025196 0.031723 0.042416 0.011497 -0.075356
4.12942 4.46159 0.853844 5.33634 7.708058 1.71803 5.209654 7.946309 7.490987 7.792835 5.345187 5.542157 5.508426 7.764995 7.953073 5.644975 7.700986 7.843063 4.908554 4.071599 4.1821 3.769139 4.016359 4.01022 3.834446 4.040405 4.282806 1.20692 3.246468 0.781788 -1.174942 -0.337529 0.047824 -0.00474 -0.02897 -0.023603 -0.007678 -0.000253 -0.017359 -0.009284 -3.367089 -1.21024 -3.071305 -4.048652 -1.587893 1.126344
4.126046 4.477009 0.858124 5.378359 7.603114 1.91281 5.279124 7.922367 7.430618 7.757198 5.333043 5.513909 5.457217 7.747839 7.986497 5.591511 7.681006 7.833849 5.026284 4.060149 4.296701 3.909576 4.003879 4.226813 4.0668 4.015989 4.558042 1.252313 3.126105 -0.003374 0.01542 0.00428 0.109564 -0.046029 0.006051 0.004508 0.045041 -0.047124 0.033424 0.022417 0.05903 -0.007173 0.132291 0.127079 -0.011358 -0.120363
4.104606 4.573437 0.899613 5.390226 7.513729 1.574849 5.25576 7.916118 7.434103 7.7745 5.326738 5.526673 5.485822 7.772746 8.008214 5.621624 7.714395 7.854358 5.106232 4.038668 4.383153 4.086836 3.943963 4.323663 4.1982 3.954935 4.59059 1.285619 2.940292 -0.021439 0.096428 0.041489 -0.190103 0.01317 0.025214 0.034479 0.04766 0.022963 0.021717 -0.012794 0.156461 -0.010695 0.043522 0.130692 -0.075515 -0.185813
4.067839 4.662412 0.877401 5.394672 7.536845 1.716804 5.24913 7.890753 7.419478 7.735378 5.334151 5.554927 5.50282 7.737101 7.985029 5.640025 7.690672 7.836955 7.243258 5.228528 7.735378 8.173212 5.464169 7.985029 8.175032 5.640025 7.690672 1.326832 2.874434 -0.036767 0.088974 -0.022212 0.07985 2.9e-05 -0.048805 -0.054182 -0.063779 0.009856 -0.023184 -0.006027 3.034278 1.190538 2.82029 3.752083 1.670938 -0.065858
3.266685 6.217115 1.201928 5.332814 7.721493 1.808335 5.214052 7.912636 7.452121 7.76428 5.344707 5.570407 5.530102 7.735816 7.934566 5.663084 7.651979 7.785259 7.342516 5.279031 7.76428 8.106434 5.487692 7.934566 8.06802 5.663084 7.651979 2.066129 1.504379 -0.801154 1.554703 0.324527 0.051486 0.057579 -0.04338 -0.007016 -0.066777 0.023523 -0.050463 -0.07221 0.115134 0.057579 0.032643 -0.007016 0.02462 -1.370055
3.25053 6.347967 1.203472 5.376928 7.700773 1.742757 5.242696 7.907524 7.432919 7.717217 5.352022 5.592123 5.537465 7.694687 7.910386 5.682814 7.640142 7.778458 7.303935 5.282161 7.717217 8.127458 5.495998 7.910386 8.067072 5.682814 7.640142 2.126398 1.352806 -0.016155 0.130852 0.001544 -0.036888 -0.006012 0.040516 -0.017669 0.021024 0.008306 -0.02418 -0.00683 -0.064421 -0.006012 -0.019202 -0.017669 0.017598 -0.151572
3.234385 6.483888 1.204815 5.445301 7.715767 1.677087 5.280107 7.887099 7.437713 7.774841 5.34982 5.603843 5.525113 7.814816 7.961364 5.65848 7.782432 7.876114 7.416492 5.300553 7.774841 8.113004 5.475254 7.961364 8.050936 5.65848 7.782432 2.210916 1.231879 -0.016145 0.135921 0.001343 -0.036939 0.002856 -0.023285 0.026622 -0.014454 -0.020744 0.050977 0.037955 -0.039697 0.002856 0.004794 0.026622 -0.034847 -0.120927
2.818683 8.275844 1.19813 5.400075 7.722487 1.612671 5.267339 7.901908 7.458327 7.767953 5.355074 5.590924 5.547879 7.78019 7.945161 5.673364 7.740283 7.853364 8.084211 2.829635 8.097654 8.321084 2.562576 8.353749 8.466341 2.637475 8.35793 2.581392 -0.553357 -0.415702 1.791957 -0.006685 -0.036234 0.003482 -0.011083 -0.014728 -0.024155 0.027463 -0.016203 0.006599 0.400651 -2.493672 0.650816 0.215201 -3.038805 -1.785236
2.885412 8.162596 1.153829 5.42319 7.608234 1.845069 5.33523 7.873411 7.393429 7.745558 5.363855 5.598261 5.519337 7.781004 7.987289 5.647457 7.753495 7.879354 8.153337 2.772448 8.134441 8.439295 2.564106 8.346773 8.458673 2.67714 8.297207 2.537778 -0.554362 0.066729 -0.113248 -0.044302 0.130724 -0.01975 -0.012995 0.006728 0.029375 -0.027566 0.042129 0.030903 0.439581 -0.117081 0.013062 0.09191 0.038918 -0.001005
2.898289 8.312736 1.126129 5.445462 7.526815 1.795822 5.34155 7.845987 7.391502 7.708359 5.349734 5.592341 5.518875 7.713469 7.934998 5.663511 7.667492 7.802606 8.338146 2.708054 8.321117 8.660625 2.563342 8.491948 8.635591 2.695619 8.35467 2.547173 -0.785921 0.012877 0.15014 -0.0277 -0.027701 -0.01353 -0.002943 -0.036731 -0.002572 -0.000327 -0.052291 -0.038465 0.130847 -0.079002 0.123063 0.203311 0.011086 -0.231559
2.907311 8.435581 1.16437 5.453649 7.488527 1.738191 5.3187 7.84259 7.39287 7.698752 5.345047 5.611833 5.53947 7.709627 7.945611 5.667834 7.682917 7.824761 8.43696 2.66284 8.515669 8.902026 2.535022 8.698661 8.864841 2.698957 8.545128 2.546338 -0.947054 0.009022 0.122845 0.038241 -0.032418 0.015964 0.007166 0.004407 0.020922 0.006872 0.010613 0.02487 0.227705 -0.049162 0.143014 0.213321 -0.005262 -0.161133
2.890988 8.623714 1.235882 5.451987 7.497182 1.848485 5.328241 7.877625 7.39622 7.725191 5.354983 5.601726 5.524258 7.717571 7.949702 5.670218 7.666168 7.810895 8.574277 2.607746 8.615728 9.006497 2.549666 8.838286 9.008909 2.705172 8.696662 2.560999 -1.126533 -0.016323 0.188133 0.071513 0.06204 -0.010231 0.028182 0.021242 0.010327 -0.002701 0.004091 -0.004603 0.118268 -0.037127 0.118008 0.106445 0.018168 -0.179479
2.878371 8.740544 1.270994 5.456051 7.493413 1.802651 5.318055 7.876931 7.396949 7.728099 5.35404 5.611994 5.540806 7.72826 7.968903 5.676749 7.682776 7.830386 8.705145 2.630615 8.643617 9.041298 2.540181 8.879171 9.04701 2.689561 8.769335 2.57768 -1.247131 -0.012617 0.116829 0.035112 -0.025781 0.008008 0.00966 0.011581 0.02791 0.010017 0.019201 0.024737 0.057116 0.021915 0.074802 0.023909 0.002013 -0.120598
2.872149 8.799551 1.304513 5.452636 7.498282 1.874188 5.331456 7.875966 7.399998 7.725437 5.356998 5.603045 5.529422 7.714579 7.9585 5.674677 7.659365 7.811189 8.785714 2.677561 8.682535 9.084225 2.504063 8.831891 8.994635 2.654171 8.689045 2.580487 -1.301268 -0.006222 0.059007 0.033519 0.04024 -0.001858 0.000436 -0.000925 0.000837 -0.007527 -0.010403 -0.004769 0.059866 0.060235 0.026954 0.049872 -0.077969 -0.054138
2.884292 8.841732 1.309645 5.459927 7.485998 1.770501 5.316002 7.866024 7.396355 7.709433 5.351058 5.602753 5.537328 7.714733 7.960375 5.67827 7.682245 7.826317 8.829302 2.695325 8.70527 9.1167 2.520463 8.849097 9.028254 2.652113 8.682473 2.575635 -1.355734 0.012143 0.042182 0.005132 -0.058324 -0.004289 -4.5e-05 -0.006592 -0.000157 0.008788 0.001875 -0.003102 -0.000348 0.027616 0.019445 0.02934 0.004852 -0.054466
2.888966 8.849465 1.295734 5.454499 7.487755 1.858218 5.311152 7.895981 7.409848 7.747187 5.357946 5.592769 5.536057 7.728966 7.97047 5.676401 7.661084 7.809564 8.822038 2.711001 8.728571 9.118806 2.527846 8.86116 9.032038 2.65356 8.688074 2.565532 -1.361709 0.004674 0.007733 -0.013911 0.049341 0.003744 0.010644 0.020263 -0.001874 0.001907 0.010095 -0.011539 0.028289 0.011823 -0.002223 0.014607 0.004514 -0.005975
2.892494 8.854358 1.297724 5.444455 7.500962 1.842632 5.313389 7.875093 7.399929 7.713566 5.354296 5.596142 5.530741 7.701964 7.952161 5.670032 7.652311 7.800676 8.840767 2.730327 8.720002 9.113228 2.526771 8.85169 9.029874 2.645895 8.683291 2.551961 -1.353396 0.003528 0.004894 0.00199 -0.008767 -0.002005 -0.01036 -0.024098 -0.006349 -0.006447 -0.018308 -0.004839 -0.007035 0.020247 -0.001033 -0.009291 -0.010698 0.008313
2.89425 8.850855 1.286838 5.447834 7.48838 1.828511 5.325792 7.879699 7.415565 7.750015 5.343233 5.579832 5.509953 7.753858 7.977931 5.646627 7.708292 7.850363 8.871536 2.73203 8.71542 9.085448 2.533488 8.832864 8.999652 2.657399 8.687942 2.553583 -1.362475 0.001756 -0.003503 -0.010886 -0.007943 -0.012516 -0.006611 0.015211 -0.006165 -0.017879 0.025769 0.037757 -0.010486 -0.00036 0.020379 -0.02089 0.008917 -0.009079
2.903682 8.85901 1.283952 5.445114 7.50602 1.709681 5.31731 7.866991 7.408249 7.715971 5.341371 5.601121 5.536144 7.722325 7.968004 5.673141 7.678865 7.826418 8.896744 2.757434 8.704761 9.090704 2.539007 8.818832 8.995796 2.659185 8.669748 2.541432 -1.35299 0.009432 0.008155 -0.002886 -0.066842 0.007936 0.004669 -0.011933 0.012215 0.019286 -0.009927 -0.021594 0.017953 0.022059 -0.004626 -0.005098 -2e-05 0.009485
2.902005 8.856298 1.234606 5.453877 7.506228 1.822514 5.327073 7.874778 7.403338 7.731038 5.344669 5.600156 5.528435 7.727053 7.962347 5.669692 7.684656 7.830331 8.909433 2.75656 8.688433 9.03432 2.562186 8.792436 8.943978 2.684752 8.666028 2.551872 -1.35007 -0.001677 -0.002712 -0.049346 0.063469 -0.000907 0.001007 0.00737 -0.001087 -0.010645 -0.005657 0.008289 -0.005804 -0.009209 0.020668 -0.040348 0.030241 0.00292
2.918308 8.864585 1.213953 5.454929 7.502359 1.809383 5.331455 7.868724 7.40002 7.739434 5.343045 5.589046 5.51339 7.752509 7.988232 5.65069 7.714828 7.856722 8.889735 2.772811 8.687518 8.969782 2.585722 8.745457 8.863651 2.715651 8.645189 2.536621 -1.362227 0.016302 0.008287 -0.020653 -0.007386 -0.007226 -0.017866 0.00467 -0.008323 -0.010438 0.025885 0.019147 0.00974 0.016067 -0.001585 -0.034654 0.031238 -0.012157
2.934266 8.861057 1.176649 5.449898 7.510408 1.721183 5.313295 7.891008 7.398615 7.739745 5.347834 5.606695 5.538786 7.746989 7.984837 5.673683 7.708699 7.850993 8.865812 2.77146 8.703659 8.991815 2.595578 8.746246 8.867301 2.728899 8.631592 2.515632 -1.350648 0.015958 -0.003529 -0.037304 -0.049612 0.009339 0.038644 0.013741 0.026699 0.019934 -0.003396 -0.008039 0.005641 0.000155 0.005628 0.020541 0.011777 0.011578
2.933857 8.8628 1.143575 5.452339 7.515402 1.856306 5.320526 7.874089 7.402976 7.724724 5.357831 5.616255 5.536385 7.718915 7.952145 5.684725 7.669579 7.809659 8.836762 2.751144 8.746367 9.066734 2.578586 8.791395 8.921136 2.719405 8.641535 2.518482 -1.347398 -0.000409 0.001743 -0.033074 0.076007 0.005524 -0.027346 -0.02656 -0.034732 0.001714 -0.032691 -0.041184 9.9e-05 -0.011641 -0.005942 0.063153 -0.009088 0.003251
2.911599 8.858359 1.145337 5.458801 7.496546 1.903232 5.329252 7.879864 7.401328 7.747664 5.362737 5.599766 5.524259 7.743043 7.970271 5.67361 7.681635 7.82638 8.804795 2.73968 8.744555 9.080284 2.570406 8.80086 8.939868 2.709238 8.66273 2.547203 -1.361814 -0.022258 -0.004441 0.001762 0.026396 -0.002106 -0.00458 0.014543 0.006279 -0.006983 0.018126 0.024825 0.003267 -0.001039 -6.9e-05 0.003886 -0.006545 -0.014416
2.901366 8.868284 1.155724 5.451098 7.492753 1.822543 5.322178 7.870916 7.415923 7.735184 5.358953 5.60048 5.532782 7.731387 7.977267 5.67283 7.68776 7.836792 8.781356 2.727039 8.742745 9.079619 2.562419 8.788681 8.927147 2.70186 8.653315 2.549732 -1.375531 -0.010232 0.009925 0.010387 -0.045388 0.002868 -0.003935 -0.003326 0.002452 0.007942 0.006996 0.011718 -0.009193 -0.007529 -0.010819 0.00096 -0.005573 -0.013717
2.895514 8.859984 1.169452 5.454955 7.503818 1.800873 5.372406 7.898484 7.396494 7.747934 5.351675 5.586009 5.518136 7.738944 7.980447 5.65047 7.677734 7.830043 8.75318 2.728027 8.744867 9.09213 2.551056 8.802097 8.943655 2.684593 8.657827 2.559441 -1.356166 -0.005852 -0.0083 0.013729 -0.012189 0.004807 0.029507 0.012867 0.018163 -0.012439 0.003181 0.00571 0.001728 0.00105 -0.006071 0.008212 -0.021917 0.019365
2.887301 8.859607 1.179631 5.464291 7.501422 1.548658 5.336946 7.881486 7.429001 7.766339 5.349598 5.603325 5.537074 7.778623 8.002474 5.669089 7.742883 7.886264 8.774276 2.71919 8.729464 9.083683 2.550477 8.777394 8.918546 2.686204 8.63768 2.57699 -1.358185 -0.008213 -0.000377 0.010179 -0.141871 0.002553 -0.004348 0.026814 0.029472 0.013269 0.022027 0.028573 0.014206 -0.001267 -0.014455 -0.00892 0.002212 -0.002019
2.888483 8.859524 1.186109 5.465494 7.537058 1.688852 5.349286 7.874249 7.393387 7.72175 5.356199 5.601353 5.529135 7.737066 7.978414 5.660808 7.715028 7.859426 8.78224 2.732763 8.729862 9.082681 2.559155 8.779571 8.921953 2.690549 8.638543 2.577011 -1.322466 0.001181 -8.3e-05 0.006478 0.078859 0.004035 -0.013127 -0.041012 -0.047165 -0.008949 -0.024061 -0.026355 -0.007024 0.007354 0.004393 -0.003964 0.005806 0.03572
]