08-15-20_Prerna_4KDepth.orange_alligator_in_grey_flowers.0000000001 [ -0.009416 -0.067868 0.008992 2.611197 1.212894 0.0 0.0 0.0 0.0 0.0 0.0 0.0 0.0 0.0 0.0
-0.033949 -0.083148 0.008317 2.497725 1.144232 -2.718693 0.640464 -1.490301 -2.720119 0.674447 0.000453 0.002561 -2e-05 -0.03381 -0.02201
-0.031518 -0.071161 0.008283 2.498889 1.151379 -0.103296 -0.011264 -0.008334 -0.105482 -0.012596 0.002431 0.011987 -3.4e-05 0.001164 0.007147
-0.032985 -0.076377 0.008281 2.496082 1.154196 -0.100984 -0.011056 -0.008449 -0.103122 -0.012353 -0.001467 -0.005216 -1e-06 -0.002807 0.002817
-0.039289 -0.073209 0.008241 2.485964 1.120872 -0.09869 -0.01085 -0.00856 -0.10078 -0.012112 -0.006303 0.003168 -4e-05 -0.010118 -0.033323
-0.035032 -0.059369 0.008224 2.517793 1.135566 -0.096414 -0.010645 -0.008666 -0.098457 -0.011873 0.004257 0.01384 -1.7e-05 0.031829 0.014693
-0.036437 -0.059437 0.00822 2.499478 1.137448 -0.094156 -0.010442 -0.008768 -0.096152 -0.011636 -0.001405 -6.9e-05 -4e-06 -0.018315 0.001882
-0.041142 -0.059325 0.008202 2.519868 1.147406 -0.091916 -0.010241 -0.008867 -0.093865 -0.011401 -0.004705 0.000112 -1.8e-05 0.02039 0.009958
-0.043048 -0.057605 0.008137 2.439202 1.132658 -0.089694 -0.010041 -0.008961 -0.091596 -0.011168 -0.001906 0.00172 -6.5e-05 -0.080666 -0.014749
-0.048026 -0.05744 0.008133 2.467256 1.114371 -0.087489 -0.009843 -0.009051 -0.089345 -0.010937 -0.004978 0.000165 -4e-06 0.028054 -0.018287
-0.05315 -0.062621 0.008116 2.431291 1.157036 -0.085303 -0.009646 -0.009136 -0.087113 -0.010708 -0.005124 -0.00518 -1.7e-05 -0.035965 0.042666
-0.061012 -0.060317 0.008106 2.419187 1.091815 -0.083135 -0.009452 -0.009218 -0.084899 -0.010481 -0.007862 0.002304 -1e-05 -0.012104 -0.065221
-0.063871 -0.040779 0.007943 2.256002 0.767632 -0.080984 -0.009258 -0.009296 -0.082703 -0.010256 -0.002859 0.019537 -0.000163 -0.163186 -0.324184
-0.05643 -0.035101 0.007943 2.421115 0.83796 -0.078851 -0.009066 -0.009369 -0.080525 -0.010033 0.007441 0.005678 -1e-06 0.165114 0.070328
-0.061761 -0.056622 0.007947 2.422386 0.667791 2.850257 -0.121502 1.626618 2.975257 -0.164919 -0.00533 -0.021521 4e-06 0.001271 -0.170169
-0.05449 -0.058216 0.007973 2.408545 0.546393 -0.201133 0.122145 -0.051009 -0.242302 0.143244 0.007271 -0.001594 2.6e-05 -0.013841 -0.121397
-0.058298 -0.042298 0.007949 2.345618 0.387319 -0.568189 -0.202993 -0.293636 -0.5331 -0.194465 -0.003808 0.015918 -2.4e-05 -0.062927 -0.159075
-0.057568 -0.041617 0.007656 2.261644 -0.055867 -2.375372 0.167969 -1.3201 -2.500544 0.178198 0.00073 0.000681 -0.000293 -0.083974 -0.443186
-0.036967 -0.015218 0.007168 2.104803 -0.39048 -0.068456 -0.008132 -0.009674 -0.06991 -0.008948 0.020601 0.026399 -0.000487 -0.156841 -0.334613
-0.023787 -0.023547 0.005247 2.051149 -0.886689 -0.066431 -0.00795 -0.009722 -0.067842 -0.008737 0.01318 -0.00833 -0.001922 -0.053654 -0.496209
-0.008261 -0.003286 0.002891 1.907576 -1.253139 -0.064424 -0.007769 -0.009767 -0.065792 -0.008528 0.015526 0.020261 -0.002356 -0.143572 -0.36645
0.011937 -0.012132 0.000244 1.729958 -1.652004 -0.140375 -0.059084 0.222634 -0.16478 -0.08262 0.020198 -0.008846 -0.002647 -0.177618 -0.398865
0.020706 -0.004177 -0.001325 1.643997 -1.965783 -0.518063 0.684108 -0.251566 -0.483789 0.781149 0.008769 0.007955 -0.001569 -0.085961 -0.31378
0.053359 -0.003149 -0.002375 1.319967 -2.649674 -0.517199 -0.448557 -0.318624 -0.566489 -0.47118 0.032653 0.001028 -0.00105 -0.32403 -0.68389
0.044639 -0.017835 -0.003045 1.249958 -2.802657 -0.195042 -0.322648 -0.130053 -0.218272 -0.379999 -0.00872 -0.014686 -0.00067 -0.070008 -0.152983
0.033 -0.027071 -0.003396 1.22097 -2.915639 0.009411 0.047069 0.037844 -0.030487 0.05079 -0.011639 -0.009236 -0.000351 -0.028988 -0.112982
0.03277 -0.028751 -0.003554 1.225403 -3.001166 -0.177739 -0.156689 -0.162644 -0.107263 -0.192802 -0.000229 -0.001679 -0.000158 0.004432 -0.085528
0.029625 -0.032735 -0.00369 1.195475 -3.034437 -0.102291 0.230234 -0.02049 -0.150395 0.261395 -0.003145 -0.003984 -0.000136 -0.029928 -0.03327
0.007011 -0.037375 -0.003882 1.204719 -3.086087 -0.061073 0.015556 -0.016999 -0.069493 0.020639 -0.022615 -0.00464 -0.000191 0.009245 -0.05165
0.015661 -0.034549 -0.003897 1.293356 -2.955745 -0.041123 -0.046331 -0.015471 -0.052185 -0.050926 0.00865 0.002826 -1.5e-05 0.088637 0.130342
0.003943 -0.05418 -0.004132 1.275375 -2.976923 -0.019213 -0.021969 -0.015577 -0.01104 -0.031295 -0.011718 -0.019631 -0.000235 -0.017981 -0.021178
0.010634 -0.055805 -0.004224 1.248789 -3.033037 -0.022965 0.050657 -0.010951 -0.024658 0.058576 0.006691 -0.001625 -9.2e-05 -0.026586 -0.056114
0.000793 -0.034321 -0.004342 1.224181 -3.042365 -0.012376 0.035401 -0.014171 -0.018797 0.041284 -0.009841 0.021484 -0.000118 -0.024608 -0.009328
-0.00415 -0.020128 -0.004496 1.394051 -2.983229 0.023 0.02242 -0.002761 0.021985 0.023665 -0.004942 0.014193 -0.000154 0.16987 0.059136
0.025301 -0.015891 -0.00453 1.316949 -2.999673 0.017252 0.017697 -0.011962 0.019436 0.015608 0.029451 0.004238 -3.4e-05 -0.077102 -0.016444
0.025752 -0.013699 -0.004619 1.273213 -3.04323 0.026845 -0.018628 -0.012471 0.02479 -0.018975 0.000451 0.002191 -8.9e-05 -0.043737 -0.043557
0.011167 -0.01209 -0.004638 1.257131 -3.015664 0.013354 0.04792 -0.016804 0.019491 0.045105 -0.014585 0.001609 -1.8e-05 -0.016082 0.027567
0.009785 -0.01797 -0.004686 1.25421 -3.023224 -0.003163 0.048924 -0.003419 0.01669 0.057831 -0.001382 -0.00588 -4.9e-05 -0.002921 -0.007561
0.006627 -0.015041 -0.004741 1.278915 -3.029099 0.110197 -0.196876 0.014015 0.205112 -0.222575 -0.003158 0.002929 -5.5e-05 0.024705 -0.005875
0.028093 -0.005424 -0.004811 1.463069 -2.971292 0.42267 0.004742 0.093284 0.438433 0.034846 0.021466 0.009617 -7e-05 0.184155 0.057807
0.018113 0.005927 -0.004851 1.406754 -3.138213 -0.112312 0.073085 0.130488 -0.093339 0.098437 -0.00998 0.011351 -4e-05 -0.056315 -0.16692
0.017884 0.018548 -0.004864 1.414957 -3.113186 -0.013364 0.031723 0.040877 -0.046344 0.035405 -0.000229 0.012621 -1.2e-05 0.008203 0.025027
0.013208 0.037684 -0.004933 1.340561 -3.134701 -0.031644 0.010727 -0.017913 -0.004654 0.008674 -0.004677 0.019136 -6.9e-05 -0.074396 -0.021515
0.020274 0.038335 -0.005029 1.493008 -3.022082 -0.056391 -0.104767 -0.075285 -0.004913 -0.124797 0.007066 0.00065 -9.6e-05 0.152447 0.112619
0.023492 0.041086 -0.005106 1.418075 -3.016355 -0.189779 0.097414 -0.027822 -0.152089 0.075407 0.003219 0.002751 -7.7e-05 -0.074933 0.005726
-0.029264 0.042606 -0.005216 1.311365 -3.010934 0.012212 -0.049871 -0.059872 0.017278 -0.031731 -0.052756 0.001521 -0.00011 -0.10671 0.005421
0.003255 0.065472 -0.005235 1.348823 -3.056314 0.055999 -0.110291 0.038866 0.014895 -0.117349 0.032519 0.022866 -1.9e-05 0.037458 -0.04538
0.011026 0.058853 -0.005104 2.165486 -2.344684 0.477099 -0.029336 0.341486 0.352855 -0.042976 0.007771 -0.006619 0.000132 0.816663 0.71163
0.030794 0.034125 -0.004776 2.251168 -2.182848 0.794367 0.335588 1.233607 0.857161 0.355569 0.019768 -0.024729 0.000327 0.085682 0.161836
0.030903 0.030267 -0.004853 1.972804 -2.301227 -0.032425 -0.162935 -0.326315 -0.004707 -0.16777 0.000109 -0.003858 -7.6e-05 -0.278364 -0.118378
0.018898 0.047187 -0.004956 1.574552 -2.732664 -0.803954 -0.182343 -0.935051 -0.895267 -0.19777 -0.012005 0.016921 -0.000103 -0.398252 -0.431437
0.012064 0.043409 -0.005027 1.464184 -2.867607 -0.065263 0.214297 -0.150409 -0.005303 0.246282 -0.006834 -0.003779 -7.1e-05 -0.110368 -0.134943
-0.005354 -0.001084 -0.005096 1.304025 -2.895585 0.12623 -0.059426 -0.032191 0.120402 -0.036251 -0.017418 -0.044492 -6.9e-05 -0.160159 -0.027978
-0.013566 -0.003431 -0.005096 1.215739 -2.846405 0.030545 -0.026534 -0.072961 0.085867 -0.033754 -0.008212 -0.002347 0.0 -0.088286 0.04918
-0.030021 0.007939 -0.005083 1.044832 -2.728754 0.053393 -0.014995 -0.012718 0.061689 -0.017227 -0.016454 0.01137 1.2e-05 -0.170908 0.117651
-0.031367 -0.009028 -0.00462 1.000881 -2.052877 -0.09679 -0.056082 -0.114777 -0.101851 -0.078792 -0.001346 -0.016967 0.000464 -0.043951 0.675877
-0.037018 0.00698 -0.0036 1.199728 -1.424867 -0.047374 -0.16057 0.124652 -0.135052 -0.2123 -0.005651 0.016008 0.001019 0.198847 0.62801
0.008861 0.071585 -0.002607 1.684515 -0.496141 -0.048771 0.085206 0.196766 -0.074516 0.113853 0.045878 0.064605 0.000993 0.484787 0.928726
0.042519 0.05093 -0.002194 1.713417 -0.373748 -0.00141 -0.002094 -0.008387 -0.00139 -0.002047 0.033659 -0.020654 0.000413 0.028902 0.122393
0.026126 0.048302 -0.000921 1.316341 0.320762 -0.000101 -0.001976 -0.00827 -5e-05 -0.001915 -0.016394 -0.002628 0.001273 -0.397076 0.69451
0.017817 0.089757 -0.000966 0.539492 -0.013541 0.242001 0.109822 0.019437 0.084597 0.093038 -0.008309 0.041455 -4.5e-05 -0.776849 -0.334303
-0.004053 0.119151 -0.000997 0.900867 0.494659 -0.238347 -0.113426 -0.03561 -0.080752 -0.09648 -0.02187 0.029394 -3.1e-05 0.361375 0.5082
0.002774 0.112998 -0.001087 0.535987 -0.015156 0.279871 0.123202 0.143262 0.138546 0.098822 0.006828 -0.006152 -9e-05 -0.36488 -0.509815
0.019246 0.121371 -0.001247 -0.132669 0.362663 0.321339 -0.189361 -0.149104 0.372313 -0.200069 0.016472 0.008372 -0.00016 -0.668655 0.377819
0.022705 0.117212 -0.001255 -0.304343 0.633119 0.794112 -0.463301 -0.543884 0.870076 -0.462654 0.003459 -0.004158 -8e-06 -0.171675 0.270456
0.035276 0.107826 -0.001406 -0.197788 0.381503 -1.373093 0.523597 0.518966 -1.357972 0.558513 0.012571 -0.009387 -0.000151 0.106555 -0.251616
0.017739 0.098795 -0.001383 -0.136489 0.315797 0.415617 -0.024355 0.095348 0.285946 -0.051505 -0.017537 -0.009031 2.4e-05 0.061299 -0.065706
-0.001438 0.105086 -0.001385 0.081518 0.046016 -0.24318 0.190522 0.019751 -0.270647 0.234411 -0.019178 0.006291 -2e-06 0.218007 -0.269781
-0.003994 0.088457 -0.00153 0.352176 0.031372 0.13185 -0.171186 -0.086098 0.188318 -0.191844 -0.002556 -0.016629 -0.000146 0.270658 -0.014644
-0.050618 0.031395 -0.001538 0.475831 -0.015676 -0.263115 0.000867 -0.057425 -0.161262 0.005438 -0.046624 -0.057062 -7e-06 0.123655 -0.047048
-0.058816 0.050506 -0.001585 0.601861 -0.174361 1.125224 -0.577746 -0.334952 1.129022 -0.660094 -0.008198 0.019111 -4.8e-05 0.12603 -0.158685
-0.046022 0.048595 -0.001615 0.548968 -0.087296 -0.011539 0.18204 -0.023807 -0.023615 0.202299 0.012794 -0.001911 -3e-05 -0.052893 0.087065
-0.041573 0.048788 -0.001652 0.572643 -0.0274 0.06357 0.140775 0.025597 0.071143 0.162375 0.004449 0.000193 -3.7e-05 0.023675 0.059896
-0.064041 -0.005788 -0.001681 0.49958 -0.362902 -0.891593 0.129042 0.357661 -1.021828 0.130366 -0.022468 -0.054576 -2.9e-05 -0.073063 -0.335501
-0.016056 0.062146 -0.001698 0.122074 -0.044125 -0.048119 0.042187 0.128019 -0.078971 0.049133 0.047985 0.067934 -1.7e-05 -0.377506 0.318776
-0.006724 0.074458 -0.001721 0.007688 0.053911 -0.014568 -0.006418 -0.010796 -0.018552 -0.025664 0.009332 0.012311 -2.4e-05 -0.114386 0.098037
-0.046948 0.067999 -0.001748 0.432799 0.03818 0.042129 0.053517 -0.066485 0.059018 0.077013 -0.040224 -0.006458 -2.7e-05 0.425111 -0.015731
-0.055679 0.087425 -0.00183 0.424709 -0.005594 0.652991 -0.29513 -0.531891 0.811032 -0.304963 -0.00873 0.019425 -8.2e-05 -0.00809 -0.043775
-0.043685 0.075798 -0.001917 0.620297 -0.00772 -0.762143 0.328116 0.402613 -0.767092 0.367911 0.011994 -0.011627 -8.6e-05 0.195588 -0.002126
-0.038883 0.069171 -0.00197 0.519565 -0.20091 1.04588 -0.394174 -0.357153 1.032605 -0.459405 0.004802 -0.006627 -5.3e-05 -0.100732 -0.19319
-0.051353 0.076265 -0.002101 0.596053 -0.822223 0.025588 0.014653 0.038329 0.02826 0.012771 -0.01247 0.007095 -0.000131 0.076488 -0.621313
-0.057023 0.081671 -0.002322 0.80817 -1.120533 0.06487 -0.021161 0.065908 0.073578 -0.026531 -0.00567 0.005406 -0.000222 0.212117 -0.298311
-0.039382 0.066723 -0.002323 0.861966 -1.025968 0.074331 0.059504 0.041034 0.057265 0.091517 0.017641 -0.014948 -1e-06 0.053796 0.094566
-0.036658 0.055049 -0.002353 1.176035 -1.236729 -0.021231 0.038646 0.186126 -0.018541 0.044535 0.002725 -0.011674 -3e-05 0.314069 -0.210761
-0.021464 0.040382 -0.001626 1.120108 -0.851684 -1.041866 0.304068 -0.001468 -1.021698 0.340271 0.015194 -0.014668 0.000727 -0.055927 0.385045
-0.032771 0.037003 -0.001493 1.167499 -1.203139 0.570623 -0.045631 0.202684 0.600092 0.017913 -0.011307 -0.003378 0.000133 0.047391 -0.351456
-0.016428 0.017273 -0.001315 1.195889 -1.726396 -0.127166 0.009283 0.07136 -0.08357 0.016631 0.016342 -0.01973 0.000178 0.028389 -0.523257
-0.017015 0.008762 -0.001147 1.287341 -2.031514 -0.35804 0.038171 -0.28468 -0.428854 -0.031852 -0.000587 -0.008511 0.000168 0.091452 -0.305118
-0.025203 0.038252 -0.001019 1.424812 -2.27433 -0.292017 -0.263075 0.469085 -0.157205 -0.23736 -0.008188 0.029489 0.000128 0.137471 -0.242817
-0.011801 0.019898 -0.000822 1.465422 -2.447478 -0.267566 0.209376 -0.013287 -0.224204 0.178264 0.013402 -0.018354 0.000197 0.04061 -0.173148
0.000639 0.042342 -0.000733 1.580848 -2.493449 -0.27272 -0.224702 0.124749 -0.339325 -0.215334 0.012439 0.022445 8.9e-05 0.115426 -0.045971
0.015433 0.054073 -0.000756 1.568446 -2.592747 -0.064037 0.034035 -0.10658 -0.059408 0.042087 0.014794 0.01173 -2.3e-05 -0.012403 -0.099298
0.017286 0.054317 -0.000749 1.571613 -2.437102 -0.02444 -0.02666 -0.065064 0.002833 -0.045603 0.001853 0.000245 7e-06 0.003167 0.155644
0.006304 0.052825 -0.000728 1.567069 -2.329612 0.049185 0.035943 -0.101175 0.06899 0.045916 -0.010982 -0.001492 2e-05 -0.004543 0.10749
0.004741 0.053389 -0.000782 1.530857 -2.317253 0.0838 -0.005782 -0.013665 0.115646 0.011024 -0.001562 0.000564 -5.3e-05 -0.036213 0.012359
-0.017566 0.059589 -0.000763 1.517091 -2.085948 1.049018 0.248765 -0.311691 0.860808 0.231317 -0.022307 0.0062 1.9e-05 -0.013765 0.231305
-0.030273 0.022796 -0.000871 1.349305 -2.044297 0.035751 0.001269 -0.001031 0.036702 0.001573 -0.012707 -0.036793 -0.000108 -0.167787 0.041651
0.000316 0.090466 -0.000871 1.401908 -1.551329 0.03638 0.001327 -0.000757 0.037349 0.00163 0.030589 0.06767 -1e-06 0.052603 0.492968
-0.00724 0.065954 -0.000819 1.881976 -0.682642 0.036991 0.001382 -0.000479 0.037978 0.001685 -0.007557 -0.024512 5.2e-05 0.480067 0.868687
-0.017561 0.042247 -0.000805 1.831414 -0.544759 0.037584 0.001437 -0.000196 0.038589 0.001737 -0.010321 -0.023707 1.4e-05 -0.050561 0.137883
-0.014262 0.037764 -0.000423 1.861725 -0.39852 0.038159 0.001489 9.1e-05 0.039181 0.001788 0.003299 -0.004483 0.000383 0.03031 0.146239
-0.015188 0.03391 -0.000325 1.809102 -0.359355 0.038716 0.00154 0.000381 0.039755 0.001837 -0.000926 -0.003854 9.7e-05 -0.052623 0.039165
-0.019329 0.034844 -0.000202 1.708196 -0.436916 0.237715 0.315957 0.772234 0.218968 0.329548 -0.004141 0.000934 0.000123 -0.100905 -0.077561
-0.023976 0.023345 -3.7e-05 1.726158 -0.381026 -0.158683 -0.31273 -0.770582 -0.137807 -0.325737 -0.004647 -0.0115 0.000165 0.017962 0.055889
-0.033697 0.033515 -2.9e-05 1.312982 -0.538995 0.851148 0.381357 0.100156 0.797373 0.457035 -0.009721 0.010171 8e-06 -0.413176 -0.157968
-0.048083 0.038978 -3.5e-05 1.285168 -0.693489 0.091906 -0.284479 -0.070314 0.218186 -0.312148 -0.014386 0.005463 -5e-06 -0.027813 -0.154494
-0.056297 0.031175 2.6e-05 1.32309 -0.73809 -0.029119 -0.246462 -0.008584 -0.00222 -0.302353 -0.008214 -0.007803 6.1e-05 0.037922 -0.044601
-0.058925 0.041747 5e-05 1.433204 -0.702345 -0.01166 -0.054641 0.057384 -0.055596 -0.066861 -0.002628 0.010572 2.4e-05 0.110115 0.035745
-0.063372 0.046159 0.000108 1.647977 -0.579432 -0.02398 -0.165364 0.071038 -0.021782 -0.209424 -0.004447 0.004412 5.8e-05 0.214773 0.122913
-0.064887 0.041584 0.000141 1.79583 -0.471624 -0.629689 0.380322 -0.137314 -0.680594 0.44615 -0.001515 -0.004576 3.3e-05 0.147853 0.107808
-0.086494 0.031253 0.000294 2.020803 -0.351555 0.681839 -0.09551 0.429379 0.635496 -0.067982 -0.021607 -0.010331 0.000153 0.224972 0.120069
-0.089978 0.018449 0.000714 2.182467 -0.198792 0.249524 -0.03459 0.226822 0.300621 -0.131787 -0.003484 -0.012804 0.00042 0.161664 0.152763
-0.084816 0.012229 0.000757 2.256536 -0.056922 -1.076124 -0.27595 0.389915 -1.189667 -0.280254 0.005161 -0.00622 4.3e-05 0.074069 0.14187
-0.077262 0.002967 0.00076 2.259319 -0.118575 0.318659 0.413958 -1.031364 0.432243 0.488933 0.007554 -0.009261 2e-06 0.002783 -0.061653
-0.074447 0.004205 0.000794 2.370719 -0.07936 -0.059209 0.067467 1.222814 -0.109095 0.039785 0.002815 0.001238 3.4e-05 0.1114 0.039215
-0.070077 0.007081 0.000794 2.218623 0.318618 0.148176 -0.063326 -1.213387 0.200539 -0.035185 0.00437 0.002875 1e-06 -0.152096 0.397978
-0.067508 0.001875 0.000845 2.207409 0.336369 0.759039 0.445579 0.751209 0.764874 0.435086 0.002569 -0.005206 5.1e-05 -0.011214 0.01775
-0.065162 -0.009003 0.000907 2.095455 0.121773 0.031176 -0.107427 -0.186522 0.031956 -0.101389 0.002345 -0.010878 6.2e-05 -0.111954 -0.214596
-0.062447 -0.019761 0.000884 1.941964 0.104005 -0.174723 0.099359 -0.225059 -0.232496 0.141139 0.002716 -0.010758 -2.3e-05 -0.153491 -0.017768
-0.05719 -0.016846 0.000892 1.942332 0.013052 -0.057391 -0.074147 0.077777 -0.067037 -0.036728 0.005257 0.002915 8e-06 0.000369 -0.090953
-0.042511 -0.006911 0.000929 2.058665 -0.229951 -0.12243 0.303597 0.005327 -0.107257 0.332361 0.014679 0.009935 3.7e-05 0.116332 -0.243003
-0.027365 0.002537 0.000931 2.127706 -0.405573 -0.089256 -0.050813 -0.004212 -0.05963 -0.039948 0.015147 0.009449 2e-06 0.069041 -0.175622
-0.014846 0.002528 0.00093 2.132721 -0.446233 -0.080994 -0.229929 0.066805 -0.109161 -0.275741 0.012518 -9e-06 -1e-06 0.005015 -0.04066
-0.02211 0.00146 0.001012 2.193901 -0.423918 0.100561 -0.368706 -0.43317 0.155105 -0.435775 -0.007263 -0.001068 8.3e-05 0.06118 0.022315
-0.028332 0.00071 0.001084 2.219201 -0.368096 -0.570491 -0.225367 0.707953 -0.617347 -0.275074 -0.006222 -0.00075 7.1e-05 0.0253 0.055823
-0.024526 0.006555 0.001033 1.988482 -0.341004 0.663798 0.229918 -0.691137 0.713351 0.279897 0.003806 0.005845 -5.1e-05 -0.230719 0.027092
-0.035285 0.019795 0.001039 1.972055 -0.322629 -0.036907 0.43496 0.534012 -0.052177 0.47551 -0.010759 0.013241 6e-06 -0.016427 0.018374
-0.03355 0.020214 0.00109 1.94937 -0.264557 0.05588 -0.123221 -0.083131 0.074041 -0.172118 0.001734 0.000419 5.1e-05 -0.022686 0.058072
-0.035676 0.017669 0.001087 1.953357 -0.156449 0.014074 0.058481 -0.043078 0.025176 0.06675 -0.002126 -0.002545 -2e-06 0.003988 0.108108
-0.035947 0.017378 0.001098 1.887168 -0.121821 0.036092 0.083679 -0.013969 0.004303 0.110606 -0.000271 -0.000292 1e-05 -0.066189 0.034628
-0.044114 0.025227 0.000957 1.868916 -0.086076 0.023205 -0.046874 -0.012895 0.018519 -0.048267 -0.008167 0.007849 -0.00014 -0.018252 0.035746
-0.04481 0.026336 0.000963 1.905933 -0.068087 -0.020182 -0.065089 -0.015955 -0.026391 -0.07656 -0.000696 0.001109 6e-06 0.037018 0.017989
-0.041037 0.015484 0.000965 1.906528 -0.105252 -0.032904 -0.147739 -0.029008 -0.030054 -0.146826 0.003772 -0.010852 2e-06 0.000595 -0.037165
-0.038861 0.013343 0.000972 1.889754 -0.198693 -0.130529 -0.006314 -0.037061 -0.154677 0.053825 0.002177 -0.002141 8e-06 -0.016775 -0.093441
-0.037779 0.011562 0.001103 1.83307 -0.324023 -0.170791 0.027467 0.099617 -0.17502 0.013499 0.001081 -0.001781 0.00013 -0.056684 -0.125329
-0.018233 0.013106 0.001103 1.756516 -0.54049 -0.799423 -0.032746 -0.012308 -0.675958 -0.047773 0.019546 0.001544 -0.0 -0.076554 -0.216467
-0.011515 0.011089 0.00147 2.102235 0.023108 1.578673 -0.157135 -0.264655 1.524837 -0.202603 0.006719 -0.002017 0.000367 0.345719 0.563597
-0.015065 0.005526 0.001665 2.038044 0.005708 0.046851 0.002307 0.013608 0.048292 0.002272 -0.003551 -0.005563 0.000196 -0.064192 -0.0174
0.013455 -0.027359 0.001631 1.97547 -0.988002 0.046746 0.002299 0.014052 0.048193 0.002247 0.02852 -0.032885 -3.4e-05 -0.062574 -0.99371
0.053944 -0.023393 0.001487 1.528196 -1.337702 0.046623 0.002289 0.0145 0.048074 0.00222 0.040489 0.003967 -0.000145 -0.447274 -0.3497
0.056172 -0.007002 0.001353 1.557572 -1.199008 0.046482 0.002278 0.014952 0.047938 0.002192 0.002228 0.01639 -0.000133 0.029376 0.138694
0.056774 0.006085 0.001031 1.471148 -1.439724 0.046323 0.002264 0.015409 0.047783 0.002161 0.000602 0.013087 -0.000322 -0.086424 -0.240716
0.045372 0.008721 0.000648 1.516812 -0.798129 0.046146 0.00225 0.015869 0.047611 0.002129 -0.011402 0.002636 -0.000383 0.045664 0.641595
0.065278 0.028994 -0.000429 1.536354 -0.809262 0.045951 0.002233 0.016334 0.04742 0.002094 0.019906 0.020273 -0.001077 0.019542 -0.011134
0.071646 0.03354 -0.000598 1.62952 -0.622089 0.045739 0.002216 0.016803 0.04721 0.002058 0.006369 0.004547 -0.000169 0.093167 0.187173
0.065531 0.046657 -0.000873 1.518008 -0.650588 0.045508 0.002196 0.017276 0.046983 0.002019 -0.006115 0.013116 -0.000276 -0.111512 -0.028499
0.062688 0.054336 -0.001089 1.481148 -0.556719 0.04526 0.002175 0.017753 0.046737 0.001979 -0.002843 0.00768 -0.000216 -0.03686 0.09387
0.061786 0.061917 -0.001817 1.049908 -2.196388 -3.044389 0.409682 -0.224338 -3.198055 0.436475 -0.000902 0.007581 -0.000728 -0.43124 -1.639669
0.056922 0.064703 -0.002206 1.039783 -0.116917 3.134091 -0.405402 0.261291 3.290719 -0.432646 -0.004864 0.002786 -0.000388 -0.010126 2.07947
0.054059 0.071359 -0.002256 1.057418 0.189213 0.044407 0.002102 0.019209 0.045891 0.001846 -0.002863 0.006656 -5e-05 0.017636 0.306131
0.052235 0.064861 -0.002616 1.298479 -0.269626 0.044087 0.002075 0.019702 0.045572 0.001798 -0.001824 -0.006498 -0.000361 0.241061 -0.45884
0.061229 0.098502 -0.003424 0.643747 -0.133641 0.881958 -0.430506 -1.339424 0.957976 -0.483003 0.008994 0.033641 -0.000807 -0.654732 0.135985
0.06444 0.070308 -0.003769 0.958418 -0.159097 -0.794816 0.434566 1.380326 -0.867861 0.486446 0.00321 -0.028194 -0.000346 0.314671 -0.025456
0.069341 -0.065642 -0.003884 1.366021 -0.534191 0.043019 0.001983 0.021208 0.044507 0.001641 0.004901 -0.13595 -0.000114 0.407603 -0.375094
0.06629 -0.078066 -0.003905 1.280892 -0.681066 0.042627 0.001949 0.021718 0.044115 0.001584 -0.003051 -0.012424 -2.1e-05 -0.085129 -0.146875
0.056388 -0.045453 -0.004082 1.101801 -0.759318 0.042218 0.001913 0.022233 0.043706 0.001526 -0.009902 0.032613 -0.000178 -0.179091 -0.078252
0.062474 0.002354 -0.004215 1.191559 -1.241341 0.04179 0.001876 0.022751 0.043278 0.001466 0.006086 0.047808 -0.000133 0.089758 -0.482023
0.091814 -0.011467 -0.00442 1.011246 -0.437294 0.041345 0.001837 0.023274 0.042832 0.001404 0.02934 -0.013821 -0.000205 -0.180313 0.804047
0.102087 -0.012955 -0.004498 0.416246 -0.306385 0.590163 -0.382414 -1.006701 0.710089 -0.386083 0.010273 -0.001488 -7.8e-05 -0.594999 0.130908
0.110614 -0.016326 -0.004536 0.668297 -0.278294 0.00273 0.032532 0.00896 -0.028338 0.015121 0.008526 -0.003371 -3.8e-05 0.252051 0.028091
0.110078 -0.022788 -0.004563 0.516878 -0.047048 -0.075935 -0.15204 -0.485945 -0.110087 -0.203611 -0.000536 -0.006463 -2.7e-05 -0.151419 0.231246
0.122644 -0.011477 -0.004648 0.428061 -0.077056 0.021812 0.033293 0.008012 0.019471 0.050844 0.012566 0.011311 -8.5e-05 -0.088817 -0.030008
0.124628 -0.013724 -0.004676 0.561217 -0.157172 0.018957 0.079867 0.001445 0.026944 0.09688 0.001985 -0.002246 -2.8e-05 0.133156 -0.080116
0.120554 -0.012038 -0.004632 0.353161 -0.140499 -0.0121 -0.045817 0.004864 -0.010557 -0.056747 -0.004075 0.001686 4.3e-05 -0.208055 0.016673
0.123269 -0.00228 -0.004638 0.406268 -0.133152 -0.001866 0.002529 -0.025077 -0.002928 -0.001935 0.002715 0.009758 -6e-06 0.053107 0.007347
0.129286 0.003665 -0.004654 0.465162 0.020218 0.003621 -0.033563 0.014009 0.001241 -0.039114 0.006017 0.005944 -1.6e-05 0.058893 0.15337
0.137257 0.019647 -0.004656 0.434756 -0.045046 -0.013579 0.067266 -0.019158 -0.010692 0.072152 0.007971 0.015982 -2e-06 -0.030405 -0.065264
0.119219 0.003586 -0.004674 1.085365 -0.528345 -0.148789 0.41424 1.761981 -0.195373 0.462673 -0.018038 -0.01606 -1.8e-05 0.650608 -0.483299
0.113849 -0.007142 -0.004947 1.409774 -0.902452 0.035264 0.001306 0.029296 0.036722 0.000589 -0.005369 -0.010729 -0.000273 0.32441 -0.374107
0.109601 -0.014688 -0.005699 1.190523 -1.684977 0.034604 0.001248 0.029868 0.036057 0.000503 -0.004248 -0.007546 -0.000752 -0.219252 -0.782525
0.08048 -0.012267 -0.005932 1.381665 -1.359364 -2.216992 -0.08884 -0.676829 -2.36335 -0.078163 -0.029122 0.00242 -0.000233 0.191142 0.325612
0.043766 -0.016982 -0.006471 1.203241 -1.805625 -1.008758 0.219118 -0.428435 -1.065192 0.247097 -0.036714 -0.004714 -0.000539 -0.178424 -0.446261
0.013115 -0.015055 -0.007036 1.099471 -1.931572 3.32542 -0.126896 1.198343 3.532542 -0.167961 -0.03065 0.001927 -0.000565 -0.10377 -0.125947
0.008357 -0.046607 -0.007224 1.230562 -1.554021 -2.76604 0.438894 -0.567257 -2.769117 0.457182 -0.004758 -0.031552 -0.000188 0.131091 0.377551
-0.00076 -0.042108 -0.007242 1.400324 -1.211648 0.888574 0.021584 -0.070584 0.830747 -0.003774 -0.009117 0.004499 -1.8e-05 0.169763 0.342373
-0.003625 -0.027891 -0.007203 1.683768 -0.72475 1.97055 -0.457676 0.736218 2.035731 -0.45328 -0.002865 0.014217 3.9e-05 0.283443 0.486898
-0.019333 -0.025454 -0.006984 1.835568 -0.454714 0.029481 0.000798 0.03399 0.030893 -0.000154 -0.015708 0.002437 0.000219 0.1518 0.270036
-0.03538 -0.051449 -0.004449 2.240925 0.422103 0.028677 0.000727 0.034595 0.030083 -0.000256 -0.016047 -0.025995 0.002535 0.405357 0.876817
-0.03013 -0.076642 -0.001668 2.248627 0.407637 0.285172 -0.192902 0.84815 0.264377 -0.233202 0.00525 -0.025193 0.002781 0.007703 -0.014465
-0.026985 -0.067382 0.000153 2.263557 0.552368 0.172645 0.331605 0.141386 0.218742 0.365549 0.003145 0.00926 0.001821 0.01493 0.144731
-0.021096 -0.058595 0.001099 2.279808 0.678172 0.021067 -0.172283 0.073896 0.030532 -0.190828 0.005889 0.008787 0.000947 0.016251 0.125803
-0.017025 -0.047184 0.002224 2.249945 0.774766 -0.372569 0.035751 -0.918915 -0.401791 0.056398 0.004071 0.011412 0.001125 -0.029863 0.096595
0.001624 -0.074195 0.002524 2.248366 0.718623 0.701351 0.188782 0.971396 0.74006 0.192117 0.018649 -0.027012 0.0003 -0.00158 -0.056143
-0.000411 -0.08454 0.002785 2.320558 0.896834 -0.043657 0.021503 0.034063 -0.054279 0.041157 -0.002035 -0.010345 0.00026 0.072192 0.178211
0.009425 -0.080295 0.003134 2.36081 1.057766 0.03206 -0.094919 -0.021738 0.042131 -0.109434 0.009837 0.004246 0.000349 0.040252 0.160932
0.027605 -0.099887 0.003136 2.352287 1.019964 -0.597724 -0.114454 -0.829187 -0.630478 -0.127711 0.01818 -0.019593 3e-06 -0.008523 -0.037802
0.045107 -0.081135 0.003246 2.277582 1.012325 0.020641 1.9e-05 0.04023 0.021968 -0.001262 0.017502 0.018753 0.00011 -0.074706 -0.007639
0.053571 -0.072534 0.003302 2.292164 0.938845 0.019658 -6.8e-05 0.040876 0.020975 -0.001383 0.008464 0.008601 5.6e-05 0.014582 -0.07348
0.057824 -0.075051 0.003324 2.28404 0.893773 0.018658 -0.000156 0.041527 0.019964 -0.001507 0.004253 -0.002516 2.2e-05 -0.008124 -0.045072
0.059876 -0.069258 0.003412 2.208927 0.864335 0.832014 -0.128209 0.683669 0.844333 -0.130656 0.002052 0.005793 8.9e-05 -0.075113 -0.029438
0.057696 -0.072539 0.003583 2.281844 0.963751 -0.186831 0.150256 0.030069 -0.190449 0.146518 -0.00218 -0.003281 0.000171 0.072917 0.099416
0.054525 -0.068735 0.003608 2.266316 0.925221 -0.080513 0.016879 -0.006457 -0.07812 0.033478 -0.003171 0.003804 2.5e-05 -0.015528 -0.03853
0.060304 -0.069199 0.003662 2.289912 1.045398 0.004237 -0.001935 0.003359 0.004946 -0.004532 0.005779 -0.000464 5.4e-05 0.023596 0.120177
0.056266 -0.066123 0.003679 2.312635 1.06747 -0.017995 -0.000515 -0.007391 -0.02466 0.001286 -0.004038 0.003076 1.8e-05 0.022723 0.022072
0.056288 -0.066199 0.003696 2.319498 1.093236 -0.002528 0.061888 -0.022207 -0.018921 0.069472 2.2e-05 -7.6e-05 1.7e-05 0.006863 0.025766
0.048727 -0.05725 0.003722 2.315055 1.090209 -0.028002 -0.024761 0.014518 -0.041804 -0.031893 -0.007561 0.008949 2.6e-05 -0.004443 -0.003027
]