08-14-20_Thad_4K.snake_below_black_chair.0000000001 [ 2.477595 8.627443 1.021463 6.198977 7.487307 2.518289 2.735762 9.134541 8.451557 8.75044 2.157439 2.39988 2.27394 8.72772 8.932939 2.317741 8.690587 8.829758 6.830888 6.01858 7.862696 8.481625 6.230617 8.215753 8.460886 6.456532 7.846492 3.721382 -1.140136 0.0 0.0 0.0 0.0 0.0 0.0 0.0 0.0 0.0 0.0 0.0 0.0 0.0 0.0 0.0 0.0 0.0
2.499294 8.583441 1.163707 6.126679 7.462935 2.572874 2.735217 9.129356 8.418055 8.750625 2.186078 2.443368 2.32891 8.740303 8.853512 2.373483 8.684359 8.798729 6.779369 6.022748 7.881817 8.501916 6.238617 8.235134 8.467665 6.450333 7.830183 3.627385 -1.120507 0.021699 -0.044001 0.142244 0.030704 -0.035369 -0.006917 0.013113 0.036392 0.109939 -0.079426 -0.046584 0.036534 0.01782 -0.021317 0.024393 -0.008769 0.019629
2.515829 8.555429 1.166604 6.128966 7.445443 2.561013 2.737896 9.127787 8.436374 8.751735 2.174928 2.445234 2.321578 8.746023 8.902681 2.372703 8.681148 8.821326 6.772321 6.020016 7.879109 8.514755 6.248459 8.228182 8.471636 6.448079 7.825454 3.613137 -1.109986 0.016535 -0.028012 0.002897 -0.006671 -0.011741 -0.00284 -0.001822 0.007529 -0.039498 0.049169 0.052626 -0.003889 -0.006712 0.002441 0.003154 0.001043 0.010521
2.51656 8.551956 1.184657 6.127158 7.439754 2.541889 2.749506 9.160331 8.441886 8.770014 2.17562 2.4384 2.293956 8.717136 8.915222 2.345254 8.66427 8.831265 6.792098 6.022232 7.875091 8.513727 6.251829 8.233637 8.477468 6.450667 7.825673 3.610598 -1.112202 0.000732 -0.003473 0.018052 -0.010757 0.016065 0.018749 0.006837 -0.01595 -0.070504 0.01254 0.042731 -0.006408 0.002796 -0.003981 0.004143 0.005285 -0.002217
2.514924 8.551791 1.205189 6.125668 7.445545 2.564498 2.749735 9.146531 8.42172 8.756855 2.145643 2.42848 2.275917 8.694484 8.911717 2.327742 8.638604 8.813415 6.777468 6.026418 7.877159 8.512908 6.253182 8.231728 8.472062 6.451399 7.825713 3.610744 -1.106246 -0.001637 -0.000165 0.020533 0.012717 -0.01993 -0.007421 -0.000996 0.012182 -0.035147 -0.003505 -0.006757 -0.000936 0.002621 -0.007682 -0.001828 0.002776 0.005956
2.508254 8.526734 1.232181 6.13067 7.440038 2.544535 2.754588 9.033676 8.354355 8.671992 2.160295 2.425257 2.295808 8.656423 8.813409 2.338568 8.610555 8.749477 6.786483 6.020916 7.874464 8.520607 6.252704 8.233604 8.480383 6.448802 7.825345 3.622416 -1.086696 -0.006669 -0.025057 0.026991 -0.011229 -0.016309 -0.088959 -0.062187 -0.037125 0.069605 -0.098308 -0.107777 0.000667 -0.006382 0.005931 0.00185 -0.003858 0.01955
2.513898 8.461614 1.23226 6.126753 7.443675 2.547063 2.754672 8.912273 8.265116 8.545666 2.156044 2.443997 2.277237 8.512827 8.732394 2.330918 8.488034 8.647526 6.774502 6.017861 7.872921 8.510059 6.24639 8.232325 8.475551 6.448386 7.820439 3.612855 -1.017939 0.005644 -0.06512 7.9e-05 0.001422 0.005072 -0.135814 -0.150307 -0.161886 -0.072118 -0.081015 -0.075502 0.005369 0.002213 -0.00618 -0.005715 -0.000959 0.068757
2.512936 8.388456 1.24183 6.123068 7.438205 2.560886 2.763545 8.755612 8.165842 8.431544 2.138471 2.423067 2.253739 8.404464 8.636913 2.299553 8.399441 8.563359 6.768866 6.018941 7.880399 8.519348 6.24124 8.237627 8.47715 6.443959 7.82516 3.610132 -0.950251 -0.000962 -0.073158 0.00957 0.007776 -0.001217 -0.158643 -0.115936 -0.111172 -0.030091 -0.095481 -0.070106 0.006913 0.000193 -0.004382 0.009563 -0.00733 0.067688
2.501837 8.286049 1.232684 6.12228 7.439227 2.551968 2.780634 8.603169 7.976487 8.243474 2.128694 2.407367 2.2426 8.205677 8.446555 2.282129 8.19399 8.366103 6.77188 6.015049 7.884615 8.511671 6.249927 8.231831 8.471323 6.444651 7.821108 3.620443 -0.846822 -0.011099 -0.102407 -0.009147 -0.005017 0.016966 -0.12632 -0.169715 -0.142569 -0.011105 -0.190358 -0.174844 9.6e-05 -0.005659 0.013925 -0.002772 0.00546 0.103428
2.509048 8.137962 1.276851 6.122831 7.438805 2.547444 2.828782 8.295379 7.703331 7.989398 2.182754 2.441737 2.29339 8.009146 8.264796 2.347455 8.020503 8.195632 6.787252 6.00642 7.866476 8.510775 6.238034 8.239601 8.483559 6.437556 7.832048 3.613783 -0.699158 0.007211 -0.148087 0.044167 -0.002545 0.036819 -0.311467 -0.228289 -0.218549 0.061047 -0.18176 -0.190239 -0.006069 -0.008414 -0.007948 -0.009118 -0.012012 0.147665
2.550899 7.890532 1.260833 6.11396 7.446048 2.547804 2.861446 7.981083 7.412797 7.709571 2.335328 2.494274 2.365166 7.711962 7.949474 2.394839 7.717537 7.877614 6.767204 6.00784 7.899293 8.528297 6.23252 8.251284 8.484123 6.437424 7.831297 3.56306 -0.444484 0.041851 -0.24743 -0.016018 0.000203 0.084331 -0.371586 -0.306327 -0.380126 0.088255 -0.315321 -0.3669 0.005405 0.003005 0.005795 0.028549 0.001225 0.254673
2.611758 7.619731 1.173351 6.111509 7.447554 2.568971 2.829573 7.419026 7.491206 7.5942 2.842587 2.566189 2.631837 7.583912 7.466731 2.538049 7.587629 7.490979 6.767359 6.005593 7.885422 8.520247 6.232563 8.240357 8.479114 6.433267 7.822405 3.499751 -0.172177 0.060859 -0.270801 -0.087482 0.011906 0.430099 -0.842154 -0.52129 -0.869493 0.350234 -0.482743 -0.601442 0.000274 -0.001214 -0.00253 -0.015628 -0.001087 0.272307
2.678044 7.50133 0.741819 6.107768 7.442163 2.562963 5.800636 8.056562 7.234095 7.889784 6.017411 6.345195 6.298589 7.905973 8.24851 6.429684 7.835708 8.088826 6.76325 6.005086 7.889784 8.527217 6.226983 8.24851 8.487884 6.429684 7.835708 3.429724 -0.059167 0.066285 -0.118401 -0.431532 -0.00338 3.114949 1.007573 0.799758 1.230214 3.542947 0.781779 0.907239 -0.002527 -0.000362 0.006424 0.00833 -0.007569 0.11301
2.996297 6.06784 1.242031 6.159707 7.515907 2.52035 5.800757 8.066586 7.2641 7.888058 6.002173 6.350245 6.297036 7.9043 8.226233 6.430268 7.846348 8.09705 5.610785 2.850905 6.359455 6.365657 3.067691 6.442974 6.383244 3.194665 6.384715 3.16341 1.448067 0.318253 -1.43349 0.500212 -0.02397 -0.014428 0.021999 -0.023251 -0.029988 -0.005901 -0.022277 0.005444 -1.193858 -3.078282 -1.193911 -1.842299 -3.204002 1.507235
3.035246 6.050866 0.914205 6.099601 7.469614 2.591375 5.782313 8.089684 7.235497 7.906024 6.006458 6.348052 6.292579 7.919999 8.249332 6.425934 7.849529 8.09468 5.961939 3.115044 5.96348 5.799183 3.295521 5.968846 5.909313 3.285703 6.164262 3.064355 1.418748 0.03895 -0.016974 -0.327827 0.039951 0.00841 0.015344 0.030838 0.024388 -0.00526 0.023099 -0.015659 -0.673301 0.296395 0.075898 -0.56663 0.150782 -0.029319
3.110348 5.961901 0.895786 6.104811 7.458091 2.545971 5.79934 8.076274 7.24343 7.900024 6.017166 6.342409 6.304344 7.907423 8.239702 6.43568 7.829487 8.081766 5.631166 3.104864 5.991514 5.875537 3.078622 5.802519 5.756795 3.035691 5.723801 2.994463 1.49619 0.075102 -0.088965 -0.018419 -0.02554 0.003339 -0.019462 -0.013229 -0.015678 0.018079 -0.00963 0.005834 0.552334 -0.039478 -0.074145 0.063607 -0.233626 0.077441
3.139804 5.937044 0.756249 6.110739 7.448742 2.550866 5.796416 8.058143 7.234009 7.888892 6.020527 6.347937 6.301525 7.908622 8.255073 6.429982 7.834616 8.090696 5.715932 3.083866 5.909148 5.946553 3.065784 5.928904 5.946698 3.021322 5.881696 2.970934 1.511698 0.029456 -0.024857 -0.139537 0.002754 0.004004 -0.017484 0.004297 0.019833 -0.004877 0.015371 0.006202 -0.273954 -0.064442 -0.120355 -0.000728 -0.046161 0.015509
3.145143 5.831926 0.561906 6.109527 7.447187 2.533193 5.80137 8.066695 7.245262 7.889709 6.023549 6.34948 6.307225 7.901569 8.243349 6.434736 7.839193 8.092244 6.781833 6.015283 7.889709 8.518512 6.237353 8.243349 8.482575 6.434736 7.839193 2.964384 1.615261 0.005338 -0.105118 -0.194342 -0.009941 0.007933 0.008304 -0.001538 -0.007261 0.00833 -0.011724 0.003245 1.588491 2.895064 1.32368 2.343165 3.339889 0.103562
4.131524 3.590618 0.998149 6.199456 7.513137 2.547446 5.809523 8.090929 7.26878 7.900125 5.991574 6.356935 6.31111 7.916111 8.234016 6.452808 7.859241 8.100779 4.03271 4.22738 3.499577 3.603607 4.290936 3.741841 3.79425 4.274049 3.892895 2.067932 3.92252 0.986381 -2.241309 0.436242 0.008017 -0.01922 0.032344 -0.005693 -0.008417 -0.005785 -0.009333 0.006082 -3.898254 -1.705936 -3.612579 -4.710591 -2.111053 2.307259
4.115895 3.652825 0.789364 6.122127 7.474192 2.585005 5.800858 8.077512 7.243757 7.909064 6.023018 6.359836 6.310688 7.920399 8.257001 6.444708 7.84862 8.104647 6.779051 6.020803 7.909064 8.531315 6.230102 8.257001 8.489857 6.444708 7.84862 2.006231 3.821367 -0.015629 0.062207 -0.208784 0.021127 0.026028 -0.020148 0.018917 0.02122 -0.001466 0.022985 0.003563 3.894587 1.712744 3.611074 4.723815 2.113794 -0.101153
4.215353 3.311847 1.051489 6.218393 7.468281 2.482471 5.818695 8.07409 7.262623 7.885312 6.003002 6.360812 6.318334 7.900467 8.227609 6.45281 7.847739 8.095529 3.81213 4.363175 3.229093 3.363244 4.359384 3.59692 3.660774 4.208319 3.747687 2.003041 4.156434 0.099457 -0.340979 0.262124 -0.057676 -0.016281 -0.006233 -0.02741 -0.027923 0.009978 -0.029392 -0.003787 -3.835056 -1.506352 -3.85447 -4.985688 -2.114668 0.335068
4.199356 3.421276 0.796633 6.12471 7.470855 2.547032 5.803394 8.083714 7.23347 7.906036 6.025758 6.367002 6.320744 7.915787 8.243729 6.452323 7.838997 8.095183 3.705745 4.315156 3.438004 3.590117 4.329108 3.74729 3.765255 4.281461 3.755801 1.925354 4.049579 -0.015997 0.109429 -0.254855 0.036316 0.016676 0.005988 0.018864 0.005317 -0.000553 0.016119 -0.011552 -0.081388 -0.058627 0.019209 0.247779 0.029014 -0.106855
4.204008 3.430749 0.686935 6.132007 7.455227 2.557313 5.821304 8.066822 7.235619 7.884487 6.039038 6.369582 6.329066 7.887967 8.220947 6.453506 7.816551 8.063716 3.6858 4.283278 3.512621 3.715599 4.318988 3.752485 3.791594 4.247069 3.732256 1.927999 4.024478 0.004652 0.009474 -0.109698 0.005783 0.002053 -0.00142 -0.016557 -0.001941 0.016307 -0.022782 -0.022745 -0.021063 -0.050342 -0.006953 0.102122 -0.016191 -0.025101
4.195895 3.449552 0.602208 6.134917 7.435465 2.525294 5.82186 8.060604 7.245349 7.888775 6.044652 6.370851 6.332414 7.89961 8.245432 6.458476 7.831157 8.081479 3.664253 4.247119 3.486279 3.61919 4.305363 3.677424 3.708833 4.217754 3.687813 1.939022 3.985913 -0.008113 0.018803 -0.084727 -0.018011 0.005103 -0.015445 0.01588 0.020254 0.006167 0.024486 0.015386 0.005826 -0.050618 0.018952 -0.077527 -0.025283 -0.038565
4.165793 3.446167 0.495978 6.139294 7.449373 2.543013 5.82774 8.062555 7.238773 7.88084 6.053828 6.378804 6.339412 7.885871 8.224053 6.457717 7.815651 8.061912 6.779083 6.040233 7.88084 8.513535 6.266503 8.224053 8.465713 6.457717 7.815651 1.973501 4.003206 -0.030102 -0.003385 -0.10623 0.009967 0.004817 0.008119 -0.014395 -0.013487 0.004501 -0.02138 -0.021641 3.904027 1.678307 3.818278 4.689695 2.146496 0.017293
4.186764 3.284452 1.05207 6.244931 7.489635 2.522444 5.824703 8.023762 7.246614 7.862559 5.998362 6.373538 6.315767 7.885814 8.214291 6.456189 7.841721 8.08934 3.719591 4.274909 3.342135 3.446728 4.283942 3.615197 3.622103 4.110828 3.843983 2.058167 4.205183 0.020971 -0.161715 0.556092 -0.01157 -0.036615 -0.042078 -0.028503 -0.025875 -0.03092 -0.009761 0.037376 -4.066111 -1.606161 -3.853365 -4.853036 -2.211052 0.201977
4.161201 3.446051 0.864306 6.128954 7.457903 2.553741 5.814843 8.041062 7.23624 7.869321 6.028582 6.372842 6.327475 7.889596 8.230104 6.455897 7.826102 8.083156 3.740411 4.296635 3.297299 3.42034 4.260613 3.461306 3.528401 4.118023 3.522645 1.967752 4.011852 -0.025563 0.161599 -0.187763 0.017605 0.031762 0.012798 0.010999 0.004436 0.013787 0.015813 -0.011868 0.370778 -0.016147 0.013863 -0.051885 -0.009705 -0.193331
4.132889 3.485184 0.766968 6.135356 7.439358 2.554062 5.822361 8.046519 7.226427 7.867087 6.033213 6.371919 6.327735 7.881635 8.218402 6.45331 7.814828 8.064588 3.694989 4.153713 3.28309 3.374461 4.328145 3.40567 3.465637 4.260079 3.480132 2.002467 3.954175 -0.028312 0.039133 -0.097339 0.00018 -0.014336 0.013465 0.002555 0.007264 0.003769 -0.011702 -0.014938 0.200467 -0.152532 -0.004914 -0.039803 0.113992 -0.057678
4.126471 3.532766 0.693575 6.130685 7.43336 2.551217 5.816715 8.055152 7.229843 7.875601 6.0309 6.365975 6.324022 7.888166 8.233901 6.453407 7.820145 8.067642 3.607381 4.194204 3.396749 3.552175 4.399169 3.559916 3.658588 4.294626 3.536168 2.004214 3.900593 -0.006419 0.047583 -0.073392 -0.0016 -0.002491 0.006791 0.012255 0.010763 0.001627 0.015498 -0.003899 0.070276 0.06717 -0.000155 0.171722 0.047491 -0.053581
4.157467 3.634402 0.698405 6.129146 7.440058 2.557962 5.811857 8.060009 7.236404 7.885252 6.031377 6.36366 6.323103 7.908972 8.254992 6.450407 7.843935 8.092484 6.785142 6.018125 7.885252 8.5234 6.252497 8.254992 8.494457 6.450407 7.843935 1.971678 3.805656 0.030997 0.101636 0.004829 0.003794 -0.000436 0.002894 0.013873 0.013277 -0.002269 0.021091 0.018691 3.4609 1.685554 3.842203 4.784181 2.051698 -0.094937
4.250434 3.769802 1.015193 6.206777 7.493196 2.511517 5.817689 8.058978 7.260321 7.87519 6.001647 6.36297 6.324348 7.900569 8.22538 6.46335 7.860054 8.10489 4.073596 4.439497 3.758733 3.973406 4.364855 4.129252 4.177827 4.213167 4.23254 1.956343 3.723394 0.092966 0.1354 0.316788 -0.026125 -0.012498 0.002159 -0.026534 -0.026938 -0.006241 -0.029612 0.023834 -3.507943 -1.401968 -3.487644 -4.383906 -2.116328 -0.082262
4.252449 3.875607 0.885215 6.122192 7.46803 2.6232 5.798301 8.065954 7.250843 7.900792 6.009482 6.368224 6.302859 7.927903 8.257707 6.437548 7.872881 8.115879 4.139102 4.424117 4.001812 4.240487 4.325238 4.312415 4.356471 4.224939 4.340396 1.869743 3.592423 0.002015 0.105805 -0.129977 0.062821 0.000851 0.008376 0.027199 0.016311 -0.022197 0.032327 -0.008912 0.065503 -0.02564 0.181875 0.256333 -0.03083 -0.130971
4.261849 4.023832 0.791614 6.11618 7.472489 2.591463 5.811756 8.059972 7.24014 7.883273 6.013462 6.355993 6.31595 7.900668 8.235869 6.445222 7.834062 8.084639 6.775793 6.004845 7.883273 8.500243 6.242822 8.235869 8.474542 6.445222 7.834062 1.854331 3.448657 0.0094 0.148225 -0.093601 -0.017851 0.001422 0.003478 -0.020776 -0.012531 0.018763 -0.021838 -0.012262 3.412016 1.417382 3.309506 4.107462 2.142023 -0.143766
4.484477 4.132173 1.190582 6.187013 7.48117 2.484884 5.817316 8.056266 7.255915 7.873989 5.994458 6.356605 6.307091 7.896264 8.221771 6.441819 7.846175 8.088267 4.460655 4.64746 4.259643 4.596782 4.506498 4.571063 4.716743 4.321653 4.514506 1.702536 3.348997 0.222628 0.108341 0.398968 -0.059951 -0.016884 -0.020705 -0.008483 -0.009042 -0.014947 -0.014098 -0.002635 -3.076728 -1.277577 -3.190215 -3.780409 -2.039618 -0.09966
4.402823 4.220731 1.148952 6.110686 7.466027 2.556958 5.795922 8.041734 7.233635 7.8629 5.999172 6.361348 6.306898 7.887424 8.220769 6.441517 7.832747 8.090434 4.46448 4.552196 4.384818 4.764582 4.322179 4.785686 4.929162 4.175744 4.668231 1.707863 3.245296 -0.081654 0.088558 -0.04163 0.040542 0.018393 -0.006049 -0.010647 -0.01482 -0.001301 -0.001001 0.003186 0.276669 -0.107352 0.165661 0.144329 -0.155425 -0.103701
4.344947 4.39908 0.971342 6.108431 7.444278 2.631406 5.81591 7.972619 7.208958 7.827234 6.014062 6.36355 6.3126 7.856041 8.189013 6.442352 7.81489 8.063564 4.591873 4.460338 4.56922 4.897666 4.435205 4.841929 4.991336 4.324025 4.753921 1.763484 3.045198 -0.057876 0.178349 -0.17761 0.041877 0.019215 -0.059799 -0.034298 -0.009574 0.006031 -0.031756 -0.013252 0.288211 -0.082391 0.237162 0.130061 0.168399 -0.200098
4.286454 4.639416 0.861185 6.113354 7.414004 2.594999 5.82308 7.904506 7.168809 7.760513 6.004634 6.351869 6.292068 7.802515 8.134729 6.417276 7.77723 8.018487 4.625198 4.36621 4.63849 4.940938 4.514956 4.87886 4.999025 4.473828 4.753039 1.8269 2.774588 -0.058493 0.240336 -0.110157 -0.020479 -0.020026 -0.06927 -0.061816 -0.051285 -0.01482 -0.054284 -0.05466 0.124975 -0.053073 0.042109 0.068194 0.125625 -0.27061
4.29123 4.725809 0.877889 6.097403 7.379839 2.51939 5.822414 7.819299 7.190383 7.696803 5.989465 6.322497 6.25761 7.759857 8.039304 6.380375 7.760952 7.980363 4.718189 4.346454 4.708123 4.873132 4.352731 4.817788 4.897383 4.301927 4.698444 1.806173 2.65403 0.004776 0.086393 0.016704 -0.04253 -0.020433 -0.12225 -0.112982 -0.167592 -0.025693 -0.095425 -0.069913 0.00547 -0.036891 0.177341 -0.006469 -0.162359 -0.120558
4.258833 4.825655 0.504025 6.066462 7.334158 2.508199 5.837566 7.727023 7.257335 7.684101 5.968318 6.216485 6.166868 7.737389 7.955897 6.283154 7.690548 7.851528 6.618855 5.907841 7.684101 8.078696 6.130026 7.955897 8.084185 6.283154 7.690548 1.807629 2.508504 -0.032398 0.099846 -0.373864 -0.006295 -0.062383 -0.189238 -0.08502 -0.169234 -0.062066 -0.083407 -0.203161 2.01508 1.475165 2.585137 3.131047 1.907422 -0.145527
4.442782 4.599389 1.259379 5.95692 7.471938 2.903132 5.700996 7.466168 7.235422 7.686443 5.885946 6.171902 6.072149 7.742752 7.659203 6.191701 7.681313 7.634 4.832999 4.623709 4.721466 5.152665 4.506779 5.117477 5.25512 4.261076 5.078568 1.514138 2.87255 0.183949 -0.226266 0.755354 0.22215 -0.129133 -0.527298 -0.331962 -0.604702 -0.101194 -0.296694 -0.407706 -2.135187 -1.132647 -2.663465 -2.964354 -1.906547 0.364046
4.359707 4.78085 1.227073 5.936514 7.313678 2.378012 6.22799 7.390166 7.031329 7.417722 5.816054 5.790104 5.715083 7.372268 7.361172 5.607842 7.221455 7.257152 4.970686 4.656504 4.841615 5.30108 4.61184 5.215914 5.406791 4.312582 5.178172 1.576807 2.532828 -0.083075 0.181462 -0.032306 -0.295381 0.23239 -0.043238 -0.205782 -0.170292 -0.326709 -0.29803 -0.327721 0.058434 0.048269 0.150925 0.117757 0.078803 -0.339721
4.367499 4.920364 1.321603 5.900838 7.127086 2.31522 4.411763 5.049589 4.898701 5.029736 4.897788 4.33204 4.550865 5.188859 5.423144 4.390835 5.377588 5.54484 5.111055 4.690375 5.029736 5.527859 4.693612 5.423144 5.648245 4.390835 5.377588 1.533339 2.206722 0.007792 0.139514 0.09453 -0.03532 -1.154625 -2.06304 -2.1052 -1.775842 -1.008512 -1.938028 -1.484548 0.114353 0.03301 0.153907 0.203653 0.081317 -0.326106
4.381003 5.090466 1.423373 4.719443 5.440723 2.390223 4.402098 5.306361 5.093185 5.249572 4.918128 4.343897 4.57302 5.408278 5.648202 4.416693 5.584582 5.752983 5.215583 4.900269 5.557821 5.930607 4.733861 5.889608 6.023479 4.502544 5.692201 0.33844 0.350257 0.013504 0.170102 0.10177 0.042189 0.025828 0.270945 0.226834 0.230055 0.026734 0.225058 0.207056 0.306555 0.106251 0.325296 0.510514 0.064713 -1.856465
4.562824 4.858275 0.966177 4.616395 5.396576 2.368864 4.575145 5.75492 5.355486 5.619161 4.896998 4.421807 4.615484 5.710064 5.963462 4.433427 5.812363 5.988756 5.360321 4.819549 5.619161 6.139992 4.714487 5.963462 6.171936 4.433427 5.812363 0.053571 0.538301 0.181821 -0.232192 -0.457197 -0.012015 0.045857 0.477248 0.389491 0.382078 -0.005859 0.31526 0.223926 0.163765 -0.034565 0.131489 0.105811 -0.049405 0.188044
4.606934 4.850485 0.968473 4.679515 6.132559 2.374085 4.661441 6.285968 5.919032 6.277143 4.79185 4.598982 4.725427 6.374874 6.438223 4.575648 6.422792 6.436895 5.727829 4.907736 6.277143 6.415755 4.699389 6.438223 6.403493 4.575648 6.422792 0.072581 1.282074 0.04411 -0.00779 0.002297 0.002937 -0.01929 0.358332 0.506075 0.275762 -0.015098 0.474761 0.236534 0.471789 -0.01929 0.563545 0.506075 0.050315 0.743772
4.650577 4.844717 0.970925 4.613131 6.248855 2.535773 4.583724 6.515911 6.040618 6.409922 4.689223 4.443826 4.563773 6.480981 6.659668 4.412984 6.536317 6.618744 5.821519 4.805978 6.409922 6.727779 4.566201 6.659668 6.72353 4.412984 6.536317 -0.037446 1.404138 0.043643 -0.005768 0.002451 0.090949 -0.080577 0.283447 0.225732 0.312024 -0.133188 0.221446 0.240496 0.200641 -0.080577 0.121587 0.225732 -0.137919 0.122065
5.120205 4.727623 0.978696 4.52987 6.584997 2.506068 4.510325 6.689384 6.582499 6.843458 4.572917 4.459188 4.477889 6.835122 6.750231 4.333834 6.756911 6.680604 4.866161 4.956991 4.648189 4.619653 4.853052 4.724141 4.690641 5.079371 4.890767 -0.590335 1.857374 0.469629 -0.117094 0.007771 -0.016709 -0.126655 0.001073 0.16421 -0.027403 -0.124887 0.090563 -0.012121 -1.674225 0.018925 -1.359534 -1.996655 0.558226 0.453235
5.162602 4.705844 0.955516 4.474611 6.47617 2.221073 4.462659 6.834891 6.66271 6.895489 4.486021 4.325294 4.322768 6.873214 6.865591 4.191169 6.734051 6.687928 4.83901 5.027667 4.490163 4.532403 4.897175 4.611374 4.621933 5.083718 4.810867 -0.687991 1.770326 0.042397 -0.021779 -0.02318 -0.16031 -0.083954 0.22047 0.144693 0.238265 -0.110281 0.11536 0.024419 0.016785 0.071405 -0.109294 -0.133314 -0.01957 -0.087048
5.213389 4.624478 0.891489 4.386735 6.52616 1.818521 4.354033 6.780116 6.408976 6.67721 4.473476 4.176528 4.244565 6.685663 6.880096 4.098877 6.613319 6.751148 4.791451 5.040353 4.486915 4.508725 4.905592 4.483324 4.479124 5.090257 4.56718 -0.826654 1.901682 0.050787 -0.081366 -0.064027 -0.226436 -0.078332 0.092887 -0.055498 0.146615 -0.017915 0.014505 0.241531 0.19043 0.021268 -0.000512 -0.017857 0.012721 0.131356
5.224581 4.630661 0.850138 4.290747 6.455886 1.455139 4.319843 6.737104 6.369888 6.634868 4.464262 4.134999 4.215105 6.658544 6.867214 4.094497 6.652086 6.798087 4.804552 5.00432 4.570949 4.535821 4.930924 4.399742 4.379281 5.103846 4.387857 -0.933833 1.825224 0.011191 0.006183 -0.041351 -0.204402 -0.039321 -0.036452 -0.034407 -0.039101 -0.026188 -0.012882 0.052112 0.121491 -0.032382 0.0753 0.058277 0.037327 -0.076457
5.195872 4.648207 0.929129 4.249019 6.446043 1.393034 4.32259 6.542673 6.364499 6.562794 4.531863 4.136899 4.264227 6.687231 6.80171 4.176777 6.767801 6.839433 4.869748 4.989924 4.514431 4.548919 4.880887 4.55082 4.540868 5.06611 4.650708 -0.946853 1.797835 -0.028709 0.017546 0.078991 -0.034934 0.009292 -0.24119 -0.148956 -0.232124 0.080938 -0.065504 -0.045729 -0.103264 -0.010829 -0.048971 -0.020045 -0.055192 -0.027389
5.194327 4.674098 0.930879 4.260046 6.457573 1.400459 4.327692 6.394665 6.306622 6.464577 4.5865 4.181831 4.32505 6.604066 6.70786 4.229131 6.713623 6.765115 4.902627 5.017613 4.568137 4.566991 4.894176 4.621741 4.60362 5.019221 4.714325 -0.934281 1.783476 -0.001545 0.02589 0.00175 0.004177 0.04958 -0.18359 -0.125967 -0.149341 0.056954 -0.093849 -0.087026 0.034677 0.039388 0.033791 0.045668 -0.028038 -0.01436
5.20111 4.717939 0.904429 4.288314 6.410652 1.431436 4.209972 6.489141 6.304139 6.405836 4.555955 4.30565 4.399124 6.358186 6.402511 4.363687 6.313771 6.340564 4.925542 4.987965 4.667708 4.636164 4.947648 4.587968 4.5538 5.10795 4.569142 -0.912795 1.692713 0.006782 0.043841 -0.02645 0.017424 -0.057604 0.022451 -0.136931 -0.207456 0.04151 -0.305349 -0.453405 0.153244 -0.022683 0.094012 0.088555 0.100351 -0.090763
5.186684 4.773966 0.932011 4.277869 6.367593 1.243331 4.250974 6.390464 6.288028 6.329806 4.573386 4.298316 4.396411 6.327 6.367411 4.341578 6.324005 6.352232 5.000022 5.033777 4.645567 4.647087 4.904105 4.80305 4.800728 5.033921 4.949081 -0.908815 1.593627 -0.014426 0.056027 0.027582 -0.105809 0.026147 -0.074505 -0.063063 -0.021811 0.007688 -0.0351 0.034714 -0.231588 0.048558 -0.018822 -0.0113 -0.071135 -0.099086
5.184487 4.767647 0.822057 4.280929 6.349084 1.22794 5.256031 4.593788 4.744527 4.699097 4.871698 5.149565 5.021975 4.821823 4.830547 5.050652 4.961607 4.964166 4.938135 5.065181 4.699097 4.677472 4.945664 4.830547 4.813915 5.050652 4.961607 -0.903557 1.581437 -0.002197 -0.006319 -0.109954 -0.008657 0.479397 -1.848383 -1.684047 -1.757953 0.471644 -1.536864 -1.42768 -0.021317 0.044899 0.037938 0.046707 0.032584 -0.01219
5.189617 4.771689 0.779327 4.911986 4.807447 1.949779 5.169515 4.66451 4.774563 4.749975 4.898013 5.202754 5.084546 4.859618 4.883232 5.156124 4.970674 4.983724 4.919257 4.696353 4.684202 4.783914 4.570845 4.847408 4.873304 4.797743 5.016697 -0.277632 0.035758 0.005131 0.004042 -0.04273 0.406035 -0.016714 0.067131 0.066725 0.07907 0.073078 0.052686 0.033539 0.023169 -0.421475 -0.04741 0.04475 -0.32266 -1.545679
5.202848 4.81416 0.684255 4.928071 4.801697 1.973648 5.226119 4.674979 4.795936 4.774642 5.002134 5.219154 5.125529 4.880139 4.909633 5.18194 4.972641 4.989638 4.905843 4.70092 4.668075 4.759704 4.567478 4.859613 4.881774 4.808898 5.013072 -0.274777 -0.012463 0.01323 0.042471 -0.095071 0.013426 0.064209 0.013106 0.033398 0.049076 0.078247 0.026401 0.013199 -0.039931 0.004603 -0.022727 -0.015661 0.012765 -0.048221
5.220931 4.829069 0.601354 4.940485 4.780535 2.058533 5.204972 4.795855 4.847159 4.817304 4.993597 5.235366 5.144458 4.836234 4.84206 5.199412 4.853782 4.858331 4.885285 4.691839 4.670154 4.798644 4.561366 4.850403 4.884239 4.82358 4.981166 -0.280446 -0.048535 0.018083 0.014909 -0.082901 0.047748 0.01079 0.114828 0.026952 0.015452 -0.006343 -0.067573 -0.134741 0.005729 -0.018694 -0.016836 0.015726 0.008464 -0.036072
5.231861 4.858019 0.564164 4.954884 4.764498 2.192972 4.953302 4.708317 4.678848 4.711924 4.332077 5.003064 4.742524 4.845076 4.879516 4.841594 5.006208 5.002952 4.884506 4.680898 4.711924 4.838071 4.55808 4.879516 4.90763 4.841594 5.006208 -0.276977 -0.093521 0.01093 0.02895 -0.03719 0.075622 -0.518896 0.011359 -0.044077 0.017001 -0.532566 0.037456 0.13005 0.008192 -0.025044 0.021295 0.038183 0.012488 -0.044987
5.199066 4.952768 1.018331 5.010707 4.775162 1.780803 4.999199 4.647028 4.713234 4.700497 4.524176 5.043127 4.848095 4.854614 4.876494 4.913249 5.043476 5.039781 4.916515 4.810998 4.700497 4.79011 4.692542 4.876494 4.897152 4.913249 5.043476 -0.188358 -0.177607 -0.032795 0.094749 0.454167 -0.231845 0.15883 -0.081238 -0.027552 -0.047961 0.134462 -0.003023 0.037889 0.029254 0.15883 0.034386 -0.027552 0.086331 -0.084085
5.232819 4.972299 1.022429 4.981796 4.818969 1.851323 4.984539 4.734143 4.722345 4.749469 4.489987 5.042521 4.81924 4.886349 4.923978 4.901653 5.056606 5.057706 4.910133 4.772367 4.749469 4.864262 4.654662 4.923978 4.958697 4.901653 5.056606 -0.251024 -0.15333 0.033754 0.01953 0.004098 0.039667 -0.040917 0.098559 0.065649 0.074152 -0.037879 0.047484 0.025578 -0.021382 -0.040917 0.009111 0.065649 -0.01745 0.024277
5.265722 4.993181 1.026592 4.986478 4.853175 1.793214 4.988886 4.757005 4.752155 4.771157 4.50247 5.042883 4.835058 4.914575 4.957875 4.916571 5.093983 5.094076 4.922275 4.78076 4.771157 4.907877 4.673184 4.957875 5.000748 4.916571 5.093983 -0.279244 -0.140006 0.032903 0.020882 0.004163 -0.032686 0.007687 0.030882 0.030182 0.043615 0.018522 0.033897 0.036918 0.028006 0.007687 0.029809 0.030182 0.017646 0.013324
4.484999 6.716343 1.275879 4.985167 4.848938 1.829019 4.980991 4.79229 4.768359 4.801882 4.500512 5.062153 4.848144 4.941556 4.989511 4.938682 5.107753 5.117293 6.322023 4.632927 6.873976 6.801355 4.641463 6.70131 6.677105 4.564825 6.527106 0.500169 -1.867405 -0.780723 1.723162 0.249287 0.02014 -0.00096 0.027964 0.030222 0.027265 0.01416 0.031636 0.030902 2.059727 0.012021 2.007394 1.996005 -0.20064 -1.727399
4.434025 6.677912 1.068516 5.014883 4.87767 1.905072 5.016866 4.796098 4.77965 4.807256 4.492656 5.065093 4.838155 4.958457 5.008983 4.928162 5.132486 5.146368 6.389826 4.570804 6.881788 6.784211 4.382116 6.775168 6.717377 4.309043 6.761134 0.580858 -1.800242 -0.050974 -0.038431 -0.207363 0.04278 0.00587 0.00751 0.005032 0.008195 -0.016464 0.019472 0.029753 -0.129133 -0.106666 0.015497 -0.008685 -0.294177 0.067163
4.386868 6.650056 0.873422 5.030198 4.887294 2.020152 5.00587 4.839884 4.792866 4.834612 4.460866 5.062054 4.823759 4.983651 5.042346 4.915349 5.155416 5.181725 6.343041 4.389418 6.687726 6.876444 4.188393 6.759893 6.839951 4.102076 6.619867 0.643331 -1.762762 -0.047157 -0.027856 -0.195094 0.064732 -0.019882 0.042751 0.03115 0.035611 -0.020643 0.033363 0.038475 0.157686 -0.152585 -0.236694 -0.04302 -0.202988 0.03748
4.318349 6.601581 0.838258 5.036163 4.907926 2.163274 5.006967 4.866424 4.804903 4.849675 4.432183 5.054926 4.808035 4.990903 5.074965 4.903868 5.169559 5.202862 6.255806 4.40615 6.682537 6.898031 4.255881 6.783878 6.877347 4.092585 6.589006 0.717814 -1.693655 -0.068519 -0.048475 -0.035164 0.080506 -0.023023 0.037455 0.027563 0.042846 -0.019414 0.032619 0.030994 -0.120906 0.02846 -0.049486 0.005887 0.014907 0.069107
4.263492 6.499835 0.669276 5.034382 4.927433 2.264907 4.993972 4.887922 4.825483 4.860701 4.396135 5.035552 4.779 4.988554 5.073001 4.86937 5.168093 5.200197 6.251026 4.309806 6.635163 6.771279 4.462397 6.615415 6.678653 4.436405 6.432341 0.77089 -1.572401 -0.054857 -0.101746 -0.168982 0.057169 -0.022427 0.025024 0.013651 0.017908 -0.036622 -0.001963 -0.003916 -0.036126 -0.063013 0.047469 -0.090225 0.369998 0.121253
4.276186 6.502132 0.746396 5.028394 4.942646 2.371192 4.988003 4.891776 4.839656 4.870523 4.356743 5.00964 4.749989 5.003216 5.082641 4.842628 5.180697 5.211086 6.254641 4.447826 6.515499 6.671118 4.434784 6.62019 6.668323 4.278879 6.573833 0.752208 -1.559485 0.012694 0.002297 0.07712 0.059785 -0.026502 -0.002821 0.007229 0.009449 -0.032466 0.009639 0.013274 -0.184925 0.152767 -0.137485 -0.10361 -0.149195 0.012916
4.293339 6.425162 0.7197 5.016693 4.95604 2.486188 4.98183 4.87721 4.821253 4.864883 4.340843 4.997221 4.725939 5.002382 5.076815 4.825258 5.173969 5.207027 5.080117 4.693246 4.864883 5.029353 4.542928 5.076815 5.130821 4.825258 5.173969 0.723354 -1.469122 0.017153 -0.07697 -0.026696 0.064685 -0.020208 -0.025994 -0.010892 -0.019796 -0.018807 -0.005825 -0.007245 -1.612629 0.021884 -1.577597 -1.652398 0.356399 0.090364
5.495425 5.203881 1.061576 4.900224 4.982017 1.962977 4.910586 4.878639 4.85994 4.887396 4.3668 4.939777 4.718764 5.028234 5.075954 4.807866 5.201209 5.202034 5.041132 4.663877 4.887396 5.015039 4.555055 5.075954 5.121515 4.807866 5.201209 -0.595201 -0.221865 1.202086 -1.221281 0.341876 -0.294307 -0.010231 0.002275 0.011929 -0.014314 0.012127 -0.000861 -0.022566 0.008484 -0.010231 0.038687 0.011929 -0.005651 1.247257
5.519588 5.235047 1.066075 4.894866 4.962963 1.939581 4.914523 4.862239 4.853742 4.867705 4.389255 4.945371 4.728165 5.012981 5.054929 4.808421 5.195975 5.19545 5.045776 4.675601 4.867705 4.994002 4.56306 5.054929 5.096545 4.808421 5.195975 -0.624722 -0.272083 0.024163 0.031165 0.004499 -0.01316 0.013891 -0.01312 -0.020351 -0.021038 0.008004 -0.021026 -0.008172 -0.002135 0.013891 -0.006198 -0.020351 0.000502 -0.050219
5.54266 5.267145 1.070583 4.89107 4.945546 1.878795 4.892403 4.854528 4.832573 4.854511 4.389036 4.947912 4.740531 5.001719 5.048854 4.824631 5.182133 5.185519 5.023665 4.677688 4.854511 4.998836 4.578234 5.048854 5.094211 4.824631 5.182133 -0.65159 -0.321599 0.023072 0.032099 0.004508 -0.034192 -0.001901 0.003784 -0.006301 0.004834 0.015175 -0.006074 -0.006097 -0.013559 -0.001901 -0.021169 -0.006301 0.018343 -0.049516
4.730897 5.949822 1.117112 4.895291 4.919155 1.884149 4.879905 4.874082 4.822921 4.867197 4.387029 4.9662 4.754044 4.984278 5.035809 4.853207 5.129165 5.135632 5.71198 4.931876 5.980022 6.336915 4.932343 6.196203 6.320766 4.689873 6.123581 0.164394 -1.030667 -0.811763 0.682677 0.046528 0.003012 -0.004604 0.017077 0.012927 0.015629 0.016721 -0.013045 -0.043885 1.026707 0.497795 0.916965 1.241341 0.07575 -0.709068
4.682395 5.914583 1.147889 4.918709 4.926393 1.970234 4.890678 4.937659 4.880525 4.93406 4.372858 5.027619 4.805173 5.021077 5.066257 4.928435 5.145049 5.15639 5.569912 4.895785 5.861494 6.193012 4.913762 6.150736 6.279505 4.695828 6.12054 0.236313 -0.98819 -0.048502 -0.035239 0.030778 0.048423 -0.003725 0.051403 0.052523 0.041676 0.032049 0.030448 0.028523 -0.14521 -0.03571 -0.116303 -0.132701 -0.00088 0.042478
4.648182 5.822334 1.183175 4.951855 4.963045 2.109424 4.970779 4.962942 4.950882 5.00685 4.429585 5.004072 4.77891 5.123343 5.166222 4.870006 5.236955 5.253574 5.476643 4.894892 5.698482 6.135292 4.829988 6.028833 6.206856 4.633928 5.908339 0.303673 -0.859289 -0.034213 -0.092248 0.035286 0.078294 0.078022 0.02066 0.072567 0.075362 0.005788 0.099965 0.097952 -0.001417 -0.031039 -0.163162 -0.095145 -0.069017 0.1289
4.626251 5.665748 1.243142 5.002479 5.012859 2.129951 5.008122 5.225421 5.155101 5.149664 4.589441 4.968342 4.788255 5.056837 5.064318 4.846349 4.92756 4.941462 5.386382 4.83407 5.532846 5.749993 4.702579 5.80093 5.856536 4.610808 5.712955 0.376228 -0.652889 -0.021932 -0.156587 0.059967 0.011546 0.059643 0.197471 0.084595 0.022646 0.056899 -0.101904 -0.317194 0.004311 -0.0616 -0.115485 -0.272471 -0.118066 0.2064
4.558193 5.53422 1.243854 5.032754 5.118208 2.192548 5.054032 5.417168 5.240009 5.246674 4.796784 5.041391 4.897549 5.133113 5.186746 5.005307 5.046003 5.101913 5.304494 4.790397 5.246674 5.31145 4.874581 5.186746 5.223816 5.005307 5.046003 0.474561 -0.416012 -0.068058 -0.131527 0.000712 0.035211 0.081898 0.195122 0.123376 0.157302 0.184891 0.122428 0.187556 -0.285937 -0.158212 -0.114579 -0.395036 0.397146 0.236877
5.011198 5.819582 1.390137 4.565966 4.531765 2.475795 5.09273 5.857328 5.904879 5.894392 5.054983 5.165964 5.039194 5.901566 5.87896 5.181491 5.891273 5.874454 4.388118 4.786927 4.64478 4.751772 4.565156 4.898158 4.847424 4.533719 4.961978 -0.445231 -1.287817 0.453005 0.285361 0.146282 0.159327 0.159358 0.440138 0.585874 0.561352 0.227853 0.692214 0.733563 -1.076223 0.120234 -0.90674 -0.523492 -0.491863 -0.871804
5.157838 5.785511 1.278896 4.486318 4.53738 2.596262 5.316821 6.172825 5.952002 6.037523 5.100996 5.201778 5.091584 5.911425 5.963849 5.164618 5.768744 5.82188 4.345987 4.678382 4.353756 4.357073 4.459896 4.537707 4.462474 4.434423 4.628106 -0.671521 -1.248131 0.146641 -0.034071 -0.11124 0.067763 0.126481 0.348766 0.186367 0.20655 0.012542 0.084889 -0.027629 -0.016188 -0.092013 -0.186448 -0.35357 -0.106156 0.039686
5.272635 5.941187 1.07499 4.362838 4.333748 2.587233 5.235967 5.558465 5.350294 5.541127 5.194782 5.395076 5.327271 5.660432 5.808824 5.380856 5.714714 5.819027 3.969325 4.840884 3.815836 3.907278 4.760524 4.056697 4.071759 4.75632 4.086974 -0.909798 -1.607439 0.114797 0.155675 -0.203906 -0.005079 0.159997 -0.555754 -0.373215 -0.293981 0.16697 -0.155025 0.048275 -0.423571 0.098046 -0.414121 -0.523312 0.348405 -0.359308
5.868534 7.300768 1.835179 4.571054 3.051052 3.002613 4.295789 2.630315 2.996194 2.935129 4.826689 4.569811 4.857299 3.237981 3.202004 4.755495 3.520582 3.494783 6.255637 5.742102 7.804693 7.547196 6.07537 7.560623 7.412198 6.206552 7.436256 -1.297481 -4.249716 0.595899 1.359581 0.760189 0.233651 -0.320771 -2.985531 -2.745295 -2.826719 -0.41524 -2.60682 -2.431441 3.13854 0.88518 3.736749 3.820006 1.443515 -2.642277
5.886189 7.184416 1.829822 4.542762 3.01151 2.989452 4.428335 2.958975 2.848066 2.89246 4.781182 4.491056 4.707607 2.871131 2.950829 4.6032 2.829615 2.875966 6.184977 5.771942 7.735426 8.231404 6.093391 7.946571 8.151351 6.252656 7.522861 -1.343427 -4.172906 0.017654 -0.116352 -0.005358 -0.007403 0.002507 0.349591 0.045845 0.095591 -0.13998 -0.251175 -0.542713 -0.072373 0.009732 -0.246571 0.303838 0.083919 0.07681
5.915327 7.112809 1.831468 4.456053 2.944285 2.950205 5.72795 8.004819 7.229598 7.826076 5.961182 6.154882 6.140894 7.794505 8.125834 6.288459 7.633215 7.893475 6.273913 5.84187 7.826076 8.454329 6.130166 8.125834 8.380246 6.288459 7.633215 -1.459274 -4.168525 0.029138 -0.071607 0.001646 -0.022076 0.94895 5.24164 5.195079 5.400085 1.40344 5.175005 5.18212 0.240003 0.055344 0.006722 0.171184 0.035114 0.004382
5.93461 7.474113 1.473022 4.425615 2.14781 1.952473 5.72632 8.098053 7.31979 7.898235 5.963874 6.196188 6.16869 7.863873 8.194558 6.305013 7.73408 7.993563 2.124466 4.572866 2.068595 2.158927 4.47136 2.283511 2.217146 4.463395 2.45873 -1.508995 -5.326303 0.019283 0.361304 -0.358446 -0.561224 0.009319 0.089371 0.082844 0.088841 0.028048 0.068724 0.107077 -5.229548 -1.148086 -5.239413 -6.052351 -1.860575 -1.157778
5.98344 7.427822 1.388535 4.382575 2.116802 1.988091 5.734122 8.04407 7.195119 7.818372 5.960999 6.232213 6.194019 7.801034 8.157474 6.334763 7.68418 7.95522 1.973977 4.577154 2.009862 2.165355 4.440617 2.247505 2.229779 4.434402 2.294858 -1.600865 -5.31102 0.04883 -0.046291 -0.084487 0.020035 0.011357 -0.035478 -0.050889 -0.043791 0.004463 -0.037084 -0.040505 -0.190052 0.033635 -0.193731 -0.007298 -0.04734 0.015282
6.010302 7.370677 1.389457 4.342454 1.970938 2.014688 5.736788 7.987974 7.168273 7.778856 5.955591 6.237317 6.190178 7.775462 8.127494 6.329263 7.684529 7.951238 1.909158 4.593061 1.984704 2.048971 4.462498 2.163753 2.133892 4.487798 2.216779 -1.667849 -5.399739 0.026862 -0.057145 0.000922 0.014961 0.007091 -0.059035 -0.056598 -0.073256 -0.006478 -0.029981 0.001549 -0.072355 0.014237 -0.124131 -0.056133 0.036465 -0.088718
6.014148 7.346141 1.375707 4.338801 1.87591 2.15674 5.730433 8.031458 7.179634 7.788309 5.955178 6.233586 6.177315 7.775992 8.143169 6.329368 7.686939 7.958417 1.859093 4.612832 1.964191 1.990399 4.450276 2.129867 2.071705 4.502237 2.209316 -1.675347 -5.47023 0.003846 -0.024536 -0.01375 0.079905 -0.01017 0.054793 0.027251 0.049092 -0.017118 0.015675 0.013036 0.064643 0.014977 -0.050262 -0.02919 -0.012088 -0.070492
6.015061 7.350813 1.391043 4.332857 1.859615 2.360433 5.727616 8.064574 7.193918 7.815568 5.957059 6.234319 6.177648 7.795275 8.158203 6.327788 7.690255 7.964928 1.827645 4.625272 1.965552 2.008034 4.470671 2.121166 2.055947 4.513965 2.199662 -1.682204 -5.491199 0.000913 0.004672 0.015336 0.114577 -0.002514 0.025815 0.018409 0.004098 0.000717 0.015034 0.007026 0.095445 0.004596 0.005051 0.010735 0.015026 -0.020968
6.012827 7.371048 1.405515 4.321192 1.86856 2.532266 5.729716 8.020537 7.167269 7.801322 5.947798 6.233274 6.173379 7.794002 8.153697 6.319435 7.704606 7.972422 1.831398 4.621423 1.96943 1.949832 4.450049 2.112925 2.031949 4.50232 2.18086 -1.691634 -5.502487 -0.002235 0.020235 0.014472 0.096656 0.004058 -0.0377 -0.014219 -0.015655 -0.004638 -0.004506 -0.002137 -0.159993 -0.010838 -0.014731 -0.022413 -0.013714 -0.011289
6.012303 7.362652 1.380297 4.303459 1.846273 2.637593 5.734906 8.026213 7.184711 7.799827 5.946326 6.237372 6.181641 7.796983 8.160688 6.324992 7.705397 7.97583 1.828301 4.605977 1.936593 1.966918 4.433104 2.082199 1.996932 4.464616 2.139881 -1.708844 -5.516379 -0.000523 -0.008396 -0.025218 0.059247 -0.001318 -0.002542 0.000225 0.004735 0.006683 0.00699 0.006532 0.036702 -0.032668 0.011233 -0.01413 -0.032269 -0.013892
6.017747 7.364372 1.386938 4.276409 1.836523 2.701308 5.737695 8.007436 7.167998 7.789648 5.945293 6.245629 6.181633 7.787564 8.144661 6.324013 7.704621 7.973093 1.830964 4.558904 1.806118 1.908182 4.392571 2.015986 1.968146 4.404611 2.083004 -1.741338 -5.527849 0.005444 0.00172 0.006641 0.035839 0.004563 -0.013495 -0.016741 -0.02006 -0.001352 -0.016027 -0.003397 -0.006454 -0.048549 0.001357 -0.117973 -0.043968 -0.01147
6.022698 7.362697 1.401203 4.228678 1.802772 2.781345 5.743994 7.998171 7.163433 7.785185 5.942305 6.246685 6.18234 7.784165 8.137619 6.323355 7.699364 7.967704 1.830547 4.504023 1.897768 2.072626 4.340753 2.088316 2.087415 4.309893 2.097934 -1.79402 -5.559924 0.004951 -0.001675 0.014264 0.045021 0.001433 -0.012415 -0.004358 -0.009944 -0.003217 -0.007041 -0.009419 -0.070502 -0.058531 -0.004028 0.143729 -0.037781 -0.032075
6.022406 7.348495 1.386885 4.149166 1.809548 2.877864 5.744914 7.994565 7.160039 7.787675 5.936861 6.252006 6.184859 7.779049 8.129686 6.330763 7.69576 7.961652 1.895912 4.379607 1.806181 1.979044 4.221244 2.044452 2.047019 4.23263 2.080483 -1.87324 -5.538947 -0.000291 -0.014202 -0.014318 0.054292 0.000833 -0.01438 -0.002382 -0.011925 0.00125 -0.007934 -0.009208 0.1306 -0.11408 -0.024701 -0.114049 -0.131742 0.020978
6.02363 7.358793 1.400758 4.041118 1.793314 2.929451 5.746164 7.980199 7.147983 7.784616 5.935724 6.249518 6.181498 7.778336 8.118312 6.328678 7.693083 7.955554 1.953265 4.24457 1.762371 1.9259 4.09734 2.033852 2.036882 4.132903 2.007964 -1.982513 -5.565479 0.001224 0.010298 0.013874 0.029018 -0.005065 -0.013756 -0.013216 -0.029358 -0.003446 -0.011373 -0.011518 0.136525 -0.130796 -0.031763 -0.031618 -0.097428 -0.026532
6.021795 7.353277 1.391714 3.913063 1.758054 2.871254 5.746355 7.955664 7.138588 7.7556 5.931895 6.251134 6.183714 7.755291 8.102772 6.330719 7.679185 7.942256 1.984181 4.126882 1.751104 1.897683 3.95757 1.99359 1.981811 3.972825 1.985932 -2.108733 -5.595223 -0.001835 -0.005516 -0.009045 -0.032736 -0.001208 -0.015681 -0.018129 -8.3e-05 0.002016 -0.015541 -0.010499 -0.054467 -0.114329 -0.014352 -0.011692 -0.162043 -0.029744
6.022284 7.333221 1.391302 3.784675 1.737033 2.751406 5.74284 7.926335 7.140154 7.729607 5.927439 6.254142 6.17926 7.742304 8.092117 6.323869 7.678351 7.939969 2.049747 4.001528 1.733366 1.880129 3.845462 1.972732 1.942308 3.83469 1.969781 -2.237609 -5.596188 0.000489 -0.020056 -0.000412 -0.067414 -0.011235 -0.022573 -0.028203 -0.017366 -0.003431 -0.010655 0.003911 0.041296 -0.110441 -0.006297 -0.005697 -0.120571 -0.000965
6.01932 7.332674 1.423409 3.684069 1.750015 2.563911 5.742868 7.921595 7.13201 7.725597 5.91971 6.238673 6.17157 7.732482 8.069892 6.325777 7.665106 7.918149 2.060956 3.918684 1.805345 1.907603 3.737256 2.002207 1.954092 3.734719 2.002059 -2.335251 -5.582659 -0.002964 -0.000547 0.032107 -0.105466 -0.010513 -0.004391 -0.01195 -0.021579 -0.002528 -0.022225 -0.026644 0.007522 -0.071792 0.017832 0.063341 -0.105313 0.013529
6.006531 7.321727 1.399508 3.61991 1.757486 2.419893 5.727773 7.884268 7.141125 7.688015 5.898223 6.214561 6.150411 7.707244 8.034033 6.317693 7.656042 7.906933 2.118742 3.869317 1.840108 1.95094 3.708927 2.083005 2.027408 3.711439 2.072792 -2.38662 -5.564241 -0.012789 -0.010948 -0.023901 -0.08101 -0.019088 -0.046032 -0.050455 -0.059789 -0.023966 -0.035859 -0.011501 0.090551 -0.043731 -0.008502 0.052731 -0.02974 0.018418
5.980663 7.316438 1.393045 3.583138 1.781213 2.330213 5.723314 7.784319 7.097744 7.611011 5.866833 6.19229 6.130108 7.638786 7.951391 6.311849 7.599708 7.845138 2.228756 3.833139 1.875261 2.108039 3.709266 2.186594 2.181587 3.687855 2.126508 -2.397525 -5.535225 -0.025868 -0.005289 -0.006462 -0.050445 -0.027084 -0.115869 -0.094633 -0.10236 -0.024577 -0.082641 -0.065517 0.101958 -0.040652 0.07662 0.083636 -0.000892 0.029016
5.966043 7.267751 1.391008 3.570538 1.903487 2.153023 5.692389 7.690358 7.075691 7.519177 5.870875 6.155104 6.108283 7.55637 7.851747 6.289186 7.523469 7.751179 2.410014 3.81568 1.916271 2.164454 3.726644 2.286437 2.307817 3.67218 2.235559 -2.395505 -5.364265 -0.01462 -0.048687 -0.002038 -0.099669 -0.025613 -0.11623 -0.106357 -0.115731 -0.008809 -0.099644 -0.114621 0.088493 -0.018054 0.132794 0.032813 0.014894 0.17096
5.945697 7.199217 1.377994 3.588759 2.034653 1.854282 6.241592 7.655231 6.832079 7.323852 5.826248 5.799375 5.70437 7.249172 7.577292 5.630196 7.15202 7.399902 2.517023 3.804696 2.025801 2.212278 3.744742 2.40198 2.509807 3.650222 2.393218 -2.356939 -5.164564 -0.020345 -0.068534 -0.013014 -0.168042 0.226238 -0.067906 -0.163454 -0.205392 -0.366668 -0.274456 -0.387754 -0.083815 -0.021933 0.205955 0.01585 0.025234 0.199701
5.906584 7.127896 1.291688 3.615526 2.160806 1.550144 5.607538 7.252004 6.636172 7.060655 5.802493 6.062224 5.998821 7.244197 7.50143 6.135829 7.290131 7.46931 2.511205 3.775867 2.199633 2.448543 3.711974 2.487397 2.601135 3.588635 2.43285 -2.291058 -4.96709 -0.039114 -0.071321 -0.086306 -0.171078 -0.308362 -0.41474 -0.316136 -0.354919 0.233724 -0.075862 0.008535 0.119717 -0.069286 0.153758 0.220236 -0.043714 0.197474
5.866135 7.025927 1.217501 3.631398 2.255069 1.180027 5.566801 6.69655 6.489375 6.805422 5.84214 6.036574 5.986596 7.077528 7.211273 6.078468 7.168162 7.284093 6.683297 5.709885 6.805422 7.075013 5.910451 7.211273 7.193691 6.078468 7.168162 -2.234736 -4.770858 -0.040449 -0.101969 -0.074187 -0.208191 0.008154 -0.668998 -0.342854 -0.444875 -0.030388 -0.290157 -0.285044 4.943826 1.817197 4.367088 4.67763 2.354037 0.196232
5.833552 6.723317 1.229385 3.986109 2.734687 2.098801 3.97587 2.694758 2.647684 2.600822 4.317413 3.821231 3.989225 3.031913 3.161784 3.915154 3.149168 3.242694 3.210192 4.147738 2.600822 2.812425 4.004921 3.161784 3.218765 3.915154 3.149168 -1.847444 -3.98863 -0.032582 -0.30261 0.011884 0.516811 -1.422125 -3.983192 -4.325775 -4.262587 -1.90553 -4.049489 -3.976825 -4.010349 -1.422125 -3.841692 -4.325775 -2.040769 0.782228
5.535061 6.576127 1.188145 4.047541 2.982413 2.221069 4.040934 2.921585 2.937841 2.867198 4.48316 3.925177 4.091849 3.289828 3.460191 3.987853 3.376585 3.492215 3.537407 4.268274 2.867198 2.955204 4.082632 3.460191 3.530001 3.987853 3.376585 -1.48752 -3.593713 -0.298492 -0.14719 -0.04124 0.068776 0.121154 0.158918 0.20815 0.142779 0.077712 0.298408 0.265511 0.290059 0.121154 0.290158 0.20815 0.06043 0.394917
5.351375 6.210576 1.110046 4.182873 3.137481 2.326297 4.145367 3.011166 3.136484 3.015719 4.559924 4.034911 4.20379 3.513489 3.7132 4.105561 3.627063 3.763523 3.683469 4.373569 3.015719 3.033504 4.225931 3.7132 3.805393 4.105561 3.627063 -1.168502 -3.073095 -0.183686 -0.36555 -0.078098 0.059191 0.107535 0.06396 0.11682 0.078299 0.143299 0.253009 0.286656 0.223565 0.107535 0.198642 0.11682 0.134073 0.520618
5.278395 5.505834 0.956779 4.279645 3.276027 2.142951 4.290666 3.230133 3.243665 3.244901 4.579806 4.135152 4.282632 3.648743 3.863066 4.177315 3.690627 3.825079 5.696365 5.16861 5.731217 6.086488 5.434023 6.079408 6.18138 5.524933 5.823369 -0.998749 -2.229807 -0.07298 -0.704742 -0.153267 -0.103132 0.089123 0.235338 0.296991 0.338968 0.082512 0.149866 0.078657 2.127282 0.709316 2.306582 2.953447 1.374026 0.843288
5.334585 5.61732 0.836136 4.238705 3.420976 1.935637 4.244574 3.290566 3.438379 3.49692 4.55592 4.180151 4.305706 3.747641 3.889938 4.227054 3.86331 3.974928 5.719252 5.183308 5.5394 5.674999 5.342807 6.013095 6.10572 5.469673 5.910785 -1.09588 -2.196344 0.05619 0.111486 -0.120643 -0.116614 0.022901 0.037065 0.281474 0.289085 0.001815 0.026872 0.107714 0.112908 -0.09656 0.024111 -0.345467 -0.085721 0.033464
5.369791 5.683836 0.880399 4.258355 3.551424 1.772831 4.259201 3.450341 3.633168 3.645973 4.419201 4.246804 4.269449 3.780417 3.902012 4.209139 3.877522 3.985316 5.704147 5.219603 5.400992 5.457136 5.316969 5.807571 5.818532 5.39023 5.831028 -1.111436 -2.132411 0.035207 0.066516 0.044263 -0.091579 0.01709 0.135444 0.190713 0.202461 -0.065323 0.012074 0.007932 -0.121617 0.014138 -0.065283 -0.185206 -0.05302 0.063932
5.41212 5.57869 0.898059 4.307697 3.676777 1.612175 5.33049 5.331069 5.293273 5.495875 5.360201 5.470457 5.313448 5.619295 5.699462 5.370721 5.711842 5.787515 5.655884 5.240955 5.495875 5.602024 5.340857 5.699462 5.699944 5.370721 5.711842 -1.104423 -1.901913 0.042328 -0.105146 0.01766 -0.090369 0.522457 1.948154 1.807876 1.738007 1.095921 1.797449 1.769811 -0.26599 0.024677 -0.108621 0.154281 -0.020842 0.230498
5.428474 5.453547 0.870641 4.505056 4.124564 1.793867 5.322774 5.269721 5.198191 5.34956 5.219885 5.455917 5.296733 5.471458 5.596387 5.357445 5.556809 5.670822 5.238062 5.049235 5.130739 5.225866 5.243156 5.562995 5.630186 5.318198 5.627463 -0.923418 -1.328983 0.016354 -0.125143 -0.027418 0.102202 0.03099 -0.063214 -0.125948 -0.059111 -0.087661 -0.103074 -0.046478 -0.189167 -0.194009 -0.14964 -0.418648 -0.082327 0.57293
5.207038 5.305979 0.824696 4.489161 4.243413 1.666256 4.512367 4.328291 4.262802 4.366801 4.790123 4.403863 4.471428 4.555399 4.726906 4.374736 4.639204 4.771084 5.279275 5.086745 5.060531 5.061318 5.204686 5.502866 5.48097 5.258328 5.569344 -0.717877 -1.062566 -0.221436 -0.147569 -0.045945 -0.071781 -0.383559 -0.917752 -0.974627 -0.958902 -0.757289 -0.869482 -0.900673 0.093434 0.030605 -0.089262 -0.103179 -0.036001 0.266417
5.250543 5.249056 0.798698 4.507789 4.409931 1.519488 5.212508 4.980397 4.960582 5.208087 5.188091 5.384564 5.217354 5.364856 5.486599 5.268546 5.412686 5.51258 5.414705 5.154934 5.208087 5.437183 5.20712 5.486599 5.530007 5.268546 5.412686 -0.742754 -0.839126 0.043505 -0.056922 -0.025998 -0.082557 0.274781 0.607606 0.873234 0.853172 0.711213 0.759693 0.705524 -0.148981 0.085615 -0.093789 0.294486 -0.024256 0.223441
5.158401 4.984158 0.856741 4.66575 4.908777 1.581146 5.116569 4.925695 4.93536 4.936977 4.903487 5.303308 5.176709 5.206839 5.34166 5.262443 5.363163 5.517019 4.974624 4.843178 4.829261 4.94303 4.576094 5.236861 5.219007 4.515009 5.27431 -0.49265 -0.075381 -0.092143 -0.264898 0.058042 0.034683 -0.176428 -0.028025 -0.430211 -0.478037 -0.044076 -0.144938 0.071934 -0.140159 -0.104955 -0.134818 -0.477847 -0.713501 0.763745
5.180173 5.115682 0.851368 4.644625 5.006865 1.680225 5.193161 4.998578 5.015925 5.007889 4.876754 5.324729 5.19746 5.309753 5.464162 5.29563 5.427879 5.553785 5.083985 4.83172 4.752659 4.756584 4.573046 5.259885 5.25444 4.497634 5.224746 -0.535548 -0.108818 0.021772 0.131525 -0.005372 0.055732 0.010446 0.053297 0.076947 0.063788 0.014986 0.122501 0.00468 0.174388 -0.009679 -0.036806 -0.131308 -0.021153 -0.033437
5.208395 5.189393 0.896444 4.61565 5.022394 1.829211 5.221452 5.084652 5.082855 5.146284 4.890982 5.356523 5.207717 5.441236 5.578896 5.301577 5.532117 5.637324 5.120526 4.764491 4.610655 4.572161 4.573972 5.189009 5.298722 4.462961 5.071416 -0.592745 -0.166999 0.028222 0.073711 0.045076 0.083804 0.002489 0.077997 0.165073 0.17271 0.026138 0.114734 0.042138 -0.124527 -0.066397 -0.077093 -0.175154 -0.013725 -0.058181
5.238392 5.275696 0.948982 4.542659 4.886212 1.867044 5.23929 5.138319 5.151627 5.185476 4.857421 5.375935 5.220631 5.500835 5.637884 5.312228 5.641301 5.781993 5.057045 4.708366 4.476428 4.408177 4.579543 4.995395 5.137346 4.434748 4.940107 -0.695733 -0.389484 0.029997 0.086303 0.052537 0.021281 0.015959 0.045795 0.022017 0.016925 0.022227 0.058988 0.190405 -0.149614 -0.054034 -0.097017 -0.158809 -0.001727 -0.222485
5.257928 5.359136 0.99273 4.496435 4.771151 1.798575 5.224485 5.160447 5.169392 5.151822 4.866723 5.363817 5.229942 5.481831 5.684534 5.336998 5.577351 5.698341 5.046189 4.664287 4.394969 4.251847 4.549283 4.925409 5.069429 4.401365 4.846523 -0.761493 -0.587985 0.019537 0.083441 0.043748 -0.038514 0.013324 0.014064 -0.067424 -0.077491 -0.024177 0.04665 -0.070325 -0.044116 -0.064233 -0.034263 -0.108985 -0.023398 -0.198501
5.257155 5.359979 0.971898 4.474324 4.710937 1.639873 5.217756 5.148464 5.176112 5.159032 4.861333 5.347287 5.224308 5.473357 5.662493 5.333557 5.573086 5.69715 5.022472 4.645065 4.389513 4.216111 4.544138 4.916219 5.05072 4.409187 4.834223 -0.782832 -0.649042 -0.000773 0.000843 -0.020832 -0.08927 -0.02067 -0.020828 0.016876 0.013015 0.009205 -0.022041 -0.012037 -0.045891 -0.029856 -0.013567 -0.014361 0.004474 -0.061057
5.238816 5.364758 0.998052 4.482212 4.679611 1.435741 5.211042 5.113166 5.122619 5.114828 4.875418 5.356152 5.195984 5.461148 5.626706 5.289693 5.599807 5.701837 4.978888 4.589425 4.651342 4.864623 4.539439 5.050908 5.175639 4.43281 4.905732 -0.756604 -0.685147 -0.018339 0.004779 0.026154 -0.114824 0.018058 -0.03201 -0.044622 -0.061681 -0.011337 -0.035786 -0.044736 -0.161704 -0.057421 -0.000307 0.473601 0.016532 -0.036105
5.257046 5.322579 0.972063 4.446739 4.702947 1.186149 5.193186 5.032548 5.080449 5.202038 5.094683 5.324808 5.196894 5.354895 5.523166 5.252607 5.44689 5.573521 4.919319 4.60782 4.863127 5.117609 4.481221 5.133126 5.256297 4.389288 4.993989 -0.810306 -0.619632 0.018229 -0.04218 -0.025989 -0.140396 0.044492 -0.077631 0.237713 0.360688 -0.028933 -0.10354 -0.077282 0.011728 7.5e-05 0.158158 0.228792 -0.069008 0.065516
5.272609 5.25809 0.907727 4.459647 4.838949 1.205972 5.169127 5.013482 5.004259 5.133854 5.102538 5.337806 5.211802 5.254519 5.407488 5.256463 5.346211 5.477179 5.548316 5.134423 5.133854 5.414183 5.15565 5.407488 5.551991 5.256463 5.346211 -0.812962 -0.41914 0.015563 -0.064489 -0.064336 0.011151 0.075785 0.037627 -0.063486 -0.032915 -0.015505 -0.115678 -0.069382 0.543931 0.369955 0.279389 0.276951 0.79158 0.200491
5.123079 5.068909 0.914387 4.693772 5.15534 1.691459 5.089574 4.986707 5.045998 5.046336 4.836778 5.276694 5.158602 5.328299 5.486507 5.233189 5.480367 5.645458 5.200129 4.791282 4.958193 5.056328 4.795373 5.139807 5.148637 4.600326 5.254645 -0.429307 0.086431 -0.14953 -0.189181 0.00666 0.273086 -0.156747 -0.047182 -0.226954 -0.32762 -0.034574 0.079019 0.179384 0.042265 -0.147016 -0.043573 -0.265542 -0.556679 0.505571
5.168667 5.205558 0.859552 4.609283 5.169784 1.53098 5.158051 5.098749 5.142603 5.267655 4.982617 5.312824 5.189694 5.466992 5.592806 5.25827 5.624018 5.774881 5.199914 4.784735 5.080487 5.087785 4.499337 5.41198 5.35161 4.443334 5.506722 -0.559385 -0.035774 0.045588 0.136649 -0.054835 -0.09027 -0.003498 0.109455 0.300676 0.331976 0.040409 0.106299 0.109493 0.015305 0.010076 0.065797 0.083827 -0.226168 -0.122204
5.197359 5.331025 0.911903 4.572886 5.250183 1.771348 5.189906 5.204539 5.233863 5.269871 4.878562 5.335312 5.179514 5.54802 5.664471 5.277658 5.683635 5.801892 5.324311 4.737425 4.991677 5.047706 4.469446 5.45054 5.42498 4.389187 5.506129 -0.624472 -0.080842 0.028691 0.125467 0.052351 0.135207 0.008766 0.099255 -0.040805 -0.067226 0.012587 0.071665 -0.014704 0.086356 -0.053123 0.016074 -0.076244 -0.034015 -0.045068
5.222265 5.416925 0.944253 4.520021 5.232989 1.817823 5.235184 5.316647 5.293995 5.384719 4.858788 5.358246 5.190123 5.707785 5.788128 5.28464 5.837672 5.897783 5.328423 4.641344 4.966418 4.991036 4.411966 5.472182 5.46693 4.319259 5.542066 -0.702243 -0.183936 0.024906 0.0859 0.03235 0.026142 0.004757 0.127757 0.134224 0.130103 0.047491 0.123656 0.016841 -0.024958 -0.101737 0.006605 -0.038739 -0.04233 -0.103094
5.246148 5.502585 0.971764 4.43584 5.212038 1.75289 5.336516 5.388274 5.440657 5.482975 4.881976 5.35381 5.228188 5.845641 5.926688 5.330966 6.005309 6.038147 5.389888 4.571886 4.963236 4.94695 4.462326 5.112839 5.131041 4.289713 5.244552 -0.810307 -0.290547 0.023883 0.08566 0.027511 -0.036525 0.069549 0.074309 0.093289 0.083778 0.053872 0.13856 0.106431 -0.005798 -0.082677 0.025386 -0.034305 -0.006175 -0.106611
5.292924 5.651212 0.959216 4.371213 5.200652 1.684515 5.309137 5.588433 5.51133 5.684761 5.130506 5.342572 5.233231 5.881074 6.034326 5.326584 5.958755 6.041495 5.733596 5.120403 5.684761 5.996076 5.257859 6.034326 6.096798 5.326584 5.958755 -0.921711 -0.45056 0.046777 0.148627 -0.012548 -0.038461 0.057041 0.249828 0.338141 0.430882 -0.017576 0.107638 0.050977 0.294346 0.354346 0.436782 0.929573 1.022304 -0.160013
5.209005 5.988513 1.100993 4.040301 5.362066 1.836575 5.308484 6.05965 5.76418 6.102725 5.240288 5.23623 5.199572 6.224097 6.334006 5.285777 6.249158 6.305403 5.746675 4.182671 5.178963 5.028529 4.142259 5.291069 5.349228 4.016469 5.275697 -1.168703 -0.626447 -0.083919 0.337301 0.141777 0.085533 0.076889 0.457345 0.391569 0.319273 0.004823 0.29968 0.221428 -0.102581 -0.759924 -0.145529 -0.778966 -1.266288 -0.175887
5.267544 5.951767 1.015262 3.990905 5.49086 1.669512 5.373171 6.091259 6.03772 6.148563 5.287498 5.336974 5.255246 6.238693 6.325789 5.335669 6.278015 6.353526 5.916032 5.173963 6.148563 6.298514 5.293512 6.325789 6.391755 5.335669 6.278015 -1.276639 -0.460907 0.058539 -0.036746 -0.085731 -0.093973 0.105671 0.025961 -0.032932 -0.016835 0.030831 -0.008217 0.125681 0.18315 0.942484 0.67192 1.137604 1.262351 0.16554
5.346399 6.059648 0.82945 4.928984 5.185919 2.198942 5.238117 6.790644 6.308172 6.683682 5.245718 5.50402 5.435648 6.793734 7.052692 5.53245 6.782497 6.983921 6.044972 3.816778 6.274941 6.545447 3.74096 6.547918 6.644556 3.782335 6.388209 -0.417415 -0.873729 0.078855 0.107881 -0.185812 0.297804 -0.007885 0.792482 0.695212 0.800751 0.113792 0.726903 0.723501 0.594464 -1.388088 0.022184 0.200676 -1.594347 -0.412822
3.00829 6.6218 1.268514 0.0 0.0 0.0 3.342128 7.001227 6.588196 6.899108 2.863194 2.93424 2.834994 6.882472 6.988614 2.809956 6.81353 6.907185 6.109824 3.01579 6.899108 7.098633 2.826329 6.988614 7.023191 2.809956 6.81353 -3.00829 -6.6218 -2.338109 0.562152 0.439064 -1.236905 -2.199065 0.146452 0.095236 -0.000632 -2.580976 -0.064079 -0.202248 0.325828 -0.818863 0.528292 0.589772 -0.957911 -5.748071
3.052785 6.56737 1.132508 5.88945 6.881132 2.62594 3.235587 7.099203 6.584215 6.818018 2.668301 2.995455 2.859928 6.793532 7.011266 2.890396 6.71555 6.880239 6.109572 5.758771 7.135162 7.626739 6.066787 7.421765 7.525651 6.240501 7.116442 2.836666 0.313762 0.044495 -0.05443 -0.136005 1.477091 -0.157191 0.190114 0.011575 0.120001 -0.046037 0.022652 0.065442 0.430112 2.777152 -0.025861 0.438365 3.400868 6.935562
3.051333 6.644754 1.117264 5.977607 6.771266 2.338578 5.781255 7.514759 6.710641 7.225459 5.995569 6.191593 6.182171 7.206469 7.576412 6.307088 7.065631 7.314924 6.147931 5.847397 7.225459 7.920802 6.15808 7.576412 7.84039 6.307088 7.065631 2.926274 0.126512 -0.001452 0.077385 -0.015244 -0.161642 2.998045 0.524858 0.589955 0.702167 3.377788 0.565146 0.517092 -0.112333 0.063701 0.148306 0.163165 0.104 -0.18725
2.520565 7.66031 1.193106 6.011539 7.032037 2.591273 5.807892 7.76861 6.91132 7.555854 6.061994 6.324664 6.318569 7.561308 7.914561 6.414359 7.45638 7.719357 7.306424 2.456393 7.671978 8.147366 2.252524 7.872106 8.047428 2.366664 7.641115 3.490974 -0.628273 -0.530768 1.015555 0.075842 0.142141 0.121737 0.235842 0.320004 0.289692 0.110518 0.338149 0.394046 0.895254 -3.460615 0.717113 0.313936 -4.003608 -0.754785
2.599885 7.673349 1.281309 6.100506 7.081706 2.516339 5.820249 7.920302 7.034072 7.655271 6.083484 6.340108 6.346455 7.664813 8.045659 6.458484 7.589758 7.88205 7.32787 2.397787 7.939505 8.454217 2.192648 8.10283 8.284036 2.307773 7.817883 3.500621 -0.591643 0.07932 0.013039 0.088203 -0.042151 0.006812 0.169268 0.139186 0.167691 0.028223 0.131098 0.196769 0.217244 -0.077198 0.201799 0.275702 -0.056673 0.03663
2.534371 7.817532 1.275114 6.126938 7.183653 2.526041 5.821088 8.026792 7.211958 7.774303 6.098805 6.351035 6.358851 7.794601 8.177624 6.462598 7.747871 8.04109 7.523686 2.333402 8.121764 8.536575 2.142861 8.265212 8.428841 2.267316 7.988904 3.592567 -0.633879 -0.065514 0.144183 -0.006195 0.005457 0.02032 0.106604 0.111979 0.122917 0.01999 0.131965 0.167352 0.089969 -0.063585 0.217518 0.1376 -0.054558 -0.042236
2.496294 7.957446 1.244047 6.127213 7.314733 2.519161 5.798098 8.183174 7.360114 7.913159 6.09642 6.331422 6.34351 7.914208 8.281707 6.452653 7.840497 8.122617 7.653244 2.311592 8.237966 8.664125 2.118446 8.351324 8.519852 2.258119 8.08206 3.630918 -0.642713 -0.038076 0.139914 -0.031066 -0.00387 -0.007912 0.143765 0.116789 0.094069 -0.015545 0.104083 0.069724 0.127952 -0.020362 0.125483 0.119388 -0.012155 -0.008835
2.470935 8.085734 1.226284 6.106747 7.442197 2.579592 5.791958 8.296726 7.474636 8.060602 6.065812 6.322538 6.316257 8.092325 8.47376 6.425971 8.02335 8.320578 7.765627 2.303364 8.35607 8.799024 2.139334 8.5211 8.68659 2.267954 8.268128 3.635813 -0.643537 -0.02536 0.128288 -0.017763 0.033992 -0.02085 0.137144 0.160508 0.18169 -0.032082 0.192054 0.215983 0.096944 -0.017428 0.088215 0.128685 0.02781 -0.000824
2.472194 8.18862 1.224923 6.090651 7.58962 2.638787 5.787119 8.436475 7.552477 8.195969 6.02023 6.324174 6.299223 8.194714 8.575453 6.430302 8.094289 8.382236 7.851276 2.324193 8.453526 8.881666 2.153343 8.613659 8.783765 2.284069 8.386089 3.618457 -0.599 0.001259 0.102886 -0.001361 0.033298 -0.024239 0.100669 0.137445 0.121361 -0.030195 0.101693 0.04728 0.083501 0.032855 0.107558 0.085708 0.021019 0.044537
2.483114 8.275941 1.216064 6.087129 7.667904 2.769913 5.769527 8.4478 7.544318 8.22408 5.998282 6.310184 6.273354 8.216261 8.597698 6.410477 8.104857 8.395971 7.904046 2.328508 8.530279 8.956453 2.179726 8.666864 8.82325 2.304481 8.443112 3.604015 -0.608037 0.01092 0.087321 -0.008859 0.073758 -0.007905 0.007981 0.019253 0.008294 -0.01824 0.022245 0.019504 0.053242 0.010571 0.054862 0.075599 0.034311 -0.009036
2.491681 8.329174 1.239178 6.070269 7.685672 2.825303 5.766315 8.41327 7.530233 8.216814 5.999378 6.30625 6.276044 8.216684 8.584048 6.410932 8.104464 8.388982 7.942423 2.359153 8.587971 8.991644 2.213074 8.710525 8.857196 2.33729 8.495803 3.578588 -0.643502 0.008567 0.053233 0.023113 0.031157 -0.013429 -0.041986 -0.021008 -0.036168 0.001166 -0.01365 -0.018995 0.038055 0.039536 0.069837 0.04684 0.028225 -0.035465
2.519175 8.369812 1.219918 6.068317 7.674618 2.845511 5.756482 8.413345 7.518026 8.213024 5.991357 6.295782 6.264579 8.213879 8.583664 6.401941 8.097138 8.386081 7.996178 2.382562 8.645412 9.050642 2.234254 8.757707 8.905278 2.351775 8.522193 3.549142 -0.695194 0.027494 0.040638 -0.01926 0.011367 -0.008477 -0.001136 -0.004404 -0.009533 -0.012329 -0.000384 -0.005205 0.022889 0.023021 0.031958 0.058198 0.016751 -0.051692
2.539078 8.418313 1.214884 6.059721 7.66932 2.85794 5.753183 8.393131 7.505621 8.206436 5.975782 6.292525 6.25503 8.20848 8.568775 6.389336 8.099391 8.383121 7.997984 2.404727 8.6935 9.110075 2.259113 8.809644 8.953258 2.373186 8.556895 3.520643 -0.748993 0.019903 0.0485 -0.005033 0.006991 -0.007706 -0.025583 -0.015672 -0.026672 -0.014945 -0.014889 -0.008926 0.032605 0.027167 0.029919 0.05907 0.025058 -0.053799
2.558498 8.447548 1.185621 6.050461 7.664922 2.853014 5.763049 8.378773 7.489262 8.193784 5.977272 6.300796 6.250434 8.196875 8.554429 6.386399 8.095115 8.375796 8.027728 2.419204 8.714434 9.122365 2.316652 8.81211 8.939732 2.400061 8.57299 3.491963 -0.782626 0.01942 0.029235 -0.029263 -0.00277 -0.00058 -0.014285 -0.013998 -0.015864 -0.006513 -0.014346 -0.009589 0.013906 0.014413 0.036132 0.016694 0.034149 -0.033633
2.574665 8.476908 1.167274 6.057684 7.660615 2.815137 5.768343 8.356613 7.461649 8.176559 5.976465 6.307835 6.25276 8.185294 8.541991 6.382506 8.090732 8.369812 8.058102 2.429974 8.768744 9.210413 2.293246 8.833348 8.962244 2.393514 8.581938 3.483019 -0.816293 0.016167 0.029359 -0.018347 -0.021306 0.003787 -0.024119 -0.018064 -0.024059 -0.001031 -0.012438 -0.011845 0.022935 0.003214 0.043645 0.070755 -0.030288 -0.033667
2.592151 8.498638 1.115538 6.060566 7.653077 2.793618 5.77483 8.32545 7.455263 8.156778 5.975099 6.314937 6.256171 8.175477 8.52684 6.390064 8.082355 8.356887 8.106396 2.449452 8.750558 9.180319 2.294885 8.898739 9.045811 2.3926 8.610401 3.468415 -0.84556 0.017487 0.02173 -0.051736 -0.012104 0.009458 -0.026766 -0.024147 -0.017967 0.001436 -0.015151 -0.014951 0.00678 0.017767 0.005616 -0.020013 0.003493 -0.029268
2.596793 8.520866 1.112249 6.068763 7.64722 2.771693 5.777001 8.334354 7.467347 8.158745 5.977942 6.316403 6.258123 8.159074 8.50117 6.396523 8.05859 8.328245 8.104161 2.445571 8.752449 9.190446 2.331389 8.903982 9.041857 2.399367 8.620125 3.47197 -0.873646 0.004641 0.022228 -0.003288 -0.012333 0.009992 0.00155 -0.008778 -0.013559 0.001655 -0.025671 -0.026411 0.005727 -0.003184 0.010369 0.006606 0.00742 -0.028085
2.597484 8.516285 1.101514 6.074539 7.631121 2.768555 5.773249 8.318825 7.454022 8.136389 5.975016 6.311521 6.253355 8.138945 8.478973 6.391903 8.038452 8.302119 8.11388 2.453762 8.758848 9.170167 2.337558 8.906663 9.044665 2.40538 8.621128 3.477055 -0.885165 0.000691 -0.004581 -0.010735 -0.001765 -0.006805 -0.009655 -0.020276 -0.009173 -0.005091 -0.022197 -0.029982 0.001478 0.009125 0.008315 -0.008753 0.009765 -0.011519
2.604938 8.52426 1.100063 6.069438 7.620174 2.720776 5.777025 8.338243 7.44349 8.14701 5.983399 6.322525 6.263895 8.13777 8.484311 6.398108 8.032779 8.300186 8.110809 2.466171 8.751915 9.192195 2.312982 8.880544 9.026906 2.405668 8.593627 3.4645 -0.904086 0.007454 0.007975 -0.001452 -0.026876 0.014971 0.012264 0.016771 0.005197 0.010169 0.005338 -0.003611 0.005843 0.013273 -0.008418 0.008188 -0.013002 -0.018921
2.614334 8.517424 1.103041 6.079205 7.624165 2.73998 5.781114 8.314384 7.450958 8.127833 5.978468 6.320851 6.257415 8.132319 8.469595 6.399752 8.035016 8.293586 8.098222 2.478139 8.757107 9.194546 2.323748 8.866285 9.004155 2.406278 8.57454 3.464871 -0.893259 0.009396 -0.006836 0.002978 0.010802 -0.003693 -0.016619 -0.026556 -0.018795 -0.008531 -0.014716 -0.013321 -0.007545 0.013513 0.005628 0.002267 -0.00287 0.010827
]