08-13-20_Thad_4K.snake_below_blue_chair.0000000000 [ 2.654735 8.501489 0.913337 6.001387 7.240669 2.590353 2.878217 8.884965 8.359614 8.559293 2.338631 2.565202 2.46865 8.604773 8.762786 2.483859 8.561355 8.679746 6.756986 5.921603 7.381064 7.975917 6.342404 7.702693 7.960296 6.435299 7.385466 3.346651 -1.26082 0.0 0.0 0.0 0.0 0.0 0.0 0.0 0.0 0.0 0.0 0.0 0.0 0.0 0.0 0.0 0.0 0.0
2.653018 8.547292 1.096577 6.063223 7.148092 2.756992 2.884005 8.976663 8.392772 8.647159 2.336849 2.578805 2.41937 8.595678 8.789211 2.469821 8.572753 8.710967 6.596164 5.948169 7.372094 7.983373 6.382283 7.703806 7.959942 6.471137 7.373095 3.410205 -1.399201 -0.001718 0.045803 0.18324 0.093734 -0.011561 0.083986 0.111668 0.145483 -0.115341 0.026425 0.068621 -0.002611 0.014215 0.010182 0.012379 0.040153 -0.138381
2.650262 8.538465 1.151732 6.0918 7.079223 2.811764 2.87818 8.983188 8.378858 8.647631 2.299477 2.571723 2.397989 8.591647 8.802244 2.456907 8.568842 8.709885 6.534566 5.951788 7.383129 7.983546 6.383014 7.723625 7.985352 6.492301 7.368923 3.441538 -1.459243 -0.002756 -0.008827 0.055155 0.030809 -0.004022 -0.000923 0.011985 0.016516 -0.03403 0.013033 0.005686 -0.010167 0.00906 0.019224 0.005943 0.012024 -0.060042
2.637176 8.526371 1.195357 6.105544 7.062395 2.858583 2.900363 9.001362 8.365398 8.648124 2.289466 2.574427 2.394782 8.590146 8.801352 2.456735 8.565906 8.709438 6.496497 5.940548 7.383325 7.971989 6.378648 7.720444 7.975847 6.48849 7.367674 3.468368 -1.463976 -0.013086 -0.012094 0.043625 0.026336 0.001411 0.033951 0.000687 0.00474 -0.002102 -0.000892 0.004269 -0.009162 -0.010824 -0.011507 -0.002531 -0.005684 -0.004733
2.640564 8.513464 1.238526 6.098715 7.047457 2.885655 2.906631 8.979183 8.363511 8.660821 2.275186 2.566957 2.384882 8.608837 8.8284 2.446951 8.582084 8.730003 6.4651 5.944426 7.389943 7.962067 6.376844 7.715193 7.970153 6.485165 7.375966 3.458151 -1.466007 0.003388 -0.012907 0.043169 0.015228 0.006508 -0.042771 0.018985 0.022597 -0.011499 0.027047 0.017101 -0.003543 0.001816 0.027982 -0.008412 -0.004456 -0.002031
2.639969 8.51823 1.274419 6.102441 7.039202 2.833563 2.909381 9.000379 8.389085 8.672678 2.288269 2.568476 2.383196 8.610841 8.831698 2.449484 8.580397 8.736234 6.476254 5.945881 7.379169 7.954997 6.3845 7.724947 7.975131 6.490926 7.373166 3.462472 -1.479027 -0.000595 0.004766 0.035893 -0.029302 -0.010036 0.04081 0.00556 0.004514 0.004139 0.003299 0.018586 0.008521 0.004285 -0.03706 -0.002005 0.006948 -0.013021
2.64498 8.516117 1.28936 6.101507 7.043128 2.86588 2.908329 8.966071 8.355755 8.654351 2.287929 2.561459 2.376162 8.601505 8.827228 2.441513 8.576146 8.730543 6.460587 5.92802 7.389114 7.956315 6.363615 7.726345 7.978765 6.480848 7.379011 3.456527 -1.472989 0.005012 -0.002112 0.014941 0.018179 -0.025934 -0.033665 -0.00755 -0.00257 -0.000772 -0.00447 -0.01066 0.003223 -0.02102 0.029303 0.003958 -0.010349 0.006038
2.638071 8.500675 1.313048 6.095133 7.038081 2.842206 2.924753 8.963625 8.356214 8.660071 2.298787 2.560143 2.371035 8.607919 8.84095 2.433273 8.576794 8.736188 6.440038 5.943912 7.386119 7.954352 6.370623 7.730811 7.98818 6.474257 7.371749 3.457062 -1.462594 -0.006909 -0.015442 0.023689 -0.013317 0.00185 -0.00106 0.002516 0.001987 -0.004029 0.013722 0.015258 -0.01571 0.015334 -0.007101 -0.005602 -0.002274 0.010396
2.6462 8.500142 1.325805 6.093128 7.032571 2.81694 2.916913 8.979957 8.369208 8.664278 2.292122 2.566378 2.380347 8.605446 8.822535 2.4507 8.571467 8.719187 6.468162 5.945143 7.3965 7.957643 6.373644 7.731865 7.990687 6.475342 7.372868 3.446929 -1.467571 0.008128 -0.000533 0.012756 -0.014212 -0.000332 0.005043 0.00326 0.004691 0.005736 -0.018415 -0.029389 0.013988 0.003287 0.015993 0.007828 0.000221 -0.004978
2.641378 8.486311 1.331599 6.097082 7.046978 2.792391 2.924046 8.968138 8.36121 8.66114 2.286549 2.557018 2.373032 8.608564 8.839529 2.439546 8.581107 8.739286 6.471729 5.943586 7.387303 7.951097 6.376731 7.730484 7.984519 6.473975 7.377601 3.455704 -1.439333 -0.004822 -0.013831 0.005794 -0.013809 -0.015796 -0.006768 0.00428 0.0055 -0.008041 0.016994 0.026982 0.00324 -0.000192 -0.024557 -0.003746 -0.004067 0.028238
2.641908 8.484869 1.341798 6.093223 7.045414 2.802712 2.913104 8.974168 8.350286 8.668901 2.272172 2.551295 2.361021 8.610803 8.848668 2.430595 8.571158 8.732479 6.484728 5.944145 7.401583 7.966602 6.38084 7.72543 7.982051 6.475826 7.37312 3.451315 -1.439455 0.00053 -0.001442 0.010199 0.005805 0.017543 -0.000388 0.022246 0.029606 -0.011808 0.009139 -0.005925 -0.006756 -0.000773 0.024068 0.011293 0.003725 -0.000122
2.631893 8.485987 1.337441 6.092868 7.050468 2.827775 2.90907 8.961375 8.363572 8.663174 2.27283 2.542482 2.354698 8.598322 8.83301 2.415233 8.555058 8.706189 6.472251 5.941138 7.394764 7.965049 6.372849 7.727528 7.988898 6.47544 7.370222 3.460974 -1.435518 -0.010014 0.001118 -0.004357 0.014098 -0.002101 -0.013606 -0.008888 -0.007731 -0.018834 -0.015658 -0.033185 -0.009267 -0.000808 -0.001972 -0.008501 -0.002652 0.003936
2.630862 8.48701 1.318468 6.094959 7.047913 2.803551 2.925802 8.935468 8.40492 8.66483 2.263319 2.544042 2.361769 8.601023 8.832771 2.41868 8.553951 8.704729 6.50597 5.94728 7.400423 7.964821 6.379442 7.729474 7.986597 6.477239 7.379261 3.464097 -1.439097 -0.001031 0.001023 -0.018973 -0.013626 0.000909 -0.017245 -0.023814 -0.027534 -0.001613 -0.000239 0.011606 0.002282 0.005083 0.012606 0.00526 0.002663 -0.003579
2.642631 8.476888 1.327148 6.098496 7.062596 2.794154 2.935975 8.873735 8.351032 8.626364 2.249332 2.537093 2.356164 8.581954 8.823199 2.410758 8.554827 8.718095 6.533219 5.949072 7.370784 7.96802 6.3763 7.721825 7.981432 6.484947 7.370919 3.455866 -1.414292 0.011769 -0.010122 0.00868 -0.005286 -0.025026 -0.056229 -0.025539 -0.011715 -0.003831 -0.009572 0.01743 0.014856 0.001296 -0.042402 -0.010467 0.011208 0.024805
2.63927 8.440215 1.338321 6.097773 7.060567 2.856153 2.931879 8.834826 8.358316 8.620009 2.238803 2.533461 2.355947 8.574666 8.813989 2.403325 8.540744 8.705823 6.489486 5.937901 7.38955 7.972981 6.366011 7.728981 7.983071 6.484686 7.3826 3.458503 -1.379648 -0.003361 -0.036673 0.011174 0.034875 -0.013039 -0.035662 -0.01863 -0.020312 -0.004528 -0.00921 -0.003606 -0.012966 -0.014339 0.016145 0.010631 -0.00551 0.034643
2.638954 8.402029 1.331667 6.098731 7.051812 2.846729 2.907412 8.777962 8.331271 8.561631 2.266028 2.526393 2.361682 8.500033 8.705938 2.406904 8.457937 8.608326 6.46356 5.944468 7.395326 7.96791 6.369715 7.727754 7.980993 6.481114 7.370055 3.459777 -1.350217 -0.000316 -0.038186 -0.006654 -0.005301 -0.001837 -0.071514 -0.094212 -0.121944 0.016676 -0.108051 -0.110422 -0.0078 0.008824 0.000339 0.001279 -0.002518 0.029432
2.635111 8.362593 1.290137 6.097476 7.042516 2.828276 2.874894 8.658588 8.25392 8.433411 2.214722 2.516868 2.339474 8.405338 8.617749 2.388801 8.410943 8.565831 6.465279 5.944805 7.391321 7.955151 6.376982 7.732508 7.992454 6.478749 7.37714 3.462365 -1.320077 -0.003843 -0.039436 -0.041531 -0.01038 -0.049698 -0.103716 -0.117952 -0.101405 -0.026417 -0.088189 -0.038893 0.018134 0.002372 0.009415 -0.012164 -0.003341 0.03014
2.605671 8.331168 1.273842 6.096078 7.046021 2.814851 2.848233 8.546501 8.149363 8.330325 2.171436 2.48529 2.309608 8.336869 8.550009 2.363923 8.359273 8.509782 6.465475 5.946298 7.406861 7.969062 6.384249 7.735431 7.986447 6.4801 7.37878 3.490407 -1.285148 -0.02944 -0.031425 -0.016295 -0.007551 -0.038291 -0.093548 -0.092946 -0.091785 -0.034008 -0.067741 -0.061737 -0.004642 0.00285 0.00446 0.019232 0.003274 0.034929
2.573075 8.264018 1.27105 6.09741 7.04916 2.821397 2.824884 8.382465 8.034731 8.207946 2.12399 2.450577 2.274385 8.234774 8.482068 2.324608 8.260453 8.424156 6.478395 5.947888 7.386671 7.956288 6.37729 7.725202 7.979239 6.482743 7.372518 3.524336 -1.214858 -0.032596 -0.06715 -0.002792 0.003682 -0.066674 -0.169498 -0.099393 -0.082702 -0.034079 -0.06794 -0.069312 -0.018367 -8.3e-05 -0.017561 -0.017614 0.001217 0.070289
2.538137 8.174305 1.298805 6.098599 7.047336 2.8117 2.814473 8.146145 7.823938 7.952778 2.14344 2.431754 2.239854 8.011321 8.251218 2.291289 8.058395 8.216196 6.463266 5.924675 7.399669 7.964259 6.364272 7.739111 7.996564 6.47692 7.394027 3.560462 -1.126969 -0.034938 -0.089713 0.027755 -0.005455 0.025956 -0.241104 -0.264815 -0.301333 -0.016631 -0.230851 -0.226384 0.015113 -0.027154 0.001646 0.011947 -0.008047 0.087889
2.527 7.992786 1.346627 6.090187 7.046238 2.826818 2.811983 7.913638 7.588485 7.738205 2.169662 2.417352 2.223839 7.802391 8.041595 2.266225 7.878995 8.029545 6.466017 5.908126 7.39735 7.963876 6.359068 7.742739 7.998031 6.473892 7.385403 3.563187 -0.946547 -0.011137 -0.181519 0.047822 0.008504 -0.026006 -0.232022 -0.193266 -0.185771 -0.006308 -0.209622 -0.187167 -0.02346 -0.019317 -0.020869 0.00404 -0.003248 0.180422
2.519501 7.785025 1.371711 6.08201 7.043118 2.869734 5.774251 7.557939 7.049052 7.387435 6.126936 6.262921 6.344262 7.410748 7.727309 6.488003 7.369545 7.596955 6.456051 5.914728 7.387435 7.964901 6.370971 7.727309 7.982093 6.488003 7.369545 3.562509 -0.741907 -0.007499 -0.207761 0.025085 0.02414 3.6686 -0.319694 -0.309016 -0.260697 4.201641 -0.314286 -0.387353 -0.013811 0.008308 -0.007239 -0.002792 0.011353 0.204641
2.419643 6.920092 1.267137 5.987196 7.213802 2.535687 5.764772 7.582211 7.044215 7.39211 6.092321 6.221505 6.29998 7.427061 7.718961 6.423631 7.394033 7.601273 6.805489 2.353031 7.008309 7.170756 2.491772 7.257985 7.211176 2.468287 7.324349 3.567553 0.293711 -0.099858 -0.864933 -0.104575 -0.187901 0.024563 0.020324 -0.016511 -0.016671 -0.041745 -0.008348 0.007963 -0.39497 -3.511248 -0.26168 -0.56155 -4.021656 1.035618
2.545634 6.959084 0.980297 6.061032 7.142846 2.665826 5.752753 7.639008 7.03796 7.39766 6.152135 6.25808 6.35315 7.412624 7.717545 6.485406 7.385975 7.592251 6.590927 5.947067 7.39766 8.007665 6.387002 7.717545 7.959507 6.485406 7.385975 3.515399 0.183762 0.125991 0.038993 -0.28684 0.073203 0.013966 0.0914 0.038665 0.059435 0.057776 -0.001416 -0.019444 0.44094 3.549777 0.250588 0.583704 4.031556 -0.109949
2.853771 5.682794 1.399394 5.997198 7.298532 2.554604 5.757418 7.597829 7.034802 7.371454 6.091326 6.228312 6.306493 7.395811 7.71073 6.445993 7.367637 7.574906 5.707517 2.709287 5.657514 5.819346 2.751105 5.732006 5.804582 2.814974 5.652054 3.143427 1.615738 0.308138 -1.27629 0.419097 -0.062563 -0.022294 -0.061699 -0.034168 -0.021393 -0.047837 -0.006815 0.012077 -1.280157 -3.216205 -1.360224 -1.987469 -3.759002 1.431976
2.973804 5.826775 1.310849 6.06344 7.183772 2.815982 5.74312 7.648254 7.073681 7.429447 6.139472 6.240717 6.346077 7.426567 7.721643 6.474854 7.381613 7.575606 5.94949 2.929412 5.693404 5.386136 3.057989 5.638157 5.503258 3.095507 5.96369 3.089636 1.356997 0.120032 0.143981 -0.088544 0.147025 0.015092 0.062337 0.048097 0.025957 0.042999 0.010914 -0.022677 -0.682255 0.2326 0.120828 -0.225134 0.31383 -0.258741
3.097015 5.667891 0.860399 6.082691 7.114418 2.915699 5.76677 7.644098 7.067761 7.412394 6.120043 6.260648 6.340986 7.443016 7.750659 6.492236 7.386899 7.593718 5.784354 3.105467 5.551792 5.441861 3.281791 5.651969 5.608729 3.191428 5.939678 2.985676 1.446527 0.123211 -0.158884 -0.45045 0.056091 -0.011836 -0.021951 -0.004056 -0.013425 -0.021253 0.029016 0.002419 -0.036201 0.250541 -0.096791 -0.041918 0.169173 0.08953
3.124038 5.640345 0.822625 6.098691 7.069753 2.900985 5.756263 7.602013 7.085889 7.395777 6.120552 6.260395 6.33961 7.432557 7.733389 6.483334 7.387406 7.591602 6.516131 5.926319 7.395777 7.974985 6.363756 7.733389 7.984585 6.483334 7.387406 2.974654 1.429409 0.027023 -0.027546 -0.037774 -0.008276 -0.004584 -0.047033 -0.028727 -0.02382 0.002845 -0.01727 0.003665 1.985112 2.709444 1.384116 2.235667 3.261786 -0.017118
3.831029 3.613081 1.105101 6.010835 7.335792 2.572065 5.744696 7.586555 7.032826 7.364115 6.101282 6.228014 6.303331 7.393458 7.697869 6.441728 7.369907 7.562661 4.189351 4.009602 3.386306 3.277556 3.882166 3.368168 3.389567 3.682506 3.529408 2.179806 3.722712 0.706991 -2.027264 0.282475 -0.185018 0.009565 0.001302 -0.030957 -0.005443 -0.025941 -0.03552 -0.009344 -3.284514 -1.817231 -3.46028 -4.400856 -2.796746 2.293303
3.854476 3.72575 0.965704 6.066076 7.180128 2.804731 5.765697 7.651057 7.062421 7.397974 6.125879 6.255989 6.347932 7.432429 7.74402 6.484296 7.395604 7.610005 4.09149 3.952505 3.464828 3.381742 3.948938 3.4951 3.536522 3.830925 3.542874 2.211599 3.454378 0.023447 0.112669 -0.139396 0.130874 -0.006513 0.065879 0.042139 0.015916 0.037354 0.046151 0.046039 -0.14495 -0.045861 0.066541 0.084992 0.153098 -0.268334
3.899355 3.743005 0.79504 6.096842 7.08048 2.870075 5.759948 7.618818 7.073203 7.398031 6.137678 6.26273 6.346432 7.430305 7.735504 6.482137 7.377904 7.588258 4.034808 4.012114 3.544281 3.490803 4.153315 3.573907 3.575206 4.048763 3.681183 2.197487 3.337475 0.044878 0.017255 -0.170664 0.036756 0.004919 -0.05401 -0.003458 -0.006049 0.001266 -0.008516 -0.034417 0.003988 0.063817 -0.085016 0.115133 0.241713 -0.116903
3.916745 3.748554 0.625814 6.092277 7.055684 2.869614 5.761229 7.580906 7.096426 7.401217 6.128156 6.257536 6.335409 7.438187 7.73833 6.479527 7.387106 7.59491 6.49498 5.923132 7.401217 7.983925 6.365489 7.73833 8.000344 6.479527 7.387106 2.175531 3.30713 0.017391 0.005549 -0.169226 -0.000259 -0.008083 -0.026426 -0.006422 0.004516 -0.010947 0.002826 0.014865 3.444393 1.799163 3.489293 4.202032 2.403453 -0.030345
4.261993 3.052745 1.108532 6.025746 7.324982 2.594128 5.756671 7.596481 7.06294 7.375582 6.134809 6.239092 6.327002 7.401271 7.697019 6.456932 7.385471 7.57662 3.644882 4.414996 2.932762 3.074374 4.368875 3.514234 3.513073 4.311292 3.540328 1.763752 4.272237 0.345248 -0.695809 0.482718 -0.154961 0.024124 0.03824 -0.025766 -0.000399 0.004172 -0.041311 -0.012258 -3.907468 -1.38521 -4.041924 -4.715353 -2.200618 0.965106
4.263617 3.180928 0.92553 6.08078 7.175806 2.809946 5.771615 7.617136 7.073629 7.370372 6.137356 6.269704 6.366334 7.415093 7.724239 6.498814 7.391803 7.605833 3.571875 4.383892 3.228561 3.476966 4.374641 3.577174 3.591267 4.339221 3.561085 1.817163 3.994878 0.001624 0.128183 -0.183002 0.121398 -0.003436 0.005875 0.008146 -0.009063 0.021971 0.02722 0.031057 0.026404 -0.033216 0.04442 0.393791 -0.001432 -0.277359
4.254297 3.185084 0.802658 6.113342 7.092483 2.88736 5.782121 7.61365 7.064653 7.3672 6.153903 6.291743 6.372838 7.410012 7.712386 6.510078 7.357568 7.561446 3.513635 4.350245 3.235544 3.400991 4.354542 3.494263 3.48655 4.32543 3.534688 1.859045 3.907399 -0.00932 0.004157 -0.122872 0.043545 -0.001817 0.001299 -0.000139 0.009883 0.013579 -0.011852 -0.059903 -0.159888 -0.034595 0.07259 -0.044659 -0.00871 -0.087479
4.255102 3.194679 0.684892 6.122522 7.060643 2.911446 5.780827 7.580495 7.057454 7.351819 6.153869 6.282077 6.35727 7.39132 7.681533 6.49931 7.330022 7.541907 3.413189 4.361087 3.230618 3.343046 4.357298 3.462802 3.481477 4.266534 3.53672 1.86742 3.865964 0.000804 0.009595 -0.117766 0.013548 0.005536 -0.035339 -0.028767 -0.035077 -0.013236 -0.030854 -0.009509 -0.166569 0.003962 0.022271 -0.046748 -0.025661 -0.041435
4.254907 3.246988 0.588135 6.117496 7.031246 2.864093 5.788317 7.573084 7.054183 7.343898 6.156498 6.298012 6.368142 7.388585 7.683269 6.496042 7.328157 7.536516 6.468748 5.970107 7.343898 7.933493 6.399915 7.683269 7.946641 6.496042 7.328157 1.862589 3.784258 -0.000195 0.052309 -0.096756 -0.026636 0.016275 -0.007128 -0.01433 -0.015776 0.00794 0.001737 -0.003453 4.177038 1.489742 3.8604 4.352113 2.259244 -0.081706
4.309674 3.206626 1.160074 6.050462 7.307705 2.486719 5.791454 7.562761 7.05721 7.33364 6.149523 6.259645 6.349366 7.390265 7.689151 6.467085 7.391656 7.579196 3.663661 4.37149 3.076179 3.431454 4.2626 3.575164 3.676836 4.127589 3.709208 1.740788 4.101079 0.054767 -0.040362 0.571939 -0.212273 0.006321 0.007841 -0.000536 0.023965 -0.015631 0.005882 0.033954 -3.61424 -1.493458 -3.780235 -4.412539 -2.390244 0.316821
4.212061 3.303642 0.829824 6.103652 7.179669 2.716023 5.783558 7.61043 7.076448 7.364385 6.149048 6.284261 6.38553 7.407044 7.716847 6.513994 7.400611 7.603546 3.498133 4.250826 3.179743 3.349116 4.429857 3.36315 3.469708 4.418194 3.282793 1.891592 3.876027 -0.097614 0.097016 -0.33025 0.128984 -0.00592 0.022964 0.03432 0.006159 0.029603 0.027696 0.026374 0.107553 -0.130005 -0.005213 0.00755 0.306159 -0.225052
4.267116 3.434741 0.734842 6.133149 7.107999 2.879799 5.795596 7.616327 7.05003 7.374517 6.176319 6.297546 6.385056 7.404944 7.694454 6.506071 7.355897 7.556033 3.556062 4.328865 3.373989 3.544677 4.366247 3.649544 3.702516 4.413201 3.545999 1.866032 3.673259 0.055056 0.131098 -0.094982 0.092123 0.003006 0.019926 -0.000718 0.000403 0.008791 -0.022393 -0.046762 0.07567 0.089491 0.079249 0.228325 -0.082838 -0.202768
4.282617 3.553838 0.649971 6.124763 7.03222 2.867311 5.783472 7.564813 7.01667 7.337963 6.14544 6.285633 6.36292 7.384628 7.693036 6.504751 7.340038 7.559003 3.645812 4.409644 3.530425 3.711393 4.328551 3.659847 3.717223 4.282241 3.542195 1.842147 3.478382 0.0155 0.119098 -0.084871 -0.007024 -0.01924 -0.048633 -0.018052 -0.004575 -0.029095 -0.001418 0.011643 -0.006233 0.029714 0.134479 0.173309 -0.111901 -0.194877
4.266922 3.647509 0.676961 6.119016 7.012783 2.876935 5.792919 7.561927 7.026085 7.364758 6.13874 6.289803 6.364499 7.41183 7.728996 6.497818 7.375151 7.619773 6.378562 5.943865 7.364758 7.957098 6.390686 7.728996 7.989085 6.497818 7.375151 1.852094 3.365274 -0.015695 0.093671 0.02699 0.005414 -0.010005 -0.023064 0.014601 -0.002347 -0.002897 0.035961 0.071622 3.432198 1.478421 3.543621 4.032969 2.271475 -0.113108
4.432333 3.649452 1.087226 6.023783 7.324243 2.578418 5.77197 7.588411 7.05269 7.358666 6.126028 6.244999 6.328076 7.391796 7.696727 6.458604 7.375952 7.575082 3.964553 4.618578 3.541721 3.844165 4.516228 4.013155 4.107712 4.313631 4.084682 1.591451 3.674791 0.165411 0.001943 0.410265 -0.167916 0.014962 0.043162 -0.004665 0.019075 -0.027762 -0.032269 -0.047476 -3.403866 -1.172018 -3.425014 -3.990027 -2.157179 0.309517
4.407403 3.724333 0.994957 6.084966 7.174642 2.775266 5.766478 7.648249 7.093021 7.406664 6.133415 6.264488 6.354569 7.440258 7.742304 6.481695 7.404494 7.603793 4.025786 4.602664 3.827753 4.085134 4.493293 4.234639 4.249766 4.397509 4.227909 1.677563 3.450309 -0.024929 0.074881 -0.092269 0.110727 -0.005732 0.049083 0.04349 0.00548 0.014751 0.045577 0.007975 0.031068 -0.017434 0.12277 0.281091 0.013946 -0.224482
4.402016 3.878879 0.961799 6.101739 7.105343 2.824875 5.77612 7.640457 7.082363 7.410736 6.157343 6.281327 6.361496 7.441479 7.741926 6.497134 7.402878 7.607484 4.156405 4.571491 4.061197 4.369747 4.48279 4.35823 4.396012 4.395591 4.321601 1.699723 3.226463 -0.005387 0.154546 -0.033158 0.027905 -0.000595 -0.010749 0.013776 0.018337 0.010594 -0.000378 -0.009756 0.103629 -0.03796 0.155517 0.27626 0.010664 -0.223846
4.390576 3.997733 0.873665 6.112397 7.07441 2.843937 5.773484 7.583579 7.082902 7.381936 6.138971 6.275263 6.357669 7.425265 7.730841 6.49316 7.379252 7.580048 4.234217 4.509397 4.264992 4.495578 4.423759 4.482927 4.543865 4.316315 4.43111 1.721821 3.076676 -0.011441 0.118854 -0.088134 0.010722 -0.001099 -0.065291 -0.037071 -0.031866 -0.005094 -0.011085 -0.019655 -0.024987 -0.090477 0.164101 0.171705 -0.077472 -0.149787
4.371093 4.168865 0.80848 6.107907 7.070274 2.850161 5.781391 7.583612 7.094929 7.379335 6.146972 6.281461 6.358907 7.417288 7.715372 6.492226 7.380412 7.587051 6.511061 5.95673 7.379335 7.958362 6.388196 7.715372 7.972525 6.492226 7.380412 1.736813 2.901409 -0.019482 0.171132 -0.065185 0.003501 0.004767 0.001428 -0.009351 -0.009762 0.005022 -0.015469 0.014713 3.315586 1.330192 3.051471 3.267149 2.211225 -0.175267
4.656771 4.35799 1.505141 6.057668 7.332797 2.514336 5.775017 7.591241 7.037665 7.34149 6.151996 6.265883 6.352183 7.401759 7.707776 6.487086 7.411914 7.611184 4.585982 4.806661 4.392338 4.748627 4.464345 4.794304 4.771826 4.298683 4.881471 1.400898 2.974807 0.285677 0.189125 0.696661 -0.188902 0.021308 0.057635 -0.009882 0.037726 -0.007905 -0.007596 0.029535 -2.437444 -1.028691 -2.835769 -3.084481 -2.222563 0.073398
4.502641 4.504072 1.421553 6.109031 7.190058 2.838979 5.784838 7.59055 7.081612 7.35065 6.158482 6.278256 6.379764 7.396944 7.699556 6.507885 7.385253 7.593014 4.689096 4.722865 4.628084 4.968494 4.358189 4.995969 4.939361 4.262044 5.06853 1.60639 2.685986 -0.15413 0.146083 -0.083587 0.182612 0.003359 -0.04598 -0.011908 -0.042326 0.030084 -0.00822 0.000758 0.101001 -0.065043 0.113697 0.241248 -0.086346 -0.288821
4.409694 4.683985 1.468207 6.126073 7.105692 2.873993 5.798194 7.572793 7.0321 7.350916 6.148766 6.296266 6.382785 7.398258 7.698381 6.51337 7.351081 7.566736 4.788352 4.668735 4.658752 5.000616 4.34707 5.059026 5.027109 4.272666 5.146932 1.716379 2.421707 -0.092947 0.179913 0.046653 0.019695 -0.0157 -0.014429 0.002808 -0.001442 0.001058 -0.001175 -0.033905 0.118068 -0.021203 0.142936 0.01976 0.011851 -0.264279
4.339072 4.800708 1.529377 6.13131 7.045344 2.875709 5.810493 7.464188 6.999863 7.285232 6.146582 6.300766 6.372085 7.356364 7.660263 6.5145 7.332876 7.560596 4.883407 4.657109 4.73011 5.122198 4.345482 5.182192 5.149336 4.245574 5.289504 1.792239 2.244636 -0.070623 0.116723 0.06117 0.000965 0.0111 -0.10296 -0.075153 -0.063488 -0.020404 -0.038118 -0.000899 0.106348 -0.010663 0.119401 0.09239 -0.044404 -0.17707
4.314396 4.936928 1.590849 6.132568 7.001936 2.849278 5.843726 7.352575 6.931806 7.214121 6.104437 6.319916 6.357576 7.311385 7.628447 6.508119 7.339606 7.585769 4.990979 4.623875 4.900787 5.33965 4.398203 5.356668 5.376405 4.252289 5.426546 1.818172 2.065007 -0.024675 0.136221 0.061472 -0.014868 0.009362 -0.12311 -0.063249 -0.064635 -0.045992 -0.031816 0.02349 0.018151 -0.034065 0.172031 0.189796 0.0306 -0.179629
4.269669 5.075229 1.64399 6.133262 6.964113 2.761429 5.867115 7.233536 6.851168 7.124428 6.093299 6.329602 6.336025 7.266788 7.55951 6.478474 7.345194 7.559723 5.158947 4.579743 5.1169 5.602307 4.406064 5.603829 5.754703 4.209938 5.558822 1.863593 1.888884 -0.044727 0.1383 0.053141 -0.049414 0.013377 -0.125226 -0.092624 -0.096164 -0.040002 -0.068938 -0.059496 0.059943 -0.04599 0.145237 0.233899 0.012598 -0.176124
4.214085 5.207384 1.690906 6.118551 7.000005 2.620956 5.862971 7.041705 6.844822 7.043614 6.044939 6.364686 6.33521 7.258362 7.501931 6.452538 7.382073 7.581839 5.31635 4.566521 5.333315 5.861912 4.439738 5.804476 6.002035 4.173216 5.751957 1.904467 1.792621 -0.055585 0.132155 0.046915 -0.079016 0.004692 -0.236115 -0.157519 -0.231082 -0.049692 -0.057579 0.001987 0.047863 -0.03313 0.16112 0.237528 -0.018182 -0.096263
4.193964 5.377358 1.731331 6.125858 7.046461 2.486303 5.865918 7.414162 6.844047 7.233956 6.21776 6.287037 6.354229 7.12267 7.267496 6.347753 6.964969 7.106072 5.41494 4.547613 5.593814 6.043189 4.462857 6.038221 6.220949 4.170682 5.956801 1.931894 1.669102 -0.02012 0.169974 0.040426 -0.075743 0.213436 0.228171 0.09322 -0.08913 0.054424 -0.234435 -0.570234 0.112634 -0.012793 0.21616 0.214028 0.018156 -0.123519
4.165004 5.589097 1.777663 6.123268 6.881818 1.983511 5.875937 7.232279 6.827986 7.106342 6.130327 6.272992 6.273185 6.98346 7.023907 6.315959 6.874479 6.938825 5.487539 4.555795 5.752576 6.187978 4.474939 6.190032 6.366494 4.162517 6.129481 1.958264 1.292721 -0.02896 0.211739 0.046332 -0.28282 -0.132852 -0.251534 -0.217721 -0.254765 -0.073773 -0.243589 -0.209793 0.150194 0.026455 0.178031 0.153332 -0.010794 -0.376381
4.174384 5.750923 1.781975 6.070877 6.808062 1.889943 4.275939 5.629349 5.611889 5.824753 4.767383 4.176213 4.37335 6.071713 6.296332 4.173965 6.264786 6.464221 5.52924 4.597182 5.824753 6.208439 4.496779 6.296332 6.46836 4.173965 6.264786 1.896493 1.057138 0.009379 0.161826 0.004312 -0.052632 -1.30615 -1.509192 -1.125467 -0.944617 -1.739215 -0.727575 -0.341746 0.093146 0.047054 0.104117 0.045005 -0.008 -0.235583
4.213762 5.846612 1.810915 4.424349 5.728421 2.207152 4.344455 5.794687 5.682164 5.905146 4.7894 4.200478 4.387973 6.120102 6.353285 4.183617 6.282046 6.483126 5.599748 4.640146 5.890779 6.217715 4.505344 6.359167 6.565425 4.189011 6.272116 0.210587 -0.118191 0.039378 0.095689 0.02894 0.17843 0.035519 0.20167 0.088631 0.11247 0.015202 0.056953 0.041336 -0.201082 0.028771 0.091392 0.026035 -0.001619 -1.17533
4.368707 5.879115 1.329554 5.646689 6.476048 2.485899 4.3731 5.810388 5.699619 5.918998 4.82108 4.229777 4.412004 6.136007 6.339351 4.202939 6.33019 6.539584 5.599579 4.642763 5.918998 6.283985 4.532486 6.339351 6.502312 4.202939 6.33019 1.277982 0.596933 0.154945 0.032503 -0.481361 0.156795 0.00919 -0.002143 -0.007193 -0.036924 0.020505 -0.013934 0.066745 0.012138 0.015938 -0.003662 0.055403 0.02789 0.715124
4.444566 5.783767 1.232095 5.641581 6.464684 2.476973 4.383989 5.838544 5.771273 5.976198 4.860184 4.268126 4.450649 6.182988 6.39639 4.23076 6.333123 6.544572 5.615333 4.665162 5.976198 6.31303 4.575389 6.39639 6.574001 4.23076 6.333123 1.197015 0.680917 0.075859 -0.095349 -0.09746 -0.005021 0.015545 0.009413 0.041665 0.029044 0.042903 0.057039 0.016898 0.055645 0.015545 0.071654 0.041665 0.010165 0.083985
4.462975 5.859836 1.251726 5.636694 6.453491 2.468042 4.406593 5.949092 5.823094 6.058825 4.838384 4.278519 4.451816 6.245172 6.468561 4.225309 6.371784 6.586122 5.64689 4.674916 6.058825 6.423115 4.567643 6.468561 6.659077 4.225309 6.371784 1.173719 0.593655 0.018409 0.07607 0.019631 -0.005023 -0.002445 0.133502 0.09688 0.110086 -0.007746 0.07217 0.041438 0.058885 -0.002445 0.051821 0.09688 -0.010695 -0.087263
4.436109 6.096075 1.215138 5.632027 6.442472 2.459113 4.423122 6.164851 5.984327 6.243916 4.789964 4.263771 4.437972 6.393701 6.592301 4.197911 6.494985 6.699978 5.767124 4.666048 6.243916 6.603462 4.54329 6.592301 6.754489 4.197911 6.494985 1.195918 0.346397 -0.026866 0.236239 -0.036588 -0.005023 -0.013271 0.245525 0.184869 0.180347 -0.024353 0.12374 0.091989 0.138969 -0.013271 0.161234 0.184869 -0.040946 -0.247258
4.427179 6.32062 1.284522 5.627578 6.431629 2.450188 4.407785 6.433049 6.195441 6.484792 4.722695 4.228205 4.401802 6.594642 6.771984 4.142241 6.644606 6.826757 5.886135 4.659207 6.484792 6.833164 4.499142 6.771984 6.917111 4.142241 6.644606 1.200398 0.111009 -0.008929 0.224544 0.069385 -0.00502 -0.029494 0.280666 0.235634 0.229702 -0.044148 0.179682 0.107765 0.176986 -0.029494 0.211114 0.235634 -0.054735 -0.235387
4.327084 6.561871 1.2943 5.623345 6.420964 2.441274 4.333728 6.70768 6.496823 6.710135 4.656256 4.147593 4.310876 6.761639 6.885692 4.083006 6.70817 6.852147 6.069211 4.537458 6.710135 6.898493 4.415438 6.885692 6.970928 4.083006 6.70817 1.296261 -0.140907 -0.100096 0.241252 0.009778 -0.005014 -0.131268 0.231496 0.146637 0.065328 -0.083704 0.113708 -0.013151 0.270452 -0.131268 0.301382 0.146637 -0.042365 -0.251916
4.209652 6.624034 1.378828 5.619327 6.410481 2.432374 4.263501 6.874723 6.434343 6.824902 4.511005 4.016504 4.16368 6.877987 7.101675 3.931291 6.788855 6.975231 5.998799 4.428534 6.824902 7.180898 4.270657 7.101675 7.25897 3.931291 6.788855 1.409674 -0.213553 -0.117432 0.062163 0.084527 -0.005006 -0.105823 0.196717 0.210387 0.282406 -0.14478 0.215983 0.148697 0.147888 -0.105823 -0.06248 0.210387 -0.156289 -0.072646
4.074374 6.363171 1.190895 5.187378 3.761844 1.921552 4.184461 6.835154 6.249757 6.645003 4.368537 3.883062 4.010804 6.642652 6.915511 3.789783 6.572036 6.793666 3.9302 5.001984 3.5829 3.608311 4.849465 3.658299 3.662134 5.046851 3.761153 1.113003 -2.601327 -0.135278 -0.260863 -0.187932 -0.287337 -0.160702 0.019014 -0.099114 -0.017172 -0.163308 -0.186164 -0.120245 -2.587834 0.324313 -2.804104 -3.435422 0.9655 -2.387774
4.068187 6.332296 1.283606 5.218931 3.728428 1.876599 4.15396 6.699205 6.19881 6.598046 4.314151 3.879377 4.00473 6.63019 6.839732 3.807795 6.56122 6.705843 3.918462 5.073202 3.500565 3.518732 4.871305 3.552822 3.566014 5.016877 3.64311 1.150743 -2.603867 -0.006187 -0.030876 0.092711 -0.025286 -0.023476 -0.172105 -0.094593 -0.144691 -0.013517 -0.075779 -0.177967 0.054405 0.087196 -0.042429 -0.089302 -0.039109 -0.00254
4.055021 6.287149 1.198711 5.246575 3.687657 1.899209 4.201211 6.42784 6.093706 6.39842 4.382645 3.94197 4.079576 6.495417 6.640575 3.875868 6.498833 6.573685 3.889009 5.063268 3.48061 3.489535 4.880431 3.530316 3.524218 5.008234 3.641447 1.191554 -2.599492 -0.013167 -0.045147 -0.084895 0.012718 0.059783 -0.286956 -0.271542 -0.339906 0.074579 -0.199157 -0.196265 -0.006205 -0.001937 -0.029976 -0.022941 -0.000477 0.004376
4.104024 6.151077 1.171734 5.251043 3.664757 1.962404 3.886589 6.351409 6.003627 6.166144 4.567267 4.188897 4.323007 5.976748 6.008186 4.297515 5.777805 5.788201 3.859459 5.030246 3.488759 3.484544 4.883502 3.581911 3.566559 5.04333 3.696412 1.147019 -2.48632 0.049003 -0.136072 -0.026977 0.035547 -0.113936 -0.196041 -0.356619 -0.472948 0.27887 -0.632389 -0.833295 -0.115518 -0.029885 0.002058 0.000431 0.049402 0.113172
4.107473 6.030889 1.034676 5.250083 3.642534 1.954969 5.155315 3.415658 3.551474 3.496464 4.752437 5.184111 5.000592 3.624366 3.617706 5.042538 3.75895 3.742331 3.885885 5.024619 3.496464 3.502752 4.871598 3.617706 3.600863 5.042538 3.75895 1.142611 -2.388355 0.003448 -0.120187 -0.137058 -0.004182 0.609926 -2.942629 -2.712594 -2.703429 0.424317 -2.39048 -2.066345 -0.061707 -0.008093 -0.008417 0.012771 0.007853 0.097965
4.904442 3.611293 0.969611 5.234418 3.638718 1.911101 5.174828 3.44301 3.554136 3.504868 4.757887 5.150057 4.979574 3.620452 3.627487 5.00895 3.730811 3.717651 3.720202 4.740657 3.520357 3.546147 4.621221 3.537804 3.560068 4.801288 3.528061 0.329976 0.027426 0.796969 -2.419597 -0.065064 -0.024676 -0.009101 0.03661 0.029044 0.047906 -0.009343 0.009781 -0.018005 0.148745 -0.293318 0.008218 0.034912 -0.26382 2.415781
4.942809 3.646243 0.923497 5.217601 3.636216 1.932845 5.139697 3.442722 3.539276 3.505581 4.740372 5.130963 4.964535 3.621368 3.638795 4.988395 3.725073 3.7332 3.721662 4.76779 3.503735 3.516503 4.667957 3.479533 3.509133 4.882307 3.463965 0.274792 -0.010027 0.038368 0.03495 -0.046115 0.012231 -0.017103 -0.002621 0.010537 0.006163 -0.009443 0.011308 0.025359 0.014568 0.027021 0.013492 -0.033831 0.066185 -0.037453
4.95567 3.637066 1.015043 5.594706 6.333431 2.362257 4.97708 3.439965 3.49817 3.459477 4.477875 4.986488 4.781041 3.568415 3.563898 4.822988 3.681193 3.651174 3.722474 4.808459 3.459477 3.500856 4.624773 3.563898 3.566583 4.822988 3.681193 0.639037 2.696365 0.012861 -0.009177 0.091546 0.241544 -0.206777 0.005355 -0.054567 -0.055965 -0.228039 -0.074897 -0.111354 -0.163634 0.033316 -0.075013 -0.016067 -0.06357 2.706392
4.959609 3.575351 0.935917 5.592544 6.324688 2.353697 4.924524 3.438459 3.479962 3.428475 4.537998 5.007489 4.816315 3.520722 3.523517 4.861637 3.631023 3.612876 3.691464 4.80379 3.428475 3.5039 4.670497 3.523517 3.537221 4.861637 3.631023 0.632935 2.749337 0.003939 -0.061715 -0.079126 -0.004815 0.009573 0.005918 -0.01747 0.003044 0.045723 -0.040381 -0.02036 -0.005446 0.009573 -0.018208 -0.01747 0.04693 0.052973
4.993651 3.568243 0.948888 5.590579 6.316152 2.345199 4.985602 3.443793 3.466402 3.41743 4.553795 5.048566 4.846342 3.465565 3.473312 4.896557 3.539639 3.534217 3.691648 4.829119 3.41743 3.472952 4.697937 3.473312 3.494567 4.896557 3.539639 0.596928 2.747909 0.034042 -0.007108 0.012971 -0.00478 0.023721 -0.009646 -0.023879 -0.030948 0.027441 -0.050205 -0.065978 0.036872 0.023721 -0.01356 -0.023879 0.030622 -0.001428
5.007397 3.562379 0.932999 5.58881 6.307824 2.336766 5.01284 3.397904 3.462873 3.420593 4.559648 5.058355 4.852715 3.50903 3.512716 4.895743 3.611352 3.59607 3.686524 4.852571 3.420593 3.480984 4.701559 3.512716 3.530287 4.895743 3.611352 0.581413 2.745445 0.013746 -0.005864 -0.015889 -0.004743 0.018809 -0.042762 0.007445 0.008031 0.003622 0.039404 0.051879 -0.080724 0.018809 -0.003528 0.007445 0.000684 -0.002464
5.033364 3.615856 0.970727 4.664147 6.348231 2.600338 5.032872 3.412581 3.479946 3.444167 4.581456 5.070603 4.87864 3.57013 3.577901 4.916275 3.706317 3.689065 5.806183 4.885094 6.321238 6.290379 4.682149 6.205716 6.187889 4.544269 6.166781 -0.369217 2.732375 0.025967 0.053478 0.037729 0.148259 0.02144 0.037541 0.033901 0.039101 0.02465 0.065185 0.08174 2.721106 0.171115 2.782185 2.855634 -0.201186 -0.01307
5.071886 3.541093 0.96108 4.62 6.130316 2.18776 5.101785 3.453001 3.481438 3.43865 4.608556 5.113872 4.91772 3.531534 3.529114 4.964552 3.653742 3.625474 5.893237 4.731416 6.295211 6.278007 4.573816 6.184708 6.189417 4.487113 6.096715 -0.451886 2.589223 0.038521 -0.074763 -0.009648 -0.232075 0.040175 0.035478 -0.009885 -0.021429 0.042015 -0.048787 -0.077786 0.020406 -0.163645 0.001889 -0.027581 -0.07783 -0.143152
5.111859 3.544759 0.940907 4.522452 6.182605 1.748357 5.093066 3.493403 3.520386 3.469031 4.638053 5.119504 4.928825 3.530591 3.537066 4.980368 3.634612 3.629293 6.08429 4.600047 6.401924 6.407052 4.557217 6.521999 6.537911 4.447666 6.574377 -0.589406 2.637846 0.039973 0.003666 -0.020172 -0.247165 0.01754 0.038654 0.024746 0.033627 0.01864 0.007952 0.03134 -0.386238 -0.111605 0.08027 0.127115 -0.008679 0.048623
5.131984 3.581563 0.954943 4.434111 6.256734 1.505027 5.090651 3.643027 3.590198 3.553453 4.639601 5.130935 4.950874 3.510541 3.533253 5.008443 3.513106 3.538053 6.156878 4.483378 6.375706 6.335024 4.245752 6.396242 6.386156 4.193597 6.392205 -0.697872 2.675171 0.020125 0.036804 0.014035 -0.136873 -0.029817 0.122925 0.073004 0.063559 0.019218 -0.003813 -0.062974 0.009841 -0.161702 -0.00313 -0.039766 -0.322887 0.037325
5.126849 3.689033 1.022256 4.361423 6.190259 1.081846 5.114179 3.543891 3.551678 3.503919 4.643629 5.089669 4.884274 3.570143 3.609679 4.895406 3.666793 3.670756 6.005002 4.390723 6.293677 6.404009 4.506947 6.231604 6.285672 4.468713 6.032729 -0.765427 2.501226 -0.005134 0.10747 0.067313 -0.238039 0.043428 -0.076312 -0.01577 0.012928 -0.059441 0.076426 0.126647 0.399137 -0.02367 -0.119758 -0.00446 0.346742 -0.173945
5.120404 3.671806 1.069809 4.351089 6.216423 0.986834 5.114248 3.669347 3.640873 3.589294 4.593216 5.088708 4.880646 3.580889 3.598582 4.932666 3.5928 3.590778 3.862699 4.870856 3.589294 3.634044 4.738902 3.598582 3.615789 4.932666 3.5928 -0.769316 2.544616 -0.006445 -0.017227 0.047553 -0.053444 -0.080388 0.110182 0.056974 0.025274 -0.00774 -0.011098 -0.091979 -2.433057 0.301884 -2.563457 -2.747972 0.308855 0.043391
5.011867 3.632118 0.940626 4.743887 5.929095 2.065133 5.013866 3.619262 3.626297 3.593134 4.530373 5.025718 4.825315 3.627343 3.633311 4.871288 3.679874 3.684905 5.605873 4.937828 5.948777 5.810089 4.748083 5.888643 5.823115 4.65079 5.957496 -0.26798 2.296976 -0.108538 -0.039688 -0.129183 0.606543 -0.040995 -0.044303 0.000225 -0.009029 -0.063133 0.03473 0.086782 1.909761 0.181009 2.270573 2.273056 -0.167523 -0.24764
5.030359 3.704075 0.961509 4.697163 5.796662 1.930577 5.031043 3.606122 3.631669 3.577826 4.585674 5.035569 4.852157 3.642514 3.647096 4.876143 3.739814 3.734503 5.463607 4.909616 5.797154 5.911964 4.899465 5.89253 5.914519 4.763339 5.849966 -0.333196 2.092587 0.018492 0.071957 0.020883 -0.075688 0.052189 -0.011315 -0.005075 0.013517 0.039737 0.013785 0.049902 -0.091248 0.061538 -0.250775 -0.011278 0.138872 -0.204389
5.056224 3.713267 0.939259 4.692687 5.668535 1.774492 5.027893 3.645976 3.66704 3.59744 4.584281 5.053841 4.873452 3.613831 3.617274 4.916429 3.652526 3.640457 3.885986 4.854428 3.59744 3.62357 4.736041 3.617274 3.623275 4.916429 3.652526 -0.363537 1.955268 0.025865 0.009192 -0.02225 -0.087798 -0.014652 0.021875 0.001549 -0.014961 0.020535 -0.029823 -0.095258 -1.845255 -0.246005 -1.993631 -2.265079 0.023718 -0.137319
5.00325 3.668 0.907083 4.954771 5.555178 2.068917 4.97802 3.689893 3.655867 3.607918 4.535713 5.039109 4.854227 3.611382 3.628356 4.912594 3.638137 3.647293 5.256748 5.087481 5.604045 5.752348 4.941001 5.704774 5.707527 4.823429 5.659956 -0.048479 1.887178 -0.052974 -0.045267 -0.032176 0.165614 -0.051174 0.046639 0.021547 0.027229 -0.031482 0.011083 0.014396 1.728996 0.421876 1.733035 2.085836 0.022712 -0.06809
5.018597 3.749427 0.92083 4.852483 5.468354 1.919446 5.041086 3.748574 3.671981 3.615481 4.557784 5.065082 4.869653 3.554769 3.57463 4.918495 3.532777 3.565038 5.245436 5.042715 5.505246 5.784699 5.014697 5.693406 5.800545 4.778603 5.575126 -0.166114 1.718927 0.015346 0.081427 0.013747 -0.084077 0.024661 0.048853 0.000926 -0.000769 0.026079 -0.053726 -0.047539 -0.117426 -0.009363 -0.108262 -0.032086 0.01134 -0.168251
5.035645 3.772935 0.946549 4.813032 5.400283 1.864026 5.095865 3.586124 3.672375 3.622256 4.608193 5.061028 4.873038 3.72071 3.71895 4.909741 3.843779 3.835677 5.206024 4.993943 5.462012 5.75734 4.936459 5.664796 5.78579 4.719913 5.523229 -0.222613 1.627349 0.017048 0.023507 0.025719 -0.031174 0.066977 -0.147152 -0.000258 -0.009367 0.012543 0.14432 0.231981 -0.007254 -0.048189 -0.05749 -0.032626 -0.064475 -0.091578
5.076288 3.731953 0.950796 4.761697 5.360414 1.872535 5.139934 3.634968 3.697554 3.665758 4.688195 5.089943 4.92191 3.747509 3.746304 4.955656 3.870775 3.869652 5.113415 4.917342 5.393503 5.678648 4.858138 5.552769 5.658651 4.652725 5.438708 -0.314591 1.628462 0.040643 -0.040982 0.004246 0.004786 0.062025 0.058632 0.050439 0.047911 0.060801 0.027354 0.042385 -0.058628 -0.088183 -0.058057 -0.080549 -0.068594 0.001113
5.127051 3.767328 0.966225 4.692516 5.27668 1.817329 5.131043 3.726113 3.814975 3.826832 4.687667 5.066261 4.922244 3.928992 3.950285 4.975645 4.006357 4.009333 5.035464 4.91601 5.266767 5.439633 4.791998 5.41871 5.440559 4.691932 5.435119 -0.434535 1.509352 0.050763 0.035375 0.01543 -0.031053 -0.015615 0.09215 0.185336 0.198561 0.02243 0.203981 0.137324 -0.101225 -0.039447 -0.057773 -0.181001 -0.01897 -0.11911
5.133021 3.831575 0.999358 4.686351 5.238273 1.88324 5.164101 3.846051 3.938055 3.941242 4.689339 5.069507 4.939655 4.056954 4.067699 5.003414 4.135479 4.138227 4.960649 4.872651 5.186945 5.247386 4.768002 5.295157 5.270993 4.702321 5.319406 -0.446671 1.406698 0.005971 0.064247 0.033133 0.037075 0.007921 0.131818 0.107367 0.109728 0.020652 0.117414 0.139811 -0.178735 -0.090324 -0.081391 -0.120519 -0.013273 -0.102654
5.129632 3.934739 1.033967 4.647469 5.127506 1.845266 4.80925 3.763197 3.937543 3.830913 4.796776 4.7608 4.781351 3.959655 3.96768 4.731708 4.093588 4.09076 5.163445 5.313029 5.346438 5.5988 5.32795 5.613874 5.708209 5.334673 5.501202 -0.482163 1.192767 -0.00339 0.103164 0.034608 -0.02136 -0.000645 -0.135546 -0.156721 -0.19873 -0.069164 -0.100019 -0.081479 0.207666 0.450346 0.109665 0.250276 0.641409 -0.213931
4.452593 4.204492 1.273237 5.587078 6.200491 2.207962 4.406671 4.330213 4.084264 4.257315 4.617281 4.391806 4.541718 4.366336 4.574048 4.464401 4.473611 4.6002 4.517429 4.652078 4.257315 4.586551 4.546623 4.574048 4.679115 4.464401 4.473611 1.134484 1.996 -0.677038 0.269753 0.23927 0.204017 -0.147112 0.669972 0.673062 0.788418 -0.231276 0.606368 0.615757 -1.018133 -0.649678 -1.062503 -1.007633 -0.839485 0.803232
4.260339 3.845269 1.334796 5.588546 6.196333 2.201506 4.229613 3.908794 3.764499 3.879168 4.413032 4.164486 4.343339 4.062138 4.278093 4.275212 4.243209 4.396242 4.414348 4.443552 3.879168 4.222017 4.363607 4.278093 4.364566 4.275212 4.243209 1.328207 2.351064 -0.192254 -0.359222 0.06156 -0.003631 -0.191632 -0.401125 -0.36182 -0.364533 -0.183015 -0.295955 -0.236572 -0.172571 -0.191632 -0.319765 -0.36182 -0.193609 0.355064
4.156459 3.754784 1.195063 5.590177 6.19243 2.195204 4.133802 3.530189 3.749679 3.735041 4.228384 4.056259 4.151507 4.0284 4.146895 4.081184 4.23778 4.308122 4.287179 4.224284 3.735041 3.95058 4.141438 4.146895 4.165971 4.081184 4.23778 1.433719 2.437646 -0.10388 -0.090486 -0.139733 -0.003545 -0.193495 -0.432352 -0.230589 -0.271437 -0.222169 -0.131198 -0.142031 -0.292923 -0.193495 -0.01482 -0.230589 -0.229105 0.086582
3.982337 3.631488 1.240135 5.591971 6.188784 2.189061 4.065886 3.313145 3.714628 3.340445 4.09826 3.883378 3.936655 3.525503 3.501419 3.858165 3.720738 3.723707 4.357519 4.065031 3.340445 3.259721 4.000878 3.501419 3.539604 3.858165 3.720738 1.609634 2.557295 -0.174121 -0.123295 0.045071 -0.003455 -0.168809 -0.25747 -0.643603 -0.69086 -0.14056 -0.645476 -0.538658 0.031551 -0.168809 -0.035051 -0.643603 -0.156237 0.119649
3.819842 3.612725 1.137234 5.593925 6.185398 2.183081 3.99933 3.147737 3.640533 3.318136 3.909506 3.770497 3.765182 3.505785 3.371041 3.69625 3.774179 3.686458 4.311451 3.938764 3.318136 2.987092 3.807723 3.371041 3.293935 3.69625 3.774179 1.774083 2.572673 -0.162496 -0.018763 -0.102901 -0.003364 -0.157838 -0.266122 -0.114997 -0.272629 -0.193155 -0.130379 -0.129437 -0.202426 -0.157838 -0.074095 -0.114997 -0.172106 0.015378
3.786801 3.430641 1.188321 6.102812 6.486785 2.750147 3.945496 2.890017 3.427752 3.107902 3.819868 3.729277 3.727939 3.239085 3.041105 3.660167 3.47541 3.323629 5.750366 5.996175 7.006808 7.707131 6.295557 7.391046 7.658682 6.4724 6.925592 2.316011 3.056144 -0.033041 -0.182084 0.051087 0.318974 -0.082868 -0.338045 -0.245854 -0.304471 -0.058794 -0.329935 -0.449192 2.8481 2.018887 2.718139 4.274806 2.739954 0.483471
3.806683 3.519939 1.265807 6.11124 6.508487 2.671448 3.917889 2.987753 3.330453 2.988949 3.778436 3.696358 3.700753 3.089024 2.843914 3.634678 3.330074 3.137015 5.936163 6.049423 7.195561 7.884125 6.34272 7.595857 7.853639 6.499106 7.115332 2.304557 2.988547 0.019882 0.089298 0.077486 -0.044268 -0.026755 0.277016 -0.139928 -0.174375 -0.047899 -0.197192 -0.262704 0.289015 0.072064 0.265914 0.192616 0.034149 -0.067597
3.780461 3.448607 1.355606 6.139766 6.695713 2.668466 3.887972 2.860109 3.21092 2.853421 3.739699 3.674524 3.677932 2.966443 2.706783 3.617568 3.224425 3.019993 6.12451 6.077304 7.377754 8.039831 6.36403 7.752711 7.990542 6.512457 7.28753 2.359305 3.247106 -0.026222 -0.071332 0.089799 -0.001677 -0.042667 -0.142343 -0.154793 -0.181667 -0.024527 -0.137131 -0.132352 0.235317 0.034698 0.228353 0.166253 0.018801 0.258558
3.758081 3.341283 1.439636 6.153885 6.87659 2.637946 3.895172 2.579301 3.07657 2.713259 3.725254 3.678767 3.665787 2.831541 2.570611 3.612563 3.105588 2.898232 6.300478 6.101522 7.541828 8.180037 6.386378 7.86452 8.122129 6.512785 7.408037 2.395805 3.535306 -0.02238 -0.107324 0.08403 -0.017167 -0.022253 -0.396023 -0.143006 -0.145825 -0.019053 -0.136172 -0.116161 0.157959 0.013962 0.209243 0.13853 0.000471 0.288201
3.758293 3.22548 1.511935 6.158736 7.044848 2.606834 3.903677 2.512571 2.959899 2.589249 3.733974 3.69753 3.688051 2.701679 2.445767 3.633409 2.965914 2.760462 6.493981 6.083995 7.637199 8.249722 6.37376 7.978968 8.231927 6.504303 7.594267 2.400443 3.819368 0.000212 -0.115803 0.0723 -0.017501 0.019677 -0.038975 -0.119253 -0.121486 0.026153 -0.124845 -0.142527 0.189494 -0.036124 0.142477 0.079705 0.002558 0.284061
3.773306 3.123987 1.578354 6.14046 7.182692 2.683993 3.951463 2.638961 2.889282 2.478535 3.794959 3.737036 3.735256 2.567802 2.320545 3.658854 2.804232 2.611035 6.62648 6.051537 7.814946 8.505145 6.360923 8.151486 8.423721 6.522652 7.704382 2.367153 4.058706 0.015014 -0.101493 0.066419 0.043402 0.099199 0.254703 -0.115031 -0.114353 0.047357 -0.125221 -0.135938 0.149836 -0.037361 0.11474 0.212069 0.020257 0.239338
3.814681 3.031871 1.630994 6.14841 7.339535 2.784309 4.053149 2.309182 2.842347 2.446819 3.799274 3.735209 3.728396 2.541443 2.312649 3.631813 2.753473 2.559183 6.701158 6.021671 7.888314 8.584837 6.339455 8.234652 8.508625 6.521869 7.762179 2.333729 4.307664 0.041375 -0.092115 0.05264 0.056428 -0.001321 -0.525325 -0.007183 0.050032 -0.011539 -0.007896 -0.057605 0.016246 -0.036572 -0.022247 0.084472 -0.01362 0.248958
3.844141 3.017047 1.683862 6.147468 7.413446 2.800273 4.084572 2.296959 2.819268 2.413374 3.868607 3.758827 3.755425 2.478691 2.252679 3.637197 2.673903 2.473085 6.777013 6.024895 7.901616 8.574599 6.324997 8.24762 8.511542 6.518548 7.765417 2.303327 4.3964 0.02946 -0.014825 0.052868 0.00898 0.053666 -0.037752 -0.028073 -0.019771 0.042336 -0.05997 -0.082233 -0.036322 0.012729 -0.018843 0.006874 -0.009246 0.088736
3.869582 2.99671 1.720234 6.154146 7.451418 2.758445 4.097094 2.289352 2.825949 2.416601 3.896556 3.780012 3.786305 2.484573 2.258968 3.665798 2.690713 2.497536 6.784898 6.045777 7.915627 8.57639 6.329978 8.253056 8.518037 6.521298 7.757392 2.284563 4.454708 0.025442 -0.020337 0.036371 -0.023528 0.038022 -0.020603 -0.005485 -0.018187 0.026696 0.006289 0.019874 0.018197 0.017874 -0.004734 0.009664 -0.001692 0.058308
3.894239 3.006879 1.737942 6.163682 7.461479 2.755895 4.092855 2.271695 2.818853 2.409489 3.862545 3.759898 3.759289 2.476124 2.228322 3.639408 2.681751 2.470187 6.790109 6.033219 7.889081 8.570726 6.321893 8.248873 8.521782 6.528387 7.759122 2.269443 4.4546 0.024657 0.010169 0.017708 -0.001435 -0.034106 -0.016534 -0.014906 -0.014837 -0.027968 -0.030646 -0.042373 -0.006636 -0.015272 -0.033162 -0.013498 0.001057 -0.000108
3.874694 3.007492 1.763678 6.161363 7.446525 2.846978 4.083011 2.249197 2.813433 2.400784 3.808885 3.735984 3.724733 2.485382 2.2403 3.615856 2.707165 2.502989 6.765311 6.018459 7.859153 8.568523 6.318594 8.24244 8.519543 6.518832 7.746532 2.286668 4.439033 -0.019545 0.000612 0.025736 0.051235 -0.04654 -0.015941 -0.005701 -0.000476 -0.046295 0.011979 0.039661 0.019846 -0.008027 -0.028538 -0.020955 -0.01255 -0.015567
3.853142 3.005927 1.786638 6.158364 7.423062 2.797567 4.049333 2.264058 2.841442 2.421979 3.78168 3.730449 3.713259 2.550319 2.312578 3.617574 2.802144 2.606741 6.769008 6.026429 7.87205 8.568136 6.303546 8.241481 8.513162 6.513786 7.752038 2.305222 4.417135 -0.021552 -0.001565 0.02296 -0.027794 -0.033954 0.014656 0.03408 0.026764 -0.01387 0.072278 0.099709 -0.002345 0.003998 -0.004584 0.005992 -0.009741 -0.021898
3.837339 3.025999 1.783279 6.159813 7.426764 2.767669 4.025733 2.290998 2.86559 2.453962 3.789283 3.749855 3.730808 2.593507 2.367903 3.65492 2.866257 2.678604 6.764965 6.027192 7.885082 8.571132 6.317387 8.235993 8.502734 6.515689 7.755128 2.322474 4.400766 -0.015803 0.020072 -0.003359 -0.016818 -0.006384 0.02091 0.038198 0.030129 0.019303 0.055324 0.087859 -0.031983 0.005853 0.006498 0.00915 -0.000816 -0.01637
3.848766 3.053242 1.76752 6.155618 7.434287 2.792098 4.047804 2.322339 2.883005 2.475445 3.815011 3.748079 3.738061 2.580808 2.347289 3.639504 2.812196 2.613931 6.771985 6.021217 7.855555 8.557932 6.307325 8.236099 8.513551 6.511325 7.743703 2.306851 4.381045 0.011427 0.027243 -0.015758 0.013741 0.026007 0.040936 0.013877 0.028154 0.010424 -0.020613 -0.079033 0.008237 -0.00968 -0.015232 -0.022255 -0.000228 -0.01972
3.852547 3.073161 1.76265 6.151285 7.422311 2.779022 4.081172 2.334053 2.869659 2.463272 3.853399 3.759276 3.74824 2.53177 2.313502 3.630989 2.733447 2.544717 6.78991 6.015732 7.8702 8.556197 6.296172 8.242363 8.515062 6.507359 7.755067 2.298738 4.349149 0.003781 0.01992 -0.004871 -0.007355 0.046429 0.021127 -0.010329 0.014105 0.023485 -0.033787 -0.027025 0.011493 -0.011226 0.021785 0.007804 -0.008202 -0.031896
3.865661 3.061442 1.763592 6.149465 7.435724 2.767144 4.097656 2.395763 2.926685 2.503773 3.92063 3.804658 3.81097 2.559483 2.337792 3.694837 2.753821 2.57398 6.76549 6.021641 7.886167 8.573944 6.298496 8.251609 8.528901 6.502908 7.757334 2.283804 4.374282 0.013114 -0.011719 0.000942 -0.006682 0.069098 0.066445 0.035385 0.028672 0.062223 0.024289 0.025037 0.002787 0.004355 0.003832 0.016373 -0.002709 0.025132
3.915124 3.103703 1.761924 6.151753 7.435067 2.727058 4.107 2.409946 2.953514 2.545827 3.915332 3.795587 3.798788 2.597282 2.358695 3.679193 2.794226 2.582721 6.784078 6.017781 7.897646 8.579477 6.300492 8.26141 8.526478 6.500305 7.772611 2.236629 4.331363 0.049463 0.042261 -0.001668 -0.022548 -0.006911 -0.00485 0.035057 0.012564 -0.015091 0.020903 -0.040982 -0.00496 0.003971 0.003129 0.011298 -0.004421 -0.042918
3.907209 3.146534 1.767705 6.145676 7.449638 2.748031 4.102603 2.409949 2.957014 2.540694 3.897166 3.777244 3.785767 2.599286 2.354982 3.664132 2.804546 2.591656 6.784018 6.007867 7.89804 8.581935 6.294123 8.262011 8.529589 6.491732 7.771542 2.238466 4.303104 -0.007915 0.04283 0.005782 0.011797 -0.014877 -0.005247 -0.007728 -0.002045 -0.012102 -0.003713 0.018687 0.006584 -0.013027 -0.003267 0.003338 -0.008149 -0.028259
3.891864 3.147866 1.788001 6.139774 7.449751 2.729975 4.101931 2.411132 2.973107 2.549266 3.876488 3.756785 3.767893 2.613666 2.370926 3.643289 2.821825 2.613241 6.790403 6.009279 7.891678 8.581504 6.295464 8.254551 8.52713 6.491069 7.763004 2.24791 4.301885 -0.015345 0.001333 0.020296 -0.010156 -0.018364 -0.001557 0.007105 0.011129 -0.018505 0.015943 0.024179 -0.005344 0.001877 -0.002032 -0.004749 0.000725 -0.001219
3.879884 3.161339 1.803291 6.139619 7.448789 2.719789 4.095393 2.420322 2.982444 2.555261 3.85314 3.737823 3.746682 2.633247 2.387732 3.623857 2.85277 2.639793 6.792967 6.007393 7.872262 8.574322 6.288598 8.249309 8.529274 6.488163 7.760348 2.259734 4.28745 -0.01198 0.013473 0.01529 -0.00573 -0.025994 0.021577 0.009845 0.006862 -0.022528 0.016807 0.012765 0.001758 -0.004584 -0.010187 -0.015612 -0.005195 -0.014435
3.866149 3.172105 1.818671 6.13438 7.438322 2.733093 4.086745 2.445323 3.015227 2.590276 3.833743 3.727337 3.728739 2.675398 2.437322 3.616258 2.888486 2.68922 6.788639 6.007878 7.857079 8.555214 6.294702 8.239357 8.517814 6.489998 7.752208 2.26823 4.266217 -0.013735 0.010765 0.01538 0.007484 -0.020844 0.026293 0.037758 0.042991 -0.021344 0.049589 0.059422 0.001144 -0.001545 -0.011176 -0.016985 0.000906 -0.021233
3.85802 3.206661 1.818151 6.137549 7.428947 2.721199 4.095339 2.484331 3.057655 2.624082 3.82326 3.727421 3.721784 2.718661 2.484469 3.613023 2.947324 2.751897 6.785164 6.020198 7.855278 8.554214 6.296363 8.234237 8.507682 6.488959 7.754143 2.27953 4.222286 -0.00813 0.034556 -0.00052 -0.00669 -0.006748 0.040519 0.037076 0.040136 -0.010841 0.047147 0.071547 -0.000194 0.012171 -0.011187 -0.001872 -0.004217 -0.043931
3.862877 3.241787 1.822463 6.141735 7.42602 2.706548 4.082523 2.540459 3.114108 2.690325 3.840233 3.733408 3.725408 2.790325 2.566252 3.618911 3.024044 2.830395 6.781403 6.031029 7.8719 8.55904 6.309456 8.233247 8.495617 6.49739 7.749918 2.278858 4.184233 0.004858 0.035126 0.004312 -0.008241 0.001529 0.058445 0.074537 0.084972 0.008908 0.081784 0.080903 0.000421 0.019689 -0.006992 0.013112 0.01114 -0.038053
3.861775 3.306574 1.818048 6.15142 7.431779 2.704982 4.074607 2.629709 3.190806 2.77359 3.853263 3.744839 3.749226 2.886984 2.667859 3.640897 3.117704 2.926452 6.781029 6.042514 7.836153 8.539972 6.31385 8.213254 8.485825 6.498601 7.747295 2.289645 4.125205 -0.001103 0.064787 -0.004415 -0.000881 0.01129 0.099964 0.095239 0.103867 0.032004 0.101607 0.099509 -0.022746 0.007662 -0.005701 -0.034245 -0.004467 -0.059028
3.869088 3.38525 1.804066 6.155407 7.413353 2.707748 4.058575 2.726898 3.282713 2.87632 3.871085 3.751154 3.75297 3.002601 2.795198 3.650623 3.24014 3.047073 6.750362 6.058677 7.794502 8.484424 6.310367 8.173928 8.449633 6.50157 7.739338 2.286319 4.028103 0.007313 0.078676 -0.013983 0.001556 0.002015 0.109568 0.118223 0.13073 0.007505 0.127339 0.122847 -0.053046 0.011193 -0.00548 -0.056202 -0.006609 -0.097102
3.862853 3.477382 1.773219 6.169626 7.384235 2.642432 4.04999 2.817357 3.367379 2.976198 3.89086 3.755963 3.755679 3.122497 2.944442 3.659742 3.359799 3.1807 6.751298 6.059859 7.691402 8.389879 6.290956 8.093091 8.368552 6.484923 7.709041 2.306773 3.906853 -0.006236 0.092132 -0.030847 -0.03674 0.002598 0.126106 0.120213 0.159346 0.013994 0.149244 0.173885 -0.066949 -0.00056 -0.057077 -0.102808 -0.019668 -0.12125
3.861002 3.560672 1.725148 6.170206 7.3413 2.499238 4.053853 2.94955 3.443451 3.075808 3.945987 3.755447 3.753654 3.235626 3.155573 3.665094 3.480678 3.367301 6.726903 6.072237 7.491149 8.17235 6.268854 7.942545 8.204485 6.484877 7.65042 2.309204 3.780629 -0.001851 0.083289 -0.048071 -0.080547 0.032461 0.199722 0.14487 0.226 0.037434 0.211131 0.294029 -0.115894 -0.004196 -0.108386 -0.20456 -0.020662 -0.126224
3.869288 3.638449 1.660133 6.170474 7.266926 2.553452 4.070046 3.0566 3.540417 3.197388 3.970883 3.742597 3.749504 3.346081 3.393501 3.68263 3.577003 3.55042 6.535155 6.072775 7.265516 7.949259 6.288096 7.748704 8.01253 6.471983 7.49905 2.301186 3.628477 0.008286 0.077777 -0.065015 0.030495 -0.002979 0.113 0.243517 0.369691 0.025646 0.237927 0.300631 -0.148689 0.020099 -0.191934 -0.214493 -0.023886 -0.152152
3.875929 3.728015 1.623301 6.166677 7.101191 2.477507 4.111563 3.122096 3.660602 3.407559 4.061722 3.745733 3.812503 3.622009 3.721799 3.732659 3.839302 3.824813 6.345195 6.093866 7.310467 7.647607 6.275018 7.608262 7.65939 6.400222 7.458581 2.290748 3.373176 0.006641 0.089566 -0.036833 -0.042719 -0.009343 0.093396 0.280181 0.293029 0.096277 0.328299 0.259526 -0.015604 0.022311 -0.022592 -0.105256 -0.083221 -0.255301
3.908004 3.779532 1.657173 6.160743 7.009975 2.33811 4.145638 3.261189 3.678781 3.365597 4.156142 3.775674 3.989435 3.809512 3.985493 3.898131 3.992148 4.102895 6.297339 6.141037 7.458097 7.216274 6.259766 7.289283 7.167518 6.365664 7.246875 2.25274 3.230442 0.032075 0.051517 0.033872 -0.078411 0.131116 0.1339 -0.199687 -0.289928 0.154914 0.263694 0.382621 0.085218 0.007397 0.363007 -0.207111 -0.014172 -0.142733
3.970335 3.890413 1.649263 6.175385 6.999927 2.467982 4.188892 3.365441 3.74417 3.426353 4.255885 3.843966 4.101494 3.946115 4.16001 4.016739 4.165177 4.292407 6.165553 6.034073 7.268368 6.969262 6.131407 7.119338 6.974781 6.276098 7.199747 2.20505 3.109514 0.062332 0.11088 -0.00791 0.073053 0.132039 0.1039 0.048798 0.049199 0.100688 0.174516 0.181332 -0.308313 -0.095623 -0.172044 -0.238475 -0.097173 -0.120929
4.041597 3.975361 1.613485 6.084204 6.827074 2.315911 4.239129 3.492812 3.780076 3.527942 4.45698 3.952206 4.239297 4.010524 4.259214 4.185808 4.236484 4.397691 6.844968 6.198952 6.386784 6.533998 5.842876 6.543861 6.542351 5.815865 6.453646 2.042606 2.851713 0.071262 0.084948 -0.035778 -0.08554 0.128611 0.158854 0.212944 0.259139 0.093372 0.099205 0.070676 0.25001 0.179437 -0.734745 -0.614709 -0.442455 -0.257801
4.121084 4.041192 1.502521 6.017942 6.590194 1.976538 4.30383 3.566898 3.872072 3.637065 4.600054 4.087009 4.368572 4.078406 4.260924 4.300057 4.277762 4.398501 4.779824 4.380438 3.637065 3.499638 4.410596 4.260924 4.365858 4.300057 4.277762 1.896859 2.549002 0.079486 0.065831 -0.110963 -0.190897 0.153861 0.035356 0.0087 -0.067545 0.124508 0.00171 -0.012851 -2.90598 -1.65172 -2.37544 -2.959625 -1.422339 -0.302711
4.194446 4.104852 1.349883 5.652874 5.995514 1.79286 4.38199 3.583761 3.986499 3.784032 4.735262 4.188971 4.401696 4.176913 4.355812 4.32941 4.325175 4.426212 4.189257 4.55808 3.696546 3.750142 4.584271 4.052655 4.095857 4.494863 4.168892 1.458427 1.890662 0.073363 0.06366 -0.152638 -0.103319 0.076963 -0.046478 0.120398 0.08675 0.083837 0.094888 0.069818 -0.206079 0.139493 -0.112252 0.183339 0.187181 -0.65834
4.278691 4.127898 1.163097 5.640079 5.796437 1.601672 4.36168 3.666976 4.088726 3.955477 4.803057 4.29814 4.435391 4.231945 4.387827 4.384729 4.384539 4.4946 6.00795 5.513302 5.451002 5.54422 5.636015 5.705637 5.770823 5.691205 5.556884 1.361389 1.668538 0.084244 0.023046 -0.186786 -0.107543 0.041343 0.053445 0.232115 0.245267 0.011865 0.032015 0.059831 1.768661 0.763801 1.684652 1.795634 1.126061 -0.222123
4.351192 4.161234 0.981213 5.66578 5.679277 1.396681 5.552073 5.529792 5.393164 5.435276 5.623105 5.744957 5.655313 5.488588 5.624236 5.72489 5.49484 5.600077 5.862658 5.555778 5.435276 5.633476 5.665936 5.624236 5.688047 5.72489 5.49484 1.314588 1.518043 0.072502 0.033336 -0.181884 -0.115308 0.917665 2.053472 1.674094 1.801821 1.159639 1.236409 1.056828 -0.118126 0.132677 -0.051308 0.047634 0.055506 -0.150496
4.792445 4.494501 1.189506 5.63637 5.586796 1.371972 5.531459 5.457769 5.469002 5.38519 5.58359 5.708456 5.643892 5.364081 5.442176 5.705834 5.336261 5.390883 5.12251 5.174291 4.824112 4.77923 5.210695 4.882517 4.890931 5.338296 4.972705 0.843924 1.092296 0.441253 0.333267 0.208293 -0.013899 -0.017106 -0.095205 -0.119626 -0.146796 -0.036551 -0.182059 -0.222082 -0.38796 -0.437117 -0.488413 -0.752375 -0.417579 -0.425747
4.737653 4.499536 1.071775 5.611027 5.509221 1.380083 4.7969 4.528905 4.581271 4.620846 5.165504 4.678964 4.804319 4.849819 5.015538 4.70968 4.999433 5.112845 5.263136 5.243981 4.718008 4.666594 5.468085 5.10221 5.177974 5.578532 5.075116 0.873374 1.009685 -0.054792 0.005036 -0.117731 0.004562 -0.400206 -0.962527 -0.736507 -0.731024 -0.8031 -0.426639 -0.26791 0.019366 0.045696 -0.044197 -0.112137 0.251918 -0.082611
4.770307 4.729462 1.07248 5.428938 4.977148 1.555572 4.80479 4.630902 4.760306 4.830827 5.087231 4.721468 4.83123 5.019046 5.19459 4.730581 5.115473 5.24986 5.26539 5.275316 4.757934 4.663009 5.502428 5.272395 5.313705 5.600818 5.175667 0.658631 0.247686 0.032654 0.229926 0.000705 0.098713 -0.006359 0.07444 0.29474 0.369431 -0.009408 0.179052 0.136703 0.053439 0.026907 -0.020117 0.023552 0.040108 -0.761999
4.776888 4.871587 1.068891 5.46593 5.020615 1.591185 4.790896 4.6853 4.703591 4.869781 5.027876 4.762565 4.891498 5.077692 5.248135 4.796089 5.175221 5.289038 5.360069 5.270334 4.848859 4.681033 5.535687 5.384574 5.381109 5.638741 5.311369 0.689042 0.149028 0.006582 0.142125 -0.003589 0.020032 -0.017223 0.064299 0.023062 -0.005572 0.039569 0.053545 -0.004227 0.089191 -0.008624 0.074659 0.058692 0.044494 -0.098658
4.769121 4.916363 1.087875 5.481188 5.11115 1.743538 4.784389 4.571218 4.611598 4.878339 4.92642 4.774379 4.896311 5.00369 5.156045 4.803453 5.094909 5.204737 5.535637 5.296841 4.979708 4.855677 5.567564 5.484204 5.478906 5.668023 5.418442 0.712067 0.194786 -0.007767 0.044776 0.018984 0.085699 0.004144 -0.117381 0.035438 0.041253 0.001609 -0.09209 -0.08458 0.115789 0.023324 0.097658 0.152574 0.02133 0.045758
4.753812 4.825796 1.142391 5.515666 5.232726 1.783666 4.78136 4.34697 4.454874 4.629586 4.968112 4.741318 4.876924 4.791305 4.961898 4.789288 4.880035 5.00169 5.608364 5.322882 5.048014 4.985041 5.572227 5.52398 5.545239 5.685014 5.429987 0.761854 0.40693 -0.015309 -0.090567 0.054515 0.022572 -0.008988 -0.262846 -0.246333 -0.217378 0.005531 -0.194147 -0.184446 0.042634 0.032732 0.075132 0.101448 0.016516 0.212143
4.731058 4.652141 1.142203 5.534855 5.292326 1.737234 4.799345 4.130173 4.344322 4.473115 4.965096 4.733143 4.863094 4.628228 4.833507 4.777673 4.708597 4.851339 5.607489 5.347596 5.077143 5.01672 5.594358 5.538306 5.564842 5.706027 5.443662 0.803796 0.640184 -0.022754 -0.173655 -0.000188 -0.026118 -0.02261 -0.263912 -0.149261 -0.130556 0.005861 -0.12839 -0.108988 0.026749 0.024714 0.031313 0.033994 0.021562 0.233255
4.733469 4.532986 1.092894 5.555016 5.321353 1.707097 4.827889 4.186455 4.280629 4.361661 4.952054 4.70389 4.852331 4.492492 4.71221 4.761646 4.579802 4.728844 5.62079 5.343679 5.101047 5.053628 5.597504 5.522879 5.583186 5.721674 5.426254 0.821547 0.788367 0.002411 -0.119155 -0.049309 -0.016952 -0.057574 0.147629 -0.102471 -0.076242 0.012755 -0.121297 -0.094903 0.017571 0.001565 0.021173 0.030789 0.000804 0.148183
4.731228 4.487849 0.983632 5.557715 5.341721 1.750543 4.851964 4.41398 4.245155 4.367439 4.919625 4.698182 4.858907 4.481034 4.705471 4.771314 4.591549 4.732583 5.635442 5.355881 5.094374 5.031875 5.601966 5.521834 5.561814 5.722916 5.427023 0.826487 0.853871 -0.002241 -0.045137 -0.109262 0.024438 -0.048966 0.348619 0.015815 -0.00053 0.007805 -0.00674 -0.001822 -0.018756 0.007029 -0.025917 -0.021386 0.007406 0.065504
4.744451 4.505134 0.922384 5.562218 5.327895 1.685087 4.812663 4.119413 4.302907 4.425487 4.993587 4.693778 4.836735 4.597874 4.779656 4.776494 4.68903 4.814351 5.599751 5.354657 5.049364 4.959833 5.617073 5.466797 5.499009 5.720681 5.391846 0.817766 0.822761 0.013223 0.017284 -0.061248 -0.036819 0.014125 -0.480466 0.028704 0.013518 -0.017151 0.074185 0.059809 -0.064765 -0.007355 -0.032256 -0.063443 0.009372 -0.03111
4.741664 4.483227 0.775757 5.563031 5.280661 1.695308 4.79766 4.562621 4.448804 4.620787 4.999044 4.716586 4.818531 4.739456 4.899977 4.739804 4.78504 4.906 5.527564 5.367627 4.955035 4.809083 5.577061 5.347942 5.395072 5.691245 5.311691 0.821368 0.797434 -0.002788 -0.021906 -0.146627 0.005749 0.025865 0.585128 0.173036 0.150627 -0.009762 0.120322 0.091417 -0.139192 0.004113 -0.079774 -0.123906 -0.036965 -0.025328
4.76877 4.576555 0.783484 5.572359 5.193249 1.65941 5.430596 4.913663 4.865539 4.880121 5.287244 5.652071 5.535554 5.075859 5.229086 5.639567 5.182459 5.295569 5.505202 5.357311 4.880121 4.865369 5.528669 5.229086 5.294636 5.639567 5.182459 0.803589 0.616694 0.027107 0.093328 0.007727 -0.020192 0.241433 0.260919 0.102549 -0.034837 0.665574 0.329109 0.357706 -0.094771 -0.00645 -0.136887 -0.008658 -0.06276 -0.18074
3.746126 5.292193 1.333049 5.632237 4.807649 1.677715 5.384281 4.959939 4.883648 4.951457 5.512605 5.700416 5.708057 5.074612 5.225284 5.770961 5.202051 5.328487 5.007291 5.461453 4.951457 5.229337 5.667056 5.225284 5.33778 5.770961 5.202051 1.886112 -0.484544 -1.022645 0.715637 0.549565 0.010296 0.16067 0.192335 0.22726 0.363968 0.138386 -0.003803 0.090033 -0.524146 0.16067 0.018108 0.22726 0.155853 -1.101238
3.717684 5.368027 1.328623 5.353047 4.988334 1.858666 5.298698 5.059485 4.958465 5.023823 5.555039 5.368269 5.504636 5.033255 5.120042 5.422971 5.051988 5.113975 5.019152 5.52614 5.023823 5.173804 5.525186 5.120042 5.188715 5.422971 5.051988 1.635363 -0.379693 -0.028442 0.075834 -0.004426 0.101785 0.138466 0.022219 0.003154 -0.055533 -0.14187 -0.105242 -0.268283 0.176271 0.138466 0.074818 0.003154 -0.319669 0.104851
4.98432 5.146873 1.124228 5.483274 5.042655 1.599682 5.464655 5.049762 5.057288 5.029049 5.160174 5.615421 5.529351 5.319682 5.50967 5.645579 5.422899 5.581781 5.200531 5.169131 5.043205 5.181239 4.871084 5.474728 5.426684 4.788316 5.542696 0.498954 -0.104218 1.266636 -0.221154 -0.204395 -0.145678 -0.367502 -0.066392 -0.068105 -0.153321 0.019649 0.389628 0.477783 0.191423 -0.255433 0.030871 0.010167 -0.675562 0.275475
4.934045 5.200222 1.12538 5.480721 5.248149 1.647777 5.430267 5.110806 5.111645 5.033171 5.16034 5.590141 5.490397 5.371501 5.540282 5.61086 5.48643 5.602932 5.286053 5.140534 4.989686 5.136184 4.84125 5.495726 5.462624 4.771817 5.51757 0.546676 0.047927 -0.050275 0.053349 0.001153 0.027053 -0.042421 0.048234 -0.035595 -0.062744 -0.053329 0.030611 -0.012523 0.317202 -0.033755 0.055258 -0.051442 -0.020991 0.152146
4.895659 5.216868 1.149369 5.453176 5.287383 1.744225 5.431623 5.179823 5.138015 5.074508 5.173852 5.617755 5.494714 5.450299 5.631525 5.62121 5.533251 5.641766 5.285493 5.07706 5.045039 5.222479 4.763574 5.488703 5.442818 4.69092 5.552003 0.557517 0.070515 -0.038385 0.016646 0.023989 0.054252 0.032027 0.079136 0.032791 0.022849 0.019252 0.091243 0.019546 -0.057248 -0.066075 -0.003939 0.065905 -0.078498 0.022587
4.846005 5.212808 1.103221 5.484508 5.328224 1.707257 5.44284 5.173502 5.196812 5.145538 5.188315 5.653149 5.516394 5.516642 5.68235 5.641242 5.602463 5.687637 5.328734 4.937517 5.023127 5.098964 4.907705 5.24068 5.253621 4.772347 5.357895 0.638503 0.115416 -0.049655 -0.00406 -0.046148 -0.020794 0.051613 -0.019971 0.0881 0.103308 0.028738 0.050825 0.018093 -0.075238 -0.151986 0.009561 -0.073848 0.136727 0.044901
4.729818 5.131721 0.966421 5.526196 5.389023 1.591374 5.48956 5.196435 5.288041 5.340132 5.298238 5.689037 5.578328 5.588691 5.731611 5.680797 5.659018 5.747768 5.220161 4.791965 4.943855 4.915091 4.904787 4.91913 4.907249 4.811533 4.947542 0.796377 0.257302 -0.116186 -0.081087 -0.1368 -0.065185 0.069619 0.045211 0.285462 0.369938 0.024833 0.049261 0.098945 0.087238 -0.166257 -0.021502 -0.138052 0.058012 0.141886
4.6559 5.183476 0.840593 5.576339 5.418535 1.506906 5.520233 5.590835 5.290793 5.516116 5.508847 5.610505 5.481102 5.62149 5.84043 5.542949 5.634016 5.790513 5.180405 4.713318 5.094218 5.21181 4.758781 5.163637 5.191552 4.718038 5.133561 0.920438 0.235059 -0.073918 0.051755 -0.125827 -0.047513 0.091351 0.538837 0.325763 0.408272 -0.051953 0.108819 0.125863 -0.120804 -0.129566 -0.002285 0.250889 -0.131525 -0.022243
4.579847 5.177081 0.744193 5.591853 5.436323 1.679527 5.558801 5.782707 5.447836 5.668247 5.614758 5.664238 5.600524 5.731842 5.965976 5.670495 5.748074 5.922074 5.624316 5.453885 5.668247 6.036226 5.628864 5.965976 6.079848 5.670495 5.748074 1.012005 0.259242 -0.076053 -0.006395 -0.0964 0.097099 0.081288 0.200399 0.164366 0.174121 0.116487 0.125545 0.129311 0.231321 0.719047 0.421406 0.729161 0.928004 0.024183
3.821338 5.577205 1.039155 5.635308 5.577157 1.480485 3.887947 5.479254 5.557005 5.44558 4.032374 3.772582 3.874237 5.474764 5.524321 3.795629 5.548041 5.582974 6.030872 4.010853 5.44558 5.516671 3.923993 5.524321 5.587418 3.795629 5.548041 1.813971 -4.8e-05 -0.75851 0.400124 0.294962 -0.111961 -1.382716 -0.386432 -0.432985 -0.519555 -1.704871 -0.441655 -0.402894 0.361669 -1.382716 0.109169 -0.432985 -1.828102 -0.25929
3.814291 5.723495 0.934326 5.979385 6.541663 2.220658 6.218618 6.754938 6.132005 6.665626 5.998072 5.875116 5.843378 6.681452 6.728665 5.740126 6.663001 6.700152 5.977218 6.142846 6.665626 6.692012 5.870879 6.728665 6.631156 5.740126 6.663001 2.165094 0.818169 -0.007046 0.14629 -0.104829 0.416347 2.033686 1.199142 1.287436 1.175341 1.946886 1.204345 1.007335 0.820283 2.033686 0.575 1.287436 1.937454 0.818217
3.411486 6.214827 1.269795 5.999244 6.560389 2.479947 5.811733 7.135548 6.261106 6.866111 6.094731 6.117993 6.148912 6.780396 7.062473 6.288616 6.661543 6.890899 5.852759 5.888274 6.866111 7.274496 6.166892 7.062473 7.179691 6.288616 6.661543 2.587758 0.345562 -0.402805 0.491332 0.335469 0.14585 -0.158049 0.508072 0.394523 0.582484 0.296013 0.333808 0.375791 0.09588 -0.158049 0.129101 0.394523 0.514423 -0.472607
2.589583 7.345434 1.261172 6.11569 6.669114 2.304442 5.855122 7.247941 6.544939 7.063609 6.104401 6.268749 6.304492 7.04824 7.366719 6.421696 6.983373 7.208437 7.093674 2.620476 7.446332 7.680678 2.540309 7.672303 7.737703 2.440362 7.581021 3.526108 -0.67632 -0.821903 1.130607 -0.008623 -0.098722 0.017384 0.189615 0.222013 0.291836 0.141963 0.304245 0.379117 0.531978 -3.324524 0.904635 0.455819 -3.804445 -1.021882
2.675279 7.339773 1.102991 6.122049 6.686367 2.189374 5.837309 7.317497 6.688591 7.104765 6.142884 6.28549 6.317962 7.140906 7.525054 6.43465 7.065036 7.362364 7.095785 2.471739 7.477658 7.92591 2.338253 7.681125 7.828465 2.444409 7.498419 3.44677 -0.653406 0.085696 -0.005662 -0.158181 -0.064726 0.011731 0.117121 0.100704 0.186682 0.006311 0.158336 0.213426 0.391143 -0.270465 0.103125 0.104972 -0.073698 0.022914
2.639876 7.458296 1.168082 6.114255 6.757438 2.335681 5.852444 7.439845 6.842304 7.227041 6.186753 6.309114 6.327631 7.232484 7.566466 6.447891 7.169035 7.431223 7.192907 2.402109 7.627918 8.037718 2.277638 7.779151 7.92596 2.383281 7.532511 3.474379 -0.700858 -0.035403 0.118523 0.065091 0.082298 0.028555 0.097473 0.080603 0.033048 0.015528 0.041412 0.046225 0.1397 -0.061039 0.170852 0.134377 -0.095787 -0.047452
2.580065 7.58347 1.146994 6.125554 6.861838 2.363714 5.860139 7.499946 6.988235 7.320961 6.164576 6.291024 6.3059 7.329602 7.626803 6.447036 7.297777 7.537646 7.352748 2.367016 7.766865 8.129759 2.217847 7.890376 8.048694 2.331814 7.642825 3.54549 -0.721633 -0.059811 0.125175 -0.021088 0.015769 -0.020148 0.054669 0.055802 0.041741 -0.015022 0.060337 0.110982 0.162845 -0.026353 0.171179 0.105703 -0.059245 -0.020775
2.529178 7.746359 1.126472 6.11913 6.967095 2.386895 5.819852 7.76022 7.076225 7.511058 6.142726 6.299117 6.320418 7.495923 7.865725 6.465304 7.401802 7.680457 7.488136 2.333471 7.985731 8.373376 2.193133 8.132505 8.283695 2.30594 7.88919 3.589952 -0.779264 -0.050886 0.162888 -0.020522 0.013039 -0.009249 0.335461 0.282952 0.37637 0.003144 0.238922 0.155531 0.14637 -0.033036 0.152749 0.241097 -0.017138 -0.057631
2.491938 7.891831 1.093857 6.118931 7.094848 2.560524 5.790374 7.876819 7.103561 7.612892 6.093102 6.296278 6.324663 7.592981 7.95836 6.472076 7.476314 7.723744 7.635162 2.307776 8.114002 8.444321 2.187208 8.300791 8.445886 2.283135 8.078332 3.626992 -0.796983 -0.03724 0.145472 -0.032616 0.097666 -0.029621 0.109176 0.118325 0.114487 -0.000293 0.092635 0.036082 0.077878 -0.042022 0.13299 0.100079 -0.015629 -0.017719
2.488519 8.001474 1.088394 6.098869 7.187394 2.750121 5.777875 7.874786 7.117049 7.63513 6.089886 6.291177 6.326609 7.622782 7.970768 6.481029 7.515953 7.740249 7.705732 2.317812 8.2216 8.601948 2.18881 8.410836 8.561537 2.30251 8.157958 3.61035 -0.81408 -0.00342 0.109643 -0.005463 0.106648 -0.006403 -0.004659 0.003186 -0.008386 0.008327 0.012408 -0.013368 0.101214 0.020638 0.094072 0.138527 0.031687 -0.017096
2.487474 8.091314 1.139823 6.100565 7.216853 2.822038 5.77085 7.908598 7.151405 7.659934 6.086569 6.278572 6.322548 7.631638 7.978503 6.468034 7.517885 7.737905 7.781469 2.316008 8.311909 8.70474 2.161546 8.494033 8.662662 2.28891 8.244142 3.613091 -0.874462 -0.001045 0.08984 0.051429 0.040453 -0.005341 0.027964 0.021462 0.020089 0.000153 0.007735 0.000799 0.073339 -0.007234 0.065125 0.095343 -0.017533 -0.060382
2.484903 8.164067 1.193921 6.094934 7.24883 2.788978 5.771905 7.904646 7.1282 7.648755 6.067138 6.289982 6.321706 7.626508 7.96661 6.466419 7.517036 7.728487 7.826606 2.329437 8.359603 8.758705 2.136671 8.525676 8.695297 2.281501 8.326229 3.610031 -0.915237 -0.002571 0.072752 0.054098 -0.018596 -0.015967 -0.005553 -0.014894 -0.020124 -0.003893 -0.011893 -0.013713 0.06555 0.009249 0.01712 0.050619 -0.009093 -0.040776
2.488877 8.217494 1.255751 6.100602 7.246093 2.745417 5.761131 7.889839 7.136159 7.628771 6.06348 6.283016 6.322777 7.609915 7.950311 6.465037 7.511006 7.72297 7.832944 2.341801 8.419594 8.816957 2.159348 8.619948 8.795878 2.306105 8.40983 3.611725 -0.971401 0.003974 0.053427 0.06183 -0.024503 -0.000646 -0.005373 -0.024289 -0.018955 -0.001162 -0.016299 -0.002224 0.027092 0.017201 0.037357 0.058026 0.047451 -0.056164
2.492886 8.237437 1.275297 6.096535 7.237869 2.770288 5.767663 7.887953 7.120757 7.625569 6.071311 6.289791 6.326483 7.618579 7.955852 6.472088 7.520044 7.734517 7.861682 2.33966 8.450773 8.836461 2.187562 8.636784 8.804563 2.339162 8.435284 3.603649 -0.999568 0.004009 0.019943 0.019547 0.01399 0.006594 0.008218 0.002156 0.006027 -0.000855 0.005541 0.006113 0.01618 0.002893 0.035563 0.023057 0.03877 -0.028167
2.501713 8.258657 1.282904 6.103192 7.227607 2.775853 5.772872 7.886446 7.131007 7.619891 6.079543 6.286777 6.333674 7.608285 7.94374 6.480124 7.511443 7.725068 7.87594 2.347317 8.47845 8.876452 2.203835 8.673107 8.844084 2.348606 8.455594 3.601479 -1.03105 0.008827 0.02122 0.007606 0.003131 0.003179 -0.01499 -0.007116 -0.012332 0.01006 -0.012112 -0.008442 0.034944 0.014091 0.026476 0.033873 0.007349 -0.031482
2.50608 8.284892 1.267385 6.109386 7.225156 2.78649 5.776772 7.871721 7.129606 7.609611 6.087881 6.298854 6.342402 7.599745 7.936575 6.487038 7.501208 7.713109 7.891393 2.360056 8.518851 8.940538 2.212679 8.696266 8.869886 2.358612 8.453143 3.603306 -1.059737 0.004367 0.026235 -0.015518 0.005983 0.008739 -0.012356 -0.015767 -0.015239 0.010055 -0.007165 -0.012911 0.031961 0.012935 0.029552 0.051159 0.007405 -0.028687
2.520416 8.310838 1.256851 6.115352 7.212811 2.799719 5.783912 7.865576 7.142929 7.606925 6.094923 6.301188 6.345058 7.601665 7.927766 6.493347 7.508784 7.723762 7.918175 2.366857 8.538717 8.958287 2.265719 8.723839 8.885827 2.387053 8.493338 3.594936 -1.098027 0.014336 0.025945 -0.010535 0.007441 0.006658 -0.002814 -0.002216 0.001711 -0.001149 -0.008809 0.014306 0.028709 0.013624 0.007954 0.022568 0.056557 -0.038291
2.524599 8.337768 1.243443 6.123353 7.20137 2.782743 5.792541 7.849522 7.127271 7.598221 6.103017 6.310836 6.356223 7.59939 7.928724 6.500055 7.512478 7.731035 7.948178 2.374221 8.589011 9.019347 2.299783 8.765502 8.917658 2.400411 8.515705 3.598753 -1.136398 0.004184 0.026931 -0.013408 -0.009549 0.014037 -0.018381 0.002035 0.005912 0.010391 0.000958 0.006096 0.023004 0.007247 0.028244 0.056126 0.014326 -0.038371
2.533159 8.363662 1.229427 6.132734 7.204494 2.785043 5.797084 7.840362 7.10776 7.582439 6.112838 6.317146 6.352636 7.589432 7.917281 6.502858 7.501123 7.724268 7.952676 2.382611 8.584421 9.013861 2.39713 8.737035 8.826421 2.420599 8.552846 3.599575 -1.159168 0.00856 0.025894 -0.014016 0.001294 -0.00268 -0.008054 -0.025771 -0.034705 -0.007678 -0.011443 -0.003247 0.002862 0.010857 0.012101 -0.002989 0.045572 -0.02277
2.543324 8.369703 1.215695 6.135426 7.196819 2.774543 5.798647 7.837644 7.101455 7.572645 6.118803 6.319746 6.36209 7.575986 7.912455 6.507275 7.49466 7.714472 7.953339 2.38535 8.610075 9.04713 2.426266 8.740515 8.811889 2.436502 8.560302 3.592101 -1.172884 0.010165 0.006041 -0.013732 -0.005907 0.009674 -0.002285 -0.003563 0.001175 0.007641 -0.004826 -0.014023 0.01556 0.001383 0.024288 0.030274 0.029459 -0.013716
2.557168 8.379938 1.200981 6.140417 7.199436 2.774901 5.800039 7.839915 7.101129 7.574387 6.122462 6.324001 6.359709 7.574923 7.898124 6.504895 7.495716 7.715363 7.966895 2.418485 8.619122 9.064164 2.385711 8.783156 8.885353 2.421418 8.567253 3.58325 -1.180502 0.013843 0.010235 -0.014714 0.000202 0.001005 -8.8e-05 -0.007635 -0.017042 -0.001753 -0.014331 0.000208 0.008677 0.04637 0.005926 0.018858 -0.037541 -0.007618
2.568021 8.391075 1.191599 6.139945 7.196119 2.762419 5.799972 7.844613 7.101793 7.578813 6.118609 6.324543 6.361222 7.580233 7.904387 6.506571 7.497506 7.715441 7.970825 2.427224 8.62147 9.065593 2.402359 8.786767 8.895581 2.438888 8.572985 3.571924 -1.194956 0.010853 0.011137 -0.009381 -0.007021 -0.000108 0.002254 0.004003 -0.000426 0.000487 0.006262 -0.005136 0.005853 0.003576 0.005383 -0.002568 0.019922 -0.014454
2.579613 8.396363 1.169833 6.142321 7.190306 2.762117 5.799044 7.822051 7.081828 7.563179 6.106578 6.325394 6.359919 7.577808 7.907466 6.505718 7.4952 7.71585 7.954565 2.447237 8.604316 9.056969 2.391682 8.780863 8.896586 2.425212 8.573259 3.562708 -1.206057 0.011592 0.005288 -0.021766 -0.00017 -0.006737 -0.018168 -0.010005 -0.006338 -0.006515 0.00308 0.006663 -0.006782 0.025534 -0.010082 -0.010057 -0.012356 -0.011101
2.584839 8.387786 1.177059 6.140625 7.188076 2.772204 5.798956 7.809606 7.087988 7.543978 6.105159 6.321074 6.356634 7.557863 7.887366 6.510103 7.483231 7.705082 7.965569 2.440808 8.62467 9.090753 2.357197 8.832532 8.996611 2.419691 8.586562 3.555787 -1.19971 0.005226 -0.008578 0.007225 0.005674 -0.003765 -0.00414 -0.014997 -0.005403 -0.003612 -0.0201 -0.006084 -0.009037 -0.014318 0.010047 0.02374 -0.030384 0.006347
2.595388 8.38671 1.165278 6.144955 7.171517 2.774394 5.797835 7.820858 7.087489 7.560568 6.09895 6.32493 6.358463 7.574419 7.90502 6.508949 7.495447 7.724407 7.954703 2.481807 8.62415 9.098627 2.37704 8.770196 8.90345 2.42139 8.545372 3.549567 -1.215193 0.010549 -0.001076 -0.01178 0.001232 0.000907 0.006948 0.017894 0.021409 0.002866 0.017654 0.026818 -0.010636 0.053236 -0.009189 0.008518 0.005833 -0.015483
2.615326 8.378408 1.151481 6.144127 7.175326 2.778583 5.800869 7.822214 7.071197 7.553235 6.103198 6.322852 6.361744 7.572561 7.912687 6.509455 7.493518 7.727109 7.949048 2.521929 8.608414 9.07327 2.361684 8.770074 8.936839 2.443834 8.522994 3.528801 -1.203082 0.019938 -0.008302 -0.013798 0.002357 0.002074 0.005972 0.000982 0.008213 0.003478 0.007667 0.006019 -0.009002 0.050783 -0.022597 -0.018378 0.014793 0.012111
2.637635 8.367998 1.148901 6.140078 7.174218 2.790713 5.801066 7.832344 7.101735 7.573223 6.115314 6.324438 6.360878 7.578074 7.901993 6.502895 7.494707 7.717922 7.920914 2.538055 8.611518 9.072729 2.393896 8.761888 8.911781 2.461199 8.544733 3.502442 -1.19378 0.022309 -0.01041 -0.002579 0.006823 0.008109 -0.003247 0.007175 -0.01103 0.000979 -0.010694 -0.02955 0.018497 0.025577 0.015361 -0.000564 0.023977 0.009301
2.651203 8.370548 1.121409 6.138518 7.183713 2.779509 5.805294 7.799853 7.053205 7.534134 6.088911 6.320236 6.352825 7.56355 7.898508 6.504313 7.496004 7.723117 7.950605 2.554707 8.637526 9.101719 2.404009 8.77796 8.923208 2.475045 8.536679 3.487315 -1.186835 0.013568 0.00255 -0.027492 -0.006302 -0.016047 -0.015796 -0.024978 -0.004328 -0.01114 -0.003485 0.018663 -0.006236 0.006218 0.025654 0.026457 -0.003559 0.006946
2.667671 8.38705 1.069365 6.137367 7.173455 2.761963 5.796947 7.830198 7.100591 7.58482 6.106451 6.319636 6.355572 7.59143 7.923087 6.501472 7.505156 7.737763 7.973573 2.554749 8.666697 9.098765 2.438959 8.783123 8.906235 2.491647 8.55781 3.469696 -1.213595 0.016468 0.016502 -0.052044 -0.009869 0.009561 0.017212 0.043215 0.026823 0.005382 0.02458 0.014428 -0.006061 -0.003029 0.041986 0.015515 0.025468 -0.026761
2.676686 8.404351 1.047214 6.134268 7.195036 2.794407 5.798358 7.809901 7.077022 7.552682 6.082652 6.31505 6.348939 7.576844 7.908388 6.504661 7.498849 7.724503 7.989098 2.54985 8.661743 9.106545 2.461492 8.810117 8.913845 2.490274 8.549366 3.457582 -1.209314 0.009015 0.017301 -0.022151 0.01825 -0.01946 -0.006549 -0.031341 -0.023491 -0.009998 -0.014699 -0.011562 0.004965 -0.00597 -0.01693 0.010183 0.000736 0.004281
2.686195 8.396656 1.0538 6.137309 7.186482 2.783308 5.797704 7.828711 7.09616 7.567204 6.097001 6.321942 6.353045 7.583417 7.912741 6.503995 7.507632 7.730527 7.971793 2.544546 8.614362 9.07312 2.447048 8.754886 8.887288 2.500999 8.511696 3.451114 -1.210174 0.009509 -0.007695 0.006586 -0.006243 0.012454 0.007604 0.007006 -0.005813 0.00396 0.004353 -0.001143 -0.015298 -0.024083 -0.021498 -0.051529 0.00034 -0.000859
]