08-15-20_Prerna_4KDepth.orange_alligator_in_grey_flowers.0000000003 [ 0.711706 1.373154 1.207994 3.249078 1.901413 4.862721 -1.559479 5.120748 2.194563 0.202739 2.035233 5.248319 -0.702584 1.30261 -1.037918 3.191538 -0.747594 3.668741 -4.382517 3.880856 -0.572593 -1.509203 -0.546004 3.522373 0.0 0.0 0.0 0.0 0.0 0.0 0.0 0.0 0.0 0.0 0.0 0.0 0.0 0.0 0.0 0.0 0.0 0.0 0.0 0.0 0.0 0.0 0.0 0.0
0.728361 1.358114 1.177374 3.283721 1.800287 4.954778 -1.671521 5.29563 2.067397 0.31933 1.904797 5.333813 -0.705709 1.384658 -1.069542 3.380906 -0.766193 3.689813 -4.375449 3.905227 -0.572321 -1.566021 -0.549599 3.471131 0.016655 -0.01504 -0.03062 0.034643 -0.101126 0.092057 -0.112042 0.174882 -0.127165 0.116591 -0.130436 0.085495 -0.003126 0.082048 -0.031624 0.189368 -0.018598 0.021071 0.007068 0.024371 0.000272 -0.056818 -0.003594 -0.051242
0.714946 1.382278 1.188657 3.331795 1.823851 5.033481 -1.636908 5.352176 2.09897 0.385848 1.932761 5.39633 -0.681308 1.320612 -1.025793 3.157185 -0.766578 3.66269 -4.402214 3.941679 -0.587502 -1.445397 -0.558939 3.55985 -0.013415 0.024164 0.011283 0.048074 0.023564 0.078703 0.034614 0.056546 0.031573 0.066518 0.027964 0.062516 0.024401 -0.064046 0.04375 -0.223722 -0.000386 -0.027123 -0.026765 0.036452 -0.015182 0.120624 -0.00934 0.088719
0.735976 1.390046 1.184729 3.293465 1.817004 4.968805 -1.643491 5.350072 2.080907 0.387319 1.907605 5.371805 -0.696688 1.339809 -1.047359 3.231202 -0.770302 3.678167 -4.393413 3.92141 -0.577231 -1.497892 -0.552547 3.522981 0.02103 0.007768 -0.003928 -0.038329 -0.006847 -0.064676 -0.006583 -0.002105 -0.018063 0.001471 -0.025156 -0.024524 -0.015379 0.019197 -0.021566 0.074018 -0.003724 0.015478 0.008801 -0.02027 0.010271 -0.052494 0.006391 -0.036869
0.730611 1.42922 1.159935 3.331474 1.798286 4.913373 -1.664568 5.253276 2.06955 0.268244 1.900185 5.269025 -0.702788 1.364489 -1.04306 3.288932 -0.758116 3.683253 -4.376487 3.904747 -0.567864 -1.532124 -0.541947 3.496447 -0.005364 0.039173 -0.024794 0.038009 -0.018718 -0.055432 -0.021077 -0.096796 -0.011357 -0.119075 -0.00742 -0.10278 -0.0061 0.02468 0.004299 0.057729 0.012186 0.005086 0.016926 -0.016663 0.009368 -0.034232 0.010601 -0.026534
0.723387 1.379828 1.161889 3.250498 1.777442 4.853176 -1.688827 5.196538 2.038742 0.227074 1.873189 5.228105 -0.698611 1.367479 -1.023782 3.292135 -0.762411 3.692439 -4.393285 3.909468 -0.585161 -1.525295 -0.555054 3.503215 -0.007224 -0.049391 0.001954 -0.080976 -0.020844 -0.060198 -0.024259 -0.056738 -0.030807 -0.04117 -0.026996 -0.04092 0.004177 0.00299 0.019279 0.003203 -0.004295 0.009186 -0.016798 0.004722 -0.017297 0.006829 -0.013107 0.006768
0.725472 1.343224 1.147438 3.271392 1.787018 4.95832 -1.672331 5.322159 2.070106 0.328314 1.899259 5.311485 -0.675462 1.374262 -1.04696 3.354544 -0.771551 3.734348 -4.376504 3.961493 -0.591047 -1.497632 -0.568822 3.515598 0.002085 -0.036604 -0.014451 0.020894 0.009576 0.105144 0.016496 0.125621 0.031364 0.10124 0.026069 0.08338 0.023149 0.006783 -0.023178 0.062409 -0.009139 0.041909 0.016782 0.052025 -0.005886 0.027663 -0.013768 0.012383
0.721006 1.351608 1.162828 3.270038 1.807428 4.918372 -1.646372 5.291942 2.08205 0.299718 1.910978 5.278624 -0.67899 1.373408 -1.013168 3.324773 -0.765605 3.719678 -4.379637 3.943409 -0.591856 -1.508878 -0.566194 3.510764 -0.004466 0.008385 0.01539 -0.001354 0.02041 -0.039948 0.02596 -0.030217 0.011944 -0.028596 0.011719 -0.032862 -0.003528 -0.000855 0.033792 -0.029771 0.005946 -0.01467 -0.003133 -0.018085 -0.000809 -0.011246 0.002628 -0.004834
0.727742 1.365568 1.179456 3.254706 1.824334 4.882574 -1.634271 5.243152 2.093145 0.2623 1.925721 5.256699 -0.6907 1.375124 -1.023307 3.352581 -0.76018 3.720984 -4.37627 3.934876 -0.581305 -1.521174 -0.555484 3.509048 0.006736 0.013959 0.016628 -0.015332 0.016906 -0.035797 0.0121 -0.04879 0.011095 -0.037417 0.014743 -0.021925 -0.011711 0.001716 -0.010139 0.027809 0.005425 0.001307 0.003367 -0.008533 0.010552 -0.012296 0.01071 -0.001716
0.726875 1.368623 1.177224 3.256675 1.811584 4.886145 -1.655066 5.241311 2.08086 0.267632 1.918052 5.261884 -0.69141 1.373483 -1.025666 3.290728 -0.760748 3.704002 -4.390285 3.925724 -0.584674 -1.521243 -0.557214 3.507169 -0.000867 0.003055 -0.002232 0.001969 -0.012749 0.003571 -0.020794 -0.001841 -0.012285 0.005332 -0.007669 0.005185 -0.00071 -0.00164 -0.002359 -0.061853 -0.000569 -0.016983 -0.014015 -0.009151 -0.003369 -6.9e-05 -0.00173 -0.001879
0.727158 1.362501 1.177138 3.252917 1.809572 4.886176 -1.655365 5.24252 2.076713 0.274052 1.91389 5.268327 -0.691598 1.370629 -1.02604 3.288968 -0.763525 3.703383 -4.392353 3.924717 -0.585304 -1.522698 -0.55763 3.506087 0.000284 -0.006122 -8.6e-05 -0.003758 -0.002012 3e-05 -0.000299 0.001209 -0.004147 0.006421 -0.004163 0.006443 -0.000188 -0.002854 -0.000374 -0.00176 -0.002776 -0.000619 -0.002069 -0.001008 -0.00063 -0.001455 -0.000416 -0.001082
0.722038 1.358449 1.170245 3.24712 1.802037 4.882797 -1.658386 5.234865 2.076873 0.262276 1.909593 5.257566 -0.690812 1.369712 -1.019045 3.316819 -0.76414 3.709872 -4.388364 3.927449 -0.589193 -1.517328 -0.560858 3.508308 -0.005121 -0.004053 -0.006893 -0.005798 -0.007535 -0.003378 -0.003021 -0.007655 0.00016 -0.011776 -0.004296 -0.010761 0.000786 -0.000917 0.006995 0.027851 -0.000615 0.006489 0.003989 0.002732 -0.003889 0.00537 -0.003228 0.00222
0.710713 1.370873 1.129581 3.239435 1.777972 4.760752 -1.688306 5.049287 2.075405 0.041926 1.912138 5.071538 -0.681738 1.380171 -1.013625 3.288004 -0.764599 3.680615 -4.394633 3.907568 -0.592605 -1.527931 -0.562539 3.497803 -0.011324 0.012424 -0.040663 -0.007684 -0.024065 -0.122046 -0.029921 -0.185577 -0.001468 -0.220351 0.002545 -0.186028 0.009075 0.010459 0.00542 -0.028816 -0.00046 -0.029258 -0.006269 -0.019881 -0.003412 -0.010604 -0.001681 -0.010505
0.71927 1.353757 1.119944 3.208001 1.765652 4.743624 -1.707301 5.046892 2.050229 0.017634 1.879531 5.036717 -0.670021 1.372165 -1.012392 3.260226 -0.763693 3.687044 -4.388982 3.921572 -0.59676 -1.509518 -0.568298 3.504117 0.008557 -0.017116 -0.009637 -0.031434 -0.01232 -0.017128 -0.018994 -0.002396 -0.025176 -0.024292 -0.032607 -0.034821 0.011717 -0.008006 0.001233 -0.027778 0.000906 0.006429 0.005651 0.014004 -0.004155 0.018413 -0.005758 0.006314
0.702688 1.335852 1.093258 3.092771 1.685858 4.428595 -1.803494 4.664186 1.98599 -0.34816 1.832352 4.696804 -0.661273 1.362369 -0.98876 3.155518 -0.740641 3.667803 -4.384745 3.909052 -0.57127 -1.497327 -0.541986 3.509864 -0.016582 -0.017905 -0.026686 -0.11523 -0.079794 -0.315028 -0.096193 -0.382706 -0.064238 -0.365794 -0.047179 -0.339913 0.008748 -0.009795 0.023632 -0.104708 0.023052 -0.019241 0.004238 -0.01252 0.02549 0.012192 0.026312 0.005747
0.700361 1.325921 1.090952 3.004843 1.673768 4.279457 -1.814054 4.554174 1.950408 -0.480501 1.795017 4.549299 -0.670271 1.345806 -0.994723 3.154696 -0.732354 3.65223 -4.372147 3.895838 -0.562711 -1.519428 -0.534478 3.491714 -0.002327 -0.009931 -0.002307 -0.087928 -0.01209 -0.149139 -0.01056 -0.110012 -0.035582 -0.132341 -0.037335 -0.147504 -0.008998 -0.016564 -0.005962 -0.000822 0.008287 -0.015573 0.012598 -0.013214 0.008559 -0.022101 0.007508 -0.01815
0.686914 1.268924 1.033148 2.953554 1.563838 4.039376 -1.93597 4.333864 1.801974 -0.761786 1.652734 4.258069 -0.677003 1.339128 -0.980417 3.084345 -0.73601 3.623309 -4.380232 3.906872 -0.570504 -1.498866 -0.537824 3.494222 -0.013447 -0.056997 -0.057803 -0.05129 -0.109931 -0.240081 -0.121917 -0.22031 -0.148435 -0.281284 -0.142283 -0.291231 -0.006732 -0.006678 0.014305 -0.070351 -0.003657 -0.028921 -0.008085 0.011034 -0.007793 0.020562 -0.003346 0.002508
0.706358 1.298592 1.008412 2.95442 1.498833 3.610226 -2.089527 3.855682 1.607438 -1.388136 1.487758 3.635239 -0.691521 1.343387 -0.972172 3.099677 -0.719368 3.656136 -4.354767 3.954695 -0.544362 -1.463927 -0.50741 3.513074 0.019444 0.029668 -0.024737 0.000867 -0.065004 -0.42915 -0.153556 -0.478182 -0.194535 -0.62635 -0.164976 -0.62283 -0.014518 0.004259 0.008245 0.015332 0.016643 0.032827 0.025465 0.047823 0.026142 0.03494 0.030414 0.018852
0.730637 1.335479 1.09499 3.195446 1.370219 3.109119 -2.193647 3.167076 1.434835 -2.287641 1.376379 2.788926 -0.723919 1.33813 -1.002692 3.135443 -0.740187 3.636302 -4.374763 3.942733 -0.568603 -1.481745 -0.527244 3.480258 0.024279 0.036888 0.086578 0.241026 -0.128614 -0.501106 -0.10412 -0.688606 -0.172603 -0.899506 -0.11138 -0.846313 -0.032398 -0.005257 -0.03052 0.035766 -0.02082 -0.019834 -0.019996 -0.011963 -0.024242 -0.017819 -0.019833 -0.032817
0.738682 1.344425 1.267783 3.315562 1.276932 2.62904 -2.580897 2.512443 1.100979 -2.971098 1.068488 2.181358 -0.737122 1.353276 -1.033748 3.211509 -0.742256 3.625891 -4.364025 3.922042 -0.552952 -1.502726 -0.518277 3.461793 0.008045 0.008945 0.172793 0.120116 -0.093287 -0.48008 -0.38725 -0.654633 -0.333856 -0.683457 -0.307891 -0.607568 -0.013204 0.015146 -0.031056 0.076066 -0.002069 -0.010411 0.010738 -0.020691 0.015651 -0.02098 0.008967 -0.018464
0.747671 1.369471 1.315777 3.292 1.022231 2.340021 -2.883786 2.137591 0.816071 -3.304165 0.8001 1.8875 -0.732376 1.356143 -1.051903 3.140303 -0.751364 3.590904 -4.3824 3.9008 -0.556576 -1.509193 -0.521157 3.459637 0.008988 0.025046 0.047994 -0.023563 -0.254701 -0.289019 -0.302889 -0.374852 -0.284908 -0.333067 -0.268388 -0.293857 0.004746 0.002868 -0.018155 -0.071207 -0.009108 -0.034987 -0.018375 -0.021242 -0.003623 -0.006468 -0.00288 -0.002156
0.72436 1.251162 1.287903 3.107464 0.963621 2.104751 -2.905212 1.856536 0.790772 -3.556152 0.765415 1.645632 -0.724988 1.299561 -1.068901 3.135182 -0.745168 3.611228 -4.3672 3.901642 -0.545632 -1.511359 -0.520645 3.465177 -0.023311 -0.11831 -0.027874 -0.184536 -0.05861 -0.23527 -0.021426 -0.281055 -0.025299 -0.251987 -0.034685 -0.241868 0.007388 -0.056582 -0.016998 -0.005121 0.006195 0.020323 0.015199 0.000842 0.010944 -0.002166 0.000512 0.00554
0.72014 1.242648 1.197991 2.936264 0.587761 1.184894 -3.333049 0.723148 0.389838 -4.560815 0.381336 0.723859 -0.709958 1.322018 -1.058251 3.157618 -0.732638 3.609018 -4.355236 3.917312 -0.54107 -1.472113 -0.520098 3.499511 -0.00422 -0.008514 -0.089912 -0.171199 -0.37586 -0.919856 -0.427837 -1.133388 -0.400934 -1.004664 -0.384079 -0.921773 0.01503 0.022457 0.01065 0.022436 0.01253 -0.00221 0.011964 0.01567 0.004562 0.039247 0.000547 0.034335
0.728467 1.246382 1.248179 2.76654 0.54951 0.890948 -3.377903 0.421412 0.330734 -4.815166 0.325393 0.481585 -0.697308 1.339273 -1.059401 3.133266 -0.715181 3.59548 -4.331811 3.916882 -0.508555 -1.472562 -0.495965 3.500029 0.008327 0.003735 0.050188 -0.169724 -0.038251 -0.293947 -0.044854 -0.301736 -0.059104 -0.254351 -0.055943 -0.242274 0.01265 0.017256 -0.00115 -0.024352 0.017457 -0.013539 0.023425 -0.00043 0.032515 -0.000449 0.024133 0.000517
0.743904 1.2459 1.299322 2.548147 0.553457 0.90707 -3.383104 0.500985 0.309542 -4.72599 0.311345 0.552676 -0.670096 1.348802 -1.046394 3.142693 -0.707235 3.595022 -4.323598 3.915598 -0.504283 -1.477047 -0.489771 3.495049 0.015437 -0.000482 0.051143 -0.218393 0.003948 0.016122 -0.005201 0.079574 -0.021191 0.089175 -0.014048 0.071091 0.027213 0.009528 0.013007 0.009428 0.007946 -0.000458 0.008213 -0.001284 0.004272 -0.004485 0.006194 -0.00498
0.742332 1.229966 1.306214 2.334724 0.556213 0.848656 -3.382247 0.479917 0.306739 -4.709881 0.315775 0.558657 -0.661374 1.348721 -0.98279 3.089009 -0.699931 3.582812 -4.329488 3.914925 -0.51195 -1.467527 -0.492209 3.500951 -0.001572 -0.015934 0.006893 -0.213422 0.002756 -0.058413 0.000857 -0.021068 -0.002804 0.016109 0.00443 0.005981 0.008721 -8e-05 0.063604 -0.053685 0.007304 -0.01221 -0.00589 -0.000674 -0.007667 0.009521 -0.002438 0.005903
0.736898 1.215365 1.309168 2.187186 0.512213 0.679065 -3.442292 0.317686 0.251271 -4.857237 0.265304 0.415559 -0.665207 1.324674 -1.01076 3.096036 -0.705742 3.580691 -4.333489 3.916417 -0.517392 -1.471126 -0.500219 3.498109 -0.005434 -0.014601 0.002954 -0.147539 -0.044 -0.169592 -0.060045 -0.162231 -0.055467 -0.147356 -0.050471 -0.143099 -0.003833 -0.024047 -0.027969 0.007027 -0.005811 -0.002121 -0.004 0.001493 -0.005442 -0.0036 -0.00801 -0.002843
0.737027 1.208453 1.31515 2.167564 0.534522 0.643874 -3.413751 0.257712 0.279872 -4.920044 0.293961 0.360912 -0.674063 1.337523 -1.015955 3.094585 -0.713303 3.57292 -4.344099 3.905017 -0.524242 -1.482985 -0.505204 3.487402 0.000129 -0.006912 0.005982 -0.019622 0.022309 -0.035191 0.028542 -0.059974 0.028601 -0.062808 0.028657 -0.054646 -0.008856 0.012849 -0.005196 -0.001451 -0.007561 -0.007771 -0.010611 -0.0114 -0.006851 -0.011858 -0.004985 -0.010707
0.732291 1.149091 1.321732 2.30757 1.133819 1.353442 -2.626862 1.236732 0.993481 -4.080674 0.953798 1.085987 -0.658705 1.261991 -0.969298 2.890532 -0.717021 3.572622 -4.346707 3.923045 -0.531582 -1.425219 -0.50903 3.51883 -0.004736 -0.059362 0.006582 0.140006 0.599297 0.709568 0.786889 0.97902 0.713608 0.83937 0.659837 0.725075 0.015358 -0.075532 0.046657 -0.204052 -0.003718 -0.000298 -0.002607 0.018027 -0.007339 0.057766 -0.003826 0.031428
0.721492 1.141899 1.343595 2.208043 0.990161 1.187343 -2.857522 1.008901 0.93195 -4.299866 0.853719 0.974472 -0.680542 1.30703 -0.977251 3.029478 -0.753079 3.595539 -4.40111 3.920207 -0.590459 -1.454303 -0.561075 3.510527 -0.0108 -0.007192 0.021863 -0.099527 -0.143658 -0.166098 -0.23066 -0.22783 -0.061531 -0.219192 -0.10008 -0.111515 -0.021837 0.045038 -0.007952 0.138946 -0.036058 0.022917 -0.054403 -0.002837 -0.058877 -0.029084 -0.052045 -0.008302
0.705923 1.120429 1.283474 2.109468 1.331465 1.689323 -2.353017 1.679628 1.267422 -3.631747 1.193724 1.506533 -0.682645 1.326157 -0.981296 3.067521 -0.742093 3.630267 -4.390667 3.954911 -0.569533 -1.444127 -0.540292 3.518271 -0.015568 -0.021471 -0.060121 -0.098574 0.341305 0.50198 0.504505 0.670727 0.335473 0.668119 0.340006 0.532061 -0.002103 0.019128 -0.004045 0.038043 0.010986 0.034727 0.010443 0.034704 0.020926 0.010176 0.020784 0.007743
0.696475 1.131241 1.29184 2.09175 1.213049 1.594249 -2.542595 1.528874 1.053709 -3.758496 1.015465 1.40005 -0.688825 1.330467 -0.995403 3.075499 -0.739055 3.623739 -4.384907 3.948073 -0.564736 -1.455851 -0.536903 3.512279 -0.009449 0.010813 0.008366 -0.017719 -0.118417 -0.095074 -0.189578 -0.150754 -0.213713 -0.126749 -0.17826 -0.106483 -0.00618 0.00431 -0.014107 0.007979 0.003038 -0.006528 0.005759 -0.006838 0.004797 -0.011724 0.003389 -0.005992
0.68503 1.140813 1.329917 2.140866 0.942973 1.229826 -2.944127 0.966382 0.712776 -4.250568 0.709286 0.986741 -0.700498 1.339009 -1.004429 3.11228 -0.733476 3.617406 -4.370841 3.924702 -0.555425 -1.472269 -0.533666 3.503961 -0.011445 0.009572 0.038078 0.049116 -0.270076 -0.364423 -0.401532 -0.562491 -0.340933 -0.492072 -0.306179 -0.413309 -0.011673 0.008541 -0.009026 0.03678 0.00558 -0.006332 0.014066 -0.02337 0.009311 -0.016418 0.003237 -0.008317
0.684602 1.135788 1.32763 2.191554 0.944048 1.293263 -2.873231 1.074388 0.767801 -4.1827 0.745618 1.027001 -0.687989 1.313481 -0.965737 3.091125 -0.73114 3.595934 -4.375186 3.924892 -0.557537 -1.449622 -0.533313 3.514652 -0.000428 -0.005025 -0.002287 0.050688 0.001075 0.063437 0.070896 0.108005 0.055025 0.067868 0.036333 0.04026 0.01251 -0.025527 0.038692 -0.021154 0.002335 -0.021473 -0.004345 0.00019 -0.002112 0.022647 0.000354 0.010691
0.683636 1.132243 1.28341 2.192882 0.720775 0.970022 -3.157431 0.664776 0.499023 -4.545311 0.492184 0.708214 -0.687326 1.285981 -0.963851 2.993334 -0.728494 3.588577 -4.378943 3.917478 -0.556122 -1.447957 -0.531021 3.514703 -0.000966 -0.003545 -0.04422 0.001328 -0.223274 -0.323241 -0.2842 -0.409611 -0.268778 -0.362611 -0.253435 -0.318787 0.000663 -0.0275 0.001887 -0.097791 0.002646 -0.007356 -0.003757 -0.007415 0.001415 0.001665 0.002292 5.1e-05
0.689938 1.11817 1.293764 2.177473 0.70088 0.916997 -3.188409 0.606331 0.469709 -4.567807 0.465967 0.698276 -0.684918 1.28321 -0.975803 2.985788 -0.724283 3.569851 -4.375687 3.901161 -0.553298 -1.461164 -0.526936 3.504897 0.006301 -0.014073 0.010354 -0.015408 -0.019894 -0.053025 -0.030978 -0.058445 -0.029314 -0.022495 -0.026217 -0.009938 0.002408 -0.002772 -0.011953 -0.007546 0.004211 -0.018727 0.003256 -0.016316 0.002824 -0.013207 0.004085 -0.009807
0.702446 1.113766 1.307185 2.196548 0.756671 1.030903 -3.13124 0.750429 0.531908 -4.485602 0.530125 0.746552 -0.683155 1.283209 -0.976706 3.043111 -0.729738 3.574544 -4.374178 3.906559 -0.553929 -1.463121 -0.530806 3.502558 0.012508 -0.004405 0.013421 0.019075 0.055791 0.113906 0.057169 0.144098 0.062199 0.082205 0.064158 0.048276 0.001764 -1e-06 -0.000903 0.057323 -0.005455 0.004693 0.00151 0.005398 -0.000631 -0.001957 -0.00387 -0.002339
0.705974 1.136991 1.308446 2.296501 0.838197 1.127594 -3.026855 0.827441 0.634839 -4.436774 0.619087 0.801263 -0.693639 1.307909 -1.017535 3.105371 -0.738773 3.584204 -4.36948 3.920342 -0.556741 -1.46574 -0.536846 3.5056 0.003529 0.023226 0.001261 0.099953 0.081526 0.096691 0.104385 0.077012 0.102931 0.048828 0.088962 0.054711 -0.010484 0.0247 -0.040829 0.062259 -0.009035 0.00966 0.004697 0.013782 -0.002812 -0.002619 -0.006039 0.003042
0.69514 1.147512 1.298452 2.281561 0.812575 1.086246 -3.05705 0.784128 0.603814 -4.471179 0.591491 0.77182 -0.702174 1.312207 -1.051757 3.0886 -0.74053 3.58648 -4.366854 3.918936 -0.546979 -1.47971 -0.529745 3.495661 -0.010834 0.010521 -0.009994 -0.014941 -0.025622 -0.041348 -0.030195 -0.043313 -0.031025 -0.034406 -0.027596 -0.029443 -0.008535 0.004298 -0.034222 -0.01677 -0.001757 0.002276 0.002626 -0.001405 0.009762 -0.01397 0.0071 -0.009939
0.704113 1.161192 1.288611 2.323267 0.870681 1.174922 -2.981194 0.878189 0.681796 -4.403831 0.664679 0.830048 -0.693888 1.313599 -1.105797 3.105512 -0.730201 3.578992 -4.33742 3.895861 -0.514924 -1.5324 -0.507607 3.449727 0.008973 0.01368 -0.009841 0.041707 0.058106 0.088676 0.075856 0.094061 0.077981 0.067348 0.073188 0.058228 0.008285 0.001391 -0.05404 0.016912 0.010328 -0.007488 0.029434 -0.023075 0.032055 -0.05269 0.022138 -0.045934
0.700192 1.193074 1.276296 2.344093 0.631793 0.984641 -3.287683 0.604669 0.405225 -4.622604 0.403365 0.642713 -0.715662 1.35722 -1.141439 3.137362 -0.706679 3.471206 -4.299144 3.717737 -0.483232 -1.712682 -0.488301 3.297561 -0.003921 0.031883 -0.012315 0.020826 -0.238888 -0.190281 -0.306488 -0.273521 -0.27657 -0.218773 -0.261314 -0.187335 -0.021773 0.043621 -0.035642 0.03185 0.023522 -0.107786 0.038276 -0.178124 0.031691 -0.180282 0.019306 -0.152165
0.69235 1.19428 1.279537 2.409633 0.596103 0.980681 -3.336636 0.574267 0.356241 -4.671981 0.353785 0.596666 -0.733132 1.392931 -1.08103 3.324312 -0.686457 3.368317 -4.293374 3.50111 -0.486101 -1.968575 -0.493797 3.066794 -0.007842 0.001206 0.003241 0.065539 -0.03569 -0.00396 -0.048953 -0.030402 -0.048984 -0.049378 -0.04958 -0.046048 -0.01747 0.035712 0.060409 0.18695 0.020223 -0.102889 0.00577 -0.216627 -0.002868 -0.255893 -0.005496 -0.230767
0.699856 1.199485 1.224322 2.828646 0.619757 1.23656 -3.290272 0.756304 0.400737 -4.590006 0.396743 0.689751 -0.730045 1.397425 -1.056086 3.466557 -0.6684 3.215099 -4.245908 3.260279 -0.493265 -2.232326 -0.49692 2.820149 0.007506 0.005205 -0.055215 0.419014 0.023654 0.255879 0.046364 0.182037 0.044496 0.081975 0.042958 0.093085 0.003087 0.004494 0.024944 0.142245 0.018057 -0.153219 0.047466 -0.240831 -0.007164 -0.263752 -0.003122 -0.246645
0.696302 1.193177 1.203381 2.945795 1.057943 1.9189 -2.68397 1.634263 0.998817 -3.781737 0.932891 1.403367 -0.697877 1.373019 -0.887672 3.384709 -0.777635 3.215074 -4.51968 3.247551 -0.834783 -2.180277 -0.770384 2.86871 -0.003554 -0.006308 -0.020941 0.117149 0.438186 0.682339 0.606301 0.877959 0.59808 0.808269 0.536147 0.713616 0.032168 -0.024406 0.168415 -0.081849 -0.109236 -2.5e-05 -0.273771 -0.012729 -0.341518 0.05205 -0.273465 0.048561
0.671596 1.216128 1.145858 2.989259 1.133355 2.191742 -2.588613 1.997702 1.096858 -3.424105 1.024996 1.732009 -0.679125 1.354964 -0.844462 3.306233 -0.788889 2.933233 -4.510096 2.845467 -0.811025 -2.578412 -0.768226 2.507094 -0.024706 0.022951 -0.057523 0.043463 0.075412 0.272842 0.095358 0.363439 0.098041 0.357632 0.092105 0.328643 0.018752 -0.018055 0.04321 -0.078475 -0.011254 -0.281841 0.009584 -0.402083 0.023758 -0.398135 0.002158 -0.361616
0.684482 1.280557 1.04231 3.207928 1.084995 2.241392 -2.610797 1.97787 1.098393 -3.414735 1.020046 1.763242 -0.641883 1.33267 -0.763002 3.365822 -0.745548 2.299908 -4.466399 1.981915 -0.772039 -3.417605 -0.701714 1.751965 0.012886 0.064428 -0.103548 0.218669 -0.04836 0.04965 -0.022184 -0.019832 0.001535 0.00937 -0.00495 0.031233 0.037242 -0.022294 0.08146 0.059589 0.043342 -0.633324 0.043696 -0.863552 0.038987 -0.839193 0.066512 -0.755129
0.665667 1.303865 0.973737 3.220992 1.019794 2.237179 -2.674622 1.950258 1.039873 -3.425763 0.954145 1.750172 -0.674305 1.350708 -0.758435 3.420089 -0.654667 2.291703 -4.344724 2.005401 -0.659353 -3.406584 -0.593972 1.75013 -0.018815 0.023308 -0.068573 0.013064 -0.065201 -0.004213 -0.063825 -0.027612 -0.05852 -0.011027 -0.065901 -0.013071 -0.032422 0.018039 0.004567 0.054266 0.090881 -0.008205 0.121675 0.023486 0.112685 0.011021 0.107742 -0.001835
0.634103 1.292577 0.938826 3.129844 0.906636 2.174922 -2.825402 1.930871 0.882542 -3.451518 0.812199 1.717363 -0.694338 1.388573 -0.731401 3.419146 -0.537798 2.261039 -4.192064 1.961127 -0.514234 -3.433284 -0.464921 1.721523 -0.031564 -0.011287 -0.034911 -0.091147 -0.113158 -0.062256 -0.150779 -0.019386 -0.157331 -0.025755 -0.141946 -0.032808 -0.020033 0.037865 0.027034 -0.000943 0.116869 -0.030664 0.15266 -0.044274 0.145119 -0.0267 0.129051 -0.028607
0.634266 1.245903 0.882419 3.071757 0.531713 1.988851 -3.300291 1.692105 0.424293 -3.625648 0.389067 1.551661 -0.725473 1.357877 -0.718098 3.410582 -0.543295 2.360971 -4.208582 2.138721 -0.539326 -3.239722 -0.49152 1.881115 0.000163 -0.046674 -0.056407 -0.058088 -0.374923 -0.186071 -0.474889 -0.238767 -0.458249 -0.17413 -0.423132 -0.165702 -0.031134 -0.030696 0.013304 -0.008563 -0.005497 0.099931 -0.016517 0.177593 -0.025092 0.193563 -0.026599 0.159592
0.582702 1.157757 0.839028 2.894864 -0.047912 2.139544 -3.988938 2.017159 -0.292685 -3.251316 -0.252387 1.875696 -0.691257 1.25146 -0.464722 3.16704 -0.11459 1.678453 -3.75948 1.296751 -0.144154 -3.930366 -0.122799 1.233238 -0.051564 -0.088146 -0.043391 -0.176893 -0.579625 0.150693 -0.688647 0.325054 -0.716979 0.374332 -0.641454 0.324035 0.034216 -0.106417 0.253376 -0.243542 0.428706 -0.682518 0.449101 -0.84197 0.395171 -0.690644 0.368721 -0.647878
0.620185 1.134845 0.779083 2.959286 -0.23769 2.049828 -4.194259 1.906513 -0.412033 -3.459318 -0.366484 1.667782 -0.706048 1.170887 -0.628594 2.828096 -0.023895 1.250184 -3.625147 0.907158 0.053341 -4.254528 0.053896 0.919577 0.037483 -0.022911 -0.059945 0.064422 -0.189778 -0.089716 -0.205321 -0.110645 -0.119348 -0.208002 -0.114097 -0.207914 -0.014791 -0.080573 -0.163872 -0.338944 0.090695 -0.428269 0.134333 -0.389593 0.197496 -0.324162 0.176695 -0.313661
0.604348 1.138766 0.771748 2.958671 0.12607 1.600408 -3.709182 1.209349 0.057382 -3.92522 0.039835 1.26078 -0.710187 1.159974 -0.543089 2.766897 0.018958 1.292836 -3.584695 0.92522 0.072302 -4.244052 0.078267 0.929766 -0.015838 0.003921 -0.007334 -0.000615 0.363761 -0.44942 0.485076 -0.697164 0.469415 -0.465901 0.406319 -0.407002 -0.004139 -0.010913 0.085504 -0.061198 0.042853 0.042652 0.040452 0.018062 0.01896 0.010476 0.024371 0.01019
0.624029 1.123932 0.690683 2.899515 -0.155357 1.655758 -4.081446 1.347958 -0.303324 -3.860683 -0.271508 1.313305 -0.689124 1.160352 -0.51074 2.691909 0.009322 1.326902 -3.617199 0.979402 0.038813 -4.185052 0.043143 0.979389 0.019681 -0.014834 -0.081065 -0.059155 -0.281428 0.055349 -0.372263 0.138609 -0.360706 0.064537 -0.311343 0.052526 0.021063 0.000377 0.03235 -0.074988 -0.009636 0.034066 -0.032504 0.054182 -0.033488 0.059 -0.035124 0.049623
0.622113 1.09187 0.779595 2.82354 -0.076499 1.731185 -4.032802 1.498011 -0.316485 -3.791239 -0.277636 1.381083 -0.683548 1.232915 -0.553903 3.038226 -0.179406 1.837005 -3.960455 1.522642 -0.333074 -3.795762 -0.291446 1.363905 -0.001916 -0.032063 0.088912 -0.075976 0.078859 0.075427 0.048644 0.150052 -0.013161 0.069444 -0.006128 0.067778 0.005576 0.072564 -0.043163 0.346316 -0.188728 0.510104 -0.343256 0.54324 -0.371888 0.38929 -0.334589 0.384516
0.636904 1.133533 0.826845 2.919647 0.14947 1.685077 -3.748507 1.399364 -0.0181 -3.840659 -0.01579 1.335239 -0.697271 1.28767 -0.436029 3.196396 -0.225536 2.088765 -3.960003 1.740439 -0.325831 -3.237271 -0.284227 1.789306 0.01479 0.041663 0.04725 0.096107 0.225969 -0.046108 0.284295 -0.098646 0.298385 -0.04942 0.261846 -0.045844 -0.013723 0.054755 0.117874 0.15817 -0.04613 0.251759 0.000452 0.217797 0.007244 0.558491 0.007218 0.425401
0.606651 1.02233 0.871396 2.661811 0.154206 1.725874 -3.751255 1.56825 -0.041152 -3.725076 -0.026566 1.419698 -0.678975 1.270603 -0.4135 3.104796 -0.284521 1.908815 -3.994039 1.594551 -0.396538 -3.500832 -0.351356 1.547253 -0.030253 -0.111203 0.04455 -0.257836 0.004736 0.040796 -0.002748 0.168886 -0.023052 0.115583 -0.010776 0.084459 0.018297 -0.017067 0.022529 -0.0916 -0.058986 -0.179949 -0.034035 -0.145888 -0.070708 -0.263562 -0.067129 -0.242053
0.62445 1.036886 0.915864 2.758986 0.306313 1.736312 -3.580573 1.545279 0.120857 -3.766889 0.118822 1.400647 -0.688053 1.267349 -0.455915 3.096952 -0.355614 1.763764 -4.05324 1.409137 -0.419337 -3.790661 -0.369405 1.343936 0.0178 0.014555 0.044469 0.097175 0.152107 0.010439 0.170681 -0.022971 0.162009 -0.041812 0.145388 -0.019051 -0.009078 -0.003254 -0.042415 -0.007844 -0.071093 -0.145051 -0.059201 -0.185414 -0.022799 -0.289828 -0.018049 -0.203317
0.635191 1.068348 0.914817 2.783775 0.227573 1.721439 -3.697485 1.505469 0.002627 -3.790473 0.015918 1.381215 -0.699488 1.28572 -0.457602 3.185552 -0.326366 1.761899 -4.025895 1.386167 -0.427858 -3.840516 -0.380826 1.308057 0.01074 0.031462 -0.001047 0.024788 -0.07874 -0.014874 -0.116912 -0.03981 -0.11823 -0.023585 -0.102904 -0.019432 -0.011435 0.018371 -0.001687 0.0886 0.029248 -0.001866 0.027345 -0.02297 -0.008521 -0.049855 -0.011421 -0.035878
0.626698 1.050244 0.896473 2.778674 0.196032 1.812368 -3.721815 1.646347 -0.014949 -3.680313 0.001882 1.477964 -0.69767 1.271546 -0.505638 3.117905 -0.316516 1.887455 -3.988094 1.583029 -0.341071 -3.71281 -0.298035 1.426948 -0.008493 -0.018104 -0.018345 -0.0051 -0.031541 0.09093 -0.02433 0.140878 -0.017576 0.110161 -0.014036 0.096749 0.001818 -0.014174 -0.048036 -0.067647 0.009851 0.125557 0.0378 0.196862 0.086787 0.127706 0.082791 0.11889
0.648731 1.104987 0.818771 2.889682 0.127149 1.773312 -3.775432 1.578939 -0.034347 -3.739571 -0.028978 1.426937 -0.679079 1.324492 -0.513909 3.208084 -0.318785 1.906295 -4.006389 1.583253 -0.368966 -3.698337 -0.324499 1.445676 0.022033 0.054743 -0.077702 0.111008 -0.068883 -0.039057 -0.053617 -0.067408 -0.019398 -0.059258 -0.03086 -0.051026 0.018591 0.052946 -0.008271 0.090179 -0.002269 0.018839 -0.018295 0.000224 -0.027895 0.014473 -0.026464 0.018728
0.65246 1.118869 0.818492 2.880127 0.196678 1.762327 -3.672485 1.456259 0.077327 -3.763918 0.067169 1.403838 -0.681612 1.307791 -0.523869 3.131136 -0.117322 1.624685 -3.733909 1.255222 -0.083517 -3.947109 -0.070976 1.218958 0.003729 0.013882 -0.000278 -0.009555 0.069529 -0.010985 0.102947 -0.12268 0.111674 -0.024346 0.096147 -0.0231 -0.002534 -0.016701 -0.00996 -0.076948 0.201463 -0.281609 0.27248 -0.328031 0.285449 -0.248772 0.253523 -0.226718
0.655229 1.127015 0.791234 2.869883 0.239121 1.615992 -3.615936 1.156215 0.140971 -4.013964 0.120996 1.206816 -0.669615 1.320654 -0.529836 3.20862 -0.263563 1.814945 -3.934425 1.449668 -0.303599 -3.791269 -0.268739 1.36616 0.002768 0.008146 -0.027258 -0.010244 0.042443 -0.146335 0.056549 -0.300044 0.063644 -0.250047 0.053827 -0.197022 0.011998 0.012863 -0.005967 0.077485 -0.146242 0.19026 -0.200516 0.194446 -0.220083 0.15584 -0.197763 0.147202
0.654921 1.127187 0.827963 2.876177 0.122115 1.6727 -3.781971 1.326716 -0.043611 -3.922148 -0.035697 1.283683 -0.66352 1.321873 -0.517362 3.242361 -0.301657 1.85421 -3.983868 1.489855 -0.366753 -3.765822 -0.322435 1.385243 -0.000308 0.000172 0.036728 0.006294 -0.117006 0.056708 -0.166035 0.170501 -0.184582 0.091816 -0.156692 0.076867 0.006095 0.001219 0.012474 0.033741 -0.038093 0.039265 -0.049443 0.040187 -0.063154 0.025448 -0.053696 0.019083
0.669016 1.165395 0.814347 2.993547 0.129632 1.657668 -3.753079 1.299784 0.003776 -3.93603 -0.004134 1.272903 -0.66402 1.357966 -0.457979 3.31103 -0.281522 1.841319 -3.97701 1.407938 -0.367403 -3.792291 -0.318663 1.359713 0.014095 0.038209 -0.013615 0.11737 0.007517 -0.015032 0.028892 -0.026932 0.047387 -0.013882 0.031563 -0.01078 -0.000501 0.036093 0.059384 0.068669 0.020135 -0.012891 0.006858 -0.081917 -0.00065 -0.026469 0.003772 -0.02553
0.654566 1.12438 0.8851 2.914307 0.129933 1.683361 -3.767464 1.414027 -0.020828 -3.87297 -0.019842 1.31296 -0.661457 1.328918 -0.489483 3.238172 -0.345515 1.833183 -4.048282 1.440486 -0.433837 -3.796636 -0.377327 1.353841 -0.014449 -0.041015 0.070753 -0.07924 0.000301 0.025693 -0.014385 0.114243 -0.024604 0.063059 -0.015709 0.040057 0.002564 -0.029048 -0.031505 -0.072858 -0.063993 -0.008136 -0.071272 0.032548 -0.066434 -0.004345 -0.058664 -0.005872
0.635597 1.076395 0.89368 2.77469 0.183398 1.720092 -3.764256 1.490325 -0.007061 -3.837831 -0.011916 1.349574 -0.65011 1.281081 -0.605539 3.092375 -0.544887 2.468782 -4.26111 2.419176 -0.575761 -2.939965 -0.506837 2.124908 -0.01897 -0.047985 0.00858 -0.139617 0.053465 0.036731 0.003208 0.076298 0.013767 0.035139 0.007927 0.036614 0.011346 -0.047837 -0.116055 -0.145797 -0.199372 0.635599 -0.212827 0.97869 -0.141925 0.856672 -0.12951 0.771067
0.643712 1.074063 0.899876 2.754838 0.209719 1.706749 -3.71088 1.497261 0.023415 -3.839269 0.024283 1.343263 -0.651159 1.284713 -0.574898 3.117823 -0.424645 2.207488 -4.111917 1.994238 -0.47268 -3.330051 -0.421382 1.788112 0.008116 -0.002332 0.006196 -0.019852 0.026321 -0.013343 0.053376 0.006936 0.030476 -0.001438 0.036198 -0.006311 -0.001048 0.003632 0.03064 0.025448 0.120243 -0.261294 0.149193 -0.424938 0.103081 -0.390086 0.085455 -0.336797
0.639671 1.09314 0.953662 2.816692 0.585786 1.847845 -3.241569 1.701042 0.428786 -3.694915 0.395027 1.457414 -0.645485 1.266349 -0.645355 3.149513 -0.476707 2.194045 -4.143239 1.950776 -0.474973 -3.354144 -0.425263 1.752389 -0.004042 0.019078 0.053785 0.061854 0.376067 0.141096 0.469311 0.203782 0.405371 0.144354 0.370744 0.114151 0.005674 -0.018364 -0.070457 0.031691 -0.052062 -0.013443 -0.031322 -0.043461 -0.002293 -0.024093 -0.003881 -0.035723
0.639566 1.099124 0.995765 2.826879 0.921312 2.022082 -2.839955 1.898428 0.849769 -3.516297 0.789704 1.619397 -0.647769 1.267913 -0.675148 3.093145 -0.650756 2.924196 -4.371559 2.957583 -0.674263 -2.411867 -0.60613 2.628554 -0.000104 0.005984 0.042103 0.010186 0.335526 0.174237 0.401614 0.197386 0.420983 0.178618 0.394676 0.161983 -0.002284 0.001564 -0.029793 -0.056368 -0.174049 0.730151 -0.22832 1.006806 -0.199291 0.942277 -0.180867 0.876165
0.641242 1.119132 1.004882 2.819077 0.971959 2.022381 -2.779058 1.862079 0.90479 -3.53754 0.846961 1.611352 -0.656316 1.282592 -0.810004 3.057106 -0.735848 2.989707 -4.427542 3.048422 -0.697618 -2.349908 -0.641967 2.688728 0.001675 0.020007 0.009118 -0.007802 0.050647 0.000299 0.060897 -0.036349 0.055021 -0.021243 0.057257 -0.008045 -0.008547 0.014679 -0.134856 -0.036039 -0.085092 0.065511 -0.055983 0.090839 -0.023355 0.061958 -0.035837 0.060174
0.647947 1.078923 1.16864 2.602334 0.951897 1.830329 -2.844463 1.653431 0.806183 -3.670507 0.772184 1.500966 -0.645668 1.27085 -0.860666 3.108884 -0.423765 2.696349 -4.05377 2.451259 -0.41671 -2.881894 -0.336987 2.235458 0.006705 -0.040208 0.163757 -0.216742 -0.020062 -0.192052 -0.065405 -0.208648 -0.098608 -0.132967 -0.074777 -0.110386 0.010648 -0.011742 -0.050662 0.051778 0.312082 -0.293359 0.373772 -0.597163 0.280908 -0.531985 0.30498 -0.45327
0.646165 1.015715 1.218383 2.342099 0.822667 1.483454 -3.022357 1.265311 0.622934 -3.972769 0.608216 1.240259 -0.646313 1.277105 -0.967947 3.070735 -0.413281 2.409613 -3.918349 2.269147 -0.196882 -3.13669 -0.220627 2.008761 -0.001782 -0.063208 0.049743 -0.260236 -0.12923 -0.346875 -0.177894 -0.38812 -0.183249 -0.302263 -0.163968 -0.260707 -0.000646 0.006254 -0.107282 -0.038149 0.010484 -0.286736 0.135421 -0.182112 0.219827 -0.254797 0.11636 -0.226697
0.662491 1.036703 1.29204 2.25591 0.971897 1.319146 -2.831752 1.031527 0.781102 -4.170903 0.752721 1.065146 -0.660048 1.279967 -1.029032 3.110569 -0.478469 2.435829 -4.005168 2.315403 -0.262935 -3.115261 -0.291116 2.040047 0.016326 0.020987 0.073657 -0.086188 0.14923 -0.164308 0.190606 -0.233784 0.158168 -0.198134 0.144505 -0.175114 -0.013735 0.002863 -0.061085 0.039834 -0.065188 0.026216 -0.08682 0.046256 -0.066052 0.021429 -0.070489 0.031286
0.643286 1.105223 1.356087 2.115851 0.960891 1.057421 -2.853512 0.72096 0.742198 -4.440892 0.721582 0.817172 -0.691059 1.313823 -1.11475 3.118787 -0.558526 2.454547 -4.080784 2.356218 -0.332385 -3.059196 -0.370492 2.098464 -0.019205 0.068521 0.064047 -0.140059 -0.011006 -0.261725 -0.02176 -0.310567 -0.038905 -0.269989 -0.031139 -0.247973 -0.031011 0.033856 -0.085717 0.008218 -0.080057 0.018718 -0.075616 0.040815 -0.06945 0.056065 -0.079376 0.058417
0.606699 1.160215 1.371679 1.838782 0.923156 0.639151 -2.892038 0.295737 0.700694 -4.800316 0.679912 0.47501 -0.736422 1.335333 -1.240471 3.060366 -0.659186 2.512358 -4.153144 2.452637 -0.391966 -3.00379 -0.45384 2.147345 -0.036587 0.054992 0.015592 -0.277069 -0.037735 -0.418271 -0.038526 -0.425223 -0.041503 -0.359424 -0.04167 -0.342163 -0.045364 0.02151 -0.125721 -0.058421 -0.100661 0.057811 -0.07236 0.096419 -0.059581 0.055406 -0.083348 0.048881
0.59316 1.140758 1.350585 1.792498 0.835112 0.364548 -2.993477 -0.111081 0.618188 -5.176437 0.602195 0.129108 -0.747019 1.308495 -1.254769 2.908699 -0.690305 2.373068 -4.217015 2.287689 -0.457762 -3.089311 -0.500435 2.059856 -0.013539 -0.019457 -0.021093 -0.046284 -0.088043 -0.274602 -0.101439 -0.406819 -0.082507 -0.376121 -0.077717 -0.345902 -0.010596 -0.026838 -0.014299 -0.151668 -0.031119 -0.139289 -0.063871 -0.164949 -0.065796 -0.085521 -0.046596 -0.087488
0.586567 1.122314 1.331495 1.830867 0.875522 0.237634 -2.933911 -0.304206 0.685212 -5.369443 0.656431 -0.045863 -0.747879 1.279753 -1.279524 2.855488 -0.710984 2.3494 -4.252993 2.26937 -0.49295 -3.099265 -0.521558 2.049593 -0.006593 -0.018444 -0.01909 0.038369 0.04041 -0.126914 0.059566 -0.193125 0.067024 -0.193006 0.054235 -0.174971 -0.00086 -0.028742 -0.024755 -0.05321 -0.020679 -0.023668 -0.035978 -0.018318 -0.035188 -0.009955 -0.021122 -0.010264
0.601245 1.118283 1.308643 1.820525 0.832154 0.178679 -2.988934 -0.356419 0.646489 -5.425255 0.619739 -0.103134 -0.743735 1.255984 -1.300821 2.828053 -0.75058 2.27363 -4.296848 2.191083 -0.540571 -3.191346 -0.566031 1.957926 0.014678 -0.004031 -0.022852 -0.010341 -0.043368 -0.058955 -0.055023 -0.052212 -0.038723 -0.055812 -0.036692 -0.057271 0.004144 -0.023769 -0.021297 -0.027435 -0.039596 -0.075769 -0.043855 -0.078288 -0.047621 -0.092081 -0.044473 -0.091667
0.609029 1.103247 1.355223 1.796191 0.825037 0.215633 -3.016461 -0.291294 0.622627 -5.358866 0.605181 -0.039369 -0.733151 1.261567 -1.361019 2.783908 -0.755043 2.241664 -4.288374 2.159807 -0.529757 -3.222706 -0.561684 1.931354 0.007784 -0.015036 0.04658 -0.024335 -0.007117 0.036953 -0.027527 0.065125 -0.023862 0.066389 -0.014557 0.063764 0.010584 0.005583 -0.060198 -0.044145 -0.004463 -0.031966 0.008473 -0.031276 0.010814 -0.03136 0.004347 -0.026572
0.595861 1.071956 1.345221 1.395646 0.698827 0.255521 -3.16798 -0.089761 0.453128 -5.12058 0.457337 0.16498 -0.721643 1.235647 -1.377882 2.691892 -0.709179 2.148861 -4.229211 2.058538 -0.462858 -3.312044 -0.504563 1.865978 -0.013168 -0.031291 -0.010002 -0.400545 -0.12621 0.039888 -0.151519 0.201532 -0.169499 0.238286 -0.147845 0.204349 0.011508 -0.025919 -0.016863 -0.092016 0.045863 -0.092803 0.059163 -0.101269 0.066899 -0.089338 0.057121 -0.065376
0.594907 1.026294 1.322233 1.480098 0.587347 0.289336 -3.300306 0.088561 0.322188 -4.908946 0.335496 0.357388 -0.71929 1.210005 -1.367655 2.655387 -0.673676 2.049398 -4.196387 1.937724 -0.409546 -3.405849 -0.45664 1.781504 -0.000954 -0.045662 -0.022989 0.084452 -0.11148 0.033815 -0.132326 0.178322 -0.13094 0.211634 -0.121841 0.192408 0.002353 -0.025642 0.010227 -0.036504 0.035504 -0.099463 0.032825 -0.120814 0.053312 -0.093805 0.047923 -0.084474
0.621897 1.05736 1.37229 1.742313 0.709387 1.119706 -3.212332 0.907995 0.436965 -4.240968 0.441764 0.996112 -0.709701 1.170238 -1.387995 2.65381 -0.659012 2.049618 -4.1789 1.946983 -0.406289 -3.440662 -0.442496 1.748843 0.02699 0.031066 0.050058 0.262216 0.122041 0.83037 0.087974 0.819434 0.114777 0.667977 0.106269 0.638724 0.009589 -0.039767 -0.02034 -0.001578 0.014663 0.00022 0.017487 0.00926 0.003257 -0.034813 0.014144 -0.032661
0.625433 1.079665 1.447251 1.689575 1.021361 1.553716 -2.789646 1.585148 0.700823 -3.607621 0.739088 1.545573 -0.697366 1.176127 -1.389379 2.65646 -0.672707 2.102496 -4.175247 2.012384 -0.398193 -3.414796 -0.441962 1.770534 0.003536 0.022305 0.074961 -0.052739 0.311974 0.43401 0.422686 0.677153 0.263857 0.633347 0.297324 0.549461 0.012335 0.00589 -0.001383 0.00265 -0.013695 0.052879 0.003653 0.065401 0.008096 0.025865 0.000533 0.021691
0.631412 1.081525 1.426958 1.86774 1.065124 1.654208 -2.735003 1.62066 0.82169 -3.588068 0.822217 1.584697 -0.679254 1.178319 -1.369568 2.666642 -0.641978 2.118184 -4.146122 2.031732 -0.357857 -3.387661 -0.40328 1.787768 0.005978 0.00186 -0.020293 0.178165 0.043764 0.100492 0.054643 0.035511 0.120867 0.019553 0.083129 0.039124 0.018112 0.002192 0.01981 0.010182 0.030729 0.015688 0.029125 0.019348 0.040336 0.027135 0.038682 0.017235
0.653673 1.086427 1.421301 1.952863 0.782824 1.512205 -3.152082 1.458317 0.43368 -3.72113 0.484614 1.471408 -0.679339 1.183817 -1.372198 2.66838 -0.615976 2.123154 -4.119876 2.043852 -0.317562 -3.3853 -0.364988 1.797095 0.022262 0.004902 -0.005658 0.085123 -0.282301 -0.142002 -0.417079 -0.162343 -0.38801 -0.133062 -0.337603 -0.113289 -8.5e-05 0.005497 -0.002629 0.001738 0.026002 0.00497 0.026246 0.01212 0.040295 0.002361 0.038293 0.009326
0.658782 1.102381 1.41737 2.169406 0.880147 1.7255 -2.992996 1.665513 0.605693 -3.559908 0.620442 1.62413 -0.676083 1.188859 -1.370887 2.666384 -0.592049 2.141948 -4.081546 2.101314 -0.280519 -3.342599 -0.335499 1.822398 0.005109 0.015954 -0.00393 0.216543 0.097324 0.213295 0.159085 0.207196 0.172013 0.161222 0.135828 0.152723 0.003256 0.005043 0.001311 -0.001996 0.023927 0.018793 0.03833 0.057462 0.037043 0.042701 0.029489 0.025303
0.664614 1.116746 1.467742 2.104968 0.708344 1.546435 -3.222531 1.47311 0.385375 -3.707991 0.425736 1.49378 -0.678473 1.229701 -1.405824 2.635528 -0.581662 2.146468 -4.069999 2.114622 -0.263535 -3.299564 -0.322663 1.871677 0.005832 0.014365 0.050371 -0.064438 -0.171803 -0.179065 -0.229535 -0.192403 -0.220318 -0.148084 -0.194706 -0.130351 -0.00239 0.040842 -0.034938 -0.030856 0.010388 0.00452 0.011547 0.013307 0.016984 0.043035 0.012836 0.049279
0.66285 1.112604 1.466956 2.046655 0.676575 1.529148 -3.248105 1.480443 0.354502 -3.696397 0.393654 1.494061 -0.678915 1.232065 -1.403266 2.619232 -0.584255 2.159028 -4.074226 2.150503 -0.269159 -3.234909 -0.327806 1.920963 -0.001764 -0.004142 -0.000786 -0.058312 -0.031769 -0.017287 -0.025573 0.007334 -0.030873 0.011594 -0.032082 0.000281 -0.000442 0.002364 0.002558 -0.016296 -0.002593 0.01256 -0.004227 0.035881 -0.005624 0.064656 -0.005143 0.049286
0.662645 1.111685 1.482964 1.974904 0.681491 1.47694 -3.250684 1.433885 0.346799 -3.739444 0.388118 1.465567 -0.680928 1.231557 -1.441737 2.568406 -0.595163 2.158883 -4.085862 2.152691 -0.285187 -3.221661 -0.343883 1.939868 -0.000206 -0.000919 0.016007 -0.071751 0.004916 -0.052208 -0.002579 -0.046558 -0.007703 -0.043047 -0.005536 -0.028494 -0.002013 -0.000509 -0.038471 -0.050827 -0.010908 -0.000145 -0.011636 0.002188 -0.016028 0.013248 -0.016077 0.018905
0.674009 1.096273 1.534147 1.869806 0.730342 1.42012 -3.205316 1.378458 0.391025 -3.784001 0.432558 1.417563 -0.69753 1.224127 -1.49501 2.548708 -0.66067 2.147104 -4.150986 2.144925 -0.334514 -3.229719 -0.398365 1.933697 0.011364 -0.015411 0.051183 -0.105098 0.048851 -0.056819 0.045368 -0.055427 0.044226 -0.044557 0.04444 -0.048004 -0.016602 -0.00743 -0.053272 -0.019698 -0.065507 -0.011779 -0.065125 -0.007765 -0.049327 -0.008058 -0.054482 -0.006171
0.677217 1.096138 1.552054 1.929649 0.743164 1.400341 -3.185398 1.299692 0.396471 -3.860282 0.45336 1.358008 -0.707692 1.207804 -1.524342 2.556206 -0.793315 2.080527 -4.305592 2.040018 -0.494395 -3.347177 -0.545132 1.836012 0.003209 -0.000135 0.017908 0.059842 0.012823 -0.019779 0.019917 -0.078766 0.005446 -0.076281 0.020802 -0.059555 -0.010162 -0.016322 -0.029332 0.007498 -0.132644 -0.066577 -0.154606 -0.104908 -0.15988 -0.117458 -0.146766 -0.097685
0.685639 1.132085 1.586005 1.960323 0.882024 1.304208 -3.020725 1.119928 0.569357 -4.007812 0.594971 1.236718 -0.711716 1.223512 -1.566623 2.524533 -0.859529 2.008282 -4.379827 1.928419 -0.574705 -3.431278 -0.620875 1.767796 0.008422 0.035947 0.033951 0.030674 0.138859 -0.096133 0.164673 -0.179764 0.172886 -0.147529 0.141611 -0.12129 -0.004025 0.015707 -0.042281 -0.031673 -0.066215 -0.072246 -0.074235 -0.111598 -0.080311 -0.084101 -0.075744 -0.068216
0.685293 1.14574 1.588147 1.986421 1.017442 1.225885 -2.834355 0.910809 0.746691 -4.219419 0.745915 1.064885 -0.701006 1.236067 -1.555169 2.494777 -0.908351 1.850077 -4.453605 1.676097 -0.653695 -3.648313 -0.689189 1.588691 -0.000346 0.013655 0.002142 0.026098 0.135419 -0.078323 0.186369 -0.209119 0.177334 -0.211608 0.150945 -0.171833 0.01071 0.012555 0.011454 -0.029756 -0.048822 -0.158205 -0.073778 -0.252323 -0.07899 -0.217035 -0.068314 -0.179105
0.678739 1.167056 1.593257 2.296521 1.308038 1.330085 -2.479171 1.14348 1.100143 -4.042743 1.073352 1.214977 -0.689851 1.205663 -1.560659 2.484215 -1.048891 1.807294 -4.626983 1.612555 -0.825002 -3.739126 -0.840745 1.504531 -0.006554 0.021316 0.00511 0.3101 0.290595 0.1042 0.355185 0.232671 0.353452 0.176677 0.327436 0.150092 0.011155 -0.030404 -0.00549 -0.010562 -0.14054 -0.042782 -0.173378 -0.063542 -0.171307 -0.090813 -0.151555 -0.08416
0.670008 1.183142 1.570573 2.333297 1.477474 1.348998 -2.242638 1.120446 1.319394 -4.076345 1.273508 1.189149 -0.689796 1.185134 -1.56339 2.465435 -1.090934 1.762646 -4.68278 1.562968 -0.872235 -3.786187 -0.885198 1.453602 -0.008731 0.016086 -0.022684 0.036776 0.169436 0.018913 0.236533 -0.023034 0.219251 -0.033602 0.200156 -0.025828 5.5e-05 -0.020528 -0.002731 -0.01878 -0.042043 -0.044649 -0.055797 -0.049587 -0.047233 -0.047061 -0.044454 -0.050929
0.65533 1.209019 1.523798 2.349364 1.570687 1.382448 -2.101745 1.156686 1.461009 -4.045817 1.400769 1.212474 -0.688206 1.163235 -1.642546 2.319329 -1.091359 1.853886 -4.651524 1.739427 -0.831242 -3.613176 -0.870943 1.600715 -0.014678 0.025877 -0.046776 0.016067 0.093213 0.033451 0.140893 0.03624 0.141615 0.030528 0.127262 0.023326 0.00159 -0.021899 -0.079156 -0.146106 -0.000425 0.09124 0.031256 0.176459 0.040992 0.173011 0.014255 0.147113
0.641578 1.211539 1.38511 2.361491 1.546792 1.385401 -2.078424 1.181082 1.503897 -4.018818 1.422132 1.227839 -0.699272 1.121698 -1.683689 2.154883 -0.976102 1.948275 -4.500869 1.818202 -0.664904 -3.548216 -0.723237 1.618473 -0.013751 0.00252 -0.138687 0.012127 -0.023895 0.002953 0.023322 0.024396 0.042888 0.026999 0.021363 0.015364 -0.011066 -0.041537 -0.041143 -0.164446 0.115258 0.094389 0.150655 0.078775 0.166339 0.06496 0.147706 0.017758
0.647447 1.21628 1.473503 2.257619 1.502596 1.764771 -2.19734 1.65833 1.370446 -3.563907 1.325808 1.61639 -0.700201 1.122821 -1.748001 2.084086 -0.955466 2.000761 -4.463985 2.063184 -0.651669 -3.282556 -0.69388 1.852578 0.005868 0.004741 0.088392 -0.103871 -0.044196 0.37937 -0.118916 0.477249 -0.133451 0.454911 -0.096325 0.388552 -0.000929 0.001122 -0.064312 -0.070797 0.020636 0.052487 0.036885 0.244982 0.013235 0.26566 0.029357 0.234106
0.651732 1.220503 1.515287 2.147899 1.323025 1.860891 -2.472063 1.814779 1.104495 -3.378486 1.08874 1.795237 -0.699392 1.114357 -1.708623 2.054707 -0.947351 2.000441 -4.455584 2.057643 -0.618228 -3.264268 -0.681963 1.897713 0.004285 0.004223 0.041784 -0.10972 -0.179572 0.09612 -0.274724 0.156449 -0.265951 0.185422 -0.237067 0.178847 0.000809 -0.008464 0.039378 -0.029379 0.008115 -0.000321 0.008401 -0.005541 0.033441 0.018288 0.011917 0.045134
0.657093 1.220892 1.517611 2.058811 1.233792 1.90743 -2.582593 1.931236 0.98904 -3.289417 0.989686 1.866134 -0.690265 1.113748 -1.669257 2.013406 -0.959735 1.984553 -4.487944 2.052184 -0.642877 -3.28185 -0.700966 1.880874 0.005361 0.000389 0.002324 -0.089088 -0.089233 0.046539 -0.11053 0.116457 -0.115455 0.089069 -0.099055 0.070897 0.009127 -0.000609 0.039366 -0.041301 -0.012384 -0.015888 -0.032361 -0.005459 -0.024649 -0.017583 -0.019003 -0.016839
0.651483 1.215702 1.459096 2.120458 1.247813 1.930811 -2.532711 1.926815 1.043159 -3.319196 1.027616 1.843418 -0.699828 1.10674 -1.785322 1.973811 -1.086029 1.964623 -4.60519 1.987145 -0.733414 -3.338779 -0.819281 1.837666 -0.00561 -0.00519 -0.058515 0.061647 0.014021 0.023381 0.049882 -0.004421 0.05412 -0.02978 0.037931 -0.022716 -0.009562 -0.007008 -0.116065 -0.039595 -0.126294 -0.01993 -0.117246 -0.065039 -0.090537 -0.056929 -0.118315 -0.043208
0.652065 1.213161 1.482427 2.113923 1.362976 1.939444 -2.381917 1.935481 1.18064 -3.295535 1.161059 1.86571 -0.699222 1.109167 -1.788959 1.925713 -1.20699 1.782653 -4.772495 1.819299 -0.894752 -3.452845 -0.954361 1.710388 0.000582 -0.002542 0.023331 -0.006535 0.115164 0.008633 0.150794 0.008666 0.13748 0.023661 0.133443 0.022292 0.000606 0.002427 -0.003638 -0.048098 -0.120961 -0.181971 -0.167305 -0.167846 -0.161338 -0.114065 -0.13508 -0.127278
0.654683 1.223886 1.482053 2.156762 1.465623 1.896741 -2.221995 1.825176 1.349629 -3.404233 1.300497 1.772873 -0.699714 1.093428 -1.811673 1.899178 -1.140363 1.823889 -4.67315 1.879142 -0.810431 -3.425923 -0.880961 1.742952 0.002618 0.010725 -0.000374 0.042839 0.102647 -0.042703 0.159922 -0.110306 0.168989 -0.108698 0.139438 -0.092838 -0.000492 -0.015739 -0.022713 -0.026535 0.066627 0.041236 0.099346 0.059843 0.08432 0.026922 0.073399 0.032564
0.644078 1.240267 1.3297 2.202943 1.59456 1.826467 -2.097678 1.674196 1.566702 -3.5278 1.42224 1.659016 -0.702389 1.063868 -1.765026 1.916364 -1.095635 1.77805 -4.626848 1.818262 -0.777319 -3.519734 -0.845631 1.638529 -0.010605 0.016381 -0.152353 0.04618 0.128936 -0.070273 0.124317 -0.15098 0.217073 -0.123567 0.121743 -0.113857 -0.002675 -0.02956 0.046647 0.017186 0.044728 -0.045839 0.046302 -0.06088 0.033112 -0.093811 0.03533 -0.104423
0.66588 1.24986 1.442585 2.21263 1.622547 1.824386 -2.029175 1.678336 1.556012 -3.531193 1.476101 1.660453 -0.706315 1.06852 -1.753717 1.93819 -1.046395 1.839708 -4.570199 1.893105 -0.710898 -3.437328 -0.781794 1.7238 0.021802 0.009594 0.112885 0.009687 0.027987 -0.002081 0.068503 0.00414 -0.01069 -0.003393 0.053861 0.001438 -0.003926 0.004652 0.011309 0.021826 0.04924 0.061658 0.056649 0.074843 0.066421 0.082405 0.063837 0.08527
0.657672 1.186155 1.369279 2.255913 1.472682 1.95857 -2.191236 1.917752 1.406967 -3.377211 1.345171 1.779244 -0.671278 1.053351 -1.339751 2.087992 -0.931175 1.900912 -4.532038 1.955032 -0.681615 -3.403957 -0.703513 1.730895 -0.008208 -0.063705 -0.073306 0.043283 -0.149865 0.134184 -0.162061 0.239416 -0.149045 0.153982 -0.130931 0.11879 0.035037 -0.015169 0.413966 0.149803 0.115221 0.061204 0.038161 0.061927 0.029283 0.033371 0.078281 0.007096
0.678779 1.195007 1.564862 2.222395 1.408691 1.997776 -2.347853 1.999513 1.233286 -3.260811 1.205469 1.89021 -0.662754 1.053904 -1.542371 2.075949 -0.950044 1.900772 -4.506055 1.949452 -0.645021 -3.402872 -0.692669 1.731632 0.021107 0.008852 0.195583 -0.033518 -0.063992 0.039207 -0.156617 0.081761 -0.173681 0.1164 -0.139702 0.110966 0.008525 0.000553 -0.20262 -0.012043 -0.01887 -0.00014 0.025983 -0.00558 0.036595 0.001085 0.010845 0.000736
0.685104 1.206471 1.614113 2.170436 1.244699 2.037941 -2.614092 2.131284 0.948494 -3.130219 0.971583 2.005142 -0.656792 1.072637 -1.566772 1.949456 -0.994835 1.798284 -4.545535 1.860133 -0.688708 -3.48016 -0.740331 1.673943 0.006325 0.011463 0.049251 -0.051959 -0.163991 0.040165 -0.266239 0.131771 -0.284792 0.130592 -0.233886 0.114932 0.005962 0.018733 -0.024401 -0.126494 -0.044791 -0.102488 -0.03948 -0.089319 -0.043688 -0.077288 -0.047663 -0.057688
0.667102 1.183753 1.59327 2.181173 1.244719 2.028073 -2.594879 2.079683 0.976728 -3.182917 0.989603 1.969808 -0.653648 1.059128 -1.529203 1.987381 -1.007606 1.758489 -4.583513 1.849323 -0.732577 -3.484933 -0.767558 1.661869 -0.018002 -0.022718 -0.020843 0.010738 2e-05 -0.009868 0.019213 -0.051601 0.028235 -0.052698 0.01802 -0.035334 0.003144 -0.013509 0.037569 0.037925 -0.012771 -0.039795 -0.037977 -0.010809 -0.043868 -0.004773 -0.027226 -0.012074
0.651612 1.169095 1.447479 2.086657 1.242437 1.994846 -2.573805 2.069437 0.985151 -3.189753 0.982754 1.951909 -0.638054 1.043745 -1.508389 1.956364 -0.98276 1.777496 -4.564318 1.845535 -0.70345 -3.484876 -0.737905 1.677022 -0.01549 -0.014658 -0.145791 -0.094516 -0.002282 -0.033227 0.021074 -0.010247 0.008423 -0.006837 -0.006849 -0.017899 0.015594 -0.015383 0.020814 -0.031016 0.024846 0.019006 0.019195 -0.003788 0.029127 5.7e-05 0.029652 0.015153
0.667536 1.171451 1.525886 2.165568 1.190943 1.904331 -2.663092 1.892922 0.921002 -3.355253 0.927393 1.815108 -0.664375 1.054093 -1.533814 2.047401 -0.941417 1.860656 -4.507432 1.92801 -0.647059 -3.422402 -0.685522 1.737073 0.015925 0.002356 0.078407 0.078911 -0.051495 -0.090515 -0.089287 -0.176515 -0.064149 -0.1655 -0.055361 -0.1368 -0.026321 0.010348 -0.025425 0.091037 0.041342 0.08316 0.056885 0.082475 0.05639 0.062473 0.052384 0.06005
0.66877 1.175286 1.409459 2.252294 1.326439 2.014736 -2.404593 1.986232 1.190337 -3.272538 1.148818 1.886583 -0.667256 1.051432 -1.482726 2.097196 -0.915892 1.896735 -4.492698 2.013177 -0.635284 -3.321182 -0.665711 1.832118 0.001233 0.003835 -0.116427 0.086726 0.135496 0.110406 0.258499 0.09331 0.269335 0.082716 0.221425 0.071475 -0.002881 -0.002661 0.051088 0.049794 0.025525 0.036079 0.014734 0.085167 0.011775 0.10122 0.019811 0.095045
0.670876 1.167909 1.204276 2.205185 1.48549 2.306021 -2.099718 2.453989 1.540131 -2.778538 1.441313 2.301984 -0.655837 1.043393 -1.342889 2.067376 -0.851999 2.056715 -4.451273 2.22555 -0.581626 -3.138179 -0.601576 1.952714 0.002106 -0.007377 -0.205184 -0.047109 0.159051 0.291284 0.304875 0.467756 0.349794 0.494 0.292495 0.4154 0.011419 -0.008039 0.139837 -0.02982 0.063893 0.159979 0.041426 0.212373 0.053658 0.183004 0.064135 0.120596
0.655862 1.177067 1.205697 2.599875 1.062367 2.03593 -2.709742 1.875998 0.923816 -3.468126 0.892526 1.776137 -0.652142 1.057844 -1.336973 2.34234 -0.819124 2.359201 -4.397842 2.521275 -0.538554 -2.862944 -0.569117 2.22783 -0.015014 0.009158 0.001421 0.394691 -0.423123 -0.270091 -0.610024 -0.57799 -0.616315 -0.689588 -0.548787 -0.525847 0.003695 0.014451 0.005916 0.274965 0.032876 0.302486 0.053431 0.295725 0.043072 0.275235 0.032459 0.275117
0.658519 1.149879 1.169787 2.790808 0.958265 1.870814 -2.822638 1.695959 0.8508 -3.704422 0.807416 1.550239 -0.651964 1.080514 -1.280006 2.55353 -0.7963 2.537721 -4.371719 2.68709 -0.536563 -2.737513 -0.558035 2.337602 0.002657 -0.027188 -0.035909 0.190933 -0.104102 -0.165116 -0.112895 -0.180039 -0.073016 -0.236296 -0.08511 -0.225897 0.000179 0.02267 0.056967 0.211189 0.022824 0.178521 0.026123 0.165816 0.00199 0.125431 0.011082 0.109771
0.634522 1.238642 1.094195 2.722887 0.729122 1.331623 -3.095449 0.88792 0.639579 -4.382319 0.586227 0.895197 -0.698354 1.193888 -1.338711 2.890948 -0.804768 2.814203 -4.354045 2.950023 -0.538905 -2.513961 -0.572804 2.558444 -0.023996 0.088763 -0.075592 -0.067921 -0.229144 -0.539191 -0.272811 -0.808039 -0.211222 -0.677897 -0.221189 -0.655043 -0.04639 0.113374 -0.058705 0.337418 -0.008467 0.276482 0.017674 0.262932 -0.002341 0.223551 -0.014769 0.220842
0.64772 1.381807 1.069747 3.122431 0.731174 1.731317 -3.031001 0.91242 0.731298 -4.09998 0.666066 1.077134 -0.726089 1.266434 -1.301643 3.014714 -0.821118 3.041092 -4.382175 3.210591 -0.564042 -2.25721 -0.58402 2.796498 0.013198 0.143165 -0.024449 0.399544 0.002052 0.399694 0.064448 0.0245 0.091719 0.282339 0.07984 0.181938 -0.027736 0.072546 0.037069 0.123766 -0.016351 0.226889 -0.02813 0.260568 -0.025138 0.256751 -0.011216 0.238054
0.666563 1.408248 0.970438 3.086482 0.666019 1.572802 -3.146003 1.01898 0.619049 -4.242214 0.565935 0.994129 -0.712441 1.274549 -1.234672 3.020436 -0.781332 3.179721 -4.347534 3.406552 -0.535822 -2.044307 -0.550372 2.978785 0.018843 0.026442 -0.099309 -0.035949 -0.065154 -0.158515 -0.115002 0.10656 -0.112249 -0.142234 -0.100132 -0.083005 0.013649 0.008115 0.066971 0.005722 0.039787 0.138629 0.034641 0.195961 0.02822 0.212903 0.033648 0.182287
0.67013 1.454459 0.95955 3.131304 0.730235 1.860707 -2.940971 1.48741 0.765666 -3.772718 0.693789 1.385068 -0.703064 1.304791 -1.176297 3.033222 -0.757624 3.23779 -4.332487 3.479692 -0.519167 -1.979771 -0.526978 3.030984 0.003567 0.04621 -0.010888 0.044823 0.064216 0.287905 0.205032 0.46843 0.146617 0.469495 0.127854 0.390938 0.009377 0.030242 0.058375 0.012786 0.023707 0.058069 0.015047 0.07314 0.016655 0.064536 0.023394 0.052199
0.701641 1.43018 0.998843 3.107065 0.733155 2.720369 -2.971128 2.722648 0.741378 -2.671202 0.669612 2.417556 -0.685362 1.320965 -1.150776 2.994362 -0.716386 3.343974 -4.293772 3.612324 -0.472595 -1.844449 -0.474641 3.158254 0.031511 -0.024278 0.039294 -0.024239 0.00292 0.859662 -0.030157 1.235238 -0.024288 1.101516 -0.024177 1.032488 0.017702 0.016174 0.02552 -0.03886 0.041238 0.106184 0.038716 0.132632 0.046572 0.135323 0.052337 0.12727
0.702521 1.424079 1.041575 3.109945 0.851356 2.902995 -2.921613 2.978618 0.757579 -2.444019 0.701947 2.630408 -0.704412 1.335069 -1.156442 3.061054 -0.731755 3.447698 -4.304654 3.718998 -0.486984 -1.768182 -0.4841 3.230339 0.00088 -0.006101 0.042731 0.00288 0.118201 0.182626 0.049515 0.25597 0.016201 0.227183 0.032336 0.212852 -0.01905 0.014104 -0.005665 0.066692 -0.015369 0.103725 -0.010883 0.106674 -0.014389 0.076267 -0.009459 0.072085
0.692762 1.40459 0.916659 3.106643 0.447648 2.957161 -3.575608 3.116983 0.08442 -2.256013 0.139445 2.792297 -0.712225 1.340387 -1.139985 3.079533 -0.726148 3.513107 -4.315493 3.799252 -0.504607 -1.655489 -0.495733 3.332876 -0.009759 -0.01949 -0.124916 -0.003302 -0.403708 0.054166 -0.653995 0.138365 -0.673158 0.188006 -0.562502 0.161889 -0.007814 0.005319 0.016457 0.018479 0.005606 0.065408 -0.010838 0.080253 -0.017623 0.112693 -0.011633 0.102537
0.69643 1.395988 0.824828 2.92866 0.421677 1.624902 -3.556069 1.216957 0.196381 -3.897657 0.217054 1.310142 -0.708138 1.298789 -1.106562 3.053474 -0.704408 3.54743 -4.300162 3.90091 -0.477992 -1.498749 -0.472759 3.464977 0.003668 -0.008602 -0.09183 -0.177984 -0.025971 -1.332259 0.019539 -1.900026 0.11196 -1.641644 0.077609 -1.482155 0.004087 -0.041599 0.033423 -0.026059 0.021741 0.034324 0.015331 0.101659 0.026615 0.15674 0.022974 0.132101
0.693226 1.39144 0.918154 2.943601 0.60002 2.242207 -3.291307 2.135858 0.371165 -3.219772 0.373542 1.915873 -0.706339 1.301954 -1.086321 3.044869 -0.715392 3.57265 -4.312355 3.904958 -0.492416 -1.511811 -0.482765 3.456213 -0.003204 -0.004547 0.093325 0.014942 0.178342 0.617305 0.264763 0.918901 0.174784 0.677885 0.156488 0.605731 0.001799 0.003166 0.020241 -0.008605 -0.010985 0.02522 -0.012193 0.004048 -0.014424 -0.013062 -0.010006 -0.008764
0.673316 1.384632 0.897858 2.968708 0.083999 3.294876 -3.863134 3.68346 -0.248245 -1.688686 -0.202388 3.279844 -0.710389 1.320627 -1.042395 3.015147 -0.735178 3.597336 -4.351379 3.932012 -0.534819 -1.484826 -0.516669 3.472544 -0.01991 -0.006808 -0.020296 0.025107 -0.516021 1.052669 -0.571827 1.547602 -0.61941 1.531085 -0.57593 1.363971 -0.00405 0.018673 0.043925 -0.029722 -0.019786 0.024685 -0.039025 0.027053 -0.042403 0.026984 -0.033904 0.01633
0.671898 1.372616 0.93524 2.965512 0.14182 3.127413 -3.656937 3.382197 0.067757 -1.989312 0.051853 3.027971 -0.718809 1.324686 -1.010976 2.984748 -0.728723 3.582521 -4.358465 3.908832 -0.542315 -1.496195 -0.515159 3.465423 -0.001418 -0.012016 0.037383 -0.003196 0.057821 -0.167463 0.206197 -0.301263 0.316002 -0.300626 0.254241 -0.251873 -0.008421 0.004058 0.03142 -0.030399 0.006455 -0.014814 -0.007086 -0.02318 -0.007496 -0.011369 0.00151 -0.00712
0.668531 1.370677 0.908669 3.073534 0.706252 3.018506 -2.980705 3.165992 0.722684 -2.231331 0.64029 2.819216 -0.720834 1.314045 -1.000129 2.988153 -0.747721 3.632086 -4.363888 3.965775 -0.548115 -1.425752 -0.529548 3.531375 -0.003366 -0.001939 -0.026571 0.108022 0.564433 -0.108907 0.676232 -0.216205 0.654926 -0.242019 0.588437 -0.208755 -0.002025 -0.010641 0.010847 0.003405 -0.018998 0.049564 -0.005423 0.056943 -0.0058 0.070443 -0.014389 0.065951
0.663311 1.373818 0.952703 3.074651 0.834395 2.829798 -2.946884 2.864252 0.729513 -2.570701 0.680463 2.520425 -0.72347 1.314287 -1.008751 2.999793 -0.754255 3.628948 -4.392225 3.960602 -0.572566 -1.435899 -0.541069 3.523937 -0.00522 0.003141 0.044034 0.001117 0.128142 -0.188708 0.033821 -0.30174 0.006829 -0.33937 0.040173 -0.298792 -0.002635 0.000242 -0.008622 0.01164 -0.006534 -0.003138 -0.028338 -0.005173 -0.02445 -0.010146 -0.011521 -0.007438
0.664128 1.379237 0.937123 3.071516 0.845447 2.915181 -2.929048 3.041801 0.739422 -2.392534 0.686175 2.665332 -0.72512 1.325359 -1.001715 3.002087 -0.746185 3.627183 -4.379399 3.962576 -0.559483 -1.436516 -0.529974 3.521962 0.000817 0.005419 -0.015581 -0.003135 0.011052 0.085382 0.017836 0.177549 0.009909 0.178167 0.005711 0.144907 -0.00165 0.011072 0.007036 0.002294 0.00807 -0.001765 0.012827 0.001974 0.013083 -0.000618 0.011095 -0.001975
0.676429 1.348195 0.917033 2.992251 0.84533 3.059249 -3.099068 3.349429 0.473033 -2.078976 0.491337 2.931126 -0.716351 1.332977 -1.048376 2.960781 -0.738883 3.558415 -4.360764 3.905355 -0.537579 -1.526134 -0.510882 3.433767 0.012301 -0.031042 -0.02009 -0.079265 -0.000117 0.144068 -0.17002 0.307628 -0.266389 0.313558 -0.194837 0.265794 0.008768 0.007618 -0.046661 -0.041306 0.007302 -0.068768 0.018635 -0.057222 0.021904 -0.089617 0.019093 -0.088195
0.659877 1.344828 0.884354 2.976968 0.776836 3.076929 -2.994033 3.347681 0.660436 -2.056403 0.614353 2.9405 -0.715792 1.325811 -1.056385 3.00257 -0.724927 3.596495 -4.330152 3.960627 -0.505929 -1.494305 -0.496286 3.452394 -0.016552 -0.003368 -0.032679 -0.015283 -0.068494 0.01768 0.105035 -0.001748 0.187403 0.022573 0.123016 0.009374 0.000559 -0.007166 -0.008009 0.041789 0.013956 0.03808 0.030612 0.055272 0.03165 0.031829 0.014596 0.018626
0.644359 1.356317 0.697935 3.096024 -0.208939 3.494394 -4.181411 3.949768 -0.573411 -1.427297 -0.503405 3.491127 -0.708576 1.302643 -1.055217 2.970985 -0.755663 3.578299 -4.374038 3.951062 -0.560199 -1.454374 -0.538246 3.479818 -0.015517 0.011489 -0.186419 0.119056 -0.985775 0.417466 -1.187378 0.602087 -1.233847 0.629107 -1.117758 0.550627 0.007216 -0.023168 0.001168 -0.031585 -0.030736 -0.018197 -0.043886 -0.009565 -0.05427 0.039931 -0.04196 0.027424
0.644445 1.351743 0.743408 3.094899 0.368969 3.365326 -3.481966 3.681824 0.178827 -1.710138 0.163155 3.25624 -0.710499 1.295186 -1.049492 2.971452 -0.752302 3.58054 -4.377947 3.94003 -0.563267 -1.47111 -0.539561 3.466906 8.6e-05 -0.004574 0.045473 -0.001124 0.577908 -0.129068 0.699445 -0.267944 0.752238 -0.282842 0.66656 -0.234887 -0.001923 -0.007457 0.005725 0.000467 0.003361 0.002241 -0.003909 -0.011032 -0.003068 -0.016736 -0.001315 -0.012912
0.642644 1.332136 0.612943 3.109892 -0.305681 3.592814 -4.27581 4.075568 -0.675996 -1.259989 -0.609907 3.655067 -0.721633 1.295727 -1.057598 3.01188 -0.771543 3.612726 -4.427166 3.962433 -0.601772 -1.452418 -0.579744 3.476409 -0.001801 -0.019607 -0.130464 0.014992 -0.67465 0.227488 -0.793844 0.393744 -0.854823 0.45015 -0.773062 0.398827 -0.011135 0.000541 -0.008106 0.040428 -0.019241 0.032186 -0.049219 0.022403 -0.038506 0.018692 -0.040184 0.009503
0.641742 1.306965 0.708256 3.101064 0.005122 3.430183 -3.938754 3.830746 -0.300714 -1.536798 -0.259267 3.403098 -0.716944 1.29038 -1.053084 3.035341 -0.763722 3.6239 -4.411791 3.971284 -0.594101 -1.442581 -0.57865 3.484745 -0.000902 -0.02517 0.095313 -0.008828 0.310803 -0.162631 0.337057 -0.244822 0.375282 -0.276809 0.35064 -0.251969 0.004689 -0.005347 0.004514 0.023461 0.007821 0.011174 0.015375 0.008852 0.007671 0.009837 0.001094 0.008336
0.640798 1.303343 0.699295 3.104974 0.255098 3.35821 -3.627502 3.683525 0.014931 -1.699566 0.026823 3.265006 -0.7175 1.274431 -1.045194 3.056453 -0.758916 3.632045 -4.399251 3.966346 -0.587172 -1.445939 -0.567435 3.488036 -0.000944 -0.003622 -0.008961 0.00391 0.249977 -0.071974 0.311251 -0.147222 0.315645 -0.162768 0.28609 -0.138092 -0.000556 -0.015949 0.00789 0.021111 0.004806 0.008146 0.01254 -0.004939 0.006929 -0.003358 0.011215 0.003291
0.63994 1.278547 0.564815 3.154094 -0.297658 3.510853 -4.267072 3.918292 -0.618059 -1.438152 -0.55807 3.482121 -0.709256 1.262598 -1.042353 3.057955 -0.751619 3.649007 -4.408902 3.994754 -0.589154 -1.422266 -0.565247 3.501509 -0.000858 -0.024796 -0.13448 0.04912 -0.552756 0.152643 -0.639569 0.234768 -0.63299 0.261414 -0.584893 0.217115 0.008244 -0.011833 0.002841 0.001502 0.007297 0.016962 -0.009651 0.028408 -0.001982 0.023673 0.002188 0.013473
0.621978 1.263111 0.53807 3.127212 -0.334792 3.517375 -4.296124 3.941707 -0.657661 -1.417852 -0.600525 3.483055 -0.706902 1.227431 -1.007217 2.995823 -0.757885 3.647895 -4.443819 3.992107 -0.635626 -1.399246 -0.602576 3.517762 -0.017962 -0.015436 -0.026745 -0.026882 -0.037135 0.006523 -0.029052 0.023414 -0.039603 0.0203 -0.042455 0.000934 0.002354 -0.035168 0.035136 -0.062132 -0.006266 -0.001113 -0.034917 -0.002647 -0.046472 0.02302 -0.037329 0.016252
0.630837 1.275026 0.643866 3.127795 0.423551 3.211419 -3.312866 3.358748 0.443165 -2.040869 0.380825 2.975336 -0.694731 1.232213 -1.006161 2.955689 -0.755196 3.633001 -4.428122 3.978752 -0.617067 -1.401688 -0.586419 3.51768 0.008859 0.011915 0.105795 0.000583 0.758343 -0.305957 0.983257 -0.582959 1.100826 -0.623017 0.98135 -0.507719 0.012171 0.004782 0.001056 -0.040134 0.002689 -0.014894 0.015697 -0.013355 0.018559 -0.002442 0.016157 -8.2e-05
0.639433 1.286735 0.718356 3.049604 0.521359 3.10879 -3.284837 3.307258 0.397753 -2.072246 0.361924 2.928418 -0.706719 1.250148 -1.044488 2.927484 -0.729789 3.625495 -4.36526 3.974402 -0.534055 -1.414058 -0.522739 3.517796 0.008596 0.011709 0.07449 -0.078191 0.097808 -0.102629 0.028029 -0.05149 -0.045412 -0.031377 -0.018902 -0.046918 -0.011989 0.017935 -0.038326 -0.028206 0.025406 -0.007505 0.062862 -0.00435 0.083011 -0.01237 0.06368 0.000116
0.643274 1.286961 0.716507 3.082821 0.315635 3.179619 -3.577342 3.429096 0.096477 -1.95699 0.103687 3.037895 -0.707374 1.25568 -1.066413 2.941798 -0.740212 3.610235 -4.375883 3.960888 -0.539235 -1.434326 -0.525398 3.506387 0.003842 0.000226 -0.001849 0.033217 -0.205724 0.070829 -0.292504 0.121838 -0.301276 0.115255 -0.258237 0.109478 -0.000654 0.005532 -0.021926 0.014314 -0.010423 -0.015261 -0.010623 -0.013514 -0.005179 -0.020267 -0.002659 -0.011409
0.647297 1.291299 0.769743 3.12331 0.556311 2.732669 -3.261019 2.711298 0.451774 -2.695102 0.409433 2.395961 -0.710713 1.246051 -1.049246 2.981317 -0.747642 3.614599 -4.38978 3.956454 -0.562642 -1.43716 -0.538362 3.506459 0.004023 0.004338 0.053236 0.040489 0.240676 -0.44695 0.316323 -0.717798 0.355297 -0.738112 0.305746 -0.641935 -0.003339 -0.009629 0.017167 0.039519 -0.00743 0.004364 -0.013897 -0.004435 -0.023407 -0.002834 -0.012964 7.2e-05
0.655091 1.387192 0.882096 3.224024 0.54621 2.451546 -3.310596 2.322407 0.415885 -3.074053 0.384743 2.064819 -0.710724 1.299994 -1.049484 3.113888 -0.750565 3.615504 -4.381146 3.948996 -0.565794 -1.469348 -0.541891 3.491417 0.007794 0.095893 0.112352 0.100714 -0.010101 -0.281123 -0.049577 -0.388891 -0.035889 -0.378951 -0.02469 -0.331142 -1.1e-05 0.053943 -0.000238 0.132571 -0.002922 0.000905 0.008635 -0.007458 -0.003153 -0.032188 -0.003529 -0.015042
0.671101 1.372954 0.915867 3.212404 0.435664 1.618199 -3.467148 1.239354 0.300672 -4.095897 0.280557 1.137566 -0.707976 1.293968 -1.015111 3.097948 -0.744609 3.587786 -4.382498 3.911326 -0.575061 -1.475899 -0.545776 3.486813 0.01601 -0.014238 0.033771 -0.01162 -0.110546 -0.833347 -0.156552 -1.083053 -0.115214 -1.021844 -0.104186 -0.927252 0.002748 -0.006025 0.034373 -0.01594 0.005955 -0.027718 -0.001353 -0.03767 -0.009266 -0.006551 -0.003885 -0.004604
0.670641 1.372056 0.965624 3.197611 0.46824 1.56869 -3.428756 1.234761 0.316521 -4.098372 0.295306 1.139905 -0.73559 1.300321 -1.006066 3.197986 -0.685126 3.564383 -4.303715 3.844907 -0.519846 -1.554719 -0.502044 3.430276 -0.000461 -0.000898 0.049757 -0.014793 0.032576 -0.049509 0.038393 -0.004593 0.015849 -0.002475 0.01475 0.002339 -0.027615 0.006353 0.009044 0.100037 0.059484 -0.023403 0.078783 -0.066419 0.055215 -0.07882 0.043732 -0.056536
0.630964 1.306421 0.974844 3.142581 0.496751 1.852193 -3.401067 1.581667 0.334038 -3.772083 0.320022 1.427899 -0.715156 1.250529 -1.009739 3.037917 -0.737191 3.538196 -4.380247 3.842297 -0.582674 -1.518415 -0.553848 3.44895 -0.039676 -0.065635 0.009219 -0.05503 0.028511 0.283504 0.027688 0.346906 0.017517 0.326289 0.024716 0.287994 0.020435 -0.049792 -0.003673 -0.160069 -0.052065 -0.026187 -0.076532 -0.00261 -0.062828 0.036304 -0.051804 0.018674
0.669658 1.367666 1.022543 3.19497 0.696998 2.331785 -3.177456 2.102252 0.573701 -3.34585 0.537195 1.849746 -0.758809 1.334715 -1.098163 3.06466 -0.791247 3.620343 -4.407994 3.905346 -0.609162 -1.51932 -0.580865 3.460354 0.038694 0.061245 0.047699 0.05239 0.200247 0.479592 0.223612 0.520585 0.239663 0.426233 0.217173 0.421847 -0.043653 0.084186 -0.088424 0.026743 -0.054056 0.082147 -0.027747 0.063049 -0.026489 -0.000904 -0.027018 0.011404
0.690152 1.364147 1.041467 3.217016 0.913185 2.527452 -2.894477 2.351022 0.835937 -3.267692 0.781561 1.882347 -0.75182 1.338207 -1.031622 3.067511 -0.794161 3.61924 -4.441126 3.887157 -0.65557 -1.522106 -0.60879 3.446299 0.020494 -0.003519 0.018924 0.022045 0.216187 0.195667 0.282979 0.24877 0.262236 0.078158 0.244366 0.032601 0.006988 0.003492 0.066541 0.00285 -0.002913 -0.001103 -0.033132 -0.01819 -0.046408 -0.002787 -0.027925 -0.014055
0.670329 1.290704 0.996301 2.933704 1.100608 2.843537 -2.556062 3.047352 1.11333 -2.329216 1.017146 2.696281 -0.744865 1.346211 -0.965208 3.038628 -0.77584 3.585934 -4.44459 3.868502 -0.658254 -1.519165 -0.60488 3.445871 -0.019823 -0.073443 -0.045167 -0.283312 0.187423 0.316085 0.338414 0.69633 0.277393 0.938476 0.235586 0.813934 0.006955 0.008004 0.066414 -0.028883 0.018321 -0.033305 -0.003465 -0.018654 -0.002683 0.002941 0.00391 -0.000428
0.676075 1.28176 1.044428 2.880264 1.409063 3.527462 -2.129263 3.816842 1.54134 -1.394214 1.407687 3.615674 -0.739377 1.317943 -0.957369 3.068438 -0.778928 3.622456 -4.449822 3.888951 -0.657336 -1.507831 -0.605608 3.475281 0.005745 -0.008944 0.048128 -0.05344 0.308456 0.683925 0.4268 0.76949 0.42801 0.935003 0.39054 0.919393 0.005488 -0.028269 0.00784 0.02981 -0.003088 0.036522 -0.005232 0.020449 0.000917 0.011334 -0.000728 0.02941
0.633532 1.243924 0.955848 2.792139 1.397391 3.79767 -2.113681 4.143012 1.575851 -0.960395 1.431083 4.017774 -0.715469 1.310814 -0.896493 3.0939 -0.742407 3.648202 -4.427261 3.893927 -0.656538 -1.491152 -0.604408 3.494651 -0.042542 -0.037835 -0.08858 -0.088125 -0.011672 0.270209 0.015582 0.32617 0.034511 0.433818 0.023397 0.4021 0.023907 -0.007128 0.060875 0.025462 0.036522 0.025746 0.022562 0.004976 0.000799 0.016679 0.0012 0.01937
0.655085 1.245448 1.042705 2.880888 1.624744 4.138943 -1.839317 4.505464 1.872063 -0.546369 1.710776 4.436812 -0.716386 1.312809 -0.969473 3.184774 -0.74422 3.670159 -4.391532 3.880567 -0.61107 -1.533894 -0.574012 3.473378 0.021552 0.001523 0.086857 0.088749 0.227353 0.341272 0.274364 0.362452 0.296212 0.414026 0.279693 0.419038 -0.000916 0.001994 -0.07298 0.090874 -0.001813 0.021957 0.035728 -0.01336 0.045468 -0.042742 0.030396 -0.021273
0.656027 1.270292 1.068426 2.942689 1.733478 4.273062 -1.702105 4.617651 2.024673 -0.406289 1.850761 4.590432 -0.707174 1.315672 -0.966563 3.192258 -0.747135 3.64829 -4.398362 3.837933 -0.614932 -1.565963 -0.578051 3.449251 0.000942 0.024844 0.025721 0.061801 0.108734 0.134119 0.137212 0.112187 0.15261 0.14008 0.139984 0.15362 0.009212 0.002863 0.00291 0.007484 -0.002915 -0.021868 -0.00683 -0.042634 -0.003862 -0.032068 -0.004039 -0.024127
0.663582 1.312223 1.034209 3.020838 1.661471 4.341588 -1.818262 4.690936 1.906368 -0.342972 1.74596 4.643603 -0.704492 1.319225 -0.957679 3.193391 -0.743708 3.670947 -4.394263 3.864209 -0.60864 -1.53637 -0.571311 3.478622 0.007555 0.041931 -0.034218 0.078149 -0.072007 0.068526 -0.116157 0.073285 -0.118304 0.063316 -0.104801 0.05317 0.002682 0.003552 0.008884 0.001133 0.003427 0.022656 0.0041 0.026276 0.006292 0.029593 0.00674 0.029371
0.684711 1.314592 1.04741 3.016562 1.611611 4.36665 -1.871076 4.738242 1.833071 -0.290016 1.676434 4.682826 -0.695871 1.32189 -0.971013 3.157117 -0.737284 3.674784 -4.38769 3.88747 -0.59557 -1.507101 -0.557686 3.500826 0.021129 0.002369 0.013201 -0.004276 -0.04986 0.025061 -0.052814 0.047306 -0.073298 0.052956 -0.069525 0.039223 0.008621 0.002665 -0.013334 -0.036274 0.006424 0.003837 0.006572 0.023261 0.01307 0.029269 0.013624 0.022205
0.683952 1.333948 1.111203 3.130166 1.740252 4.783057 -1.713914 5.200842 1.981537 0.236089 1.81361 5.202404 -0.701661 1.311361 -0.97156 3.161013 -0.729297 3.672594 -4.372422 3.859482 -0.581342 -1.535398 -0.545882 3.490047 -0.000759 0.019357 0.063794 0.113603 0.128641 0.416408 0.157162 0.4626 0.148467 0.526105 0.137175 0.519578 -0.00579 -0.010529 -0.000547 0.003896 0.007987 -0.002189 0.015268 -0.027988 0.014228 -0.028297 0.011804 -0.010779
0.685928 1.336674 1.130205 3.220357 1.754311 4.924547 -1.705475 5.398225 1.973112 0.406391 1.807724 5.343152 -0.711864 1.336751 -1.024824 3.377079 -0.730827 3.714316 -4.359834 3.898643 -0.574542 -1.544244 -0.54402 3.489366 0.001976 0.002726 0.019001 0.090191 0.014059 0.14149 0.008439 0.197383 -0.008426 0.170302 -0.005885 0.140748 -0.010203 0.02539 -0.053264 0.216066 -0.00153 0.041721 0.012588 0.039161 0.006801 -0.008847 0.001861 -0.000681
0.686697 1.352531 1.130582 3.207923 1.74988 4.796502 -1.709998 5.221535 1.971086 0.213647 1.805755 5.166101 -0.709759 1.336686 -1.01311 3.35053 -0.730969 3.714942 -4.360998 3.899809 -0.576626 -1.543068 -0.546638 3.492607 0.000769 0.015857 0.000377 -0.012434 -0.004431 -0.128045 -0.004523 -0.17669 -0.002026 -0.192744 -0.001969 -0.177051 0.002105 -6.5e-05 0.011714 -0.026549 -0.000143 0.000626 -0.001163 0.001166 -0.002084 0.001176 -0.002618 0.003241
0.719268 1.354592 1.189505 3.212179 1.780981 4.848132 -1.691488 5.26463 1.986636 0.266209 1.825181 5.226495 -0.696523 1.336872 -1.021585 3.316817 -0.735085 3.71755 -4.36054 3.928687 -0.570708 -1.520824 -0.545444 3.505788 0.032572 0.002061 0.058923 0.004256 0.031101 0.05163 0.01851 0.043095 0.01555 0.052562 0.019426 0.060394 0.013236 0.000185 -0.008475 -0.033713 -0.004116 0.002608 0.000457 0.028878 0.005918 0.022244 0.001194 0.013181
0.719222 1.355564 1.184498 3.209468 1.775617 4.843732 -1.694304 5.260206 1.984263 0.274874 1.822529 5.242531 -0.688929 1.338574 -1.016957 3.316576 -0.726182 3.702473 -4.357075 3.903152 -0.563558 -1.539292 -0.54348 3.492572 -4.6e-05 0.000972 -0.005007 -0.002711 -0.005364 -0.0044 -0.002816 -0.004424 -0.002373 0.008665 -0.002652 0.016035 0.007594 0.001702 0.004628 -0.000241 0.008903 -0.015077 0.003465 -0.025535 0.00715 -0.018468 0.001963 -0.013217
0.714904 1.365705 1.176571 3.193151 1.769731 4.82657 -1.698339 5.237568 1.986648 0.253636 1.82447 5.223672 -0.684411 1.344106 -1.024237 3.308917 -0.703843 3.690001 -4.320883 3.860867 -0.527392 -1.56555 -0.50916 3.479993 -0.004318 0.010141 -0.007926 -0.016317 -0.005886 -0.017162 -0.004035 -0.022637 0.002385 -0.021238 0.001941 -0.018859 0.004518 0.005533 -0.00728 -0.007659 0.022339 -0.012472 0.036192 -0.042285 0.036166 -0.026258 0.034321 -0.012578
0.744368 1.371664 1.185555 3.216012 1.768069 4.805545 -1.716414 5.161455 2.0023 0.159615 1.843392 5.155997 -0.670019 1.342044 -1.035449 3.280997 -0.734058 3.681908 -4.355334 3.885351 -0.54955 -1.553213 -0.536256 3.481972 0.029464 0.005959 0.008984 0.022861 -0.001662 -0.021025 -0.018075 -0.076113 0.015652 -0.094022 0.018922 -0.067675 0.014392 -0.002062 -0.011212 -0.02792 -0.030215 -0.008093 -0.034451 0.024484 -0.022158 0.012337 -0.027097 0.001979
0.740323 1.36864 1.193797 3.191764 1.765953 4.799971 -1.715582 5.163615 1.99802 0.195433 1.836674 5.185177 -0.64972 1.302871 -1.026979 3.128165 -0.747282 3.632808 -4.378597 3.868919 -0.569582 -1.539791 -0.550425 3.490125 -0.004045 -0.003024 0.008242 -0.024248 -0.002117 -0.005574 0.000831 0.00216 -0.00428 0.035819 -0.006719 0.02918 0.020299 -0.039173 0.00847 -0.152832 -0.013224 -0.0491 -0.023263 -0.016432 -0.020032 0.013422 -0.014169 0.008153
0.736857 1.366086 1.174719 3.197583 1.752552 4.799333 -1.721214 5.161424 1.993344 0.199308 1.828617 5.187533 -0.650433 1.31494 -1.000994 3.196845 -0.740432 3.662668 -4.37206 3.888185 -0.568845 -1.527809 -0.549406 3.499595 -0.003466 -0.002554 -0.019078 0.00582 -0.013401 -0.000638 -0.005631 -0.002192 -0.004675 0.003874 -0.008057 0.002356 -0.000713 0.012069 0.025984 0.068681 0.00685 0.02986 0.006537 0.019266 0.000737 0.011982 0.001019 0.009471
0.739502 1.364326 1.172745 3.193168 1.749716 4.797922 -1.726132 5.176076 1.9888 0.198844 1.824643 5.184192 -0.650257 1.316356 -1.000638 3.210853 -0.740279 3.662205 -4.369008 3.886319 -0.567011 -1.53814 -0.547405 3.490032 0.002645 -0.00176 -0.001974 -0.004415 -0.002836 -0.001411 -0.004919 0.014652 -0.004545 -0.000464 -0.003974 -0.003341 0.000176 0.001416 0.000356 0.014008 0.000153 -0.000463 0.003052 -0.001866 0.001834 -0.010331 0.002001 -0.009563
0.739607 1.367212 1.165867 3.201042 1.745512 4.791191 -1.725229 5.185189 1.983933 0.18999 1.819208 5.161856 -0.651193 1.31615 -0.999506 3.234261 -0.730164 3.673944 -4.356314 3.882602 -0.567024 -1.540484 -0.543497 3.491183 0.000106 0.002885 -0.006878 0.007873 -0.004204 -0.006731 0.000904 0.009114 -0.004867 -0.008854 -0.005435 -0.022336 -0.000936 -0.000206 0.001132 0.023408 0.010115 0.011739 0.012694 -0.003717 -1.3e-05 -0.002344 0.003908 0.001151
0.741229 1.372109 1.158871 3.201588 1.725889 4.79832 -1.750811 5.190279 1.963458 0.198291 1.800573 5.170296 -0.651666 1.320187 -0.999501 3.242279 -0.738336 3.670605 -4.368712 3.875874 -0.578985 -1.550911 -0.553006 3.480383 0.001621 0.004897 -0.006996 0.000546 -0.019623 0.007129 -0.025582 0.00509 -0.020475 0.008301 -0.018635 0.008439 -0.000473 0.004036 4e-06 0.008018 -0.008172 -0.003339 -0.012398 -0.006729 -0.011961 -0.010427 -0.009509 -0.0108
0.75288 1.380899 1.158963 3.216745 1.722651 4.818963 -1.753446 5.202392 1.960439 0.241426 1.798279 5.212601 -0.641127 1.323448 -0.956956 3.2383 -0.742883 3.670612 -4.374763 3.873813 -0.579292 -1.544472 -0.557989 3.485891 0.011652 0.00879 9.2e-05 0.015157 -0.003238 0.020642 -0.002635 0.012112 -0.00302 0.043135 -0.002294 0.042306 0.010538 0.003261 0.042545 -0.003979 -0.004547 8e-06 -0.00605 -0.002061 -0.000307 0.006438 -0.004983 0.005508
0.750399 1.387509 1.156506 3.243822 1.729951 4.852401 -1.748237 5.23741 1.96542 0.253145 1.804527 5.229714 -0.648494 1.349625 -0.977619 3.320022 -0.737324 3.701887 -4.365007 3.89445 -0.574346 -1.539213 -0.550336 3.493875 -0.002481 0.00661 -0.002457 0.027077 0.0073 0.033439 0.005209 0.035019 0.004982 0.011719 0.006248 0.017113 -0.007367 0.026177 -0.020663 0.081722 0.005558 0.031275 0.009756 0.020638 0.004946 0.00526 0.007653 0.007984
0.747718 1.393565 1.151834 3.249893 1.729503 4.852826 -1.748308 5.232758 1.965452 0.247965 1.804644 5.226262 -0.647265 1.346793 -0.978835 3.301195 -0.73792 3.697569 -4.36557 3.893428 -0.574417 -1.540467 -0.550779 3.493844 -0.002682 0.006056 -0.004672 0.006071 -0.000448 0.000424 -7.1e-05 -0.004653 3.2e-05 -0.00518 0.000117 -0.003452 0.001228 -0.002832 -0.001215 -0.018827 -0.000596 -0.004318 -0.000564 -0.001023 -7.1e-05 -0.001254 -0.000443 -3.1e-05
0.741038 1.369951 1.146526 3.225949 1.72644 4.851993 -1.750265 5.231059 1.962858 0.244133 1.80097 5.223306 -0.646008 1.342729 -0.997139 3.299491 -0.73752 3.696964 -4.361204 3.888203 -0.573223 -1.544704 -0.550044 3.490071 -0.006679 -0.023614 -0.005308 -0.023944 -0.003063 -0.000833 -0.001957 -0.001699 -0.002593 -0.003832 -0.003674 -0.002956 0.001257 -0.004064 -0.018305 -0.001705 0.0004 -0.000604 0.004366 -0.005224 0.001194 -0.004237 0.000735 -0.003773
0.745248 1.372102 1.158219 3.227143 1.741542 4.851755 -1.7306 5.234076 1.980213 0.245923 1.816663 5.224261 -0.662672 1.343742 -0.987073 3.316656 -0.74522 3.698533 -4.377467 3.883166 -0.592068 -1.553729 -0.564683 3.48095 0.004209 0.002151 0.011693 0.001194 0.015101 -0.000238 0.019665 0.003017 0.017354 0.00179 0.015693 0.000955 -0.016664 0.001014 0.010066 0.017165 -0.0077 0.001569 -0.016263 -0.005038 -0.018845 -0.009025 -0.014639 -0.009121
0.74446 1.343032 1.173843 3.206527 1.756335 4.853422 -1.716235 5.234824 1.995156 0.259355 1.831089 5.236169 -0.661995 1.309992 -0.998146 3.255245 -0.741467 3.682218 -4.370745 3.880978 -0.581631 -1.547784 -0.554143 3.48106 -0.000788 -0.02907 0.015624 -0.020616 0.014793 0.001668 0.014364 0.000748 0.014943 0.013432 0.014426 0.011908 0.000677 -0.033751 -0.011073 -0.061411 0.003753 -0.016315 0.006722 -0.002187 0.010437 0.005945 0.01054 0.00011
0.738765 1.342354 1.2077 3.244138 1.78856 4.992389 -1.685888 5.425194 2.00168 0.447729 1.835516 5.412547 -0.667112 1.3482 -1.011873 3.35856 -0.746506 3.693324 -4.352433 3.87871 -0.570916 -1.566378 -0.547568 3.470477 -0.005695 -0.000678 0.033857 0.037611 0.032225 0.138967 0.030347 0.190369 0.006524 0.188375 0.004426 0.176378 -0.005117 0.038208 -0.013727 0.103315 -0.00504 0.011106 0.018312 -0.002268 0.010715 -0.018594 0.006575 -0.010583
]