08-12-20_Kanksha_4K.snake_in_grey_wagon.0000000000 [ 6.127079 8.178188 1.432396 0.805723 4.741311 5.268386 1.491054 0.838718 4.517732 5.610717 4.678161 5.592519 4.787788 5.500004 4.866831 5.457075 4.906184 5.440553 4.681501 5.144516 4.727616 5.083515 4.747746 5.103161 4.764329 5.115776 4.606295 5.16201 4.6653 5.147708 4.716606 5.222749 4.757271 5.279808 4.542874 5.257348 4.610837 5.313561 4.668444 5.415744 4.705296 5.515749 4.48779 5.39557 4.553833 5.495604 4.612973 5.598809 4.651263 5.707549 6.023127 7.853423 6.003838 8.018981 6.053069 8.192375 6.092685 8.377984 6.115273 8.56707 6.205038 8.157095 6.222129 8.46105 6.214762 8.664027 6.213265 8.814877 6.224676 8.167348 6.245261 8.474633 6.223834 8.673108 6.209952 8.825461 6.216241 8.187273 6.209455 8.468655 6.172051 8.590793 6.152633 8.668828 6.193616 8.218724 6.16931 8.401175 6.145977 8.471561 6.137899 8.509731 -1.385768 -2.909802
6.150333 8.205956 1.30454 0.733804 4.68782 5.297818 1.415086 0.795986 4.461055 5.643061 4.612629 5.595926 4.746524 5.517668 4.831116 5.481559 4.824542 5.516292 4.648635 5.214519 4.713443 5.153258 4.786057 5.297135 4.841455 5.405766 4.55849 5.275703 4.640406 5.281389 4.728978 5.418653 4.79562 5.511584 4.485257 5.388184 4.551686 5.404125 4.652377 5.508913 4.736989 5.601391 4.433189 5.540788 4.484575 5.5961 4.566908 5.667092 4.641935 5.729465 6.039523 7.837133 6.017934 7.916841 6.049553 8.029984 6.097746 8.161877 6.138246 8.275219 6.170731 8.048343 6.205226 8.261124 6.192181 8.403502 6.171182 8.511793 6.20267 8.088196 6.21996 8.332997 6.188155 8.480693 6.150599 8.581052 6.212251 8.136581 6.220195 8.357551 6.180506 8.499332 6.135464 8.594423 6.211758 8.177648 6.218581 8.343701 6.185906 8.43646 6.150327 8.494282 -1.462513 -2.908139
6.140781 8.13224 1.092877 0.614743 4.644665 5.354522 1.485595 0.835647 4.376082 5.597193 4.558607 5.587556 4.703329 5.542846 4.804202 5.55203 4.86816 5.573354 4.679934 5.051847 4.813421 5.176487 4.851585 5.337276 4.855057 5.440163 4.602127 5.067638 4.755138 5.213636 4.800329 5.373873 4.810758 5.471666 4.533912 5.164179 4.678486 5.298868 4.732923 5.431658 4.749624 5.513966 4.476242 5.310988 4.596757 5.418579 4.648024 5.504124 4.670563 5.566074 6.103346 7.992594 6.085868 8.099383 6.086505 8.144286 6.079383 8.147947 6.08089 8.156124 6.133063 8.148611 6.123689 8.15153 6.109002 8.120733 6.096647 8.097283 6.130714 8.099517 6.122462 8.078344 6.118984 8.049375 6.112347 8.040147 6.128256 8.039098 6.122743 8.013335 6.121881 7.97922 6.110162 7.974415 6.127694 7.978132 6.123536 7.966415 6.123953 7.936152 6.115986 7.928743 -1.496116 -2.777717
6.110629 8.075745 0.388742 0.218667 4.613875 5.281879 1.632731 0.918411 4.354948 5.463421 4.570083 5.411495 4.711385 5.304877 4.812475 5.261065 4.877317 5.249483 4.679997 4.875482 4.806392 5.044441 4.859364 5.223016 4.873444 5.377052 4.607498 4.899662 4.751043 5.097519 4.806965 5.284863 4.820346 5.440457 4.542775 5.001138 4.680932 5.166888 4.744679 5.334225 4.758607 5.475811 4.484358 5.144181 4.607282 5.233279 4.663386 5.353077 4.683102 5.46769 6.005133 7.677967 5.984524 7.74694 5.970796 7.773298 5.95013 7.778222 5.940634 7.791341 6.017489 7.781083 5.990696 7.789552 5.963627 7.767589 5.941136 7.751278 6.016591 7.761494 5.986847 7.748832 5.969603 7.724832 5.95566 7.71823 6.013923 7.730269 5.986575 7.711231 5.972447 7.677129 5.955474 7.670335 6.012008 7.694678 5.990666 7.681146 5.98189 7.647533 5.970267 7.635893 -1.496754 -2.793866
5.943699 7.613676 0.565119 0.317879 4.604849 5.124233 1.708101 0.960807 4.340199 5.291733 4.541386 5.239772 4.650137 5.159149 4.745351 5.129017 4.816004 5.10706 4.64081 4.786965 4.776773 4.864749 4.822868 5.011469 4.82397 5.116118 4.59217 4.806199 4.746726 4.885966 4.801348 5.030102 4.805347 5.152043 4.555289 4.885097 4.703884 4.946298 4.764681 5.074615 4.772643 5.195906 4.517297 5.003564 4.637626 5.020837 4.686573 5.087727 4.694444 5.168759 5.906919 7.36334 5.88318 7.394497 5.855086 7.40231 5.820876 7.408497 5.800378 7.426557 5.901914 7.413556 5.857703 7.427573 5.818252 7.414444 5.785624 7.405273 5.902469 7.423472 5.851231 7.419321 5.820223 7.400288 5.798972 7.396313 5.899589 7.421439 5.850408 7.409127 5.823012 7.375038 5.800786 7.366256 5.896322 7.411225 5.857796 7.395876 5.839827 7.358913 5.824549 7.343043 -1.33885 -2.489443
5.776768 7.151608 0.741495 0.417091 4.578181 5.002989 1.629876 0.916805 4.432326 4.849156 4.606882 4.792122 4.736911 4.742481 4.835537 4.754591 4.899405 4.769575 4.694954 4.433337 4.841973 4.5389 4.873626 4.681737 4.864046 4.754653 4.630901 4.468207 4.789383 4.590576 4.831689 4.729957 4.831558 4.803601 4.582981 4.560019 4.729094 4.660484 4.784081 4.790109 4.795663 4.869865 4.544166 4.682875 4.661244 4.735909 4.712381 4.807135 4.730375 4.859776 5.808705 7.048713 5.781836 7.042053 5.739377 7.031322 5.691623 7.038772 5.660121 7.061773 5.78634 7.046028 5.72471 7.065595 5.672878 7.0613 5.630113 7.059268 5.788346 7.085449 5.715616 7.08981 5.670843 7.075745 5.642285 7.074395 5.785256 7.11261 5.71424 7.107023 5.673578 7.072947 5.646098 7.062176 5.780636 7.127771 5.724925 7.110607 5.697763 7.070294 5.678831 7.050193 -1.198588 -2.148619
5.609838 6.689539 0.917872 0.516303 4.771331 4.23462 1.468645 0.826113 4.524453 4.406578 4.672377 4.344472 4.823685 4.325814 4.925722 4.380166 4.982806 4.43209 4.749099 4.07971 4.907174 4.213052 4.924385 4.352006 4.904122 4.393188 4.669633 4.130216 4.83204 4.295186 4.862029 4.429812 4.857768 4.455159 4.610672 4.234941 4.754305 4.374669 4.803482 4.505602 4.818682 4.543825 4.571035 4.362186 4.684862 4.450981 4.738189 4.526543 4.766306 4.550793 5.710492 6.734087 5.680491 6.68961 5.623668 6.660334 5.562369 6.669047 5.519865 6.696989 5.670765 6.6785 5.591717 6.703616 5.527503 6.708156 5.474601 6.713263 5.674224 6.747426 5.580001 6.760298 5.521463 6.751201 5.485598 6.752478 5.670923 6.80378 5.578072 6.804919 5.524144 6.770857 5.49141 6.758097 5.66495 6.844318 5.592055 6.825338 5.5557 6.781674 5.533113 6.757343 -0.838507 -2.454919
5.442908 6.227471 1.094248 0.615515 4.72039 4.197373 1.46188 0.822307 4.526249 4.47237 4.65863 4.36325 4.77115 4.262993 4.866286 4.240798 4.943071 4.254889 4.720837 4.033424 4.896497 4.090083 4.992508 4.245599 5.056618 4.403359 4.667738 4.107836 4.864472 4.158012 4.965342 4.327854 5.031517 4.488069 4.627306 4.232635 4.804032 4.276502 4.911027 4.415297 4.972449 4.53694 4.595762 4.380201 4.737646 4.424788 4.82815 4.502499 4.890354 4.575696 5.612278 6.41946 5.579147 6.337167 5.507959 6.289346 5.433115 6.299323 5.379609 6.332205 5.55519 6.310972 5.458724 6.341638 5.382128 6.355012 5.31909 6.367258 5.560101 6.409403 5.444385 6.430787 5.372082 6.426658 5.328911 6.43056 5.55659 6.494951 5.441905 6.502815 5.37471 6.468766 5.336722 6.454017 5.549264 6.560864 5.459185 6.540069 5.413637 6.493055 5.387395 6.464493 -0.722518 -2.030097
5.275978 5.765402 1.270625 0.714726 4.887405 4.284853 1.599776 0.899874 4.583407 4.360269 4.758702 4.385459 4.902437 4.408734 4.989736 4.524972 5.028406 4.650723 4.909094 4.113347 5.030254 4.353359 5.076619 4.589342 5.10264 4.775075 4.818305 4.09898 4.955902 4.387117 5.002498 4.617166 5.028959 4.788559 4.732241 4.153664 4.857148 4.410379 4.916939 4.622305 4.948486 4.778129 4.651822 4.25366 4.740609 4.416552 4.796655 4.543096 4.834567 4.643668 5.514064 6.104833 5.477803 5.984723 5.392249 5.918358 5.303862 5.929598 5.239353 5.967422 5.439616 5.943444 5.325731 5.979659 5.236754 6.001867 5.163578 6.021253 5.445978 6.071381 5.30877 6.101276 5.222702 6.102114 5.172224 6.108643 5.442257 6.186122 5.305737 6.200711 5.225275 6.166675 5.182034 6.149937 5.433577 6.277411 5.326314 6.2548 5.271574 6.204435 5.241677 6.171643 -0.388572 -1.480549
5.109047 5.303333 1.447001 0.813938 4.866957 4.420591 1.584521 0.891293 4.564652 4.44617 4.723658 4.472827 4.868568 4.535117 4.95935 4.653204 5.021975 4.779783 4.945191 4.32541 5.056121 4.656795 5.096847 4.917969 5.110497 5.126016 4.867759 4.331282 5.010219 4.6782 5.05432 4.951482 5.077746 5.164216 4.780729 4.383238 4.917192 4.669086 4.969757 4.928533 4.999472 5.122772 4.692487 4.470254 4.797983 4.69545 4.860319 4.877759 4.903827 5.028943 5.41585 5.790206 5.376458 5.63228 5.27654 5.54737 5.174608 5.559873 5.099096 5.602638 5.324041 5.575916 5.192738 5.617681 5.091379 5.648723 5.008066 5.675249 5.331856 5.733358 5.173154 5.771764 5.073322 5.77757 5.015537 5.786726 5.327923 5.877292 5.169569 5.898606 5.075841 5.864585 5.027346 5.845858 5.317891 5.993958 5.193444 5.969531 5.129511 5.915816 5.095959 5.878793 -0.24209 -0.882742
5.114955 5.40165 1.121223 0.630688 4.830823 4.503405 1.834816 1.032084 4.498754 4.513071 4.688122 4.512764 4.856279 4.584079 4.954756 4.710828 5.005196 4.811202 4.956824 4.465567 5.060612 4.86059 5.021262 5.015554 4.978216 5.030351 4.891289 4.495395 5.025192 4.898316 4.986489 5.052145 4.945551 5.058005 4.803557 4.554752 4.936135 4.900642 4.908204 5.054418 4.872722 5.082127 4.706303 4.637458 4.796592 4.924884 4.797857 5.040337 4.792778 5.078583 5.317637 5.475579 5.275114 5.279837 5.160831 5.176382 5.045354 5.190148 4.95884 5.237854 5.208467 5.208389 5.059745 5.255702 4.946004 5.295579 4.852555 5.329244 5.217733 5.395335 5.037539 5.442253 4.923942 5.453027 4.85885 5.464808 5.21359 5.568463 5.033402 5.596502 4.926407 5.562494 4.872658 5.541778 5.202205 5.710504 5.060574 5.684262 4.987448 5.627196 4.950241 5.585943 -0.284133 -0.898245
5.148183 5.421284 1.121656 0.630932 4.805517 4.694538 2.097601 1.179901 4.483641 4.651371 4.704843 4.644975 4.867457 4.728742 4.96465 4.843955 5.024734 4.931474 4.989632 4.663008 5.067915 5.064513 4.984397 5.13639 4.925427 5.078547 4.912182 4.668653 5.022098 5.097486 4.935265 5.152037 4.881053 5.077679 4.819768 4.710548 4.93719 5.106915 4.866529 5.166157 4.816174 5.105013 4.724948 4.774531 4.824518 5.103766 4.794994 5.155768 4.76871 5.113446 5.322372 5.499881 5.258598 5.31817 5.1465 5.208041 5.046275 5.187594 4.983248 5.217162 5.206698 5.226139 5.06111 5.232725 4.944938 5.269174 4.849924 5.296891 5.220068 5.403711 5.041278 5.438761 4.911264 5.462184 4.823079 5.479938 5.218425 5.575133 5.035293 5.603352 4.921858 5.596124 4.85877 5.591936 5.206566 5.7151 5.063283 5.706098 4.983228 5.672355 4.938434 5.648987 -0.342666 -0.726746
5.152487 5.427076 1.107762 0.623116 4.801746 4.877556 2.181291 1.226976 4.44425 4.643837 4.680316 4.589205 4.846402 4.663981 4.952216 4.801096 5.002716 4.946503 4.936756 4.59605 5.044349 4.993846 4.979344 5.129425 4.918 5.139475 4.872997 4.607016 4.986807 5.085127 4.916984 5.206553 4.863647 5.190457 4.785093 4.656982 4.913586 5.120018 4.852897 5.249471 4.791359 5.25418 4.687654 4.734599 4.781521 5.113959 4.765432 5.231258 4.739142 5.257336 5.317537 5.546234 5.241615 5.377597 5.143408 5.271891 5.065634 5.247151 5.013061 5.277914 5.201243 5.255113 5.0901 5.217297 4.994101 5.241561 4.918842 5.27153 5.215278 5.403289 5.079138 5.385394 4.975244 5.393246 4.904473 5.402675 5.214139 5.560026 5.066614 5.570022 4.96804 5.56785 4.91299 5.564197 5.204834 5.700102 5.093105 5.688398 5.02647 5.661888 4.990688 5.640042 -0.350741 -0.549521
5.169827 5.42981 1.01389 0.570313 4.774139 4.852701 2.240371 1.260208 4.39068 4.616733 4.622506 4.571237 4.792536 4.6211 4.898437 4.742391 4.94593 4.86797 4.869188 4.453638 5.01679 4.79447 4.996839 4.994972 4.950557 5.081128 4.808827 4.467902 4.958591 4.930649 4.932799 5.131525 4.881745 5.179675 4.725328 4.54057 4.878067 4.9982 4.865887 5.171933 4.825483 5.213928 4.631414 4.646197 4.752797 5.014979 4.771621 5.153888 4.764557 5.200315 5.311928 5.547417 5.241673 5.381231 5.146379 5.283752 5.070814 5.295264 5.027882 5.32755 5.177616 5.277649 5.063167 5.280787 4.978081 5.318274 4.912821 5.330492 5.19738 5.416344 5.052605 5.467266 4.954076 5.499728 4.885266 5.500745 5.211498 5.561445 5.063201 5.613717 4.974785 5.625622 4.924099 5.615559 5.220274 5.68617 5.11789 5.69575 5.08102 5.683407 5.067915 5.669098 -0.395688 -0.57711
5.16235 5.464463 0.96814 0.544579 4.734794 4.724198 2.337478 1.314831 4.33709 4.569959 4.590725 4.567459 4.761406 4.596023 4.872281 4.706132 4.943939 4.822044 4.831565 4.291807 4.992592 4.597349 5.013472 4.853945 4.997285 5.026301 4.769669 4.299192 4.948649 4.699838 4.965496 4.977472 4.940302 5.122591 4.687012 4.387014 4.860589 4.779557 4.891511 5.025922 4.873287 5.15949 4.597058 4.508541 4.737676 4.821888 4.791688 4.994598 4.808272 5.101751 5.303499 5.561772 5.246393 5.402554 5.153165 5.300696 5.074586 5.29781 5.028586 5.320693 5.178384 5.307083 5.065226 5.322527 4.97518 5.360986 4.90486 5.379882 5.195225 5.433623 5.046358 5.492373 4.941648 5.524787 4.867353 5.533661 5.202219 5.567591 5.051061 5.621271 4.956824 5.629373 4.901982 5.620403 5.20537 5.686662 5.091276 5.701201 5.033756 5.688475 5.004709 5.672928 -0.427556 -0.740264
5.15583 5.477724 0.959995 0.539997 4.693157 4.54024 2.447208 1.376554 4.290108 4.569008 4.565588 4.501185 4.732153 4.483396 4.844815 4.539374 4.927048 4.614456 4.797323 4.16521 4.968094 4.418 5.003175 4.656629 5.000134 4.815696 4.732377 4.171843 4.916828 4.502172 4.958871 4.770691 4.956048 4.927114 4.647824 4.269246 4.829531 4.588602 4.886812 4.834344 4.889332 4.973792 4.557158 4.398546 4.704239 4.645727 4.782165 4.81393 4.823948 4.926577 5.300511 5.552511 5.254245 5.393376 5.163496 5.295446 5.084329 5.292593 5.036431 5.324845 5.199587 5.298737 5.081208 5.29126 4.981655 5.308876 4.905391 5.321585 5.211371 5.443608 5.051175 5.463902 4.946642 5.469711 4.87851 5.463571 5.208661 5.590884 5.04373 5.613016 4.960041 5.596653 4.923213 5.578042 5.200235 5.714934 5.078111 5.709591 5.029086 5.677904 5.011183 5.653726 -0.462673 -0.937484
5.1522 5.479841 0.958651 0.539241 4.653453 4.384618 2.531146 1.423769 4.268385 4.623775 4.567904 4.5388 4.729657 4.493589 4.842465 4.538295 4.923026 4.572203 4.751267 4.101962 4.934483 4.316845 4.989803 4.543836 4.999509 4.685049 4.686497 4.132041 4.902484 4.388139 4.966285 4.642163 4.974066 4.790512 4.610365 4.256897 4.818602 4.49151 4.904394 4.718474 4.922823 4.857706 4.527553 4.418337 4.693483 4.580803 4.789953 4.720434 4.840383 4.825408 5.320198 5.506855 5.276812 5.354841 5.18943 5.260103 5.105982 5.23828 5.043743 5.256897 5.208736 5.276483 5.089057 5.25212 4.995346 5.271513 4.925749 5.292461 5.219409 5.410464 5.070996 5.424235 4.968693 5.422118 4.903565 5.416363 5.219307 5.553147 5.071431 5.582944 4.980376 5.56722 4.935659 5.551834 5.214981 5.679978 5.099541 5.703404 5.035981 5.687438 5.000872 5.673329 -0.498748 -1.095222
5.17231 5.44964 0.976761 0.549428 4.626224 4.334929 2.486767 1.398806 4.25323 4.679121 4.520029 4.619953 4.694035 4.527351 4.811133 4.534829 4.896464 4.566611 4.741689 4.160942 4.941254 4.319165 5.000021 4.573536 4.999222 4.752712 4.688971 4.208138 4.922059 4.396869 4.98997 4.676878 4.988562 4.888368 4.628052 4.340056 4.843077 4.518954 4.921345 4.759974 4.926164 4.951507 4.563509 4.510565 4.72713 4.649635 4.807255 4.783609 4.837929 4.917248 5.33443 5.511507 5.298412 5.427275 5.210756 5.351755 5.129761 5.331061 5.068579 5.351447 5.239086 5.260735 5.114126 5.205371 5.015613 5.206773 4.938104 5.224083 5.238203 5.356919 5.091102 5.313547 4.978853 5.308873 4.901203 5.324446 5.227736 5.472775 5.086111 5.448054 4.989793 5.420911 4.935462 5.406007 5.217347 5.58522 5.102727 5.558829 5.034527 5.535048 4.993695 5.519843 -0.546086 -1.114711
5.19402 5.370634 0.927055 0.521468 4.622418 4.39392 2.56862 1.444849 4.214948 4.700364 4.467589 4.648883 4.629431 4.587028 4.731302 4.623673 4.803415 4.676661 4.772935 4.290085 4.968048 4.569801 4.962723 4.8062 4.91377 4.886011 4.711641 4.334779 4.941847 4.64925 4.941904 4.903297 4.900163 4.99015 4.644459 4.452374 4.856027 4.758586 4.861467 4.986723 4.819675 5.072176 4.56702 4.600936 4.740246 4.852532 4.768282 5.015123 4.759905 5.089154 5.3535 5.43173 5.293395 5.278022 5.209109 5.195937 5.136012 5.190945 5.088807 5.221972 5.236475 5.194022 5.123642 5.168601 5.033009 5.194727 4.968155 5.212659 5.243256 5.316203 5.10247 5.324244 4.99666 5.343109 4.926398 5.356703 5.240652 5.454793 5.097036 5.464194 5.007454 5.473316 4.95986 5.47221 5.234118 5.586228 5.125311 5.581352 5.064332 5.569603 5.030879 5.562579 -0.571602 -0.976714
5.204742 5.357101 0.957465 0.538574 4.620928 4.550666 2.811576 1.581511 4.224931 4.902219 4.46676 4.772442 4.625262 4.701113 4.726107 4.687935 4.814246 4.707282 4.764954 4.449643 4.967041 4.625198 4.961638 4.797232 4.909859 4.855689 4.705342 4.487767 4.949757 4.708162 4.937811 4.914302 4.889868 4.986302 4.627256 4.597881 4.849508 4.821278 4.851928 5.017341 4.80474 5.102094 4.53999 4.735835 4.712172 4.941221 4.729795 5.082347 4.705083 5.154286 5.362837 5.437579 5.307437 5.275204 5.218588 5.193695 5.144805 5.173649 5.098128 5.183102 5.229675 5.216439 5.124584 5.210354 5.041101 5.244113 4.979786 5.27172 5.247946 5.333509 5.110573 5.370921 5.01363 5.403934 4.95189 5.42617 5.256745 5.466888 5.116748 5.517488 5.030438 5.533601 4.982066 5.535492 5.263876 5.589253 5.156367 5.616357 5.097956 5.607777 5.064911 5.594603 -0.583814 -0.806435
5.214252 5.375857 0.941784 0.529753 4.621024 4.67457 2.770543 1.55843 4.213336 5.094954 4.449731 5.060825 4.595373 4.96935 4.685656 4.916532 4.767154 4.882986 4.709218 4.624986 4.909461 4.643392 4.938999 4.815991 4.916023 4.923284 4.64458 4.645977 4.894496 4.71413 4.926314 4.941601 4.899612 5.071421 4.573373 4.745649 4.806128 4.823619 4.864043 5.035322 4.849592 5.189295 4.490516 4.874451 4.671509 4.977623 4.738124 5.128291 4.740447 5.251854 5.373619 5.444433 5.311539 5.299181 5.225674 5.22188 5.152192 5.20767 5.102417 5.229998 5.244516 5.220097 5.143734 5.193828 5.058237 5.225475 4.994383 5.251607 5.259598 5.337512 5.123169 5.366274 5.02404 5.400068 4.964292 5.416695 5.268089 5.474043 5.131644 5.526252 5.047301 5.551233 5.004876 5.551904 5.27667 5.601726 5.172727 5.637151 5.111579 5.64315 5.078492 5.637122 -0.593228 -0.701287
5.226061 5.395768 0.935015 0.525946 4.584443 4.836941 2.59887 1.461864 4.210712 5.21915 4.461515 5.181054 4.608123 5.072396 4.70884 5.01542 4.800535 4.96746 4.660653 4.730942 4.866675 4.732502 4.925826 4.909218 4.926309 5.044117 4.598925 4.735127 4.854109 4.77563 4.920916 4.975265 4.913507 5.102038 4.533529 4.815762 4.764118 4.862646 4.851069 5.050887 4.858706 5.190282 4.463168 4.942848 4.63858 5.005567 4.723984 5.137123 4.74955 5.254236 5.380176 5.465081 5.316691 5.327966 5.229072 5.25722 5.154544 5.263285 5.1089 5.308111 5.250501 5.225167 5.148016 5.198388 5.0695 5.225399 5.013652 5.243372 5.265602 5.340456 5.134243 5.359547 5.041142 5.387698 4.981696 5.399691 5.27177 5.473346 5.134075 5.518193 5.056348 5.535706 5.019501 5.529549 5.275401 5.598897 5.168773 5.624406 5.11238 5.623036 5.083822 5.610816 -0.641617 -0.558826
5.236387 5.390052 0.918775 0.516811 4.561453 4.947726 2.448927 1.377521 4.181849 5.238919 4.407328 5.219308 4.537498 5.149621 4.63333 5.132696 4.710374 5.103698 4.599606 4.780007 4.819824 4.777531 4.896854 4.913031 4.906565 5.028344 4.555363 4.79921 4.813445 4.822702 4.905433 4.996517 4.905961 5.127182 4.505105 4.889117 4.726861 4.928081 4.844842 5.092337 4.874973 5.233636 4.442698 5.028237 4.615025 5.069543 4.726102 5.177159 4.779674 5.298976 5.377316 5.464087 5.313432 5.345976 5.232462 5.270931 5.167744 5.272228 5.12256 5.307108 5.24506 5.226875 5.143227 5.235589 5.073236 5.283296 5.018229 5.305474 5.259421 5.322006 5.130778 5.36559 5.047477 5.415668 4.988592 5.435539 5.268191 5.438338 5.136909 5.48465 5.066137 5.514835 5.026672 5.518277 5.275455 5.555711 5.169058 5.577094 5.11349 5.580291 5.08343 5.574104 -0.674934 -0.442326
5.237492 5.383002 0.92041 0.517731 4.522715 4.983405 2.381772 1.339747 4.176839 5.288875 4.404343 5.245997 4.536935 5.154897 4.635558 5.131307 4.730549 5.115975 4.582577 4.816161 4.778572 4.80765 4.886703 4.890538 4.940472 4.974395 4.548101 4.840099 4.779812 4.858667 4.903209 4.995975 4.953416 5.114226 4.507249 4.930591 4.706022 4.949277 4.844196 5.087757 4.907489 5.22841 4.455894 5.067489 4.606048 5.084768 4.713095 5.159229 4.774654 5.260463 5.376398 5.472749 5.322198 5.333594 5.23693 5.255614 5.165881 5.266133 5.1221 5.300163 5.25751 5.239102 5.152862 5.231954 5.076835 5.265108 5.014821 5.288661 5.271182 5.345692 5.142986 5.372775 5.054407 5.403838 4.987526 5.425153 5.281066 5.468528 5.152257 5.50186 5.073819 5.521555 5.024626 5.529459 5.287915 5.588952 5.187247 5.604416 5.135254 5.600552 5.105816 5.593805 -0.714777 -0.399597
4.500943 5.021823 2.251098 1.266243 5.242139 5.397849 0.871406 0.490166 4.193251 5.228255 4.38768 5.189745 4.494348 5.140035 4.583896 5.155067 4.678931 5.19394 4.59046 4.852719 4.768421 4.8157 4.878314 4.847729 4.96085 4.89332 4.579406 4.874849 4.784415 4.85094 4.905175 4.937356 4.998533 5.013707 4.557961 4.949908 4.732302 4.942116 4.85676 5.025524 4.948492 5.112986 4.523434 5.062623 4.655898 5.04064 4.753799 5.093264 4.828468 5.169101 5.383999 5.465199 5.327488 5.34894 5.252454 5.277753 5.187238 5.273299 5.140095 5.288513 5.278975 5.24398 5.177423 5.246691 5.107425 5.281389 5.046812 5.311723 5.291958 5.335202 5.178339 5.36888 5.098127 5.404948 5.032402 5.438121 5.299917 5.43584 5.188976 5.473127 5.122548 5.488345 5.080343 5.50217 5.303684 5.534668 5.221051 5.559805 5.170515 5.562454 5.137287 5.567762 0.741196 0.376026
4.509599 5.003561 2.207013 1.241445 5.266632 5.382631 0.771219 0.433811 4.223231 5.194914 4.416521 5.188476 4.512504 5.15393 4.58489 5.143925 4.661062 5.15224 4.597921 4.839121 4.758262 4.856486 4.874943 4.902336 4.965587 4.972482 4.596031 4.825141 4.797572 4.852934 4.920733 4.949639 5.009723 5.074242 4.585986 4.853319 4.779401 4.86905 4.898348 4.989966 4.974315 5.135753 4.560609 4.913761 4.71458 4.928947 4.806432 5.023313 4.857605 5.14653 5.512084 5.564722 5.430184 5.389013 5.337504 5.292503 5.255273 5.278708 5.19165 5.304302 5.356397 5.236915 5.200796 5.258709 5.105842 5.314173 5.037233 5.363975 5.384182 5.362018 5.208738 5.400844 5.100211 5.452171 5.024875 5.498435 5.403775 5.504023 5.240507 5.543957 5.142391 5.577454 5.085428 5.597173 5.41413 5.639371 5.292517 5.66746 5.215905 5.67345 5.165839 5.678411 0.757034 0.37907
4.528665 4.992332 2.144204 1.206115 5.336236 5.354193 0.892896 0.502254 4.250299 5.121343 4.434271 5.076042 4.525741 5.044053 4.590202 5.051947 4.659572 5.068199 4.590313 4.719763 4.759307 4.709839 4.887778 4.749314 4.988672 4.810143 4.588503 4.721517 4.788035 4.716583 4.93885 4.779719 5.053973 4.876841 4.584406 4.760661 4.780921 4.74315 4.927101 4.831643 5.032409 4.945429 4.573649 4.849184 4.738415 4.832029 4.847374 4.904122 4.922942 5.013337 5.640168 5.664244 5.532881 5.429087 5.422554 5.307254 5.323308 5.284118 5.243205 5.320091 5.433819 5.22985 5.224169 5.270726 5.104258 5.346956 5.027653 5.416228 5.476407 5.388835 5.239136 5.432808 5.102295 5.499393 5.017349 5.55875 5.507633 5.572206 5.292037 5.614787 5.162234 5.666562 5.090514 5.692176 5.524575 5.744073 5.363983 5.775114 5.261296 5.784446 5.194392 5.78906 0.807571 0.361861
4.53857 4.893151 2.007549 1.129246 5.40584 5.325756 1.014573 0.570697 4.246547 4.975949 4.442842 4.915572 4.564985 4.863771 4.650367 4.832852 4.736285 4.825869 4.57563 4.595358 4.727037 4.547133 4.848612 4.542767 4.950119 4.573888 4.558921 4.613512 4.748189 4.551907 4.891473 4.56687 5.007281 4.618873 4.546956 4.655416 4.726666 4.593755 4.869827 4.628156 4.976265 4.695674 4.534141 4.72286 4.683912 4.691732 4.782587 4.723205 4.843301 4.783962 5.674108 5.628114 5.566003 5.413389 5.452024 5.300889 5.346805 5.284546 5.253922 5.317355 5.497555 5.1572 5.306999 5.167928 5.180612 5.263423 5.090761 5.344692 5.54882 5.324117 5.319771 5.357691 5.179957 5.430968 5.089576 5.486783 5.577158 5.525717 5.350347 5.563934 5.224293 5.598471 5.145858 5.626704 5.581478 5.732567 5.405326 5.756842 5.31279 5.751774 5.249866 5.741791 0.86727 0.432605
4.517688 4.738438 1.872795 1.053447 5.475443 5.297319 1.13625 0.639141 4.239299 4.845456 4.445354 4.73764 4.577036 4.639485 4.672879 4.590217 4.759577 4.562202 4.553177 4.428894 4.675873 4.337157 4.785857 4.33314 4.878224 4.365436 4.522368 4.461209 4.669783 4.372845 4.793151 4.368266 4.897762 4.39641 4.497486 4.532917 4.649421 4.462209 4.769592 4.45638 4.861626 4.483084 4.477849 4.634481 4.605687 4.568919 4.697363 4.562381 4.765049 4.584202 5.71251 5.534794 5.635642 5.316142 5.527514 5.198851 5.418087 5.173726 5.326881 5.186974 5.586848 5.104577 5.442153 5.01725 5.322785 5.038878 5.235292 5.079946 5.604867 5.262983 5.437198 5.202755 5.309713 5.217438 5.227835 5.243604 5.601181 5.439464 5.432361 5.410681 5.323114 5.407037 5.256192 5.411804 5.580856 5.616263 5.438336 5.597053 5.359108 5.569217 5.307564 5.550292 0.957755 0.558881
4.699714 4.398068 1.458314 0.820302 5.545047 5.268881 1.257927 0.707584 4.460351 4.491871 4.532774 4.368997 4.630959 4.279645 4.712608 4.258807 4.773733 4.256671 4.661703 4.170953 4.780284 4.082376 4.864682 4.099043 4.930282 4.137571 4.661203 4.223335 4.790991 4.142133 4.885977 4.163929 4.953157 4.20659 4.651648 4.311815 4.77814 4.226192 4.861023 4.243185 4.907767 4.281406 4.637296 4.41965 4.731385 4.364572 4.781679 4.355499 4.810951 4.371404 5.76187 5.440117 5.689626 5.392988 5.58778 5.308584 5.50226 5.250001 5.418706 5.233365 5.641099 5.178123 5.526709 5.043627 5.429685 4.986974 5.351421 4.951162 5.634275 5.201848 5.502769 5.096382 5.383433 5.047275 5.295891 5.010993 5.619864 5.243402 5.493601 5.172813 5.391619 5.139697 5.323815 5.115837 5.601381 5.292706 5.508113 5.221426 5.442199 5.184664 5.398477 5.162039 0.845332 0.870813
4.64423 4.262871 1.234388 0.694344 5.612088 5.213619 1.001538 0.563365 4.27932 4.480307 4.344726 4.298093 4.428305 4.161686 4.508828 4.089242 4.579113 4.037398 4.438427 4.058884 4.584717 3.926523 4.689264 3.895291 4.771771 3.891801 4.426688 4.148751 4.596036 4.000625 4.720718 3.968698 4.814046 3.963292 4.419932 4.275207 4.578575 4.145223 4.696702 4.107369 4.781551 4.090357 4.42034 4.415468 4.546278 4.339174 4.62826 4.298968 4.692263 4.270088 5.779417 5.337308 5.772805 5.15878 5.719173 5.057063 5.660677 5.022539 5.603884 5.043368 5.691508 5.067055 5.613755 4.943393 5.553103 4.879186 5.506102 4.83475 5.660145 5.166561 5.546123 5.063147 5.463643 5.008667 5.400534 4.966861 5.630816 5.267997 5.520195 5.187799 5.457759 5.131175 5.42311 5.092312 5.6086 5.366592 5.522792 5.305755 5.480019 5.256406 5.456826 5.222197 0.967858 0.950749
4.233535 4.036101 1.756064 0.987786 5.631275 5.128427 0.967761 0.544366 4.098288 4.468744 4.156677 4.22719 4.225652 4.043727 4.305049 3.919677 4.384493 3.818126 4.21515 3.946815 4.38915 3.77067 4.513846 3.69154 4.61326 3.646031 4.192173 4.074167 4.401081 3.859117 4.555459 3.773467 4.674935 3.719995 4.188216 4.238599 4.379011 4.064255 4.532382 3.971553 4.655335 3.899308 4.203384 4.411286 4.36117 4.313775 4.47484 4.242438 4.573574 4.168773 5.803528 5.213902 5.771937 5.044166 5.707522 4.98217 5.646565 4.971267 5.600025 4.992567 5.695972 4.958327 5.626828 4.847665 5.571612 4.788537 5.52158 4.748375 5.681592 5.031804 5.570945 4.946019 5.48835 4.896812 5.425076 4.853145 5.663399 5.131381 5.538281 5.103464 5.460473 5.077204 5.412366 5.041926 5.650745 5.241327 5.541439 5.234257 5.485448 5.221064 5.456886 5.20273 1.39774 1.092325
4.26595 4.05617 1.465954 0.824599 5.653644 5.019836 0.990254 0.557018 4.101507 4.418579 4.208308 4.223444 4.328837 4.02998 4.422134 3.923013 4.507449 3.826494 4.256867 4.004387 4.373445 3.881651 4.475625 3.829844 4.566328 3.800404 4.229534 4.099059 4.364104 3.983803 4.473484 3.922878 4.559465 3.889421 4.209907 4.22238 4.338473 4.130577 4.446234 4.082892 4.523048 4.05932 4.199024 4.359066 4.293514 4.283734 4.369799 4.243219 4.431586 4.216139 5.816187 5.099465 5.78665 4.942506 5.717706 4.878123 5.641958 4.854264 5.594906 4.84411 5.687805 4.841607 5.621728 4.760849 5.567594 4.716384 5.509788 4.674737 5.661567 4.917018 5.568613 4.861752 5.495517 4.822763 5.433809 4.788878 5.643708 5.017116 5.540555 4.999076 5.467703 4.977494 5.410046 4.948156 5.634895 5.135411 5.546488 5.129134 5.492221 5.114874 5.450508 5.098701 1.387694 0.963666
4.279781 4.106947 1.197009 0.673317 5.660707 4.927715 1.029027 0.578827 4.972671 4.615425 4.976877 4.399077 4.976007 4.234219 4.9681 4.126983 4.968762 4.03599 4.923143 4.207784 4.887071 4.091905 4.874967 4.052941 4.869369 4.044962 4.914282 4.314236 4.867023 4.224667 4.847738 4.193537 4.835981 4.186476 4.911948 4.45524 4.86618 4.402396 4.851515 4.380814 4.840103 4.371803 4.915348 4.61155 4.87533 4.581694 4.86483 4.564077 4.860016 4.548905 5.823064 5.000888 5.774562 4.835762 5.707158 4.777639 5.63051 4.774756 5.571362 4.786703 5.682077 4.712096 5.619236 4.620292 5.559224 4.577905 5.501595 4.54606 5.667098 4.795465 5.55916 4.742636 5.479769 4.727893 5.421618 4.713724 5.651726 4.914939 5.531529 4.923751 5.476202 4.938616 5.448962 4.938898 5.644974 5.051864 5.548396 5.064303 5.522892 5.072283 5.521159 5.077022 1.380926 0.820768
4.971343 4.405865 1.193662 0.671435 5.656911 4.816644 1.088398 0.612224 5.843835 4.812271 5.745446 4.574709 5.623178 4.438457 5.514065 4.330953 5.430076 4.245486 5.58942 4.411182 5.400697 4.302158 5.27431 4.276039 5.17241 4.28952 5.59903 4.529414 5.369942 4.465532 5.221991 4.464196 5.112497 4.483531 5.613988 4.6881 5.393887 4.674215 5.256797 4.678736 5.157158 4.684286 5.631671 4.864034 5.457146 4.879655 5.359861 4.884935 5.288447 4.881672 5.843119 4.879731 5.793111 4.705459 5.712764 4.646018 5.635965 4.661365 5.574083 4.701342 5.699278 4.6017 5.611799 4.510497 5.535671 4.460924 5.469583 4.425288 5.683409 4.700885 5.546621 4.654412 5.444909 4.632873 5.366237 4.617537 5.670297 4.819817 5.524285 4.824568 5.449492 4.824533 5.404244 4.816752 5.665679 4.944555 5.547519 4.934546 5.514442 4.922873 5.506843 4.912984 0.685567 0.410779
5.662906 4.704783 1.190314 0.669552 5.579405 4.560119 1.769201 0.995176 5.872754 4.75498 5.784506 4.488664 5.677261 4.31645 5.568114 4.217663 5.467597 4.179598 5.697687 4.228035 5.506942 4.108294 5.370075 4.113235 5.266593 4.163744 5.713462 4.395804 5.474324 4.313747 5.316229 4.321456 5.200585 4.350173 5.709903 4.597053 5.484923 4.543109 5.333738 4.534564 5.225992 4.542008 5.69138 4.798386 5.5153 4.760422 5.408163 4.735362 5.32658 4.720039 5.865184 4.790206 5.794363 4.637693 5.704143 4.547897 5.615663 4.520736 5.543594 4.541546 5.73563 4.457457 5.625663 4.378138 5.540819 4.350176 5.468199 4.345818 5.743211 4.568104 5.591943 4.51663 5.474031 4.504365 5.377051 4.496568 5.735341 4.697337 5.574942 4.69388 5.461569 4.659624 5.383531 4.617953 5.722352 4.824725 5.592591 4.82202 5.528529 4.813033 5.490469 4.802116 -0.083501 -0.144664
5.04812 5.010419 1.400296 0.787666 5.648716 4.400284 1.487473 0.836703 5.929931 4.59474 5.841348 4.344066 5.738317 4.210168 5.631454 4.153263 5.542997 4.158416 5.806597 4.18006 5.645105 4.057502 5.510604 4.035796 5.40131 4.037868 5.82795 4.356319 5.632862 4.260767 5.476499 4.232653 5.368366 4.226986 5.820054 4.548431 5.631405 4.4939 5.497562 4.462244 5.406999 4.443586 5.79485 4.730238 5.657243 4.695647 5.563108 4.656292 5.495724 4.624143 5.023877 5.04796 5.054653 4.869427 5.09104 4.812313 5.112998 4.849386 5.10955 4.90782 5.096593 4.795378 5.134141 4.77812 5.152616 4.805936 5.160332 4.836478 5.081417 4.942066 5.113869 4.992819 5.124702 5.042655 5.124538 5.075024 5.057963 5.097063 5.081086 5.187147 5.092146 5.219693 5.098604 5.232761 5.034613 5.235025 5.053839 5.291636 5.069669 5.310043 5.085628 5.314091 0.600597 -0.610135
4.433333 5.316056 1.610277 0.905781 5.940303 4.314648 1.538735 0.865538 6.14801 4.695731 6.085778 4.463266 5.988533 4.310125 5.883994 4.246106 5.78459 4.227408 6.056061 4.242775 5.892941 4.070017 5.766762 4.003452 5.664297 3.965047 6.056523 4.411865 5.858108 4.247862 5.710875 4.162237 5.596758 4.102882 6.031867 4.599342 5.827416 4.482043 5.680476 4.414124 5.572861 4.374921 5.989941 4.771934 5.835745 4.667908 5.733398 4.613125 5.654526 4.578228 4.182569 5.305713 4.314943 5.101162 4.477937 5.076729 4.610333 5.178036 4.675506 5.274094 4.457556 5.133298 4.642619 5.178102 4.764412 5.261697 4.852465 5.327138 4.419622 5.316028 4.635796 5.469007 4.775372 5.580944 4.872024 5.653479 4.380585 5.496789 4.587229 5.680414 4.722723 5.779762 4.813677 5.847568 4.346875 5.645325 4.515086 5.761252 4.610809 5.807052 4.680787 5.826066 1.50697 -1.001408
4.451088 5.420588 1.71752 0.966105 5.966851 4.361383 1.474024 0.829138 6.131969 4.739051 5.982217 4.761473 5.874888 4.681004 5.81439 4.550417 5.780703 4.428312 5.899037 4.410134 5.821677 4.235469 5.805121 4.247429 5.801984 4.291592 5.971678 4.342479 5.901382 4.203657 5.904347 4.299986 5.919367 4.40078 6.048164 4.330758 5.999644 4.23439 5.999658 4.342039 6.009205 4.444226 6.120015 4.358923 6.088571 4.307244 6.079944 4.388848 6.082912 4.462709 4.194389 5.277398 4.331483 5.042332 4.49349 4.976283 4.638603 4.992999 4.743213 5.012859 4.502656 5.086764 4.69085 5.164617 4.816552 5.253718 4.909099 5.316278 4.474779 5.269318 4.682487 5.406281 4.817052 5.498686 4.910951 5.553753 4.441304 5.447026 4.641717 5.600464 4.757532 5.65644 4.835933 5.66892 4.405411 5.593176 4.564951 5.697104 4.651336 5.712432 4.718181 5.697589 1.515763 -1.059206
4.483158 5.335343 1.853455 1.042568 5.954509 4.437733 1.18563 0.666917 6.115236 4.894134 5.967686 4.783034 5.830581 4.72382 5.725728 4.682261 5.649092 4.645994 5.87521 4.591727 5.732697 4.577716 5.660519 4.63433 5.607881 4.698009 5.937755 4.631085 5.787185 4.638507 5.713545 4.738703 5.661797 4.822414 5.998315 4.711499 5.865782 4.71849 5.792231 4.810935 5.737698 4.886462 6.051846 4.809045 5.961646 4.814922 5.901333 4.871877 5.854783 4.920287 4.169692 5.206839 4.3163 4.962541 4.487967 4.921975 4.628541 4.974772 4.734496 5.027816 4.4925 4.989712 4.684731 5.088762 4.805129 5.171648 4.89533 5.2397 4.462362 5.149572 4.671278 5.261644 4.797779 5.343875 4.894815 5.402194 4.429429 5.309978 4.631149 5.415501 4.74465 5.484134 4.817707 5.519719 4.394884 5.462291 4.549094 5.528663 4.63373 5.563862 4.69483 5.588077 1.471351 -0.89761
4.461133 5.218682 1.922815 1.081584 5.798401 4.922013 1.804685 1.015135 6.098502 5.049216 5.953156 4.804595 5.786273 4.766635 5.637066 4.814104 5.517481 4.863676 5.851382 4.773321 5.643717 4.919962 5.515916 5.021231 5.413778 5.104426 5.903833 4.919691 5.672989 5.073358 5.522743 5.17742 5.404227 5.244047 5.948467 5.09224 5.731921 5.202589 5.584803 5.279831 5.466192 5.328698 5.983676 5.259166 5.834721 5.3226 5.722722 5.354906 5.626655 5.377865 4.13682 5.052145 4.315689 4.851849 4.484255 4.81981 4.608869 4.85021 4.701967 4.869303 4.479259 4.786312 4.67503 4.807511 4.788525 4.827807 4.872486 4.850577 4.436729 4.91034 4.645531 4.987551 4.762084 5.014334 4.852322 5.038708 4.386689 5.06323 4.579568 5.192201 4.684815 5.231586 4.76298 5.254073 4.336311 5.244995 4.471752 5.360174 4.545304 5.393954 4.603643 5.413709 1.337269 -0.296668
4.683115 4.956121 2.161589 1.215894 5.838283 5.026166 1.722696 0.969017 6.073433 5.237 5.954726 5.008043 5.835595 4.913023 5.745857 4.883646 5.680413 4.905132 5.839959 4.902377 5.646087 4.935381 5.510342 5.001621 5.406159 5.055055 5.8683 5.056978 5.654475 5.127439 5.501372 5.201548 5.392939 5.251432 5.895371 5.219258 5.697635 5.289527 5.565006 5.342556 5.47868 5.372606 5.912379 5.361422 5.77531 5.384924 5.680013 5.410253 5.612454 5.429748 4.315277 4.685625 4.491882 4.435314 4.651518 4.400985 4.7662 4.586421 4.817815 4.783401 4.728384 4.403433 4.852186 4.646559 4.781379 4.778703 4.714115 4.810688 4.682187 4.59882 4.809873 4.892289 4.72081 4.995015 4.665091 4.978218 4.620686 4.820794 4.72418 5.094346 4.612106 5.116882 4.535319 5.052629 4.549024 5.032907 4.624566 5.239141 4.546317 5.229802 4.488424 5.169085 1.155168 0.070046
4.630518 4.809734 2.00446 1.127508 5.834416 5.112314 1.595424 0.897426 6.032218 5.350956 5.912977 5.177818 5.830173 5.089569 5.770424 5.023906 5.710275 4.991698 5.8094 5.089762 5.681922 5.038189 5.581369 5.035089 5.502471 5.049463 5.825159 5.156725 5.681852 5.113096 5.575552 5.116283 5.496354 5.12953 5.849162 5.243402 5.714856 5.214943 5.627036 5.228516 5.565757 5.23953 5.877083 5.330008 5.790533 5.307848 5.724759 5.321031 5.681827 5.336249 4.516809 4.61145 4.523706 4.83726 4.524645 5.025428 4.561575 5.204664 4.559026 5.255526 4.36648 4.905503 4.468629 4.922403 4.561297 4.914765 4.631918 4.885367 4.393524 4.673187 4.568537 4.684848 4.673892 4.707943 4.719446 4.692955 4.444115 4.468218 4.659621 4.479816 4.751419 4.507383 4.781602 4.506638 4.511586 4.30637 4.677304 4.335864 4.747593 4.361276 4.763027 4.359841 1.203897 0.30258
4.473888 4.783557 1.886417 1.06111 5.840709 5.172355 1.308032 0.735768 5.174133 5.002522 5.155593 4.940512 5.164961 4.886622 5.183988 4.828292 5.186317 4.79517 5.092703 4.86823 5.049692 4.789604 5.022583 4.763255 4.996022 4.751983 5.087769 4.866698 5.065345 4.781219 5.046477 4.767301 5.029955 4.775197 5.100859 4.889861 5.095699 4.82063 5.085926 4.821111 5.079885 4.835947 5.129235 4.92026 5.152782 4.844522 5.153507 4.842647 5.153395 4.863738 4.364944 4.642619 4.430399 4.846287 4.530223 4.964436 4.636432 5.016804 4.705217 5.028981 4.372896 4.843517 4.501955 4.796734 4.574215 4.795247 4.604691 4.794897 4.345114 4.644506 4.555978 4.57854 4.633716 4.547676 4.665866 4.532775 4.357012 4.50085 4.579487 4.410651 4.655916 4.378611 4.697861 4.378349 4.381934 4.392247 4.548153 4.291278 4.624442 4.249625 4.676414 4.235749 1.366822 0.388798
4.460328 4.702356 1.523606 0.857029 5.684759 4.999427 1.515566 0.852506 4.316049 4.654089 4.398209 4.703207 4.499749 4.683675 4.597551 4.632678 4.662358 4.598641 4.376005 4.646698 4.417461 4.541019 4.463796 4.491421 4.489574 4.454502 4.350379 4.576671 4.448838 4.449342 4.517402 4.418318 4.563556 4.420864 4.352556 4.53632 4.476543 4.426317 4.544816 4.413705 4.594012 4.432365 4.381387 4.510511 4.51503 4.381196 4.582255 4.364263 4.624963 4.391226 3.978735 4.707986 4.003334 4.453974 4.091609 4.273844 4.189622 4.16218 4.28468 4.109749 4.107122 4.184292 4.292876 4.028526 4.442914 4.003111 4.554465 4.034148 4.094855 4.361068 4.318498 4.203211 4.491758 4.161501 4.616002 4.163956 4.089679 4.564432 4.307273 4.521234 4.42012 4.538209 4.483576 4.563107 4.096046 4.766681 4.258253 4.724929 4.331534 4.706009 4.377633 4.68798 1.224431 0.29707
4.469907 4.519976 1.050942 0.591155 5.528808 4.826498 1.723101 0.969244 4.651407 4.659968 4.683726 4.721262 4.736322 4.721204 4.792892 4.698406 4.837748 4.680153 4.619552 4.663248 4.66472 4.575859 4.722683 4.535892 4.760137 4.510334 4.614636 4.584966 4.711354 4.482509 4.790994 4.45807 4.844256 4.4619 4.634742 4.534565 4.747115 4.447514 4.827038 4.438529 4.882834 4.455151 4.673531 4.500356 4.790076 4.393821 4.863566 4.384151 4.909622 4.410283 3.995547 4.713117 4.066615 4.476247 4.185903 4.318848 4.289592 4.257708 4.37344 4.237959 4.15949 4.254367 4.330165 4.178127 4.469738 4.176505 4.577763 4.183674 4.123428 4.425561 4.310879 4.357912 4.460798 4.362508 4.569214 4.36566 4.104612 4.622751 4.279916 4.614696 4.421128 4.638649 4.516211 4.642758 4.105991 4.813609 4.245591 4.816238 4.342317 4.831481 4.411937 4.826821 1.058901 0.306522
4.185881 4.44823 1.340033 0.753768 5.372857 4.65357 1.930635 1.085982 4.986765 4.665848 4.969243 4.739317 4.972894 4.758734 4.988233 4.764133 5.013137 4.761664 4.8631 4.679799 4.911979 4.610699 4.981569 4.580363 5.0307 4.566166 4.878893 4.593261 4.973869 4.515676 5.064586 4.497822 5.124955 4.502936 4.916928 4.53281 5.017687 4.468711 5.10926 4.463353 5.171655 4.477936 4.965674 4.4902 5.065122 4.406446 5.144877 4.404038 5.194281 4.42934 4.034117 4.724996 4.126618 4.477837 4.21643 4.359308 4.259055 4.307954 4.280111 4.240744 4.26231 4.479537 4.33927 4.448516 4.415844 4.425453 4.472731 4.404468 4.212369 4.543897 4.286243 4.511276 4.334687 4.461321 4.371453 4.425992 4.161019 4.577591 4.218021 4.547181 4.239202 4.498067 4.252895 4.468954 4.117035 4.596645 4.157011 4.581014 4.169579 4.545111 4.179736 4.518416 1.186977 0.20534
4.206837 4.495101 1.139236 0.64082 5.392456 4.753131 1.89001 1.06313 5.322123 4.671727 5.25476 4.757372 5.209466 4.796264 5.183574 4.82986 5.188526 4.843176 5.106648 4.69635 5.159238 4.645538 5.240455 4.624834 5.301263 4.621998 5.143149 4.601556 5.236385 4.548844 5.338178 4.537574 5.405655 4.543972 5.199115 4.531055 5.288259 4.489907 5.391482 4.488176 5.460476 4.500722 5.257818 4.480045 5.340168 4.419071 5.426188 4.423926 5.47894 4.448397 4.125639 4.583202 4.170988 4.620595 4.189562 4.615138 4.18658 4.597572 4.17191 4.572327 4.210784 4.595859 4.21196 4.516873 4.206352 4.496912 4.200532 4.515395 4.188104 4.540243 4.197527 4.473884 4.199051 4.478422 4.207999 4.509416 4.169902 4.486029 4.18107 4.419439 4.186065 4.436488 4.197599 4.48061 4.152046 4.435013 4.174445 4.376911 4.176264 4.401866 4.180311 4.446481 1.185619 0.25803
4.181626 4.490158 0.511735 0.287851 5.438216 4.711381 1.901009 1.069318 5.657481 4.677607 5.540277 4.775427 5.446039 4.833794 5.378914 4.895587 5.363916 4.924687 5.350195 4.712901 5.406497 4.680378 5.499341 4.669305 5.571827 4.67783 5.407406 4.609851 5.4989 4.582011 5.61177 4.577326 5.686355 4.585008 5.481301 4.5293 5.55883 4.511104 5.673704 4.513 5.749297 4.523508 5.549961 4.46989 5.615215 4.431697 5.707499 4.443813 5.763599 4.467454 4.091276 4.52026 4.128638 4.575333 4.174314 4.585315 4.204972 4.579724 4.230366 4.574457 4.190204 4.498028 4.224822 4.470024 4.240229 4.462637 4.247365 4.459457 4.177301 4.457007 4.212128 4.424323 4.227961 4.415048 4.241281 4.409861 4.15815 4.428317 4.194646 4.394648 4.2097 4.388432 4.22054 4.386776 4.135978 4.405923 4.170104 4.370638 4.187672 4.361402 4.20244 4.356313 1.25659 0.221223
4.169258 4.469991 0.498572 0.280447 5.478004 4.657115 1.1472 0.6453 5.745382 4.769337 5.609781 4.833553 5.491957 4.87109 5.413499 4.918946 5.39487 4.947832 5.419007 4.79121 5.435899 4.768653 5.509407 4.781362 5.568752 4.808652 5.479455 4.720138 5.521212 4.698392 5.608173 4.712886 5.667396 4.739896 5.558609 4.660647 5.59646 4.641028 5.683943 4.658371 5.745453 4.688173 5.636701 4.615362 5.672127 4.580699 5.739589 4.601271 5.784885 4.635518 4.176355 5.129128 4.242727 5.031535 4.33612 4.994591 4.418685 5.010352 4.479188 5.04216 4.334907 5.011649 4.457235 5.028857 4.52737 5.054537 4.573134 5.073947 4.315763 5.094024 4.451289 5.121284 4.525632 5.14309 4.574305 5.154719 4.294583 5.170849 4.423109 5.196268 4.491999 5.204179 4.536019 5.198096 4.27739 5.22987 4.383919 5.234857 4.437892 5.229943 4.476332 5.216206 1.308746 0.187123
4.256339 4.789629 0.796608 0.448092 5.532604 4.751843 1.587133 0.892763 5.833283 4.861066 5.679285 4.891679 5.537876 4.908385 5.448084 4.942304 5.425825 4.970977 5.48782 4.869519 5.465302 4.856929 5.519473 4.893418 5.565678 4.939474 5.551504 4.830426 5.543523 4.814773 5.604577 4.848445 5.648438 4.894785 5.635917 4.791994 5.634089 4.770952 5.694182 4.803741 5.741608 4.852838 5.72344 4.760834 5.72904 4.729701 5.771678 4.758728 5.806172 4.803582 4.261435 5.737996 4.356816 5.487736 4.497927 5.403867 4.632399 5.44098 4.728011 5.509863 4.47961 5.525269 4.689648 5.58769 4.814511 5.646437 4.898902 5.688437 4.454225 5.73104 4.69045 5.818245 4.823302 5.871131 4.907329 5.899577 4.431016 5.913382 4.651571 5.997887 4.774298 6.019926 4.851499 6.009415 4.418802 6.053817 4.597734 6.099075 4.688111 6.098484 4.750224 6.0761 1.276266 -0.037786
4.343419 5.109267 1.094644 0.615737 5.587205 4.846572 2.027066 1.140225 5.921184 4.952796 5.748789 4.949805 5.583795 4.945681 5.482668 4.965662 5.45678 4.994122 5.556632 4.947827 5.494704 4.945205 5.529538 5.005474 5.562604 5.070296 5.623553 4.940713 5.565835 4.931154 5.60098 4.984004 5.629479 5.049674 5.713225 4.923341 5.671719 4.900877 5.704421 4.949112 5.737764 5.017502 5.81018 4.906306 5.785953 4.878703 5.803768 4.916185 5.827459 4.971645 4.262276 5.768551 4.379063 5.529997 4.543455 5.482497 4.687963 5.54451 4.795498 5.605847 4.477519 5.558293 4.692243 5.669514 4.821766 5.742503 4.910189 5.788862 4.445558 5.767144 4.682938 5.878813 4.82431 5.946655 4.921182 5.986662 4.429086 5.951942 4.663749 6.05084 4.796192 6.072476 4.878718 6.072276 4.423812 6.093659 4.628123 6.150607 4.729691 6.125764 4.7953 6.083257 1.243785 -0.262695
4.4305 5.428905 1.39268 0.783383 5.697036 4.921937 1.637125 0.920883 5.794775 5.11237 5.646327 5.070136 5.558094 5.0885 5.485505 5.155631 5.445327 5.235584 5.676029 5.126005 5.67697 4.953318 5.688955 4.935127 5.702441 4.978187 5.778697 5.076777 5.779405 4.862094 5.786274 4.854442 5.796712 4.905346 5.855672 5.016663 5.856772 4.833988 5.857196 4.835609 5.866811 4.881674 5.900298 4.954127 5.897681 4.807251 5.91033 4.803888 5.926155 4.827073 4.253532 5.761528 4.376419 5.503427 4.53126 5.419673 4.673734 5.439895 4.779894 5.483118 4.503603 5.517592 4.706402 5.600886 4.831104 5.671989 4.911964 5.719743 4.477008 5.71778 4.701749 5.810004 4.84308 5.879664 4.944021 5.918781 4.455605 5.909922 4.67462 5.985125 4.809881 6.010339 4.901896 6.011394 4.44517 6.06243 4.630107 6.092729 4.726552 6.064602 4.791716 6.02125 1.266536 -0.506968
4.517581 5.748543 1.690716 0.951028 5.67875 4.957344 1.548558 0.871064 5.022571 5.40926 4.994304 5.22979 5.015111 5.156101 5.039994 5.152065 5.065576 5.187785 5.049199 5.209475 5.156751 5.105538 5.214368 5.105268 5.238889 5.134964 5.099044 5.282403 5.222853 5.161635 5.267313 5.153939 5.278823 5.166712 5.144866 5.346285 5.264281 5.230446 5.300204 5.21164 5.309431 5.215168 5.181506 5.397828 5.270995 5.286216 5.30595 5.244964 5.319295 5.22294 4.221393 5.714529 4.331141 5.47365 4.488674 5.33605 4.634791 5.304226 4.738367 5.332165 4.447736 5.382607 4.668717 5.428192 4.792467 5.493572 4.867903 5.541781 4.425563 5.575329 4.68205 5.631551 4.808953 5.669699 4.880181 5.688851 4.417376 5.77476 4.661674 5.812274 4.779035 5.807493 4.835243 5.789403 4.421814 5.952508 4.61127 5.951331 4.690134 5.920319 4.731296 5.884518 1.161169 -0.791199
4.485893 5.605737 1.719786 0.967379 4.597517 5.24968 1.395771 0.785121 4.250366 5.706151 4.342281 5.389444 4.472128 5.223702 4.594483 5.148499 4.685825 5.139985 4.422369 5.292946 4.636531 5.257758 4.739782 5.27541 4.775337 5.29174 4.419392 5.488029 4.6663 5.461175 4.748352 5.453436 4.760934 5.428078 4.43406 5.675907 4.67179 5.626904 4.743211 5.587672 4.75205 5.548663 4.462715 5.841529 4.644309 5.765181 4.701571 5.68604 4.712435 5.618806 4.775889 5.513111 4.752589 5.28054 4.668576 5.161518 4.591851 5.166084 4.550206 5.236977 4.682949 5.190977 4.529024 5.16874 4.44586 5.25566 4.406371 5.313258 4.686088 5.348523 4.512364 5.352629 4.414642 5.4259 4.359366 5.465959 4.68571 5.513124 4.523264 5.541418 4.423181 5.608893 4.365189 5.644034 4.687128 5.657737 4.573081 5.709535 4.493184 5.750167 4.43951 5.77049 0.111623 -0.356057
4.544694 5.471677 1.532685 0.862135 4.622438 5.396583 1.150836 0.647345 4.384997 5.666629 4.412457 5.382121 4.49586 5.1722 4.574625 5.031834 4.628652 4.937232 4.502151 5.208666 4.601236 5.184197 4.632533 5.225897 4.640705 5.251364 4.529738 5.395303 4.65422 5.377219 4.668229 5.399565 4.662033 5.402363 4.557994 5.582034 4.684034 5.55443 4.693776 5.544176 4.688786 5.524316 4.588828 5.747351 4.690693 5.698595 4.700882 5.654361 4.699984 5.605022 4.669673 5.250578 4.607285 5.300688 4.564081 5.404013 4.51356 5.526546 4.486933 5.636674 4.709834 5.395371 4.626045 5.465357 4.537376 5.522187 4.468159 5.576409 4.752876 5.349659 4.608083 5.45427 4.485815 5.497094 4.405431 5.528667 4.752313 5.311111 4.589966 5.418944 4.466638 5.441495 4.390351 5.466249 4.722008 5.27826 4.590795 5.362528 4.504579 5.381433 4.451559 5.398844 0.077744 -0.075094
4.603495 5.337617 1.345585 0.756891 4.645429 5.405599 0.893446 0.502563 4.519627 5.627108 4.482633 5.374798 4.519591 5.120698 4.554767 4.915169 4.57148 4.734479 4.581933 5.124386 4.565941 5.110635 4.525284 5.176383 4.506073 5.210987 4.640083 5.302578 4.64214 5.293263 4.588106 5.345694 4.563132 5.376648 4.681927 5.488162 4.696278 5.481955 4.644341 5.500679 4.625522 5.499969 4.714941 5.653173 4.737076 5.632009 4.700194 5.622682 4.687534 5.591237 4.516155 5.427098 4.539228 5.30346 4.588856 5.229902 4.631958 5.176074 4.666442 5.123395 4.597572 5.393177 4.671218 5.346472 4.734914 5.302523 4.784887 5.254679 4.609858 5.495719 4.718302 5.437671 4.788272 5.384453 4.832517 5.329449 4.618893 5.559342 4.726458 5.512823 4.788247 5.456233 4.826609 5.406606 4.622488 5.594304 4.706223 5.571381 4.757999 5.532705 4.788542 5.494077 0.041935 0.067982
4.632262 5.222045 1.549808 0.871767 4.643465 5.399237 0.878282 0.494034 4.586046 5.605349 4.572196 5.27853 4.588516 5.034194 4.615415 4.832031 4.633632 4.670762 4.60116 5.182098 4.680705 5.072306 4.725799 5.059434 4.751541 5.059562 4.647213 5.358645 4.740942 5.215131 4.794992 5.188646 4.831191 5.183613 4.692127 5.515916 4.78602 5.38877 4.841036 5.352598 4.874236 5.319427 4.742068 5.656444 4.81801 5.552434 4.8485 5.519769 4.865721 5.494452 4.596605 5.509821 4.584919 5.292652 4.617369 5.12114 4.652131 4.992058 4.664557 4.882429 4.657308 5.26911 4.758253 5.133761 4.785105 5.112106 4.792122 5.112168 4.701488 5.398485 4.822706 5.235966 4.847696 5.216435 4.847206 5.219259 4.737607 5.495425 4.849839 5.349388 4.867346 5.333628 4.864717 5.332622 4.765272 5.565366 4.852242 5.4713 4.865806 5.461171 4.865794 5.463295 0.011204 0.177193
4.960881 5.138113 1.3831 0.777994 4.713433 5.168509 1.731268 0.973838 4.846246 5.513059 4.751174 5.311445 4.716349 5.121862 4.719037 4.962668 4.689262 4.854433 4.897672 4.923941 4.884515 4.847629 4.838984 4.988696 4.796402 5.119837 4.995946 5.044095 4.967664 4.972367 4.904886 5.086399 4.867041 5.175763 5.057345 5.191263 5.027723 5.129661 4.95867 5.214909 4.91841 5.28698 5.095637 5.340587 5.072726 5.28293 5.021043 5.347598 4.989345 5.407329 4.677055 5.592543 4.63061 5.281845 4.645881 5.012378 4.672305 4.808042 4.662672 4.641462 4.717043 5.145043 4.845288 4.921049 4.835297 4.921689 4.799356 4.969657 4.793118 5.301251 4.927111 5.034261 4.90712 5.048416 4.861896 5.10907 4.856321 5.431508 4.97322 5.185952 4.946445 5.211022 4.902824 5.258638 4.908057 5.536427 4.99826 5.37122 4.973613 5.389636 4.943046 5.432513 -0.247447 0.030397
4.923786 5.1218 1.416008 0.796504 4.86343 5.036367 1.568381 0.882214 4.875267 5.314889 4.769649 5.207147 4.731895 5.021563 4.726831 4.876418 4.687438 4.763133 4.881332 4.804781 4.83849 5.094093 4.817933 5.222092 4.819845 5.251435 4.985426 4.876087 4.896567 5.262262 4.863844 5.36993 4.875096 5.363449 5.051659 5.006509 4.961054 5.354071 4.926459 5.430077 4.934724 5.405795 5.09959 5.148429 5.028105 5.370539 4.990337 5.429352 4.994617 5.413816 4.778843 5.3217 4.78431 5.090843 4.779259 4.905961 4.774981 4.773277 4.757491 4.676639 4.755432 4.888598 4.783293 4.753616 4.773033 4.788859 4.761699 4.846361 4.763378 4.993542 4.780994 4.807084 4.739301 4.807476 4.696759 4.828437 4.776108 5.102897 4.785489 4.937277 4.754613 4.962857 4.727486 4.991395 4.790515 5.213242 4.793926 5.092355 4.767199 5.105413 4.74695 5.135096 -0.060357 -0.085433
4.720734 4.72158 1.316654 0.740618 5.013426 4.904225 1.405495 0.790591 4.889859 5.094678 4.992026 5.18508 5.063972 5.174571 5.101876 5.101945 5.123699 5.064001 5.062128 4.929239 4.982679 4.898716 4.900608 4.895326 4.825037 4.884647 4.995015 4.850848 4.884284 4.850819 4.802257 4.846665 4.727892 4.840605 4.926285 4.812117 4.832445 4.80517 4.750737 4.803004 4.682508 4.79738 4.861994 4.795493 4.790826 4.788171 4.735395 4.784827 4.690456 4.768952 4.88063 5.050857 4.938011 4.899841 4.912637 4.799545 4.877656 4.738513 4.85231 4.711816 4.793822 4.632154 4.721299 4.586184 4.710768 4.65603 4.724042 4.723064 4.733638 4.685832 4.634877 4.579908 4.571483 4.566536 4.531623 4.547805 4.695895 4.774286 4.597758 4.688603 4.562781 4.714692 4.552147 4.724152 4.672973 4.890056 4.589593 4.81349 4.560785 4.821191 4.550854 4.837679 0.292692 0.182645
4.748532 4.776898 1.30076 0.731677 4.960257 4.955573 1.16125 0.653203 4.817098 5.076162 4.909311 5.120956 4.965136 5.091049 4.99393 5.016246 5.014611 4.971716 4.93725 4.882683 4.855874 4.854744 4.775127 4.85132 4.701775 4.845311 4.874856 4.830603 4.764045 4.828353 4.680342 4.821404 4.604116 4.81544 4.814117 4.812686 4.717727 4.803132 4.635064 4.797856 4.565302 4.790549 4.75947 4.815095 4.686845 4.808341 4.628958 4.804231 4.580038 4.790105 4.734611 4.897729 4.777868 4.810064 4.804992 4.734078 4.834369 4.729884 4.850385 4.747109 4.730119 4.775116 4.753294 4.743723 4.73 4.723579 4.688727 4.714321 4.725844 4.86131 4.759337 4.837187 4.733875 4.838026 4.683366 4.827526 4.730539 4.954132 4.768354 4.954125 4.724612 4.93203 4.667867 4.892042 4.73141 5.022992 4.765216 5.023348 4.735618 5.019271 4.695008 4.997911 0.211725 0.178675
4.510933 4.564863 1.383553 0.778249 4.838267 4.904048 1.212436 0.681995 4.744337 5.057645 4.826596 5.056832 4.8663 5.007527 4.885985 4.930547 4.905523 4.879431 4.812373 4.836127 4.729069 4.810772 4.649645 4.807314 4.578512 4.805974 4.754698 4.810358 4.643805 4.805888 4.558426 4.796142 4.48034 4.790275 4.701949 4.813255 4.603009 4.801094 4.519391 4.792709 4.448096 4.783719 4.656945 4.834697 4.582864 4.828512 4.522521 4.823634 4.46962 4.811258 4.740271 4.98097 4.804552 4.953627 4.830183 4.903847 4.844897 4.867204 4.861111 4.840456 4.773485 4.818519 4.801211 4.812225 4.817222 4.854752 4.821403 4.892242 4.748623 4.823432 4.77726 4.824369 4.793833 4.865136 4.80101 4.895773 4.73032 4.839998 4.760348 4.838366 4.775957 4.881131 4.780245 4.917289 4.712365 4.859848 4.73479 4.845278 4.747212 4.867729 4.752247 4.893609 0.327335 0.339185
4.779714 4.879833 0.494787 0.278317 4.716278 4.852522 1.263622 0.710788 4.671577 5.039129 4.743881 4.992708 4.767464 4.924004 4.77804 4.844848 4.796434 4.787146 4.687496 4.789571 4.602264 4.7668 4.524163 4.763308 4.455249 4.766638 4.634539 4.790113 4.523566 4.783423 4.436511 4.770881 4.356564 4.765109 4.589781 4.813824 4.48829 4.799056 4.403717 4.787561 4.33089 4.776888 4.55442 4.854299 4.478883 4.848682 4.416085 4.843037 4.359202 4.832411 4.413198 4.98132 4.482672 4.892419 4.496579 4.825161 4.497158 4.778365 4.507925 4.753302 4.380437 4.70483 4.363827 4.781115 4.391832 4.840178 4.414 4.880326 4.326632 4.725956 4.317353 4.80322 4.343209 4.857466 4.366505 4.893294 4.283342 4.766914 4.276249 4.821811 4.29853 4.880368 4.317975 4.917859 4.248581 4.818581 4.198476 4.811464 4.173196 4.833735 4.155528 4.855222 -0.063436 -0.027311
3.93923 4.665757 1.495293 0.841102 4.594289 4.800996 1.314808 0.73958 4.598816 5.020613 4.661166 4.928585 4.668628 4.840482 4.670094 4.759149 4.687346 4.69486 4.562618 4.743014 4.475459 4.722828 4.398681 4.719302 4.331987 4.727301 4.514381 4.769868 4.403327 4.760958 4.314595 4.745619 4.232789 4.739944 4.477613 4.814394 4.373572 4.797018 4.288044 4.782414 4.213684 4.770058 4.451896 4.8739 4.374901 4.868853 4.309648 4.862441 4.248784 4.853564 4.086125 4.981669 4.160793 4.831212 4.162975 4.746474 4.14942 4.689526 4.154739 4.666148 3.987388 4.59114 3.926443 4.750006 3.966442 4.825604 4.006597 4.868411 3.904641 4.62848 3.857447 4.78207 3.892586 4.849796 3.932 4.890816 3.836364 4.693829 3.792151 4.805257 3.821102 4.879604 3.855705 4.91843 3.784797 4.777315 3.662162 4.77765 3.59918 4.799742 3.558809 4.816835 0.655058 0.135239
3.897753 4.75757 1.869701 1.051707 4.472299 4.749471 1.365994 0.768372 4.526055 5.002096 4.578451 4.864461 4.569792 4.75696 4.562149 4.67345 4.578258 4.602575 4.437741 4.696458 4.348654 4.678856 4.2732 4.675296 4.208724 4.687965 4.394222 4.749623 4.283088 4.738493 4.19268 4.720358 4.109013 4.714778 4.365445 4.814963 4.258853 4.79498 4.172371 4.777266 4.096478 4.763227 4.349371 4.893502 4.27092 4.889023 4.203212 4.881844 4.138366 4.874717 4.063662 5.222617 3.881121 5.175297 3.747571 5.002677 3.635255 4.888309 3.530426 4.890375 3.783526 4.803953 3.773969 4.851004 3.809432 4.971467 3.814455 4.995458 3.899116 4.782559 3.874466 4.858443 3.901902 4.994416 3.911449 5.004877 4.004586 4.801707 3.976645 4.856971 3.988276 4.992641 3.999803 5.011016 4.094288 4.847696 4.085353 4.856024 4.08718 4.98412 4.094934 5.022224 0.574546 -0.008099
3.850702 4.966382 1.713723 0.963969 4.35031 4.697945 1.417181 0.797164 4.453294 4.98358 4.495735 4.800337 4.470956 4.673437 4.454203 4.587751 4.46917 4.51029 4.312864 4.649902 4.221849 4.634884 4.147718 4.63129 4.085461 4.648629 4.274064 4.729379 4.162849 4.716028 4.070764 4.695097 3.985237 4.689613 4.253277 4.815532 4.144135 4.792942 4.056698 4.772119 3.979272 4.756396 4.246846 4.913104 4.166939 4.909193 4.096775 4.901248 4.027948 4.89587 4.164146 5.172315 4.068947 5.114307 3.974269 5.028197 3.873295 5.023049 3.779545 5.036488 3.952011 4.629388 3.83836 4.888988 3.895925 5.013561 3.94576 5.009308 3.939738 4.671413 3.824685 4.990708 3.903958 5.076923 3.955652 5.048011 3.935533 4.766587 3.840671 5.045828 3.921348 5.121673 3.972627 5.090219 3.930617 4.883485 3.814244 4.977089 3.798155 5.029905 3.774835 5.049393 0.499608 -0.268437
3.969961 4.858679 1.306299 0.734793 4.22832 4.646419 1.468367 0.825956 4.380533 4.965064 4.41302 4.736213 4.37212 4.589915 4.346258 4.502051 4.360081 4.418005 4.187986 4.603346 4.095044 4.590912 4.022236 4.587284 3.962199 4.609292 4.153906 4.709134 4.04261 4.693563 3.948849 4.669835 3.861461 4.664448 4.14111 4.816101 4.029417 4.790904 3.941024 4.766971 3.862066 4.749566 4.144322 4.932706 4.062958 4.929364 3.990338 4.920651 3.91753 4.917023 4.213957 4.986532 4.110985 5.067624 4.01495 5.039356 3.939173 5.011451 3.876732 5.006201 3.991661 4.786752 3.877828 4.779213 3.804092 4.803382 3.758538 4.834146 4.004405 4.732662 3.874845 4.730137 3.792598 4.7559 3.739877 4.780571 4.015447 4.718387 3.896945 4.736055 3.82215 4.769551 3.777861 4.793975 4.027589 4.728805 3.93157 4.735004 3.873139 4.761336 3.830681 4.780659 0.25836 -0.21226
3.974441 4.818894 1.337005 0.752066 4.199379 4.708331 1.43212 0.805568 4.468111 4.841955 4.414454 4.680738 4.321989 4.623132 4.254068 4.63057 4.205492 4.651179 4.216011 4.641648 4.087627 4.613017 4.015534 4.616469 3.963393 4.617951 4.202431 4.724365 4.063787 4.65386 3.989508 4.656873 3.928965 4.6499 4.211873 4.815328 4.115963 4.764583 4.126162 4.764272 4.140713 4.753978 4.231718 4.895792 4.179805 4.865847 4.194323 4.850511 4.21824 4.837693 4.206215 4.971067 4.124101 5.022484 4.039016 4.983191 3.96823 4.951041 3.910875 4.941654 4.004182 4.744263 3.897517 4.749502 3.836106 4.78275 3.799394 4.815692 4.004908 4.70018 3.885113 4.711695 3.816825 4.745343 3.773662 4.770731 4.005337 4.695337 3.895409 4.719349 3.832673 4.760112 3.797156 4.786577 4.008264 4.7145 3.910242 4.718984 3.854771 4.746786 3.816478 4.766456 0.224938 -0.110563
3.978922 4.779109 1.367712 0.769338 4.250517 4.747546 1.509476 0.84908 4.602696 4.891754 4.514622 4.772559 4.433515 4.654604 4.374135 4.581567 4.32046 4.54852 4.462298 4.553636 4.413941 4.607006 4.385349 4.679012 4.365 4.71544 4.489214 4.626875 4.425655 4.667696 4.395998 4.739822 4.374366 4.774421 4.522244 4.717535 4.476593 4.756436 4.481388 4.827094 4.48885 4.851722 4.554576 4.809781 4.532161 4.827568 4.539727 4.871143 4.551926 4.89519 4.198474 4.955601 4.137217 4.977343 4.063082 4.927025 3.997287 4.890631 3.945018 4.877106 4.016704 4.701774 3.917206 4.71979 3.86812 4.762117 3.840251 4.797238 4.00541 4.667698 3.895381 4.693252 3.841051 4.734787 3.807446 4.760891 3.995226 4.672287 3.893874 4.702643 3.843196 4.750672 3.816451 4.779179 3.988938 4.700194 3.888915 4.702963 3.836403 4.732236 3.802275 4.752253 0.271595 -0.031563
3.983403 4.739324 1.398418 0.78661 4.664735 4.603045 1.406745 0.791294 4.737281 4.941553 4.614791 4.864381 4.545041 4.686076 4.494202 4.532565 4.435429 4.44586 4.708586 4.465624 4.740254 4.600995 4.755165 4.741555 4.766607 4.812928 4.775996 4.529384 4.787523 4.681531 4.802487 4.822771 4.819766 4.898942 4.832616 4.619742 4.837224 4.748288 4.836614 4.889916 4.836987 4.949466 4.877434 4.723771 4.884517 4.789288 4.885132 4.891776 4.885612 4.952686 4.190733 4.940135 4.150333 4.932202 4.087148 4.87086 4.026343 4.830222 3.979161 4.812559 4.029225 4.659285 3.936895 4.690079 3.900134 4.741485 3.881108 4.778783 4.005913 4.635216 3.905649 4.67481 3.865278 4.724231 3.841231 4.751051 3.985115 4.649237 3.892339 4.685937 3.853719 4.741232 3.835746 4.771781 3.969613 4.685888 3.867587 4.686942 3.818035 4.717686 3.788072 4.73805 0.681332 -0.136278
3.987884 4.699539 1.429124 0.803882 4.693534 4.656578 1.457176 0.819662 4.775554 5.088027 4.671448 4.893849 4.609683 4.651769 4.550364 4.48709 4.467584 4.39038 4.709784 4.68347 4.776387 4.371536 4.76485 4.44213 4.747986 4.540763 4.795071 4.754232 4.858917 4.409469 4.840139 4.493158 4.821423 4.603517 4.87112 4.819519 4.919017 4.517461 4.89665 4.600503 4.877466 4.702446 4.930543 4.875818 4.955918 4.658559 4.939626 4.705129 4.927714 4.77994 4.182991 4.92467 4.163448 4.887061 4.111214 4.814695 4.0554 4.769812 4.013304 4.748011 4.041746 4.616795 3.956584 4.660368 3.932147 4.720853 3.921965 4.760329 4.006415 4.602734 3.915916 4.656368 3.889505 4.713674 3.875016 4.741211 3.975004 4.626186 3.890804 4.669231 3.864241 4.731792 3.855041 4.764383 3.950287 4.671583 3.846259 4.670921 3.799666 4.703136 3.773869 4.723847 0.705651 -0.042961
3.992364 4.659754 1.45983 0.821154 4.756804 4.658429 1.514068 0.851663 4.76741 5.086267 4.644339 4.966078 4.581763 4.700551 4.525237 4.496137 4.460663 4.381357 4.7899 4.371679 4.690706 4.494034 4.677963 4.673103 4.697351 4.771272 4.885103 4.4287 4.757758 4.595112 4.74735 4.773446 4.775775 4.8664 4.95236 4.542059 4.836051 4.684651 4.80974 4.839247 4.823239 4.926067 4.991337 4.677555 4.921886 4.712683 4.875138 4.834269 4.860438 4.917256 4.17525 4.909204 4.176564 4.84192 4.13528 4.758529 4.084457 4.709402 4.047447 4.683463 4.054267 4.574306 3.976274 4.630657 3.964161 4.70022 3.962821 4.741874 4.006918 4.570252 3.926184 4.637926 3.913732 4.703118 3.908801 4.73137 3.964894 4.603136 3.889268 4.652524 3.874764 4.722353 3.874336 4.756984 3.930962 4.657277 3.824932 4.654901 3.781298 4.688586 3.759666 4.709643 0.76444 -0.001324
3.996845 4.619968 1.490536 0.838427 4.770043 4.660639 1.740108 0.978811 4.737805 5.164669 4.746584 5.046827 4.736774 4.854016 4.662617 4.670642 4.59558 4.547561 4.941524 4.442456 4.711019 4.445955 4.605658 4.560149 4.564161 4.635766 4.889143 4.415751 4.625543 4.425689 4.526729 4.570099 4.494112 4.653654 4.807205 4.459161 4.553607 4.454545 4.462675 4.573475 4.439823 4.64457 4.718317 4.545882 4.544577 4.511387 4.433083 4.549389 4.36932 4.554701 4.167508 4.893739 4.18968 4.796779 4.159346 4.702364 4.113514 4.648993 4.08159 4.618916 4.066789 4.531817 3.995963 4.600946 3.996175 4.679588 4.003678 4.72342 4.00742 4.53777 3.936452 4.619484 3.937959 4.692562 3.942585 4.72153 3.954783 4.580086 3.887733 4.635818 3.885287 4.712913 3.893631 4.749586 3.911637 4.642972 3.803604 4.63888 3.76293 4.674036 3.745463 4.69544 0.773199 0.04067
4.001326 4.580183 1.521242 0.855699 4.756963 4.71952 1.572728 0.884659 4.576615 4.980943 4.608699 4.810853 4.597632 4.640924 4.552591 4.503127 4.522666 4.404735 4.635383 4.399392 4.473099 4.422211 4.38756 4.515303 4.34295 4.582327 4.589777 4.428075 4.396631 4.441767 4.310428 4.534516 4.265177 4.59586 4.532928 4.489152 4.34961 4.473959 4.265551 4.562061 4.226066 4.611343 4.477779 4.572926 4.340385 4.539848 4.248894 4.562876 4.19053 4.564153 4.159767 4.878273 4.202796 4.751638 4.183412 4.646198 4.142571 4.588583 4.115733 4.554368 4.07931 4.489328 4.015652 4.571235 4.028189 4.658956 4.044535 4.704966 4.007922 4.505288 3.94672 4.601042 3.962185 4.682005 3.97637 4.71169 3.944672 4.557036 3.886198 4.619112 3.89581 4.703473 3.912926 4.742188 3.892311 4.628666 3.782277 4.622859 3.744562 4.659486 3.73126 4.681237 0.755638 0.139337
4.005806 4.540398 1.551949 0.872971 4.315818 4.376329 1.694131 0.952949 4.415425 4.797217 4.470813 4.57488 4.458491 4.427832 4.442564 4.335612 4.449753 4.26191 4.329242 4.356328 4.23518 4.398467 4.169463 4.470457 4.121738 4.528887 4.290412 4.440399 4.167719 4.457845 4.094127 4.498933 4.036241 4.538066 4.25865 4.519144 4.145614 4.493373 4.068428 4.550647 4.012309 4.578116 4.23724 4.59997 4.136193 4.568308 4.064705 4.576363 4.011739 4.573604 4.152026 4.862808 4.215912 4.706497 4.207478 4.590033 4.171627 4.528173 4.149876 4.489821 4.091831 4.446839 4.035341 4.541523 4.060203 4.638323 4.085391 4.686511 4.008425 4.472806 3.956988 4.5826 3.986412 4.671449 4.010155 4.70185 3.934561 4.533985 3.884663 4.602406 3.906332 4.694033 3.932221 4.73479 3.872986 4.61436 3.760949 4.606839 3.726194 4.644935 3.717057 4.667034 0.310011 -0.16407
4.010287 4.500613 1.582655 0.890243 4.289953 4.527038 1.249251 0.702704 4.297019 4.856155 4.329931 4.640876 4.340103 4.481077 4.357606 4.36479 4.369275 4.271295 4.222801 4.464564 4.258621 4.388065 4.284739 4.37396 4.301592 4.378515 4.220983 4.538764 4.256178 4.436487 4.28683 4.434972 4.304818 4.43114 4.2349 4.605505 4.267949 4.509852 4.296461 4.503871 4.31583 4.493531 4.257154 4.680697 4.287294 4.622174 4.305247 4.604795 4.321832 4.584612 4.144284 4.847342 4.229028 4.661356 4.231544 4.533867 4.200684 4.467764 4.184019 4.425273 4.104353 4.40435 4.05503 4.511812 4.092216 4.617691 4.126248 4.668057 4.008927 4.440324 3.967255 4.564157 4.010639 4.660893 4.04394 4.69201 3.924451 4.510935 3.883128 4.585699 3.916855 4.684594 3.951516 4.727392 3.85366 4.600055 3.739621 4.590818 3.707826 4.630385 3.702854 4.652831 0.279666 0.026425
3.972891 4.587723 1.836511 1.033037 4.278996 4.564874 1.031866 0.580425 4.272087 4.797296 4.339077 4.682155 4.361116 4.593128 4.369224 4.524904 4.369599 4.461656 4.267625 4.487479 4.301039 4.409606 4.344397 4.470415 4.368915 4.534354 4.23897 4.525577 4.292927 4.471048 4.336986 4.556601 4.352307 4.637964 4.22404 4.584555 4.275822 4.542708 4.322939 4.635038 4.349368 4.720959 4.210645 4.654382 4.250097 4.628937 4.285164 4.687519 4.310125 4.744627 4.063914 5.106742 3.907616 4.998187 3.771233 4.782189 3.665379 4.625767 3.577536 4.592108 3.821684 4.777039 3.846559 4.584143 3.8627 4.671361 3.852858 4.742154 3.931051 4.808889 3.937694 4.584117 3.938134 4.697236 3.933984 4.786006 4.037615 4.83848 4.044223 4.624166 4.032698 4.732158 4.0264 4.82944 4.137154 4.873379 4.163402 4.709256 4.15721 4.775167 4.152693 4.832021 0.306105 -0.022849
3.896087 4.804533 1.859287 1.045849 4.285698 4.56542 0.814148 0.457959 4.286837 4.887619 4.328547 4.780392 4.335057 4.689249 4.33252 4.622146 4.324534 4.564931 4.273495 4.574697 4.285628 4.544037 4.313432 4.626275 4.327737 4.700606 4.262351 4.622133 4.29001 4.624129 4.315273 4.724069 4.320122 4.811008 4.259206 4.69253 4.286837 4.702352 4.313419 4.803202 4.326467 4.889252 4.253035 4.774776 4.277544 4.782315 4.298701 4.85209 4.313249 4.912613 4.119686 5.20059 3.93535 5.003073 3.792092 4.802557 3.674044 4.676596 3.579064 4.618941 3.852707 4.69303 3.799672 4.638691 3.835081 4.746967 3.861536 4.816281 3.953651 4.762552 3.868283 4.730746 3.897795 4.809079 3.919098 4.856676 4.040691 4.850582 3.958571 4.833325 3.968831 4.905824 3.980725 4.95281 4.114252 4.939116 4.063657 4.906269 4.063816 4.960573 4.0659 5.007513 0.389611 -0.239113
3.980675 5.323824 1.689752 0.950486 4.009095 4.616148 1.525953 0.858348 4.301587 4.977941 4.318016 4.878629 4.308997 4.78537 4.295815 4.719389 4.279468 4.668207 4.279366 4.661914 4.270217 4.678468 4.282467 4.782136 4.286559 4.866858 4.285733 4.718688 4.287092 4.77721 4.29356 4.891537 4.287936 4.984052 4.294372 4.800506 4.297852 4.861997 4.3039 4.971367 4.303566 5.057545 4.295426 4.895169 4.30499 4.935694 4.312239 5.016662 4.316373 5.080599 4.224921 4.946877 4.218464 4.783588 4.151447 4.693863 4.086281 4.62723 4.028133 4.589113 4.022374 4.558596 3.90583 4.583229 3.849304 4.640963 3.811758 4.689851 3.96596 4.591731 3.855239 4.593349 3.793617 4.617031 3.74234 4.643396 3.926795 4.653482 3.823543 4.621907 3.766302 4.617554 3.725056 4.620258 3.902219 4.72719 3.822205 4.676098 3.767329 4.645734 3.722655 4.630458 0.02842 -0.707676
4.065262 5.843115 1.520217 0.855122 4.006247 4.729073 1.503471 0.845703 4.316337 5.068264 4.307485 4.976865 4.282937 4.881491 4.259111 4.816632 4.234403 4.771482 4.285237 4.749132 4.254806 4.812899 4.251502 4.937997 4.24538 5.03311 4.309114 4.815244 4.284175 4.930292 4.271847 5.059005 4.255751 5.157096 4.329537 4.908481 4.308867 5.021642 4.29438 5.139531 4.280665 5.225838 4.337817 5.015563 4.332436 5.089072 4.325777 5.181234 4.319497 5.248584 4.297583 4.898491 4.17915 4.909798 4.077727 4.866107 4.024897 4.824467 3.982318 4.806097 4.026884 4.681346 3.917694 4.644172 3.864796 4.643645 3.825759 4.645392 4.067266 4.669863 3.962731 4.677939 3.935829 4.742566 3.925472 4.765915 4.111787 4.706629 4.033695 4.749914 4.028319 4.81294 4.039527 4.835201 4.151274 4.755035 4.098935 4.776104 4.098893 4.819566 4.109269 4.836524 -0.059015 -1.114042
4.14985 6.362406 1.350682 0.759759 4.094444 4.764522 1.41825 0.797766 4.331087 5.158586 4.296955 5.075102 4.256877 4.977612 4.222407 4.913875 4.189338 4.874758 4.291107 4.83635 4.239395 4.94733 4.220537 5.093858 4.204202 5.199362 4.332496 4.9118 4.281258 5.083373 4.250134 5.226472 4.223565 5.330139 4.364703 5.016456 4.319882 5.181286 4.28486 5.307696 4.257764 5.394131 4.380208 5.135956 4.359883 5.242451 4.339314 5.345806 4.322622 5.41657 4.365112 5.151353 4.233981 5.109163 4.144337 4.971457 4.084392 4.85359 4.03352 4.77383 4.200122 4.783567 4.10772 4.888698 4.077132 4.952384 4.061162 4.967695 4.276086 4.811132 4.163317 4.955555 4.143829 5.050626 4.15135 5.070824 4.338405 4.888318 4.237172 5.036759 4.220084 5.120149 4.235494 5.138557 4.385149 4.98616 4.320407 5.066387 4.301548 5.136041 4.309742 5.161586 -0.055406 -1.597884
4.156487 6.373824 1.287964 0.72448 4.41607 5.049838 1.422925 0.800395 4.345837 5.248909 4.286424 5.173339 4.230818 5.073733 4.185703 5.011118 4.144273 4.978034 4.296978 4.923567 4.223984 5.081761 4.189573 5.249719 4.163024 5.365614 4.355877 5.008355 4.27834 5.236455 4.228422 5.39394 4.19138 5.503183 4.399869 5.124432 4.330897 5.340931 4.275341 5.47586 4.234863 5.562424 4.422598 5.25635 4.387329 5.395829 4.352852 5.510377 4.325746 5.584556 4.432642 5.404215 4.288811 5.308528 4.210948 5.076807 4.143887 4.882713 4.084722 4.741563 4.37336 4.885789 4.297746 5.133223 4.289467 5.261123 4.296565 5.289997 4.484905 4.952401 4.363903 5.233172 4.35183 5.358686 4.377227 5.375733 4.565023 5.070007 4.44065 5.323604 4.411849 5.427358 4.431461 5.441912 4.619023 5.217285 4.54188 5.35667 4.504204 5.452516 4.510216 5.486648 0.259582 -1.323986
4.153481 6.416916 1.169241 0.657698 4.386646 5.092136 1.773842 0.997786 4.360587 5.339231 4.275893 5.271576 4.204758 5.169854 4.148998 5.10836 4.099207 5.081309 4.302848 5.010785 4.208573 5.216192 4.158608 5.40558 4.121845 5.531866 4.379259 5.104911 4.275423 5.389536 4.206709 5.561408 4.159194 5.676227 4.435035 5.232407 4.341912 5.500575 4.265821 5.644025 4.211962 5.730717 4.464989 5.376743 4.414775 5.549208 4.366389 5.674949 4.32887 5.752541 4.368014 5.545552 4.250877 5.404267 4.205578 5.164501 4.153971 4.994441 4.072948 4.882739 4.360749 5.000696 4.291553 5.183183 4.248689 5.296205 4.239198 5.323972 4.457786 5.113117 4.372468 5.31553 4.310962 5.436673 4.30896 5.458914 4.522093 5.260395 4.446915 5.411489 4.376296 5.507719 4.367906 5.527037 4.568334 5.42478 4.517892 5.522179 4.450915 5.601973 4.433302 5.634184 0.233166 -1.32478
4.156647 6.452917 1.177498 0.662343 4.371192 5.217856 1.546955 0.870162 4.375337 5.429554 4.265363 5.369812 4.178698 5.265974 4.112294 5.205603 4.054142 5.184585 4.308719 5.098003 4.193162 5.350623 4.127643 5.561441 4.080667 5.698118 4.40264 5.201466 4.272506 5.542617 4.184996 5.728875 4.127009 5.849271 4.4702 5.340382 4.352927 5.66022 4.256301 5.812189 4.189061 5.89901 4.50738 5.497137 4.442222 5.702586 4.379927 5.839521 4.331994 5.920527 4.213156 6.123909 4.307937 6.337693 4.311108 6.511895 4.299654 6.643862 4.305255 6.715438 4.116389 6.640193 4.179826 6.636888 4.222599 6.560386 4.233666 6.500917 4.054209 6.535307 4.114935 6.552547 4.160388 6.491607 4.173739 6.434873 4.026045 6.410373 4.074429 6.432212 4.124797 6.385888 4.142017 6.339098 4.007032 6.285913 4.046056 6.31061 4.087028 6.268178 4.103807 6.218622 0.214545 -1.235061
4.142991 6.427318 1.13522 0.638561 4.31547 5.340671 1.474987 0.82968 4.129681 5.988686 4.041146 5.840279 4.010476 5.669248 4.009214 5.550685 4.002822 5.45501 4.080312 5.655478 4.088626 5.680725 4.095843 5.710944 4.098241 5.713821 4.177416 5.788954 4.177675 5.84343 4.142056 5.879005 4.10548 5.909027 4.255059 5.93026 4.24618 5.981344 4.195127 6.004395 4.153572 6.015795 4.305215 6.06805 4.315123 6.067624 4.278622 6.103981 4.246021 6.130031 4.057664 6.487408 4.156721 6.576762 4.247511 6.586105 4.285696 6.581013 4.330907 6.614667 4.197735 6.480089 4.284921 6.251634 4.320144 6.142876 4.348633 6.0634 4.12555 6.383687 4.235999 6.103484 4.296756 5.988768 4.345927 5.90031 4.068526 6.295734 4.16963 6.039767 4.23862 5.930038 4.293587 5.86827 4.025211 6.221166 4.103101 6.005724 4.16128 5.895955 4.209647 5.825801 0.172479 -1.086648
3.951207 6.409412 1.468579 0.826076 4.180979 6.25973 1.2188 0.685575 3.884025 6.547818 3.81693 6.310746 3.842254 6.072522 3.906133 5.895766 3.951503 5.725435 3.851905 6.212954 3.984091 6.010827 4.064043 5.860447 4.115816 5.729524 3.952191 6.376442 4.082845 6.144242 4.099116 6.029136 4.083951 5.968783 4.039917 6.520138 4.139433 6.302468 4.133953 6.196601 4.118082 6.132579 4.103051 6.638963 4.188024 6.432663 4.177318 6.368442 4.160047 6.339535 4.190016 6.120947 4.22657 6.226307 4.240042 6.391409 4.255215 6.5541 4.268662 6.717716 4.213345 6.312798 4.153917 6.472398 4.114961 6.598411 4.082764 6.707991 4.151717 6.242222 4.098645 6.427445 4.062042 6.553928 4.03714 6.631093 4.102578 6.179441 4.053704 6.347296 4.022584 6.421096 3.998705 6.465223 4.060287 6.117608 4.008695 6.224996 3.977941 6.240432 3.955357 6.239718 0.229772 -0.149682
4.025398 6.205212 1.560714 0.877902 4.120844 6.374778 0.920341 0.517692 3.793266 6.723246 3.718454 6.548359 3.723244 6.392752 3.764656 6.290867 3.795157 6.1908 3.73363 6.486175 3.822678 6.354005 3.874248 6.259848 3.906921 6.182095 3.819676 6.620437 3.909863 6.466144 3.916929 6.400008 3.902791 6.371816 3.896959 6.738654 3.963925 6.595535 3.959943 6.509501 3.951215 6.453653 3.954319 6.83594 4.008019 6.696435 3.998553 6.645038 3.988095 6.618202 3.971125 6.454806 3.990582 6.523291 3.987887 6.654269 3.994975 6.788312 4.000941 6.923058 3.921959 6.646525 3.879244 6.791809 3.8645 6.884214 3.850893 6.956336 3.889428 6.62044 3.85851 6.786049 3.852623 6.870072 3.844975 6.912199 3.871215 6.592254 3.851282 6.739436 3.848693 6.778997 3.839503 6.793428 3.860271 6.560427 3.835173 6.65556 3.826282 6.657439 3.815554 6.643325 0.095446 0.169566
3.821676 6.585767 1.324996 0.74531 3.770066 6.862238 1.072571 0.603321 3.702507 6.898674 3.619978 6.785973 3.604235 6.712981 3.62318 6.685968 3.638812 6.656166 3.615355 6.759396 3.661265 6.697182 3.684453 6.659249 3.698027 6.634665 3.687162 6.864432 3.736881 6.788045 3.734742 6.77088 3.721631 6.774849 3.754001 6.957169 3.788418 6.888602 3.785934 6.822402 3.784349 6.774727 3.805587 7.032917 3.828014 6.960208 3.819788 6.921634 3.816142 6.896869 3.752235 6.788665 3.754594 6.820276 3.735731 6.917129 3.734736 7.022524 3.733219 7.128401 3.630572 6.980251 3.60457 7.11122 3.61404 7.170017 3.619022 7.204681 3.627138 6.998659 3.618374 7.144652 3.643204 7.186216 3.652811 7.193304 3.639851 7.005067 3.648861 7.131577 3.674801 7.136897 3.680301 7.121632 3.660256 7.003245 3.661651 7.086123 3.674623 7.074446 3.675752 7.046933 -0.05161 0.276471
3.617953 6.966323 1.089278 0.612719 3.419288 7.349699 1.2248 0.68895 3.611748 7.074102 3.521502 7.023586 3.485225 7.033211 3.481703 7.081069 3.482466 7.121531 3.497081 7.032617 3.499851 7.040359 3.494658 7.05865 3.489132 7.087236 3.554647 7.108427 3.563899 7.109947 3.552555 7.141753 3.540471 7.177881 3.611043 7.175685 3.61291 7.181669 3.611925 7.135302 3.617482 7.095801 3.656855 7.229894 3.648008 7.223981 3.641023 7.19823 3.64419 7.175536 3.533345 7.122524 3.518606 7.117261 3.483576 7.179989 3.474496 7.256736 3.465498 7.333744 3.339186 7.313977 3.329896 7.430631 3.363579 7.45582 3.387152 7.453026 3.364849 7.376878 3.378239 7.503256 3.433785 7.50236 3.460646 7.47441 3.408488 7.417881 3.44644 7.523718 3.50091 7.494797 3.521098 7.449837 3.460241 7.446064 3.488128 7.516686 3.522964 7.491453 3.535949 7.450541 -0.198666 0.383376
3.414231 7.346878 0.85356 0.480128 3.358017 7.661756 1.340238 0.753884 3.520989 7.249529 3.423026 7.261199 3.366215 7.35344 3.340226 7.47617 3.32612 7.586896 3.378806 7.305838 3.338438 7.383537 3.304864 7.45805 3.280238 7.539806 3.422133 7.352422 3.390918 7.431849 3.370368 7.512625 3.359311 7.580914 3.468085 7.394201 3.437403 7.474737 3.437916 7.448202 3.450615 7.416875 3.508123 7.426871 3.468003 7.487754 3.462259 7.474827 3.472237 7.454203 3.494218 7.410615 3.548076 7.483028 3.519303 7.5793 3.469225 7.695713 3.409236 7.817844 3.382046 7.480307 3.306867 7.60118 3.28298 7.740675 3.273745 7.832701 3.324566 7.493621 3.234062 7.620234 3.209334 7.767221 3.204811 7.867341 3.283372 7.527288 3.207888 7.654171 3.180882 7.800827 3.167195 7.908531 3.25747 7.56811 3.199747 7.667691 3.16841 7.76038 3.147348 7.834439 -0.056215 0.314878
3.418135 7.380632 0.681524 0.383357 3.358548 7.561337 1.300428 0.731491 3.517913 7.332764 3.465214 7.339197 3.431081 7.34874 3.401758 7.35908 3.379936 7.382063 3.399041 7.383845 3.35718 7.416411 3.330432 7.461056 3.316074 7.502689 3.418404 7.400957 3.372087 7.441412 3.341867 7.492154 3.321984 7.537584 3.437458 7.416464 3.399463 7.449263 3.371422 7.492935 3.354073 7.533044 3.457434 7.433134 3.422603 7.45245 3.400984 7.474068 3.388506 7.494499 3.571535 7.406928 3.566833 7.582752 3.485107 7.752827 3.413415 7.873985 3.347778 7.973529 3.361163 7.521504 3.258333 7.680272 3.206331 7.817631 3.1756 7.935721 3.346674 7.477514 3.227979 7.612908 3.186159 7.73988 3.162824 7.840447 3.347259 7.469912 3.252416 7.585325 3.214558 7.685997 3.195271 7.755248 3.355054 7.482998 3.298708 7.574615 3.268439 7.645069 3.245787 7.699871 -0.059587 0.180705
]