08-13-20_Thad_4K.snake_in_grey_wagon.0000000003 [ 2.421365 8.681544 0.927122 5.570441 7.508197 2.365852 2.623476 9.065859 8.502485 8.745521 2.095321 2.318192 2.19517 8.729363 8.925563 2.22609 8.67316 8.82376 6.899194 5.493312 7.810544 8.484675 5.772044 8.119491 8.411438 5.987556 7.595323 3.149077 -1.173347 0.0 0.0 0.0 0.0 0.0 0.0 0.0 0.0 0.0 0.0 0.0 0.0 0.0 0.0 0.0 0.0 0.0
2.413645 8.648075 1.120961 5.635615 7.44175 2.512245 2.63023 9.122599 8.463874 8.779203 2.085204 2.345859 2.18484 8.724002 8.942844 2.240597 8.679878 8.846599 6.815656 5.505276 7.853212 8.492009 5.773423 8.153076 8.419889 5.998976 7.67017 3.22197 -1.206326 -0.00772 -0.033469 0.193839 0.082346 -0.018179 0.075042 0.079438 0.120029 -0.026965 0.017281 0.038127 -0.014753 -0.007128 0.000298 0.037827 0.009856 -0.032979
2.413459 8.617575 1.181484 5.65007 7.434633 2.492044 2.652742 9.134197 8.46837 8.791375 2.088553 2.361502 2.188296 8.710459 8.92575 2.245804 8.665942 8.830743 6.805711 5.49873 7.840592 8.497413 5.772221 8.143171 8.407213 5.999969 7.670509 3.236611 -1.182942 -0.000186 -0.030501 0.060523 -0.011363 -0.002887 0.002528 -0.012107 -0.030396 -0.007267 -0.017093 -0.005997 0.017416 -0.008841 -0.021917 0.002935 -0.001249 0.023384
2.423668 8.613444 1.229663 5.649343 7.422978 2.503404 2.665152 9.141478 8.46184 8.789883 2.071694 2.358477 2.18 8.715288 8.945813 2.237702 8.671271 8.842147 6.822089 5.500969 7.851325 8.492277 5.772417 8.147753 8.40731 6.002223 7.679995 3.225674 -1.190466 0.010209 -0.004131 0.048179 0.00639 -0.012234 0.02763 0.019368 0.039744 -0.016837 0.020062 0.023577 -0.011153 0.001262 0.012022 0.005038 0.002612 -0.007524
2.424345 8.596929 1.259103 5.651928 7.436143 2.503965 2.665811 9.166949 8.494741 8.826994 2.074974 2.348375 2.174051 8.745137 8.967871 2.230047 8.691365 8.860671 6.816022 5.500639 7.840517 8.489296 5.773525 8.13805 8.401216 5.99894 7.673099 3.227582 -1.160786 0.000677 -0.016515 0.029441 0.000315 0.012493 0.02142 0.030034 0.021541 -0.00913 0.022058 0.017881 0.015929 -0.004443 -0.000127 -0.0094 -0.003625 0.029681
2.425496 8.601663 1.256925 5.649208 7.427806 2.509459 2.672232 9.142371 8.486627 8.800634 2.097697 2.361201 2.187727 8.712134 8.932577 2.246794 8.6597 8.825065 6.819425 5.50383 7.845675 8.490196 5.76906 8.147517 8.407171 5.99501 7.68039 3.223713 -1.173856 0.00115 0.004734 -0.002179 0.003091 0.008636 -0.040164 -0.031463 -0.034696 0.018812 -0.035294 -0.039994 -0.01196 0.000489 -0.00296 0.004727 -0.006505 -0.013071
2.430395 8.586497 1.244398 5.649716 7.432542 2.481178 2.677112 9.112648 8.456552 8.783724 2.073158 2.347431 2.167413 8.6998 8.929062 2.223706 8.64188 8.808275 6.821774 5.497637 7.831544 8.494884 5.773456 8.132734 8.403593 5.994929 7.658243 3.21932 -1.153955 0.0049 -0.015166 -0.012527 -0.015908 -0.013365 -0.026015 -0.012182 -0.009165 -0.022461 -0.003514 -0.014563 0.001339 0.000454 -0.001718 -0.009255 0.00572 0.019901
2.423843 8.593446 1.276841 5.64643 7.424937 2.50473 2.67527 9.049636 8.414382 8.719442 2.072242 2.3395 2.158164 8.644339 8.862199 2.209156 8.598873 8.761584 6.827155 5.498394 7.833346 8.487795 5.767695 8.140864 8.408218 5.997577 7.668374 3.222586 -1.168509 -0.006552 0.006949 0.032443 0.013248 -0.004168 -0.057809 -0.076512 -0.083267 -0.013781 -0.066863 -0.047622 -0.007411 -0.002509 -0.006964 -0.00029 -0.001928 -0.014554
2.417904 8.541655 1.268993 5.648184 7.428021 2.508965 2.66651 8.914385 8.311067 8.624178 2.044665 2.319113 2.154744 8.599188 8.844315 2.203 8.556414 8.737373 6.817454 5.499338 7.847194 8.491846 5.763038 8.149029 8.404379 5.99426 7.686039 3.23028 -1.113634 -0.00594 -0.051791 -0.007847 0.002382 -0.041796 -0.1217 -0.083494 -0.073122 -0.008789 -0.017884 -0.022429 0.003921 -0.002413 0.007252 0.012244 -0.004049 0.054876
2.415951 8.487544 1.275667 5.64685 7.432784 2.499009 2.638351 8.753656 8.233207 8.513703 1.998497 2.290829 2.132268 8.485183 8.713618 2.166274 8.457267 8.630086 6.822429 5.49386 7.847136 8.492731 5.763406 8.148584 8.410283 5.995504 7.675505 3.230899 -1.05476 -0.001952 -0.054111 0.006673 -0.0056 -0.048632 -0.169247 -0.124663 -0.1307 -0.033994 -0.130697 -0.106651 -0.00983 -0.003594 -0.000798 -0.001391 0.004782 0.058873
2.382896 8.352726 1.254233 5.643541 7.433733 2.516154 2.597042 8.566642 8.088281 8.311461 1.937645 2.243146 2.075354 8.288053 8.515724 2.110341 8.282039 8.451247 6.814321 5.491387 7.850301 8.489968 5.76333 8.148186 8.407162 5.997325 7.676784 3.260645 -0.918993 -0.033055 -0.134818 -0.021433 0.009644 -0.053896 -0.177011 -0.208583 -0.197989 -0.055637 -0.197894 -0.169802 0.010626 -0.000798 -0.002379 0.001412 -0.001916 0.135767
2.334341 8.232383 1.274032 5.643245 7.431943 2.524555 2.587097 8.316687 7.874156 8.093732 1.899789 2.210067 2.039874 8.113863 8.354868 2.073748 8.110178 8.267401 6.824938 5.492987 7.853482 8.487298 5.764101 8.148795 8.405844 5.998294 7.682955 3.308904 -0.80044 -0.048555 -0.120344 0.019799 0.004725 -0.025037 -0.255318 -0.201865 -0.199788 -0.023304 -0.160856 -0.198466 -0.005074 0.004318 0.010672 0.000828 0.003138 0.118554
2.316484 8.004208 1.334832 5.645222 7.438367 2.521488 2.5717 8.01156 7.600077 7.787456 1.94855 2.206656 2.013651 7.819862 8.067317 2.057807 7.867378 8.023808 6.816645 5.487341 7.835522 8.492458 5.761881 8.138548 8.407177 5.990689 7.667022 3.328738 -0.565841 -0.017857 -0.228175 0.0608 -0.001725 0.033746 -0.30315 -0.282379 -0.291656 -0.02088 -0.287551 -0.243094 0.005157 -0.007345 -0.0045 -0.008715 -0.0067 0.234599
2.300864 7.76211 1.345644 5.637091 7.423373 2.513108 2.559376 7.759485 7.429354 7.667718 2.140345 2.236482 2.097949 7.644175 7.738954 2.128932 7.636018 7.703036 6.818236 5.486174 7.849966 8.495028 5.757645 8.147357 8.401969 5.991613 7.684945 3.336227 -0.338737 -0.01562 -0.242097 0.010812 -0.004714 0.066252 -0.374276 -0.278196 -0.4615 0.177639 -0.328363 -0.429776 0.007044 0.003585 0.006429 0.008076 -0.002015 0.227104
2.355448 7.451269 1.204488 5.636392 7.432884 2.527245 5.374382 8.099015 7.241971 7.83723 5.530561 5.848266 5.811183 7.789481 8.138872 5.986661 7.66957 7.921264 6.820049 5.488383 7.83723 8.484583 5.762089 8.138872 8.409725 5.986661 7.66957 3.280944 -0.018385 0.054584 -0.310841 -0.141156 0.007952 3.341061 0.50827 0.405909 0.657743 3.629661 0.399918 0.408751 -0.020004 -0.003045 0.007641 -0.017536 -0.001726 0.320352
2.419049 6.263415 1.366764 5.572474 7.534993 2.423628 5.368229 8.091393 7.241857 7.797478 5.539591 5.840877 5.801303 7.74824 8.119419 5.987453 7.598242 7.85189 5.935891 2.357558 6.434004 6.691376 2.336486 6.643506 6.690179 2.336331 6.476893 3.153425 1.271579 0.063601 -1.187854 0.162276 -0.058285 0.014552 0.023503 -0.032396 0.003788 0.000733 -0.019453 -0.062116 -1.069107 -3.057118 -1.128287 -1.57346 -3.6122 1.289964
2.5403 6.228619 1.265912 5.631595 7.438967 2.549101 5.368887 8.104637 7.233278 7.84334 5.520417 5.845979 5.806078 7.799543 8.151584 5.98568 7.680377 7.936088 6.814079 5.484771 7.84334 8.482109 5.753407 8.151584 8.416424 5.98568 7.680377 3.091295 1.210348 0.121251 -0.034795 -0.100852 0.070579 -0.018296 -0.027163 0.039474 -0.006262 -0.009415 0.032166 0.07454 1.068047 3.053374 1.119593 1.580538 3.610758 -0.061231
3.129006 5.852401 1.123218 5.573305 7.502873 2.365802 5.372218 8.099746 7.249729 7.811365 5.547089 5.838004 5.806752 7.749291 8.105839 5.982456 7.591749 7.84089 6.895652 5.483061 7.811365 8.489138 5.765684 8.105839 8.398898 5.982456 7.591749 2.444299 1.650472 0.588706 -0.376219 -0.142694 -0.103106 0.023172 0.024662 -0.036151 0.007029 0.012277 -0.045745 -0.086108 0.004938 0.023172 0.016451 -0.036151 -8.8e-05 0.440124
3.178097 5.721777 1.127005 5.567313 7.509754 2.380476 5.369021 8.103416 7.220867 7.802182 5.53277 5.842307 5.802735 7.748258 8.123438 5.982972 7.601255 7.853599 6.92055 5.47203 7.802182 8.49393 5.758845 8.123438 8.423269 5.982972 7.601255 2.389216 1.787978 0.049091 -0.130624 0.003787 0.008254 -0.005306 0.015848 0.005544 0.004792 -0.006839 0.017598 0.011505 0.007467 -0.005306 -0.028862 0.005544 0.001793 0.137505
3.529853 3.983929 1.107466 5.568642 7.532852 2.392606 5.374514 8.097122 7.222518 7.787229 5.542882 5.847153 5.808616 7.736587 8.112411 5.993842 7.590693 7.845773 4.490076 3.594891 3.783535 3.699346 3.676449 4.062102 4.1304 3.739174 4.209892 2.038789 3.548923 0.351756 -1.737847 -0.019539 0.006823 0.013788 0.002191 -0.012929 -0.003867 0.006037 -0.011026 -0.007072 -3.658102 -1.807696 -3.244399 -4.46411 -2.271012 1.760945
3.541233 4.005421 0.993234 5.635213 7.434539 2.548082 5.364135 8.105758 7.228737 7.828933 5.54118 5.844204 5.817618 7.780379 8.130378 5.98886 7.651353 7.902907 4.375129 3.691102 3.696185 3.545142 3.651901 3.599418 3.551644 3.496761 3.706176 2.09398 3.429119 0.01138 0.021491 -0.114232 0.087455 -0.013673 -0.019996 0.03261 0.005643 0.004341 0.017967 0.048907 0.151048 0.102344 -0.096849 -0.11236 -0.15093 -0.119804
3.594861 3.971438 0.817668 5.6353 7.413881 2.51874 5.367323 8.090369 7.232131 7.834339 5.541872 5.859787 5.821604 7.797199 8.145728 5.996649 7.696047 7.948483 4.234188 3.691887 3.810051 3.763635 3.788098 3.888723 3.88697 3.700608 3.999131 2.040439 3.442443 0.053628 -0.033982 -0.175565 -0.016505 -0.006099 -0.021405 0.008802 -0.004053 -0.002464 0.015349 0.042203 -0.258171 0.005821 -0.041259 0.173423 0.230745 0.013324
3.597928 3.946981 0.660851 5.644464 7.429551 2.531484 5.377865 8.105989 7.209587 7.830688 5.539544 5.861117 5.819476 7.786717 8.14224 5.99211 7.675175 7.938383 6.811569 5.499561 7.830688 8.491445 5.764872 8.14224 8.40952 5.99211 7.675175 2.046537 3.482571 0.003067 -0.024458 -0.156818 0.007168 0.002201 0.014474 0.000141 -0.000208 -0.001886 -0.003487 0.004327 3.776524 1.695749 3.371226 4.431672 2.192196 0.040128
4.143876 2.86321 1.228208 5.564461 7.518627 2.387253 5.375752 8.086748 7.227682 7.800979 5.552055 5.848129 5.809752 7.754937 8.121053 5.987947 7.600849 7.849754 3.395381 4.268931 2.82427 2.99071 4.237198 3.134032 3.187355 4.03868 3.345397 1.420585 4.655417 0.545948 -1.08377 0.567357 -0.08113 0.018785 0.007765 -0.034553 -0.000291 -0.001567 -0.021187 -0.095221 -4.655935 -1.098773 -4.275607 -5.301923 -1.849885 1.172846
4.095471 2.97842 0.920923 5.633765 7.443412 2.521744 5.366815 8.10119 7.232962 7.836797 5.552398 5.859035 5.827213 7.78494 8.137035 5.99965 7.649972 7.902886 3.313724 4.229425 2.896429 2.950568 4.228831 3.229422 3.240844 4.167261 3.372375 1.538294 4.464992 -0.048406 0.11521 -0.307285 0.075651 -0.008001 -0.018648 0.026234 -0.011019 0.012246 0.015982 0.052568 0.097503 -0.002982 0.029151 0.011178 0.08707 -0.190425
4.08145 3.008934 0.739054 5.646991 7.424721 2.529949 5.380145 8.104386 7.211426 7.830848 5.539212 5.863161 5.82238 7.781904 8.135814 5.998936 7.664273 7.927028 3.281594 4.194404 3.101417 3.276472 4.198562 3.352126 3.378838 4.138871 3.369387 1.565541 4.415787 -0.014021 0.030513 -0.181869 0.004615 -0.010644 0.00747 0.006731 0.006241 -0.007833 -0.001221 0.029217 -0.072069 -0.059708 0.044384 0.288678 -0.048568 -0.049205
4.084767 3.057222 0.652065 5.649264 7.419239 2.503994 5.382725 8.101668 7.212719 7.82565 5.542253 5.859625 5.824946 7.772963 8.124898 5.999868 7.659843 7.919245 3.252364 4.156274 3.123854 3.283133 4.185258 3.379703 3.428039 4.092404 3.373974 1.564497 4.362017 0.003317 0.048289 -0.086989 -0.0146 0.003121 -0.002432 -0.007007 -0.00431 0.004143 -0.010916 -0.009938 0.068109 -0.065037 0.006104 0.00548 -0.020531 -0.05377
4.064443 3.094046 0.584734 5.650198 7.415781 2.495491 5.375909 8.115344 7.21115 7.836044 5.541403 5.858743 5.820557 7.783792 8.13094 6.00089 7.673284 7.931265 3.23239 4.147558 3.192785 3.347961 4.147302 3.347087 3.369288 4.056315 3.34998 1.585756 4.321735 -0.020325 0.036824 -0.067331 -0.004783 -0.001826 0.004709 0.006263 -0.008873 -0.001916 0.006042 0.004986 0.02493 -0.026349 0.028386 0.074368 -0.058376 -0.040282
4.041252 3.110419 0.516129 5.649592 7.421451 2.514163 5.381765 8.094128 7.218493 7.824732 5.542958 5.864755 5.825608 7.771273 8.119763 6.002716 7.652223 7.909561 6.815311 5.50446 7.824732 8.460833 5.772759 8.119763 8.382247 6.002716 7.652223 1.608341 4.311033 -0.023191 0.016373 -0.068606 0.010503 0.0034 -0.019255 -0.016503 -0.012359 0.002814 -0.011176 -0.016618 4.512236 1.257685 4.176489 4.903383 1.903193 -0.010702
4.128681 3.012733 1.090272 5.577677 7.547372 2.406886 5.38043 8.064972 7.227491 7.78509 5.562035 5.85942 5.822188 7.740433 8.10054 6.009781 7.5844 7.839328 3.394189 4.286409 3.007424 3.247903 4.183747 3.357157 3.401616 4.058204 3.514422 1.448996 4.534639 0.08743 -0.097685 0.574143 -0.060343 0.031077 0.002842 -0.038239 0.001775 0.003684 -0.019223 -0.068107 -4.375236 -1.092878 -4.150646 -5.060851 -1.866469 0.223606
4.092228 3.136016 0.940842 5.649495 7.438256 2.580317 5.382386 8.04643 7.208108 7.797796 5.533078 5.873187 5.829737 7.769818 8.122474 6.00642 7.660769 7.915367 3.423461 4.17562 3.068901 3.298247 4.14971 3.46371 3.525002 4.090879 3.501052 1.557268 4.30224 -0.036454 0.123283 -0.14943 0.097555 -0.031762 -0.053464 0.011398 -0.021337 -0.005805 0.021934 0.069277 0.189301 -0.113374 0.082194 0.046013 0.006762 -0.232399
4.04443 3.17835 0.682417 5.65561 7.400374 2.521395 5.386753 8.073246 7.207483 7.820181 5.533991 5.87074 5.821052 7.782394 8.133 5.999697 7.667091 7.925174 3.312236 4.215713 3.183945 3.391166 4.096263 3.431168 3.467611 4.057015 3.416557 1.61118 4.222025 -0.047797 0.042334 -0.258425 -0.033144 -0.008127 0.027759 0.026795 0.014074 -0.007562 0.010526 0.013298 -0.103789 0.03149 -0.026327 0.121246 -0.075996 -0.080215
4.069128 3.222741 0.688312 5.650616 7.416756 2.497396 5.38188 8.089992 7.203119 7.821161 5.543771 5.868729 5.825478 7.768065 8.118239 6.006089 7.651745 7.91223 3.365656 4.235775 3.231897 3.447473 4.280002 3.381183 3.457157 4.190559 3.357608 1.581488 4.194015 0.024698 0.044391 0.005895 -0.0135 0.006241 0.019318 -0.000472 0.003403 0.009074 -0.014761 -0.013041 0.178635 0.025737 0.063375 0.04655 0.187384 -0.02801
4.087497 3.286982 0.719044 5.652792 7.420795 2.529546 5.385695 8.099814 7.213033 7.830955 5.53508 5.867586 5.825272 7.785442 8.132815 6.001758 7.674883 7.932814 3.443484 4.241701 3.299032 3.397744 4.223524 3.424773 3.469812 4.071344 3.505299 1.565296 4.133813 0.018369 0.064241 0.030732 0.018084 -0.002132 0.008036 0.013083 0.014383 -0.003466 0.014576 0.018891 -0.120966 0.00428 0.115747 -0.00297 -0.115603 -0.060202
4.092904 3.359182 0.683823 5.649762 7.418922 2.509857 5.382236 8.109184 7.222821 7.836373 5.537936 5.862966 5.819682 7.783106 8.131496 5.999769 7.668567 7.925819 6.819648 5.494817 7.836373 8.478643 5.766574 8.131496 8.390932 5.999769 7.668567 1.556858 4.059739 0.005407 0.072201 -0.035221 -0.011075 -0.00288 0.010896 0.004996 0.00551 -0.002109 -0.00132 -0.005287 4.23462 1.137163 3.919986 4.867573 1.859704 -0.074074
4.339189 3.766533 1.194827 5.555446 7.526717 2.441451 5.374189 8.081505 7.232425 7.790466 5.548829 5.847309 5.808948 7.737865 8.096859 5.997902 7.58502 7.830993 3.998191 4.485999 3.737056 4.11851 4.349633 4.252136 4.344828 4.141 4.324199 1.216257 3.760185 0.246285 0.40735 0.511004 -0.038479 0.022244 0.012387 -0.048203 0.000486 -0.001749 -0.034636 -0.094389 -3.570244 -0.850888 -3.518986 -4.274951 -1.768861 -0.299554
4.261834 3.895659 1.092631 5.635943 7.429959 2.56774 5.366554 8.094219 7.233056 7.835666 5.527998 5.847332 5.815048 7.792544 8.136388 5.989228 7.664753 7.91529 4.107145 4.482447 3.941056 4.310802 4.312391 4.442183 4.500389 4.192243 4.444127 1.374109 3.5343 -0.077355 0.129126 -0.102196 0.071038 -0.026475 -0.023516 0.039707 -0.000358 -0.001146 0.039529 0.07811 0.080882 -0.005745 0.18426 0.194175 0.000352 -0.225884
4.248321 4.077451 1.129711 5.633436 7.419358 2.531902 5.367838 8.083948 7.219 7.827237 5.521514 5.851731 5.811886 7.780823 8.12158 5.992588 7.665792 7.916737 4.335132 4.464916 4.150984 4.530538 4.333208 4.59743 4.753371 4.195279 4.46612 1.385114 3.341907 -0.013512 0.181792 0.03708 -0.020159 -0.001673 -0.023158 -0.011351 -0.023181 -0.009857 -0.014808 0.003082 0.241326 -0.029129 0.190758 0.218304 0.02132 -0.192393
4.215306 4.220068 1.147345 5.63687 7.422931 2.544885 5.371665 8.078585 7.212399 7.825785 5.516496 5.858833 5.813062 7.779913 8.127083 5.994931 7.657807 7.91451 4.42198 4.451995 4.373507 4.780514 4.27009 4.721343 4.895276 4.124068 4.611812 1.421564 3.202863 -0.033015 0.142617 0.017634 0.007303 -0.005175 -0.013851 -0.000936 -0.011285 -0.000398 0.005503 0.003344 0.152089 -0.042824 0.172194 0.235454 -0.072996 -0.139044
4.194587 4.386804 1.178238 5.638237 7.421615 2.551605 5.378071 8.005719 7.188769 7.767882 5.517191 5.867714 5.818084 7.741025 8.093134 5.998936 7.643508 7.904645 4.573069 4.399223 4.63886 5.006035 4.059015 4.95153 5.036988 3.955687 4.87983 1.44365 3.034811 -0.020719 0.166737 0.030893 0.00378 0.009394 -0.054403 -0.056739 -0.039883 -8.2e-05 -0.033948 -0.000933 0.285133 -0.091398 0.21707 0.270175 -0.1978 -0.168053
4.143329 4.62896 1.187392 5.638537 7.389052 2.588432 5.387105 7.89898 7.150307 7.693033 5.506063 5.877943 5.817897 7.702018 8.045747 5.9957 7.634 7.883433 4.714882 4.335489 4.859255 5.098296 4.049362 5.176588 5.174477 3.916 5.151363 1.495208 2.760092 -0.051258 0.242156 0.009154 0.020715 -0.00601 -0.098387 -0.079233 -0.080094 -0.010338 -0.047387 -0.036058 0.262919 -0.007385 0.093369 0.184568 -0.028022 -0.274719
4.08387 4.803192 1.207976 5.640182 7.359992 2.56691 5.395904 7.784034 7.091289 7.615061 5.489921 5.875804 5.797852 7.664485 7.976595 5.966056 7.647877 7.877396 4.698948 4.328215 4.655556 5.084234 4.144603 5.00882 5.103571 4.002205 4.954739 1.556312 2.5568 -0.059459 0.174232 0.020584 -0.012106 -0.01372 -0.118766 -0.099564 -0.120159 -0.034414 -0.069152 -0.033237 -0.087945 0.028821 -0.165443 -0.13017 0.106966 -0.203292
4.042215 4.619582 1.333006 5.624138 7.344801 2.459493 5.34721 7.877343 7.091395 7.646871 5.558318 5.791808 5.764742 7.656332 7.960699 5.874771 7.609416 7.839259 4.605397 4.362628 4.468661 4.909785 4.206662 4.870288 4.969121 4.050237 4.852282 1.581923 2.725219 -0.041655 -0.18361 0.12503 -0.060422 0.005232 0.02231 0.012017 -0.059191 0.00531 -0.015897 -0.100734 -0.19706 0.008467 -0.229189 -0.176426 0.057322 0.168419
4.050886 4.413973 1.470406 5.567172 7.2585 2.291681 5.343295 7.500114 7.035767 7.454488 5.287473 5.754965 5.595283 7.591594 7.772046 5.718333 7.653223 7.80214 4.591787 4.456487 4.354092 4.878719 4.312249 4.748605 4.93487 4.098732 4.575788 1.516286 2.844527 0.008671 -0.205609 0.137399 -0.094394 -0.179603 -0.451336 -0.305333 -0.374457 -0.246241 -0.188653 -0.106696 -0.139905 0.035846 -0.1627 -0.046694 0.059433 0.119308
4.098255 4.233749 1.627607 5.503327 7.248679 2.252802 5.64286 7.594208 7.194444 7.414094 5.159725 5.413242 5.229073 7.191154 7.247658 5.228421 6.937569 7.028981 4.40835 4.522146 4.063244 4.615375 4.457759 4.491322 4.679087 4.186388 4.380395 1.405073 3.01493 0.047369 -0.180224 0.157201 -0.02187 0.055101 -0.080215 -0.229241 -0.347412 -0.333006 -0.524387 -0.757737 -0.280842 0.115517 -0.181708 -0.2928 0.142106 0.170403
4.131299 4.041289 1.77361 5.444391 7.226108 1.892567 5.409868 7.267271 7.163976 7.22748 5.050534 5.468714 5.33067 7.148871 7.119007 5.420272 7.04215 7.062724 4.263186 4.558749 3.942597 4.468899 4.508138 4.351863 4.51308 4.251392 4.283134 1.313092 3.184818 0.033045 -0.19246 0.146003 -0.202632 -0.212346 -0.313501 -0.248618 -0.282217 0.094479 -0.128651 -0.031962 -0.267365 0.034171 -0.118192 -0.139076 0.057602 0.169889
4.15255 3.921593 1.843423 5.421146 7.104103 1.655801 5.453287 7.09323 7.036677 7.076585 5.030401 5.377107 5.25528 7.055427 7.055064 5.308049 6.991655 7.001792 4.143378 4.575239 3.788458 4.361786 4.511375 4.228747 4.433097 4.223082 4.09034 1.268597 3.18251 0.02125 -0.119697 0.069812 -0.133181 0.041167 -0.125918 -0.099998 -0.04503 -0.06353 -0.063943 -0.066888 0.044484 0.025153 -0.148871 -0.141778 -0.019928 -0.002308
4.156571 3.804021 1.886545 5.382652 6.984602 1.325862 4.269333 3.814497 3.456689 3.654681 4.72138 4.185218 4.425308 3.801018 4.09552 4.268808 3.939107 4.120326 4.065365 4.57789 3.654681 4.251624 4.563741 4.09552 4.337477 4.268808 3.939107 1.226081 3.180581 0.004022 -0.117572 0.043123 -0.18559 -0.443911 -3.04366 -3.104122 -2.844238 -0.60186 -2.959544 -2.700089 -0.11182 0.02362 -0.098695 -0.132393 0.042497 -0.001929
4.158924 3.720615 1.889503 4.947893 6.179827 2.312337 4.264575 3.690348 3.375511 3.614847 4.745547 4.186374 4.421476 3.75053 4.0353 4.269946 3.87184 4.052704 3.570749 4.646068 3.702602 4.186589 4.580737 4.04102 4.234734 4.357844 3.848618 0.788969 2.459212 0.002353 -0.083406 0.002958 0.554892 0.010587 -0.161088 -0.059101 -0.077935 0.00832 -0.06022 -0.069844 -0.391135 0.031228 -0.093826 -0.005226 0.058264 -0.721368
4.16056 3.653062 1.887029 5.059568 6.12269 2.164589 4.272502 3.631085 3.322591 3.567594 4.749096 4.187896 4.422569 3.691754 3.987594 4.270632 3.792873 3.986921 3.632924 4.616922 3.674769 4.151613 4.580629 4.042615 4.243648 4.384049 3.849999 0.899008 2.469628 0.001636 -0.067552 -0.002474 -0.083109 0.00544 -0.065033 -0.040664 -0.028299 -0.005144 -0.047706 -0.052158 0.10145 -0.03006 -0.063097 -0.036129 0.026629 0.010416
4.165105 3.602361 1.905273 5.069754 5.986434 2.162404 4.292541 3.635287 3.307237 3.536425 4.746657 4.186417 4.421068 3.655452 3.962232 4.262216 3.754913 3.945743 3.623546 4.627564 3.613755 4.107585 4.603746 4.020004 4.217692 4.403422 3.84457 0.904649 2.384073 0.004545 -0.050701 0.018245 -0.001229 0.004491 0.024032 -0.016041 -0.004348 8.4e-05 -0.025363 -0.041119 -0.046725 0.011236 -0.014472 -0.0472 0.024397 -0.085555
4.316462 3.516743 1.439321 5.048448 5.874301 2.158328 5.009006 5.494016 5.781416 5.776047 4.470545 5.003276 4.770778 6.038955 6.016341 4.836369 6.200438 6.145912 3.609164 4.638072 3.630234 4.157384 4.575806 4.025519 4.218763 4.373135 3.838896 0.731986 2.357558 0.151357 -0.085618 -0.465953 -0.002292 -0.056139 1.655975 1.912493 1.626858 0.04963 2.054109 1.94457 0.023092 -0.001614 -0.003342 0.04146 -0.03321 -0.026515
4.301056 3.511878 1.551085 5.011613 5.77577 2.140181 4.966847 5.403699 5.697333 5.689136 4.42225 4.959925 4.726622 5.943807 5.914105 4.780069 6.099983 6.03376 3.615301 4.657584 3.686492 4.241505 4.553082 4.075751 4.289405 4.321056 3.846019 0.710557 2.263892 -0.015407 -0.004866 0.111765 -0.010208 -0.041641 -0.095193 -0.090054 -0.098017 -0.051898 -0.102236 -0.122574 -0.018215 0.00699 0.026992 0.0703 -0.056263 -0.093666
4.29219 3.540522 1.66474 4.969464 5.699798 2.149921 4.947772 5.33171 5.638149 5.611988 4.382238 4.905928 4.681144 5.852376 5.82269 4.738769 6.014767 5.953196 3.711957 4.653341 3.734188 4.37526 4.532579 4.127876 4.366974 4.284294 3.879386 0.677274 2.159276 -0.008866 0.028644 0.113654 0.005479 -0.045206 -0.080276 -0.085585 -0.083823 -0.039395 -0.091416 -0.067086 0.125349 -0.017232 0.066766 0.09772 -0.034315 -0.104616
4.268851 3.592952 1.735892 4.924314 5.623724 2.158876 4.913055 5.226164 5.524398 5.482682 4.335413 4.855849 4.629264 5.724123 5.690084 4.674663 5.907629 5.850796 3.836108 4.661757 3.86235 4.557042 4.501508 4.28028 4.571375 4.251778 3.983555 0.655463 2.030772 -0.023339 0.05243 0.071152 0.005037 -0.045281 -0.102877 -0.133348 -0.132615 -0.050371 -0.132606 -0.101376 0.124815 -0.001996 0.098858 0.16029 -0.035858 -0.128504
4.249902 3.695756 1.851122 4.881743 5.55199 2.193379 4.892938 5.112147 5.433728 5.37531 4.273717 4.815082 4.574283 5.615717 5.58248 4.625822 5.8199 5.764017 3.9867 4.65078 4.001889 4.77502 4.493586 4.484626 4.816948 4.231618 4.121578 0.631841 1.856234 -0.018949 0.102804 0.115231 0.019408 -0.058487 -0.116091 -0.117844 -0.124304 -0.052446 -0.107604 -0.087228 0.177447 -0.002638 0.123368 0.181127 -0.022498 -0.174538
4.207774 3.828782 1.983787 4.835035 5.484668 2.239159 4.873976 5.003539 5.355301 5.271514 4.230857 4.78791 4.543597 5.511428 5.452701 4.591541 5.719702 5.648322 4.257009 4.616677 4.120704 4.721581 4.483803 4.586283 4.807618 4.23804 4.29959 0.627261 1.655886 -0.042128 0.133026 0.132664 0.025751 -0.023953 -0.114472 -0.128332 -0.146326 -0.036972 -0.129779 -0.133004 0.217203 -0.028337 0.151875 0.060367 0.009261 -0.200347
4.150886 3.98736 2.081241 4.807186 5.395821 2.264692 4.841978 4.932817 5.284364 5.203686 4.181828 4.768201 4.511011 5.447078 5.394297 4.563884 5.650197 5.579172 4.479004 4.467627 4.11756 4.547583 4.400378 4.498673 4.662846 4.255284 4.330038 0.6563 1.408462 -0.056888 0.158578 0.097454 0.014362 -0.036067 -0.06345 -0.058653 -0.051811 -0.044016 -0.058404 -0.074331 0.062713 -0.14185 0.101491 -0.112033 0.005719 -0.247425
4.091532 4.108104 1.712872 4.776372 5.323108 2.276356 4.82409 4.998994 5.323715 5.269946 4.147655 4.780295 4.512784 5.517484 5.480774 4.586129 5.712245 5.661656 4.597417 4.272873 4.215026 4.461412 4.246361 4.535679 4.633965 4.160506 4.515049 0.68484 1.215004 -0.059354 0.120745 -0.368369 0.006561 -0.04751 0.064791 0.079762 0.085012 -0.005881 0.086477 0.10515 -0.011975 -0.223465 0.224464 -0.031171 -0.144579 -0.193458
4.04838 4.225874 1.066081 4.757875 5.36826 2.278294 4.817853 5.07909 5.38871 5.352479 4.145025 4.74842 4.492937 5.59237 5.575774 4.557717 5.776067 5.750804 5.596251 4.517233 5.352479 5.342736 4.320842 5.575774 5.546693 4.557717 5.776067 0.709495 1.142386 -0.043152 0.117769 -0.646791 0.00109 -0.008692 0.097636 0.103405 0.126721 -0.014809 0.095 0.107186 0.735682 0.055279 1.312945 0.986533 0.250064 -0.072618
4.682466 4.087725 1.403066 4.422 4.931909 1.894042 4.35276 5.344635 4.951129 5.232502 4.294284 4.502986 4.515482 5.184883 5.242327 4.511961 5.047123 5.108927 4.714057 4.54578 5.232502 5.285265 4.378175 5.242327 5.229813 4.511961 5.047123 -0.260466 0.844184 0.634086 -0.138149 0.336984 -0.216141 0.111605 0.29377 -0.050682 -0.057471 0.057333 -0.333447 -0.591686 0.141603 0.111605 -0.437581 -0.050682 -0.003799 -0.298202
4.684508 5.367035 1.091698 4.397768 4.922171 1.928027 4.324881 5.400986 4.970443 5.245984 4.309779 4.500121 4.536955 5.158278 5.234587 4.535609 4.9585 5.053506 5.611593 4.552835 5.394791 5.373675 4.32935 5.590306 5.548912 4.566143 5.820861 -0.286739 -0.444864 0.002041 1.279311 -0.311368 0.019116 -0.017858 0.045205 0.026405 0.033771 0.040301 -0.00774 -0.019999 -0.069751 -0.090379 0.478179 0.08564 0.010918 -1.289048
4.727772 5.4761 1.112566 4.348785 5.044323 1.630378 4.219215 5.378945 5.104201 5.270746 4.331317 4.431284 4.49112 5.162476 5.187045 4.524136 4.98189 5.030767 5.623575 4.555635 5.411959 5.393282 4.358601 5.626667 5.591793 4.59655 5.845401 -0.378987 -0.431777 0.043265 0.109065 0.020869 -0.167428 -0.06871 -0.026121 -0.031719 -0.028515 0.005104 -0.047542 -0.020124 0.012252 0.006999 0.006104 0.019978 0.035829 0.013087
4.746402 5.494284 1.153983 4.361952 5.081985 1.399607 4.838848 5.149546 5.437853 5.410895 4.209268 4.805095 4.535449 5.653148 5.624719 4.602578 5.839596 5.785094 5.638772 4.571419 5.410895 5.395021 4.362347 5.624719 5.58736 4.602578 5.839596 -0.38445 -0.412299 0.01863 0.018184 0.041417 -0.129808 0.022771 -0.238675 0.112181 0.104499 -0.061233 0.437675 0.645386 0.043267 0.019582 0.002441 0.001249 0.007184 0.019478
4.737315 5.297453 1.121427 4.404889 4.925114 1.856123 4.865033 5.144638 5.37865 5.340513 4.22748 4.844215 4.566626 5.583917 5.567876 4.625556 5.775711 5.739662 4.791996 4.50735 5.19127 5.278634 4.487357 5.192758 5.233352 4.520239 4.911275 -0.332426 -0.372339 -0.009087 -0.196831 -0.032556 0.25679 0.026175 -0.004671 -0.061784 -0.068988 0.029311 -0.056844 -0.041597 0.101449 0.089235 -0.471037 -0.131924 0.055408 0.03996
4.792283 5.436661 1.124222 4.35135 5.047018 1.512845 4.893428 5.126152 5.419427 5.360894 4.269177 4.874502 4.608105 5.620581 5.594718 4.664715 5.822845 5.781727 5.626063 4.646688 5.360894 5.338624 4.42834 5.594718 5.560158 4.664715 5.822845 -0.440933 -0.389643 0.054968 0.139208 0.002795 -0.193094 0.04705 -0.022515 0.011263 0.012591 0.036682 0.026843 0.051396 -0.062678 -0.01601 0.452612 0.081404 -0.002314 -0.017304
4.840899 5.347276 1.137574 4.417713 4.959274 1.88551 4.958055 5.157962 5.421278 5.354823 4.325247 4.923669 4.661334 5.60438 5.59562 4.729443 5.81833 5.798193 4.826919 4.621249 5.117863 5.232863 4.486773 5.276261 5.272478 4.360211 5.266252 -0.423186 -0.388002 0.048616 -0.089385 0.013352 0.209624 0.044748 0.030739 0.000678 0.012228 0.060164 0.000902 0.033293 -0.244158 0.232286 -0.566798 -0.137222 -0.144238 0.001641
4.891888 5.473393 1.153865 4.401445 5.009499 1.85921 4.976354 5.122211 5.449644 5.381373 4.371772 4.978835 4.718841 5.670387 5.65234 4.769045 5.895566 5.870661 4.826046 4.608668 5.092475 5.128333 4.524129 5.269908 5.243196 4.348296 5.321861 -0.490443 -0.463893 0.05099 0.126117 0.016291 -0.014794 0.059895 -0.034478 0.029691 0.03427 0.044854 0.05672 0.076861 -0.130367 -0.006706 -0.010593 -0.070812 0.012206 -0.075892
4.94641 5.492459 1.150576 4.385136 5.009394 1.933469 5.046132 5.154514 5.505214 5.419228 4.454665 5.051556 4.803753 5.7032 5.669837 4.854085 5.930694 5.906622 4.817272 4.601683 5.009252 5.087039 4.491453 5.260956 5.266577 4.331295 5.383403 -0.561275 -0.483065 0.054522 0.019066 -0.003289 0.04177 0.075727 0.019511 0.014427 0.00252 0.074038 0.017497 0.03243 -0.081591 0.017661 -0.119616 -0.060645 0.015852 -0.019171
5.028056 5.533106 1.128572 4.362775 4.957478 2.125237 5.131171 5.198676 5.549431 5.459289 4.539836 5.137529 4.879533 5.752826 5.71423 4.928224 5.974488 5.936571 4.788579 4.540892 4.992872 5.251237 4.554698 5.329202 5.412528 4.301508 5.371601 -0.665281 -0.575628 0.081646 0.040647 -0.022004 0.107869 0.077506 0.066047 0.029916 0.021524 0.091198 0.044393 0.025485 -0.057879 -0.050316 -0.019042 0.068325 -0.007269 -0.092564
5.101984 5.571662 1.119508 4.289182 4.941646 2.227787 5.194784 5.239762 5.595771 5.522626 4.604331 5.214703 4.950094 5.822556 5.776974 4.996789 6.028033 5.97814 4.845057 4.478826 4.896238 5.190975 4.520701 5.296953 5.382103 4.241434 5.371608 -0.812802 -0.630016 0.073928 0.038556 -0.009064 0.057685 0.055147 0.039062 0.049044 0.034654 0.067249 0.062744 0.03047 0.001826 -0.057316 0.004537 -0.093066 -0.061626 -0.054387
5.16746 5.618231 1.110372 4.212378 4.936231 2.331375 5.274543 5.262682 5.651677 5.580347 4.699636 5.276204 5.029067 5.890533 5.83954 5.067446 6.08722 6.040844 4.906884 4.395919 4.913871 5.119955 4.485683 5.295103 5.331303 4.220255 5.414911 -0.955082 -0.682 0.065476 0.046569 -0.009136 0.058268 0.124491 0.004702 0.050005 0.042543 0.08274 0.062566 0.055482 -0.183537 -0.071426 0.049857 -0.0237 -0.016311 -0.051984
5.231348 5.634596 1.043496 4.130298 4.944941 2.360124 5.370719 5.222026 5.681233 5.554933 4.799838 5.364314 5.115961 5.864252 5.774766 5.118796 6.069708 6.022354 5.007253 4.373143 4.983078 5.100031 4.504456 5.316982 5.348632 4.244129 5.492585 -1.101049 -0.689656 0.063888 0.016366 -0.066876 0.016171 0.111625 -0.057977 -0.071158 -0.097279 0.06923 -0.064774 -0.02709 -0.095733 -0.024727 0.142254 0.016056 0.023511 -0.007656
5.294442 5.55616 1.180626 4.125171 4.953089 2.490815 5.467618 5.110752 5.69011 5.50085 4.862623 5.379357 5.125502 5.812842 5.72625 5.11827 6.039737 5.980064 5.170565 4.389941 5.033661 5.040264 4.535818 5.291143 5.285617 4.292564 5.541137 -1.169271 -0.60307 0.063094 -0.078437 0.13713 0.073513 0.079021 -0.126871 -0.061348 -0.059715 0.030708 -0.048516 -0.050762 0.020276 0.002229 0.108779 -0.015813 0.038981 0.086585
5.331208 5.508612 1.236191 4.145095 4.981019 2.61419 5.53799 5.111224 5.726772 5.559942 4.919766 5.411413 5.156736 5.865059 5.777249 5.138386 6.069644 6.02238 5.299678 4.417098 5.083601 5.012501 4.582777 5.312581 5.278742 4.3604 5.557151 -1.186113 -0.527593 0.036766 -0.047547 0.055565 0.069399 0.080356 -0.024117 0.043543 0.023988 0.041899 0.050999 0.053878 0.040862 0.014814 0.106326 0.008338 0.062878 0.075477
5.351797 5.488756 1.289576 4.185127 5.008525 2.727005 5.56457 5.126511 5.746422 5.589867 4.930735 5.401482 5.166059 5.878393 5.803921 5.147641 6.092566 6.070068 5.38156 4.452207 5.148382 5.080427 4.639102 5.370952 5.337099 4.410158 5.605569 -1.166669 -0.480232 0.020589 -0.019856 0.053385 0.063459 0.048136 -0.002441 0.046218 0.061176 0.018369 0.026672 0.078613 0.049779 0.030246 0.094619 0.063635 0.052036 0.047362
5.361779 5.505267 1.276766 4.227861 5.059704 2.807413 5.545188 5.104708 5.762821 5.629171 4.882128 5.373923 5.137383 5.903479 5.837297 5.139306 6.098903 6.096086 5.45891 4.494676 5.215297 5.152243 4.681909 5.441585 5.409058 4.447387 5.678828 -1.133918 -0.445564 0.009983 0.016511 -0.01281 0.045229 -0.039981 -0.037431 0.044681 0.053738 -0.036748 0.033376 0.052544 0.070407 0.042132 0.068311 0.068974 0.029831 0.034668
5.352824 5.525661 1.256148 4.263664 5.131242 2.875482 5.528597 5.131029 5.765942 5.664315 4.775016 5.360057 5.08691 5.916724 5.878597 5.14066 6.12281 6.144487 5.525561 4.508582 5.269197 5.223299 4.736716 5.498952 5.474588 4.48573 5.731369 -1.08916 -0.394419 -0.008955 0.020393 -0.020618 0.038289 -0.121053 0.024962 0.064353 0.087602 -0.058929 0.0413 0.069979 0.054 0.01386 0.053594 0.056255 0.035429 0.051145
5.32662 5.556422 1.276621 4.290032 5.183464 2.9514 5.485651 5.166007 5.791404 5.690996 4.697073 5.281558 5.021109 5.953192 5.924706 5.083081 6.158063 6.183296 5.571209 4.520842 5.364035 5.318942 4.72313 5.612165 5.593395 4.485647 5.822887 -1.036588 -0.372958 -0.026204 0.030762 0.020473 0.042704 -0.11195 0.035129 0.034807 0.042061 -0.057581 0.046109 0.042837 0.043805 0.020751 0.095407 0.096903 0.002465 0.021461
5.27251 5.59438 1.307761 4.294466 5.254874 3.021437 5.414333 5.122088 5.74202 5.676855 4.602171 5.17518 4.936111 5.950188 5.906953 4.994156 6.160424 6.167513 5.602707 4.498636 5.506679 5.544016 4.72127 5.815558 5.824585 4.453925 5.960904 -0.978044 -0.339507 -0.05411 0.037958 0.03114 0.039395 -0.09231 -0.054601 -0.005986 -0.003411 -0.081709 -0.017754 -0.024046 0.054857 -0.002999 0.068862 0.187516 -0.018992 0.033451
5.195628 5.577061 1.372963 4.275636 5.35428 3.08477 5.326238 5.160851 5.736756 5.691224 4.516869 5.104151 4.864528 5.946295 5.95032 4.955725 6.129125 6.162122 5.642555 4.434566 5.621267 5.627143 4.718982 5.967495 5.972416 4.414066 6.136485 -0.919992 -0.222781 -0.076882 -0.01732 0.065202 0.035625 -0.083955 0.053995 0.039656 0.062809 -0.06976 0.043368 0.014476 -0.004444 -0.03325 0.09786 0.10792 -0.023971 0.116726
5.121966 5.582852 1.432026 4.236087 5.444732 3.021815 5.255862 5.214043 5.732788 5.698919 4.50904 5.043927 4.823059 5.961181 5.970731 4.906091 6.175064 6.211557 5.690972 4.353921 5.766407 5.720266 4.679809 6.021685 5.993512 4.4054 6.135812 -0.885879 -0.13812 -0.073662 0.005791 0.059064 -0.035412 -0.058414 0.083827 0.026234 0.046477 -0.019339 0.020411 0.056111 0.019926 -0.067087 0.129113 0.121935 0.003811 0.084661
5.082732 5.617461 1.47726 4.167208 5.467314 2.958448 5.229414 5.21147 5.750387 5.696005 4.434165 4.967196 4.7539 5.937557 5.923195 4.83405 6.187716 6.21533 5.722832 4.265395 5.701323 5.731113 4.496162 5.974741 5.95986 4.287134 6.144196 -0.915524 -0.150146 -0.039234 0.034609 0.045234 -0.035644 -0.031635 -0.01161 -0.022095 -0.041534 -0.065161 -0.047536 -0.008626 0.044057 -0.101845 -0.016676 -0.038739 -0.155482 -0.012026
5.020999 5.629637 1.54324 4.080185 5.486396 2.921957 5.219486 5.178171 5.719807 5.642248 4.43433 4.946081 4.702698 5.919101 5.884719 4.80234 6.158682 6.169394 5.694237 4.164 5.837711 5.881816 4.363575 6.128305 6.127391 4.139203 6.264388 -0.940813 -0.143241 -0.061734 0.012177 0.06598 -0.020526 -0.023101 -0.031844 -0.072889 -0.086536 -0.054736 -0.038475 -0.073538 0.031743 -0.129803 0.035307 0.14342 -0.144017 0.006905
5.003007 5.598211 1.609532 3.989235 5.574216 2.924428 5.200973 5.135385 5.673746 5.597028 4.411665 4.922016 4.688988 5.901446 5.870706 4.786791 6.143323 6.144387 5.689471 4.15968 5.79422 5.8814 4.319243 6.160321 6.175768 4.104115 6.276423 -1.013772 -0.023996 -0.017992 -0.031426 0.066292 0.00139 -0.036177 -0.043527 -0.039703 -0.038766 -0.005566 -0.014014 -0.033365 0.020282 -0.007082 -0.023954 -0.010583 -0.030694 0.119246
4.98918 5.579747 1.655691 3.953397 5.586916 2.907108 5.200695 5.129624 5.646923 5.579747 4.406843 4.926731 4.679936 5.882667 5.872434 4.792328 6.116762 6.12349 5.715055 4.200744 5.679343 5.728686 4.411675 6.004373 6.021527 4.175881 6.134027 -1.035783 0.007169 -0.013827 -0.018464 0.046159 -0.009743 -0.008615 -0.004976 -0.000818 0.009848 -0.001425 0.001728 -0.012267 -0.005201 0.047705 -0.074271 -0.134605 0.073863 0.031165
4.987844 5.55505 1.687049 3.968281 5.497686 2.921794 5.192944 5.153283 5.631339 5.570781 4.376059 4.93749 4.661228 5.874456 5.851382 4.769629 6.126832 6.119766 5.626339 4.314348 5.598415 5.635635 4.479186 5.898997 5.899 4.188964 6.069706 -1.019564 -0.057364 -0.001335 -0.024697 0.031358 0.008261 -0.048571 0.055032 -0.005511 -0.003547 -0.032856 -0.021052 -0.011258 -0.086839 0.148638 -0.096091 -0.084939 0.027062 -0.064533
4.985954 5.547012 1.723896 4.027787 5.421448 3.056972 5.221572 5.145003 5.694919 5.635183 4.229993 4.95165 4.630567 5.956304 5.891277 4.745587 6.204481 6.172671 5.528259 4.350211 5.537562 5.608587 4.551592 5.895827 5.928591 4.235784 6.026086 -0.958166 -0.125564 -0.001891 -0.008038 0.036847 0.076038 -0.030031 -0.024758 0.026062 -0.002731 -0.077899 0.039895 0.043761 -0.054027 0.012301 -0.065883 -0.050345 0.034875 -0.0682
4.962858 5.595536 1.801168 4.0738 5.377772 3.195325 5.256231 5.216335 5.740973 5.668935 4.186816 4.985503 4.637849 5.98987 5.921577 4.771577 6.250345 6.231704 5.495867 4.383517 5.457901 5.5536 4.575726 5.859329 5.893749 4.276006 5.990809 -0.889058 -0.217764 -0.023096 0.048524 0.077272 0.077823 -0.012692 0.077271 0.018989 0.010579 -0.028451 0.030299 0.066177 -0.057774 0.012797 -0.068996 -0.074679 0.019267 -0.0922
4.980662 5.635254 1.876452 4.114294 5.327148 3.356965 5.323131 5.23597 5.801515 5.688127 4.251008 5.028066 4.656504 5.978318 5.866732 4.784806 6.215863 6.140031 5.464501 4.410369 5.42046 5.511059 4.609902 5.87203 5.932313 4.270592 5.995483 -0.866368 -0.308107 0.017804 0.039719 0.075284 0.090923 0.072155 -0.002041 -0.014526 -0.055237 0.023728 -0.054845 -0.150015 -0.025561 0.024198 -0.043252 -0.043501 -0.006015 -0.090343
5.035695 5.629854 1.936574 4.135068 5.315027 3.395426 5.356378 5.267848 5.757621 5.711915 4.591722 5.095856 4.738929 6.023127 5.963655 4.854187 6.262134 6.190674 5.485237 4.400798 5.366451 5.413027 4.555353 5.757625 5.790724 4.263157 5.929422 -0.900628 -0.314827 0.055033 -0.0054 0.060123 0.021634 0.101021 0.068893 0.087973 0.156371 0.217924 0.096923 0.053168 -0.035292 -0.007969 -0.045336 -0.066012 0.004086 -0.00672
5.115528 5.66311 1.936287 4.114638 5.255865 3.21037 5.381937 5.255933 5.775691 5.714216 4.403707 5.149785 4.808975 6.059664 5.993713 4.930137 6.334121 6.289355 5.436097 4.395931 5.291601 5.324821 4.617992 5.669944 5.710653 4.291053 5.835781 -1.00089 -0.407245 0.079833 0.033256 -0.000288 -0.104094 -0.040328 -0.001148 -0.009428 -0.041943 -0.000776 0.030058 0.11327 -0.024174 -0.029345 -0.048653 -0.08339 0.026161 -0.092418
5.157683 5.694532 1.968205 4.137956 5.199051 3.247238 5.384362 5.296288 5.796719 5.762021 4.448908 5.183918 4.844613 6.117489 6.072454 4.96772 6.329814 6.293607 5.384613 4.456461 5.272564 5.373828 4.691318 5.713671 5.811766 4.32674 5.803415 -1.019727 -0.495481 0.042155 0.031422 0.031918 0.020738 -0.018927 0.043267 0.053827 0.042233 0.034397 0.078742 0.012869 -0.031928 0.071192 -0.043924 0.008405 0.043411 -0.088236
5.186585 5.693533 1.971867 4.187243 5.168116 3.365592 5.388234 5.259573 5.817931 5.762578 4.403685 5.164005 4.817885 6.096044 6.0185 4.945132 6.3168 6.260833 5.374573 4.489684 5.251463 5.351242 4.759972 5.744232 5.8573 4.370856 5.870205 -0.999342 -0.525417 0.028902 -0.001 0.003662 0.066574 0.001231 -0.053324 -0.026774 -0.038091 -0.033404 -0.053954 -0.039201 -0.047635 0.046558 -0.000325 -0.024015 0.053671 -0.029935
5.175663 5.694044 2.021981 4.240815 5.176291 3.470493 5.362673 5.265492 5.826806 5.772344 4.396711 5.135158 4.80257 6.095816 6.010609 4.938881 6.300116 6.231939 5.383866 4.506907 5.253745 5.331271 4.755602 5.797449 5.88847 4.380629 5.938569 -0.934848 -0.517753 -0.010921 0.000511 0.050115 0.059007 -0.004074 -0.001165 0.007347 0.016098 -0.014954 -0.007892 -0.038078 0.045553 0.024427 0.00513 -0.002401 -0.002719 0.007663
5.161362 5.686507 2.085875 4.2479 5.233402 3.526368 5.328378 5.247205 5.778807 5.7333 4.380902 5.070882 4.759801 6.068262 5.99955 4.89346 6.298486 6.251979 5.434279 4.499313 5.327244 5.306685 4.722988 5.774333 5.79285 4.371184 5.985638 -0.913461 -0.453105 -0.014302 -0.007537 0.063894 0.03143 -0.001003 -0.033591 -0.030305 -0.00497 -0.032612 -0.011059 0.044042 0.023142 -0.013228 0.082082 0.027018 0.013798 0.064648
5.140287 5.686419 2.131787 4.211611 5.271877 3.467625 5.287481 5.234677 5.729562 5.677207 4.36983 5.020274 4.709249 5.99063 5.925548 4.845519 6.238184 6.204666 5.515759 4.44357 5.476854 5.485523 4.710994 5.917784 5.938242 4.342555 6.070519 -0.928676 -0.414542 -0.021075 -8.8e-05 0.045912 -0.033043 -0.0055 -0.012268 -0.049278 -0.047954 -0.066424 -0.074002 -0.035052 0.01882 -0.029449 0.085399 0.171316 -0.048566 0.038563
5.117022 5.627634 2.166042 4.184061 5.3212 3.409676 5.258102 5.233539 5.711591 5.642087 4.336709 4.957278 4.6644 5.953079 5.903646 4.798484 6.19813 6.177782 5.629452 4.360303 5.577126 5.641552 4.539003 5.989882 6.002944 4.284529 6.190789 -0.932961 -0.306433 -0.023264 -0.058785 0.034254 -0.032596 -0.086266 0.017262 -0.016797 0.001678 -0.022205 -0.021902 0.004365 0.069365 -0.089398 0.114865 0.113426 -0.088998 0.108109
5.070501 5.605894 2.207788 4.129776 5.41456 3.250569 5.212635 5.208218 5.712935 5.589041 4.366125 4.912605 4.624856 5.931773 5.883984 4.767218 6.191112 6.15795 5.715681 4.250825 5.607674 5.627138 4.408466 5.966583 5.953514 4.199255 6.289955 -0.940725 -0.191333 -0.046521 -0.02174 0.041746 -0.089498 -0.048968 -0.014436 -0.053136 -0.055326 -0.009038 -0.019662 -0.042864 0.075274 -0.105371 0.066621 0.010649 -0.0938 0.1151
5.027704 5.600994 2.18606 4.044186 5.494605 3.22171 5.153315 5.211262 5.698658 5.596389 4.3313 4.854014 4.568523 5.938156 5.888913 4.713912 6.183029 6.132845 5.780281 4.154556 5.724878 5.738006 4.36213 6.097641 6.099376 4.081596 6.327209 -0.983518 -0.106389 -0.042797 -0.0049 -0.021727 -0.016233 -0.046347 0.012472 0.009139 0.003769 -0.043983 0.004929 -0.039347 0.070867 -0.081806 0.099462 0.119108 -0.067184 0.084944
4.965487 5.606285 2.176244 3.956274 5.553741 3.151124 5.115964 5.216668 5.673543 5.573123 4.323641 4.853438 4.560282 5.921451 5.882809 4.693679 6.180569 6.143814 5.83599 3.953667 5.809615 5.78155 4.231596 6.16861 6.161199 4.025135 6.321051 -1.009213 -0.052544 -0.062217 0.005291 -0.009816 -0.039705 0.001906 0.013691 -0.014987 -0.00039 -0.019901 -0.006104 0.019493 0.053366 -0.218771 0.083524 0.064535 -0.062276 0.053844
4.952472 5.597178 2.112296 3.850243 5.579505 3.026121 5.126676 5.266024 5.692303 5.618398 4.362672 4.855451 4.553148 5.943432 5.911677 4.679699 6.192187 6.15854 5.837849 3.903002 5.831766 5.828737 4.166495 6.165659 6.150265 4.002993 6.301163 -1.102229 -0.017673 -0.013016 -0.009108 -0.063948 -0.070314 0.01417 0.050079 0.058765 0.068459 0.014355 0.028868 0.017163 0.041148 -0.10199 0.020069 0.036855 -0.028377 0.034872
4.951095 5.628688 2.078917 3.796127 5.596937 2.897947 5.151537 5.288818 5.727906 5.643778 4.390284 4.906573 4.600312 5.970232 5.932958 4.730455 6.243552 6.219295 5.858924 3.899713 5.594953 5.583134 4.20182 5.877771 5.864282 4.064881 6.143445 -1.154968 -0.031751 -0.001377 0.031511 -0.033379 -0.072098 0.025295 0.039638 0.023007 0.030829 0.03681 0.021281 0.06441 -0.064114 0.007306 -0.132547 -0.257238 0.07158 -0.014079
4.986013 5.663694 2.059337 3.808643 5.455079 2.70138 5.157323 5.406635 5.799763 5.74374 4.497287 4.927372 4.641607 6.058751 6.007717 4.76542 6.321192 6.272153 5.756506 3.811744 5.359186 5.312212 4.11615 5.609248 5.556282 3.970022 5.975776 -1.177371 -0.208615 0.034918 0.035006 -0.01958 -0.11057 0.02783 0.121257 0.089172 0.071675 0.068021 0.074759 0.023419 -0.109953 -0.073137 -0.158498 -0.254107 -0.096596 -0.176864
5.017855 5.751762 2.065412 3.753864 5.292649 2.592914 5.165232 5.665646 5.928776 5.974183 4.652224 5.052388 4.712926 6.234335 6.176767 4.851061 6.441803 6.385342 5.706748 3.767343 5.089457 5.101424 3.987591 5.342564 5.28178 3.931513 5.708072 -1.263992 -0.459114 0.031842 0.088068 0.006074 -0.061012 0.064566 0.246037 0.218726 0.185812 0.09995 0.16905 0.088356 -0.12937 -0.085204 -0.241074 -0.220963 -0.102657 -0.250499
5.067591 5.910066 2.086658 3.686454 5.114351 2.487182 5.169833 5.751461 6.210654 6.077149 4.922927 4.967887 4.810323 6.364321 6.263479 4.925749 6.606796 6.501276 5.608187 3.738242 4.863862 5.060764 3.759753 5.195392 5.257137 3.863713 5.387038 -1.381137 -0.795715 0.049736 0.158304 0.021246 -0.059474 0.236601 0.12446 0.065508 0.124673 0.200775 0.086712 0.148455 0.041035 -0.191912 -0.291069 -0.121336 -0.214299 -0.336602
5.146767 6.106939 2.027418 3.604859 5.05841 2.191526 5.325758 6.19521 6.423103 6.447024 5.067794 5.239847 4.988626 6.557772 6.442692 5.127892 6.540954 6.480581 5.503839 3.589986 4.807547 5.043244 3.62466 5.152661 5.214198 3.673582 5.193996 -1.541908 -1.048529 0.079176 0.196872 -0.05924 -0.166306 0.134167 0.3632 0.312626 0.253891 0.162491 0.179213 -0.010869 0.245155 -0.105082 -0.209856 -0.007533 -0.16989 -0.252814
5.331252 6.296661 1.919904 3.515829 5.018716 1.734403 5.432328 6.594867 6.326475 6.767831 5.406711 5.605087 5.385616 6.883794 6.886051 5.550234 6.932482 6.918368 6.113174 5.086016 6.767831 6.681154 5.451873 6.886051 6.813191 5.550234 6.932482 -1.815423 -1.277945 0.184485 0.189722 -0.107513 -0.257132 0.19058 0.400456 0.470989 0.418454 0.41809 0.443359 0.385474 1.306983 1.592395 1.571523 1.805701 1.992713 -0.229416
5.475987 6.496338 1.848064 2.77901 4.703497 2.182324 5.623377 7.039455 6.346601 6.981738 5.74076 5.641132 5.694671 6.998116 7.027393 5.847388 6.933261 6.933565 6.297126 5.49986 7.312627 7.031291 5.743869 7.205554 7.064007 5.894111 7.314983 -2.696977 -1.792841 0.144735 0.199677 -0.071841 0.251955 0.286241 0.414121 0.297183 0.287237 0.39347 0.141342 -0.037 0.511423 0.315523 0.610285 0.406216 0.268281 -0.514896
5.648606 6.916869 1.249368 2.816816 4.781332 1.776092 2.692444 4.980521 4.860679 4.980329 3.076797 2.898639 2.909265 5.027506 5.032036 2.817388 5.064901 5.070747 6.386204 5.646462 7.148315 7.674054 5.978578 7.37127 7.59182 6.019276 7.010104 -2.83179 -2.135537 0.172619 0.420532 -0.598696 -0.228505 -2.362691 -1.94567 -1.991768 -1.850572 -2.956676 -1.995357 -1.756995 0.226765 0.194484 -0.181913 0.262521 0.214536 -0.342696
5.721104 6.842511 1.223838 2.847168 4.833795 1.426719 2.725715 5.022751 4.840234 4.930678 2.968849 2.818618 2.839323 4.848609 4.882358 2.758237 4.80324 4.841605 6.420213 5.661578 7.200882 7.843544 5.993266 7.615067 7.863873 6.09043 7.240353 -2.873936 -2.008715 0.072498 -0.074359 -0.02553 -0.196522 -0.146784 0.035683 -0.054603 -0.048769 -0.104203 -0.149678 -0.194435 0.132885 -0.027258 -0.042533 0.128055 0.028191 0.126822
5.76498 6.919595 1.274626 2.8183 4.845591 0.809977 5.518881 7.58285 6.93369 7.384716 5.837805 5.960568 6.015115 7.383947 7.738648 6.093684 7.258836 7.516191 6.526946 5.695226 7.384716 8.016915 6.010486 7.738648 7.986208 6.093684 7.258836 -2.94668 -2.074004 0.043876 0.077084 0.050788 -0.346917 2.742285 2.771193 2.726894 2.947865 3.226022 2.85629 2.85868 0.197917 0.036302 0.221376 0.180916 0.016243 -0.065289
5.79933 7.443097 1.343792 2.612429 4.58894 1.830454 5.508921 7.781678 7.179941 7.583565 5.856606 6.030846 6.077234 7.651689 7.958948 6.179354 7.67195 7.881677 4.854403 2.543648 4.859583 4.886425 2.882386 4.9304 4.880843 2.89515 4.808137 -3.186901 -2.854158 0.03435 0.523502 0.069166 0.574018 -0.011104 0.234985 0.166673 0.189038 0.068982 0.2203 0.339569 -2.740802 -3.037926 -2.273425 -2.814859 -3.170123 -0.780154
5.815008 7.340745 1.540291 2.646297 4.693283 1.874546 5.510446 7.75928 7.145979 7.549978 5.845198 6.017368 6.079581 7.622489 7.946726 6.196137 7.616524 7.820321 4.890021 2.651654 4.823652 4.847794 2.982738 4.920991 4.92059 2.93771 4.926874 -3.168712 -2.647462 0.015678 -0.102352 0.196499 0.024801 -0.019972 -0.015395 -0.007644 0.009633 0.012124 -0.012222 -0.047048 0.00202 0.11847 0.073468 -0.072414 0.074269 0.206695
5.807908 7.301425 1.609659 2.69528 4.714115 1.671329 5.505509 7.785097 7.189784 7.581714 5.818489 5.999595 6.069861 7.627301 7.945705 6.1963 7.619233 7.835718 4.881207 2.772194 4.743749 4.759439 2.991731 4.865512 4.884418 2.941734 4.986323 -3.112628 -2.587311 -0.007101 -0.03932 0.069368 -0.11431 -0.032454 0.010091 0.017815 0.004907 -0.014739 -0.001021 0.02991 -0.018146 0.063733 0.114575 -0.122854 -0.017408 0.060152
5.807226 7.280165 1.609958 2.720043 4.800215 1.417616 5.508754 7.772681 7.178422 7.568792 5.80286 6.003321 6.061814 7.622466 7.945577 6.199839 7.609408 7.825072 4.88742 2.681051 4.772553 4.786988 2.734296 4.854693 4.886132 2.808645 4.895535 -3.087182 -2.47995 -0.000682 -0.02126 0.000299 -0.142714 -0.001978 -0.008643 -0.006699 -0.004646 -0.014474 -0.000128 -0.014313 0.058627 -0.171224 -0.041903 0.032251 -0.206075 0.107361
5.807721 7.274759 1.611455 2.797591 4.741541 1.028141 5.504507 7.784434 7.226064 7.584509 5.807061 6.003294 6.066688 7.636957 7.95323 6.203871 7.625172 7.831824 6.805202 5.672641 7.584509 8.214086 6.062959 7.95323 8.216227 6.203871 7.625172 -3.01013 -2.533219 0.000495 -0.005406 0.001497 -0.21908 0.012646 0.009879 0.004236 -0.001761 0.000581 0.007653 0.004971 2.775359 2.974087 2.419657 3.152256 3.450831 -0.053269
5.782934 7.404866 1.317394 3.224132 5.010936 2.299063 5.491074 7.779216 7.136022 7.554655 5.819355 6.006727 6.056991 7.607391 7.930331 6.171472 7.629387 7.84997 6.910401 5.68527 7.554655 8.208593 6.050534 7.930331 8.178009 6.171472 7.629387 -2.558803 -2.39393 -0.024787 0.130106 -0.294061 0.714894 0.021878 0.015321 -0.014317 -0.005493 -0.012426 -0.022899 0.004424 0.01764 0.021878 -0.090042 -0.014317 -0.034721 0.139289
5.796901 7.414325 1.320796 3.528666 4.637774 1.726097 5.50136 7.753193 7.141003 7.544731 5.824181 6.018272 6.062797 7.609468 7.933918 6.177755 7.633716 7.855244 5.191008 3.492263 4.573205 4.875106 3.730495 4.842379 4.959099 3.865709 4.909767 -2.268235 -2.776551 0.013967 0.009459 0.003402 -0.322293 0.007667 -0.03093 -0.010049 -0.005502 0.006173 0.003586 0.006265 -2.760272 -2.145703 -2.210865 -3.17199 -2.345295 -0.382622
5.814751 7.341856 1.545828 3.535519 4.79255 2.441102 5.516488 7.772184 7.135429 7.567489 5.83492 6.02582 6.086034 7.632159 7.949646 6.199039 7.622077 7.826506 5.381387 3.403085 4.953941 5.135338 3.603872 5.169585 5.190765 3.816414 5.030048 -2.279232 -2.549307 0.01785 -0.072469 0.225032 0.40219 -0.020008 0.018836 0.028273 0.026072 0.033638 0.015728 -0.03163 0.07383 -0.099042 -0.294224 0.378112 -0.097155 0.227244
5.817116 7.281902 1.603084 3.504881 4.893013 2.437244 5.518573 7.72633 7.143322 7.513377 5.812328 6.009811 6.067936 7.592279 7.921454 6.202599 7.582296 7.804646 5.400094 3.523082 4.726171 5.045414 3.192648 4.914259 5.008675 3.158927 4.60959 -2.312235 -2.388889 0.002365 -0.059955 0.057256 -0.00217 0.000135 -0.05888 -0.058208 -0.044514 -0.014688 -0.028191 0.015626 0.606351 0.050738 -0.003926 -0.169671 -0.731758 0.160418
5.81167 7.265629 1.607286 3.444196 4.94756 2.073845 5.519087 7.730292 7.204294 7.53942 5.797428 6.013355 6.075419 7.617462 7.937163 6.211776 7.614344 7.824906 5.342777 3.383468 4.620201 4.87895 3.034014 4.690802 4.78815 3.136063 4.567159 -2.367474 -2.318068 -0.005446 -0.016273 0.004202 -0.204412 -0.010172 -0.00631 0.01006 -0.014095 -0.007246 0.015708 0.002945 0.044284 -0.198334 -0.013965 -0.183247 -0.008984 0.07082
5.821022 7.303832 1.616002 3.351737 4.905288 1.774292 5.517839 7.756723 7.17702 7.549704 5.8138 6.020982 6.084475 7.615285 7.931955 6.218293 7.612581 7.826547 5.295368 3.293525 4.667777 5.052297 3.023941 4.8442 4.99593 3.05778 4.60971 -2.469285 -2.398544 0.009353 0.038203 0.008715 -0.168498 0.012105 0.03293 0.016461 0.02003 0.011097 -0.005207 -0.002286 -0.206113 -0.069444 0.003046 0.116445 -0.029399 -0.080476
5.830807 7.29092 1.613846 3.25087 4.878689 1.493546 5.517446 7.732269 7.172468 7.520958 5.810872 6.018602 6.082876 7.595284 7.931445 6.218771 7.594926 7.814365 5.263138 3.29149 4.686122 5.064202 2.999906 4.854921 5.004756 2.991382 4.685372 -2.579937 -2.412231 0.009785 -0.012912 -0.002155 -0.15792 -0.006407 -0.021435 -0.017372 0.002632 0.007288 -0.000511 -0.005868 0.054287 0.036879 0.111943 0.035284 -0.048396 -0.013687
5.822071 7.278693 1.64066 3.200069 4.898017 1.542398 5.522197 7.770849 7.199095 7.572234 5.8121 6.023944 6.083106 7.630205 7.947568 6.218549 7.60949 7.828602 5.195992 3.241118 4.726305 4.969881 2.987939 4.957145 5.032247 2.956129 4.75033 -2.622002 -2.380675 -0.008736 -0.012227 0.026814 0.027479 -0.00368 0.032684 0.03649 0.011758 -0.008085 0.016123 0.015897 -0.149057 -0.065492 -0.118913 -0.021442 -0.021612 0.031556
5.828826 7.287005 1.608056 3.175425 4.843896 1.629749 5.517455 7.792426 7.195321 7.585793 5.808654 6.022936 6.087531 7.64366 7.963552 6.223432 7.61847 7.832627 5.102509 3.090587 4.821269 5.108428 3.199421 5.084867 5.189884 3.348183 4.798915 -2.653401 -2.443109 0.006754 0.008312 -0.032604 0.049135 0.002313 0.013523 0.015001 0.007986 0.005153 0.015985 -0.008771 -0.285308 -0.111951 0.042895 0.10203 0.42827 -0.062434
5.829393 7.305872 1.633364 3.160493 4.814121 1.521102 5.512803 7.755686 7.170303 7.545317 5.791555 6.019089 6.079212 7.614606 7.948604 6.22535 7.615844 7.841412 5.120885 3.043198 4.65522 4.639066 3.094088 4.713972 4.718389 3.211282 4.784216 -2.668899 -2.491752 0.000567 0.018867 0.025308 -0.061114 -0.008029 -0.021597 -0.023597 -0.002689 -0.010703 -0.014949 0.019321 -0.011646 -0.085684 0.065953 -0.357957 -0.181322 -0.048642
5.822793 7.293404 1.668378 3.180245 4.838661 1.40098 5.506356 7.762584 7.188835 7.55619 5.788406 6.018195 6.072029 7.615687 7.946793 6.216023 7.602987 7.826875 5.085936 3.137869 4.645005 4.564883 3.164314 4.659133 4.624705 3.252873 4.79483 -2.642547 -2.454742 -0.0066 -0.012469 0.035014 -0.067568 -0.012741 9.5e-05 -0.001172 -0.006796 -0.004326 -0.001811 -0.01047 -0.021132 0.13796 0.059319 -0.045716 0.04631 0.037009
5.8127 7.260526 1.662467 3.245158 4.821897 0.979448 5.517282 7.770097 7.192292 7.569851 5.797349 6.019207 6.070189 7.628752 7.947507 6.215864 7.60323 7.823009 4.96773 3.230159 4.687813 4.634444 3.186394 4.698959 4.678496 3.219773 4.782183 -2.567542 -2.438629 -0.010093 -0.032878 -0.005911 -0.237112 0.010189 0.00357 0.015217 0.007935 -0.007475 0.000714 -0.012677 0.04393 0.105685 -0.008531 0.061285 -0.024178 0.016113
5.818059 7.261149 1.631884 3.282484 4.793606 0.6474 5.505502 7.778433 7.201205 7.573391 5.790306 6.009444 6.066544 7.637132 7.956912 6.205302 7.613114 7.831867 6.749213 5.666277 7.573391 8.204361 6.057956 7.956912 8.204202 6.205302 7.613114 -2.535575 -2.467543 0.00536 0.000623 -0.030583 -0.186777 0.001106 -0.000882 0.000605 -0.00705 -0.003405 0.009405 0.009096 2.589626 2.416866 2.432451 3.268575 3.046041 -0.028914
5.775069 7.408819 1.298052 3.503429 4.786989 1.931522 5.487983 7.750558 7.125122 7.528629 5.789533 5.999374 6.048152 7.590667 7.913109 6.166247 7.614295 7.837963 5.191132 3.55574 4.835696 4.91791 3.864177 4.952859 5.021588 3.894531 4.980696 -2.27164 -2.621829 -0.04299 0.14767 -0.333832 0.722319 0.018092 0.00414 -0.041738 -0.02952 -0.022092 -0.043803 -0.003 -2.6171 -1.991925 -2.110782 -3.05827 -2.306202 -0.154286
5.804151 7.341 1.541186 3.555631 4.937086 2.375567 5.514059 7.747877 7.118441 7.551782 5.814623 6.026036 6.082241 7.627253 7.948261 6.198159 7.619851 7.831792 5.477965 3.571818 4.972569 5.182207 3.849102 5.225064 5.342562 3.902255 5.151651 -2.248519 -2.403914 0.029082 -0.067818 0.243134 0.249775 -0.016873 -0.007848 0.034733 0.04177 0.046269 0.035152 -0.0102 -0.008292 0.009825 0.10443 0.225306 -0.012453 0.217915
5.815509 7.271655 1.613555 3.52091 5.044295 2.651255 5.531715 7.70586 7.124765 7.503579 5.812872 6.014739 6.07558 7.589623 7.921616 6.208547 7.575387 7.804989 5.610248 3.517246 5.197506 5.420916 3.694505 5.465443 5.514565 3.821778 5.379716 -2.294599 -2.227359 0.011358 -0.069346 0.072368 0.155074 0.007271 -0.047429 -0.051312 -0.044472 -0.004387 -0.026645 0.00322 0.070298 -0.144235 -0.028138 0.280166 -0.114794 0.176555
5.816445 7.23493 1.608484 3.450673 5.124091 2.717187 5.527934 7.715921 7.204751 7.528713 5.8026 6.025898 6.080427 7.61176 7.937564 6.217805 7.597064 7.810917 5.657942 3.492644 5.201061 5.474709 3.09817 5.250938 5.361356 3.040456 4.839393 -2.365772 -2.110839 0.000936 -0.036724 -0.005071 0.037087 0.000899 -0.008633 0.005872 -0.015672 -3e-05 0.015948 -0.007872 0.934876 -0.062808 -0.146934 0.034272 -0.877098 0.11652
5.826978 7.28016 1.611957 3.346184 5.204712 2.201608 5.530418 7.746813 7.197257 7.550189 5.819291 6.028431 6.086957 7.613395 7.930218 6.216759 7.597005 7.811137 5.713001 3.083226 5.212296 5.466325 3.274226 5.602629 5.702666 3.499075 5.760106 -2.480794 -2.075449 0.010533 0.04523 0.003474 -0.290013 0.013525 0.038276 0.022931 0.023293 0.003099 -0.007346 0.000545 -0.77828 -0.456186 0.260164 -0.04536 0.504014 0.035391
5.831617 7.288663 1.595978 3.259295 5.278228 1.84972 5.539141 7.729499 7.189506 7.538145 5.81829 6.034431 6.091281 7.606738 7.922872 6.221187 7.605096 7.815824 5.589379 3.078927 5.256122 5.520407 3.037972 5.524591 5.64736 3.231993 5.565903 -2.572322 -2.010435 0.004638 0.008503 -0.015979 -0.197937 -0.000826 -0.005398 -0.010659 0.004497 0.00516 -0.007346 0.007406 0.432211 0.007401 -0.010356 0.026135 -0.279806 0.065014
5.83724 7.287744 1.592608 3.192116 5.336194 0.890993 5.530781 7.745488 7.173893 7.547153 5.816489 6.040422 6.096743 7.615743 7.945628 6.229537 7.592279 7.803965 6.784751 5.681295 7.547153 8.200031 6.091406 7.945628 8.206143 6.229537 7.592279 -2.645124 -1.95155 0.005624 -0.000919 -0.00337 -0.539283 -0.005723 0.004649 0.020696 0.015774 0.005432 0.022756 -0.025149 1.962531 2.654293 1.904305 2.518274 3.11185 0.058885
5.828744 7.443446 1.309912 2.68868 5.918138 2.476341 5.518088 7.743723 7.158087 7.552018 5.820403 6.027918 6.080379 7.620466 7.933812 6.196063 7.64783 7.866896 6.211945 2.542876 6.141233 6.197723 2.564392 6.467476 6.486597 2.659362 6.699306 -3.140064 -1.525308 -0.008496 0.155702 -0.282696 0.891758 0.026408 0.016541 -0.008267 -0.014787 -0.028723 -0.011816 0.055928 -1.957497 -3.04947 -1.090603 -1.731746 -3.662784 0.426242
5.833359 7.349631 1.543698 2.72433 6.01589 2.745053 5.531356 7.747619 7.124268 7.543647 5.823044 6.038711 6.094177 7.624125 7.950094 6.214397 7.617445 7.827941 6.325576 2.546864 6.301511 6.363466 2.640162 6.551453 6.55004 2.61558 6.740829 -3.10903 -1.333742 0.004615 -0.093815 0.233786 0.151151 -0.022355 -0.002158 0.012854 0.026221 0.027429 0.016282 -0.03659 0.229686 0.04739 0.234089 0.155535 -0.026041 0.191566
5.827613 7.272699 1.621097 2.723207 6.179243 2.349911 5.524472 7.727113 7.152071 7.519936 5.805758 6.016774 6.077123 7.60224 7.930778 6.216974 7.588711 7.817106 6.720635 5.671852 7.519936 8.186164 6.074103 7.930778 8.196794 6.216974 7.588711 -3.104406 -1.093456 -0.005746 -0.076932 0.077399 -0.222268 -0.009952 -0.022562 -0.026975 -0.025301 -0.016009 -0.019316 0.011365 1.755029 2.99618 0.834692 1.553824 3.675626 0.240286
5.808092 7.430375 1.326319 2.163005 7.483293 2.17911 5.509135 7.745038 7.153025 7.542736 5.803943 6.014951 6.063923 7.614334 7.934045 6.182914 7.640829 7.860781 7.395115 2.180142 7.374346 7.366546 2.435487 7.388533 7.421941 2.434695 7.334026 -3.645088 0.052918 -0.019521 0.157676 -0.294778 -0.096075 0.019596 0.025811 0.010037 -0.000579 -0.018828 0.003266 0.023972 0.48052 -3.400622 0.223702 -0.498435 -3.791557 1.146373
5.817142 7.352222 1.54314 2.246815 7.593132 1.182652 5.509387 7.745761 7.129623 7.526675 5.803567 6.017041 6.075273 7.610477 7.948015 6.20471 7.615235 7.834821 6.820444 5.669043 7.526675 8.212878 6.070142 7.948015 8.21654 6.20471 7.615235 -3.570327 0.240909 0.009049 -0.078153 0.216821 -0.560507 -0.017453 0.001782 0.008888 0.027294 0.014867 0.013971 -0.017574 -0.487075 3.402764 -0.24615 0.51736 3.773186 0.187992
5.798106 7.450947 1.335025 2.224333 7.971922 2.418975 5.502942 7.739455 7.14418 7.531899 5.790116 6.007742 6.052898 7.613009 7.931208 6.18032 7.646642 7.869384 7.58512 2.163693 8.12596 8.704958 2.038976 8.449639 8.675923 2.098421 8.228088 -3.573773 0.520975 -0.019036 0.098724 -0.208115 0.695431 0.01002 -0.004506 -0.01117 -0.022473 -0.035733 -0.016807 0.025569 0.731415 -3.510266 0.707482 0.541546 -4.183298 0.280066
5.810196 7.367784 1.551848 2.325819 7.933389 2.260416 5.497025 7.750573 7.154303 7.521922 5.7972 6.009146 6.068742 7.602942 7.936867 6.208502 7.609675 7.829013 7.655047 2.212421 8.22876 8.81428 2.062263 8.45222 8.625901 2.17266 8.163177 -3.484377 0.565605 0.01209 -0.083163 0.216823 -0.089189 -0.010697 0.013511 0.002967 0.018709 0.027492 0.005659 -0.028573 0.249776 0.020251 0.063173 0.112416 0.069779 0.04463
5.813215 7.316943 1.659463 2.381624 8.031609 2.389612 5.526929 7.74391 7.153257 7.54568 5.780311 6.007876 6.062868 7.619192 7.952632 6.20429 7.608024 7.84167 7.719901 2.234912 8.410175 8.953135 2.048436 8.618037 8.810259 2.169348 8.307036 -3.431592 0.714666 0.00302 -0.050841 0.107615 0.072673 -0.024611 -0.039172 0.012751 -0.015146 -0.004293 0.015765 0.021389 0.199059 0.009815 0.116361 0.159916 -0.008255 0.149061
5.810524 7.265643 1.61782 2.396397 8.172771 2.329512 5.51666 7.759992 7.208749 7.565525 5.793632 6.021078 6.074696 7.631904 7.950091 6.212371 7.616447 7.836214 7.831109 2.27217 8.483156 8.966206 2.056136 8.678873 8.870086 2.201183 8.434075 -3.414127 0.907128 -0.002691 -0.051299 -0.041642 -0.033806 0.014954 0.024388 0.008019 0.001412 0.004089 -0.002542 -0.0102 0.104902 0.030745 0.127686 0.035078 0.025722 0.192462
5.815157 7.27533 1.629543 2.419164 8.284466 2.318441 5.530409 7.747146 7.223186 7.569327 5.796653 6.021463 6.080208 7.635983 7.956221 6.212475 7.62551 7.843365 7.933288 2.312551 8.60007 9.104007 2.113873 8.80661 9.00204 2.232688 8.529913 -3.395993 1.009135 0.004632 0.009687 0.011723 -0.006227 -0.003432 -0.015301 1.4e-05 0.001053 0.007709 0.00613 0.005037 0.057171 0.062008 0.07787 0.130063 0.049225 0.102007
5.821025 7.287716 1.607006 2.456512 8.360325 2.345616 5.509248 7.783845 7.213256 7.580904 5.80003 6.018131 6.081638 7.641078 7.96064 6.215118 7.619511 7.833328 7.95346 2.332506 8.665965 9.129662 2.143111 8.858591 9.041743 2.273427 8.619754 -3.364513 1.072608 0.005869 0.012386 -0.022538 0.015286 0.006577 0.042034 0.013884 0.014532 0.002682 0.00442 -0.017868 0.037537 0.022138 0.074114 0.039861 0.046668 0.063473
5.82394 7.302068 1.621993 2.473023 8.394535 2.313524 5.513581 7.746093 7.16692 7.534299 5.790103 6.016624 6.076527 7.602098 7.937013 6.222146 7.607431 7.83214 7.996437 2.330614 8.69704 9.161786 2.165098 8.844751 9.017289 2.301493 8.602347 -3.350917 1.092466 0.002915 0.014352 0.014987 -0.018052 -0.002022 -0.031151 -0.028087 -0.008786 -0.002668 -0.023627 0.010525 0.01752 -0.011275 0.05464 0.037972 0.010528 0.019858
5.820336 7.287635 1.656118 2.491134 8.432834 2.255442 5.522782 7.7692 7.205209 7.573525 5.796847 6.027738 6.083664 7.630984 7.952102 6.225266 7.619013 7.842911 8.029868 2.352359 8.72825 9.203643 2.225743 8.855043 9.004648 2.32179 8.608917 -3.329202 1.1452 -0.003604 -0.014434 0.034125 -0.032671 -0.00229 0.005557 0.019869 -0.006643 0.000824 0.015089 0.011979 0.037159 0.023448 0.031857 0.035993 0.025539 0.052733
5.82819 7.274862 1.639352 2.51097 8.471507 2.170259 5.517509 7.753022 7.200748 7.55078 5.798434 6.022794 6.075778 7.612103 7.941722 6.217405 7.598339 7.819874 8.059167 2.352162 8.725443 9.15625 2.221325 8.834937 8.97881 2.331393 8.594414 -3.317221 1.196645 0.007855 -0.012773 -0.016767 -0.047915 0.004919 -0.001608 -0.015494 0.009249 -0.000371 -0.01038 -0.017852 0.020903 -0.003471 0.032848 -0.02533 0.00491 0.051446
5.821061 7.265826 1.633292 2.51822 8.485012 2.104736 5.537919 7.778382 7.220691 7.587535 5.805779 6.027165 6.077388 7.643074 7.953709 6.212422 7.607969 7.828737 8.089417 2.34317 8.731828 9.200064 2.219162 8.854725 9.001411 2.310947 8.593824 -3.302841 1.219186 -0.007129 -0.009036 -0.006059 -0.036857 0.004234 0.006838 0.026753 0.005608 -0.000303 0.011986 -0.00096 0.000622 -0.018281 -0.000396 0.02528 -0.008792 0.022541
5.821375 7.26515 1.597956 2.510495 8.497461 2.102638 5.523723 7.747005 7.234857 7.561707 5.800429 6.021784 6.08357 7.634306 7.955661 6.215484 7.629824 7.842785 8.0933 2.331569 8.739379 9.211153 2.227745 8.860371 8.992824 2.306405 8.594425 -3.31088 1.232311 0.000314 -0.000676 -0.035337 -0.00118 -0.001838 -0.016624 -0.026786 -0.021283 0.006146 0.001953 0.014483 0.013914 -0.010798 0.007443 0.012463 -0.01484 0.013125
5.823314 7.30224 1.613652 2.506343 8.506118 2.088254 5.516003 7.773191 7.222906 7.576943 5.790553 6.022139 6.082535 7.644655 7.953992 6.222498 7.628192 7.838789 8.100896 2.32766 8.72015 9.178979 2.197522 8.837751 8.994968 2.299902 8.573903 -3.31697 1.203879 0.001939 0.03709 0.015696 -0.008091 -0.006134 0.021626 0.00825 0.004391 -0.006631 -0.001669 -0.007283 -0.000893 -0.003169 0.002033 -0.034606 -0.019843 -0.028433
5.825514 7.308604 1.641099 2.501892 8.50777 2.099881 5.509583 7.757811 7.184283 7.54958 5.780775 6.019143 6.076112 7.615348 7.942329 6.225821 7.621454 7.843451 8.122818 2.322368 8.728461 9.199302 2.182302 8.860331 9.03297 2.28702 8.579079 -3.323622 1.199166 0.002201 0.006365 0.027447 0.00654 -0.002598 -0.009485 -0.004647 0.005977 -0.005022 -0.011663 0.003208 0.00245 -0.003741 -0.003672 0.016938 -0.012632 -0.004713
5.818532 7.299011 1.682669 2.499653 8.51675 2.109337 5.514458 7.743938 7.187455 7.546715 5.780977 6.019816 6.074331 7.622137 7.948478 6.226176 7.62907 7.856948 8.123547 2.312726 8.73717 9.233829 2.16176 8.86839 9.046674 2.278614 8.586752 -3.318879 1.21774 -0.006983 -0.009593 0.04157 0.005319 -0.011922 -0.014359 -0.007595 -0.009966 -0.00375 0.006149 0.029248 0.018569 -0.007782 0.000327 0.022727 -0.007271 0.018574
5.819368 7.289476 1.668317 2.48866 8.526767 2.159333 5.514791 7.757784 7.217931 7.578924 5.788267 6.018249 6.07966 7.641378 7.95777 6.224416 7.637484 7.85646 8.117681 2.319785 8.738209 9.21993 2.189545 8.882189 9.044591 2.288244 8.621937 -3.330708 1.237292 0.000836 -0.009535 -0.014352 0.028123 0.005181 0.00537 0.017897 -0.003925 0.005128 0.009292 -0.013396 0.0067 0.012551 -0.001406 -0.004331 0.019876 0.019552
5.82429 7.306861 1.653389 2.491257 8.528818 2.177358 5.504137 7.749401 7.186413 7.544593 5.771831 6.013852 6.072869 7.614629 7.94556 6.222479 7.621897 7.845973 8.119237 2.328276 8.770319 9.239763 2.186052 8.906651 9.074414 2.30492 8.636432 -3.333032 1.221958 0.004922 0.017385 -0.014929 0.010139 -0.006534 0.001816 -0.015392 0.011058 -0.005 -0.01221 -0.007551 0.032312 0.016481 0.021741 0.02748 0.012619 -0.015334
5.814669 7.29384 1.685835 2.49168 8.547893 2.148296 5.510832 7.750285 7.197676 7.556877 5.782627 6.018316 6.068693 7.628657 7.952998 6.218164 7.625457 7.850346 8.122385 2.334464 8.795003 9.28078 2.180627 8.920297 9.091425 2.300112 8.645033 -3.322988 1.254053 -0.009621 -0.013021 0.032446 -0.016348 -0.00242 -0.011446 0.001191 -0.010818 -0.003738 0.007439 0.008851 0.012434 0.010331 0.021362 0.031616 -0.009022 0.032095
5.81508 7.277784 1.65724 2.494983 8.557858 2.098002 5.52655 7.761095 7.216285 7.576469 5.793457 6.028395 6.08012 7.638773 7.962589 6.21829 7.622758 7.850273 8.155203 2.349818 8.799157 9.280893 2.179876 8.907933 9.081069 2.298552 8.634309 -3.320097 1.280074 0.000412 -0.016056 -0.028595 -0.02829 0.007344 0.006213 0.020788 0.017794 0.010325 0.009591 0.003511 -0.002385 0.020045 -0.00147 0.001283 0.000238 0.026022
5.819241 7.279569 1.637497 2.495614 8.569167 2.093456 5.521587 7.765898 7.222443 7.582731 5.78946 6.022703 6.079567 7.645088 7.96629 6.217976 7.622029 7.841009 8.147271 2.339045 8.768867 9.220929 2.201098 8.862768 9.014682 2.322747 8.622844 -3.323628 1.289598 0.004161 0.001785 -0.019743 -0.002557 0.006072 0.004898 0.004067 0.00111 0.000191 0.003701 -0.019131 -0.0112 -0.025475 -0.01249 -0.046718 0.03081 0.009524
]