08-12-20_Kanksha_4KDepth.white_alligator_above_blue_wall.0000000001 [ 0.149349 -0.001555 0.004951 2.34458 -0.122725 0.0 0.0 0.0 0.0 0.0 0.0 0.0 0.0 0.0 0.0
0.17642 -0.010632 0.004957 2.319081 0.044319 -0.108615 0.393161 0.02416 -0.127174 0.424016 0.027071 -0.009077 5e-06 -0.025499 0.167044
0.168963 -0.030173 0.005342 2.31582 0.015721 0.042852 -0.245999 -0.04564 0.054904 -0.268496 -0.007457 -0.019541 0.000385 -0.003262 -0.028598
0.194934 -0.039713 0.005717 2.324184 -0.125569 0.034246 0.23339 -0.023543 0.03674 0.253689 0.025971 -0.00954 0.000375 0.008364 -0.141289
0.182347 -0.012892 0.005772 2.31942 -0.042881 -0.035679 -0.033582 0.024588 -0.03632 -0.032559 -0.012587 0.026821 5.6e-05 -0.004764 0.082688
0.169265 -0.023673 0.005784 2.320936 0.017521 0.051142 0.027459 0.00392 0.058495 0.028108 -0.013083 -0.010781 1.1e-05 0.001516 0.060402
0.18363 -0.02982 0.005815 2.324729 0.015903 -0.066005 -0.194381 -0.032427 -0.07587 -0.216452 0.014365 -0.006148 3.2e-05 0.003793 -0.001618
0.181021 -0.033457 0.00582 2.318188 -0.046502 0.043014 0.155592 0.028983 0.053254 0.174006 -0.002609 -0.003636 5e-06 -0.00654 -0.062405
0.184861 -0.031391 0.005826 2.330061 -0.00595 -0.004973 0.015009 0.056078 -0.001158 0.009824 0.00384 0.002066 7e-06 0.011873 0.040552
0.180798 -0.053734 0.005842 2.347816 -0.148157 -0.001258 0.058792 -0.006452 -0.006137 0.070789 -0.004063 -0.022344 1.5e-05 0.017755 -0.142208
0.153909 -0.066434 0.005847 2.424015 -0.263023 0.070086 -0.074624 0.036521 0.084636 -0.092103 -0.026889 -0.0127 5e-06 0.076199 -0.114865
0.158736 -0.066886 0.005875 2.466229 -0.56342 -0.094278 -0.015376 0.047202 -0.112851 -0.007998 0.004827 -0.000451 2.8e-05 0.042213 -0.300397
0.151588 -0.059859 0.005876 2.473596 -0.579777 -0.030295 -0.049528 0.031064 -0.039639 -0.04931 -0.007148 0.007026 1e-06 0.007367 -0.016357
0.131347 -0.026253 0.005884 2.493671 -0.607704 -0.125291 -0.048005 -0.013615 -0.155806 -0.041554 -0.020241 0.033606 8e-06 0.020075 -0.027927
0.125518 -0.108564 0.00589 2.464564 -0.325972 -0.126183 -0.031529 0.003105 -0.118011 -0.054826 -0.005829 -0.082311 6e-06 -0.029107 0.281731
0.125912 -0.131647 0.005972 2.395415 -0.201259 -0.194758 -0.194204 -0.04837 -0.22768 -0.186443 0.000394 -0.023083 8.2e-05 -0.069149 0.124714
0.111844 -0.114188 0.006571 2.3879 -0.136535 -0.932139 0.224161 -0.731101 -0.917953 0.246593 -0.014068 0.01746 0.000599 -0.007514 0.064723
0.090314 -0.086229 0.006716 2.434145 -0.238891 0.592382 -0.071331 0.724447 0.584824 -0.093146 -0.02153 0.027958 0.000145 0.046245 -0.102356
0.075809 -0.063677 0.006804 2.419882 -0.197548 -0.805732 0.050966 -0.843835 -0.804162 0.073227 -0.014505 0.022552 8.8e-05 -0.014263 0.041344
0.063195 -0.061755 0.00678 2.41623 -0.325669 0.754672 0.04662 0.471338 0.651149 0.084995 -0.012614 0.001922 -2.4e-05 -0.003652 -0.128121
0.038141 -0.003203 0.006805 2.37877 -0.514882 -0.962917 -0.06575 -0.583859 -0.865248 -0.103703 -0.025054 0.058553 2.5e-05 -0.03746 -0.189213
0.013593 0.011453 0.006701 2.311115 -0.837365 -0.102189 -0.00911 -0.053728 -0.105065 -0.008908 -0.024549 0.014656 -0.000103 -0.067655 -0.322484
-0.005372 0.062427 0.005749 2.222696 -1.146896 -0.100889 -0.008812 -0.052062 -0.10373 -0.008615 -0.018964 0.050974 -0.000953 -0.088419 -0.309531
-0.011732 0.077504 0.003843 2.09718 -1.307794 -0.099581 -0.008517 -0.050413 -0.102387 -0.008325 -0.00636 0.015077 -0.001905 -0.125515 -0.160898
-0.025478 0.070581 0.00087 1.88751 -1.6969 -1.063137 0.206693 -0.09912 -1.031426 0.262434 -0.013745 -0.006923 -0.002973 -0.20967 -0.389106
-0.032035 0.054666 -0.001395 1.872552 -2.02324 0.190626 0.355348 -0.3307 0.132494 0.359646 -0.006557 -0.015914 -0.002266 -0.014958 -0.32634
-0.040934 0.034054 -0.004386 1.801448 -2.265867 0.02458 -0.662041 -0.163535 0.009352 -0.694159 -0.008899 -0.020612 -0.002991 -0.071103 -0.242627
-0.053871 0.005286 -0.005746 1.780889 -2.504282 -0.07335 0.118661 -0.063142 -0.06313 0.130593 -0.012937 -0.028768 -0.00136 -0.02056 -0.238415
-0.070585 -0.031783 -0.008068 1.715472 -2.638218 -0.100971 -0.021399 -0.041312 -0.081943 -0.062019 -0.016714 -0.037068 -0.002322 -0.065417 -0.133936
-0.075165 0.006439 -0.009346 1.665657 -2.658282 -0.057125 0.036425 -0.026949 -0.056358 0.044615 -0.004579 0.038221 -0.001278 -0.049814 -0.020064
-0.069746 -0.006928 -0.010138 1.646613 -2.77387 -0.205834 0.403184 -0.007678 -0.215729 0.438765 0.005419 -0.013366 -0.000792 -0.019044 -0.115588
-0.073021 0.010929 -0.01053 1.653696 -3.099009 -0.189859 0.01371 -0.019606 -0.165091 0.024087 -0.003275 0.017857 -0.000392 0.007083 -0.325139
-0.091106 0.007013 -0.010956 1.611434 -3.202925 0.639017 -0.514489 0.369753 0.612143 -0.566393 -0.018085 -0.003917 -0.000426 -0.042262 -0.103916
-0.08478 -0.002569 -0.011743 1.622342 -3.299613 -0.871914 0.658675 -0.356352 -0.868811 0.690964 0.006326 -0.009582 -0.000787 0.010908 -0.096688
-0.074902 0.001231 -0.011798 1.624804 -3.422228 -0.026388 -0.189001 -0.019163 -0.036908 -0.157355 0.009878 0.0038 -5.5e-05 0.002462 -0.122615
-0.083488 0.036103 -0.011842 1.605537 -3.781329 -0.0909 -0.074509 0.021778 -0.081943 -0.073906 -0.008586 0.034872 -4.4e-05 -0.019267 -0.359101
-0.069436 0.026004 -0.01166 1.663317 -4.15924 -0.172214 -0.123518 -0.045568 -0.138636 -0.13112 0.014052 -0.010099 0.000182 0.05778 -0.377911
-0.066851 0.025101 -0.011297 1.717728 -4.227637 -0.207637 -0.185835 0.03754 -0.215113 -0.198462 0.002585 -0.000903 0.000363 0.054411 -0.068398
-0.063957 -0.003946 -0.009714 1.741225 -4.164796 -0.125588 -0.094707 0.044996 -0.149046 -0.095313 0.002894 -0.029047 0.001583 0.023497 0.062842
-0.051 -0.013449 -0.009403 1.805518 -4.095186 -0.066983 -0.049074 0.06613 -0.07784 -0.036329 0.012957 -0.009503 0.000311 0.064293 0.069609
-0.041502 -0.021571 -0.009104 1.767733 -4.079026 0.022693 -0.012656 -0.004672 0.020965 -0.010449 0.009497 -0.008122 0.000299 -0.037784 0.016161
-0.043591 -0.019668 -0.009237 1.739213 -3.950632 0.025625 -0.061429 0.010481 0.052393 -0.048844 -0.002089 0.001903 -0.000133 -0.02852 0.128394
-0.046132 -0.019469 -0.009355 1.764758 -4.040039 0.022478 -0.164408 -0.022467 0.034899 -0.208801 -0.002542 0.000199 -0.000118 0.025545 -0.089407
-0.043459 -0.002181 -0.00948 1.767601 -4.203973 -0.093744 -0.069924 0.025403 -0.103309 -0.087068 0.002674 0.017288 -0.000125 0.002843 -0.163933
-0.065039 0.01207 -0.010116 1.76763 -3.840994 -0.228439 0.276697 0.204802 -0.237341 0.249885 -0.02158 0.014251 -0.000636 2.8e-05 0.362978
-0.028728 0.010136 -0.010527 1.740182 -3.630365 -0.18482 -0.047347 0.047036 -0.334526 -0.056018 0.036311 -0.001934 -0.000411 -0.027447 0.210629
-0.036822 0.069099 -0.010492 1.54553 -3.034354 -0.035415 0.035484 -0.050133 -0.056879 0.035988 -0.008094 0.058963 3.5e-05 -0.194652 0.596011
-0.04158 0.059139 -0.01042 1.432672 -2.428449 0.02792 -0.026627 -0.06456 0.02339 -0.043467 -0.004758 -0.00996 7.2e-05 -0.112858 0.605905
-0.037103 0.095324 -0.010305 1.241238 -1.732688 0.04288 -0.021189 -0.067433 0.039414 -0.016972 0.004477 0.036184 0.000114 -0.191433 0.695761
-0.069961 0.039306 -0.010115 1.024269 -1.315066 0.046012 -0.007296 -0.054451 0.046819 -0.007022 -0.032857 -0.056017 0.00019 -0.216969 0.417623
-0.065213 0.095898 -0.009729 0.615348 -0.628226 0.052879 0.036212 -0.026598 0.052024 0.043374 0.004748 0.056592 0.000386 -0.408922 0.68684
-0.083774 0.054805 -0.009268 0.509725 -0.887051 0.044151 -0.006546 -0.01704 0.039732 -0.006291 -0.018561 -0.041093 0.000461 -0.105623 -0.258826
-0.064926 0.129147 -0.007379 0.118892 -0.153259 0.036688 0.042124 0.016422 0.033862 0.048776 0.018848 0.074343 0.001889 -0.390833 0.733792
-0.058471 0.126429 -0.007167 0.030534 0.218457 0.103026 -0.115414 -0.007043 0.101118 -0.132984 0.006456 -0.002718 0.000212 -0.088359 0.371717
-0.088539 0.125074 -0.007164 0.193441 0.04049 -0.003187 0.046412 -0.020767 0.005757 0.055517 -0.030069 -0.001356 3e-06 0.162907 -0.177967
-0.087668 0.162683 -0.005855 0.165817 -0.000348 0.14202 -0.058878 -0.021673 0.165482 -0.060714 0.000871 0.037609 0.00131 -0.027624 -0.040838
-0.088532 0.072313 -0.004572 0.335672 -0.075754 0.286849 -0.05146 0.122654 0.429043 -0.071297 -0.000864 -0.09037 0.001283 0.169855 -0.075406
-0.087614 0.026976 -0.003849 0.385347 -0.164363 -0.057504 0.075005 -0.054665 0.007544 0.141479 0.000919 -0.045337 0.000723 0.049675 -0.088609
-0.09268 0.01376 -0.002705 0.357838 -0.136433 0.162203 -0.037739 0.024337 0.11013 -0.056067 -0.005066 -0.013216 0.001144 -0.027509 0.02793
-0.090103 -0.017335 -0.002446 0.275056 -0.224069 0.188548 -0.263041 -0.121428 0.180594 -0.314448 0.002577 -0.031095 0.000259 -0.082782 -0.087636
-0.100553 0.059269 -0.00174 0.260777 -0.349016 -0.334005 0.162162 0.012218 -0.450623 0.193525 -0.01045 0.076604 0.000706 -0.014279 -0.124946
-0.092499 0.128978 -0.002691 0.246738 -0.285327 0.167485 0.003915 -0.012026 0.180632 -0.044193 0.008054 0.069708 -0.000951 -0.014039 0.063689
-0.075467 0.126828 -0.002985 0.22656 -0.233074 -0.303056 0.157399 0.13189 -0.342512 0.18607 0.017033 -0.00215 -0.000294 -0.020178 0.052253
-0.069189 0.137574 -0.003471 0.237192 -0.247739 -0.239471 0.058086 -0.050284 -0.247065 0.075295 0.006278 0.010747 -0.000485 0.010632 -0.014665
-0.101776 0.116492 -0.004017 0.270526 -0.207253 0.022222 -0.060792 -0.042498 0.018908 -0.044485 -0.032587 -0.021082 -0.000546 0.033334 0.040485
-0.082135 0.126756 -0.00398 0.275407 -0.218697 0.710683 -0.129161 -0.252135 0.840879 -0.150319 0.01964 0.010263 3.7e-05 0.004881 -0.011444
-0.075327 0.096353 -0.003799 0.25497 -0.214598 -0.074975 0.120959 0.16472 0.036813 0.14383 0.006808 -0.030402 0.000182 -0.020437 0.004099
-0.077229 0.068463 -0.003859 0.289587 -0.212799 0.091065 -0.270462 0.032566 -0.015976 -0.278577 -0.001901 -0.02789 -6.1e-05 0.034618 0.0018
-0.092426 0.037639 -0.00337 0.224233 -0.292388 0.009105 -0.043944 0.022925 -0.040367 -0.062873 -0.015197 -0.030824 0.000489 -0.065354 -0.079589
-0.094339 0.003379 -0.003417 0.280624 -0.244114 0.002796 0.150302 0.025244 -0.057554 0.185243 -0.001913 -0.03426 -4.7e-05 0.056391 0.048274
-0.088455 0.000539 -0.003444 0.270717 -0.304342 0.045781 0.030645 -0.04815 0.187109 0.051156 0.005885 -0.002841 -2.7e-05 -0.009907 -0.060228
-0.067949 0.007322 -0.003452 0.473581 -0.245178 0.197701 0.078818 -0.149147 0.222331 0.076134 0.020506 0.006783 -8e-06 0.202864 0.059164
-0.063021 -0.027331 -0.003442 0.503556 -0.212902 -1.609381 0.171263 0.077608 -1.714749 0.157372 0.004928 -0.034652 1e-05 0.029975 0.032277
-0.063976 -0.028253 -0.00304 0.052344 -0.364748 0.65085 0.060591 -0.502278 0.69416 0.055254 -0.000954 -0.000922 0.000402 -0.451212 -0.151846
-0.063713 -0.010524 -0.003046 -0.124011 -0.853758 -0.160236 -0.026296 0.013296 -0.118596 -0.013323 0.000263 0.017729 -6e-06 -0.176355 -0.48901
-0.063675 -0.002685 -0.003065 -0.022936 -1.090483 -0.143604 -0.081006 0.053649 -0.154671 -0.103667 3.8e-05 0.007839 -1.9e-05 0.101075 -0.236725
-0.059211 0.062625 -0.002991 -0.023125 -1.371885 -0.321804 0.100841 0.095709 -0.320208 0.122844 0.004464 0.06531 7.4e-05 -0.000189 -0.281402
-0.10353 0.073505 -0.002998 0.011318 -1.488778 -0.12796 -0.042821 0.399866 -0.206215 -0.049974 -0.044319 0.01088 -7e-06 0.034443 -0.116893
-0.132858 0.082952 -0.003143 0.331849 -1.433122 -0.433447 -0.135833 0.030543 -0.213645 -0.16473 -0.029328 0.009447 -0.000145 0.320531 0.055655
-0.041843 -0.054142 -0.003323 0.523944 -1.254251 -0.260385 -0.095282 -0.066096 -0.436196 -0.134793 0.091015 -0.137094 -0.00018 0.192096 0.178871
-0.039368 -0.044346 -0.003326 0.709793 -1.216888 0.653084 0.23928 0.080473 0.608053 0.307546 0.002475 0.009795 -3e-06 0.185848 0.037363
-0.043821 -0.050126 -0.003302 0.903334 -0.999535 -0.035166 0.110444 0.501677 0.121361 0.103022 -0.004452 -0.00578 2.4e-05 0.193541 0.217353
-0.078414 -0.022598 -0.003392 0.822042 -0.982939 0.016844 -0.104482 -0.468355 -0.14011 -0.097169 -0.034593 0.027529 -9e-05 -0.081292 0.016596
-0.061839 0.025382 -0.003846 0.69982 -0.54462 -0.006484 0.003127 0.017623 -0.006617 0.003069 0.016575 0.04798 -0.000453 -0.122222 0.438319
-0.054401 0.027055 -0.003972 0.321571 -0.563299 -0.004689 0.00322 0.018242 -0.004768 0.003159 0.007438 0.001672 -0.000126 -0.378249 -0.018679
-0.056895 0.058056 -0.003999 -0.069704 -0.496464 0.655193 0.438724 -0.715123 0.683214 0.467268 -0.002493 0.031001 -2.7e-05 -0.391275 0.066835
-0.055996 0.043039 -0.003929 -0.22883 -0.612022 -0.061268 0.17436 0.092561 -0.083392 0.196945 0.000898 -0.015016 7e-05 -0.159126 -0.115557
-0.075264 0.041902 -0.004022 -0.103702 -0.685964 -0.375572 -0.608837 0.157244 -0.301214 -0.616024 -0.019268 -0.001137 -9.3e-05 0.125128 -0.073943
-0.094382 0.048654 -0.004109 0.088983 -0.766987 -0.218996 0.009495 0.544133 -0.299017 -0.034719 -0.019118 0.006751 -8.7e-05 0.192685 -0.081023
-0.073916 -0.078729 -0.004217 0.329086 -0.842347 -0.10382 -0.022968 -0.274973 -0.019716 -0.042026 0.020465 -0.127383 -0.000108 0.240103 -0.07536
-0.044686 -0.110342 -0.00424 0.44457 -0.900274 -0.265139 0.055678 0.2185 -0.20404 0.047785 0.029231 -0.031613 -2.3e-05 0.115484 -0.057926
-0.037131 -0.051248 -0.004251 0.565549 -0.934224 0.204729 0.378816 0.118057 0.256148 0.46731 0.007554 0.059094 -1.1e-05 0.12098 -0.03395
-0.042455 -0.043352 -0.004268 0.586156 -0.869366 0.192952 -0.396563 0.025779 -0.002544 -0.458419 -0.005323 0.007896 -1.6e-05 0.020607 0.064858
-0.063138 -0.03127 -0.004276 0.649278 -0.650112 0.65341 0.280511 -0.213969 0.778028 0.331461 -0.020683 0.012082 -8e-06 0.063123 0.219254
-0.054697 -0.007577 -0.004287 0.592273 -0.613199 0.195722 -0.482371 -0.023263 0.092819 -0.524399 0.008441 0.023693 -1.2e-05 -0.057005 0.036914
-0.080533 -0.039078 -0.004063 0.527038 -1.015821 -0.176526 0.299527 -0.038157 -0.100234 0.325325 -0.025836 -0.031501 0.000224 -0.065235 -0.402623
-0.076637 -0.023336 -0.004042 0.656715 -1.196392 -0.095187 0.253941 0.050588 -0.100948 0.248775 0.003896 0.015742 2.1e-05 0.129678 -0.180571
-0.058923 -0.028565 -0.004266 0.822535 -1.413119 -0.499446 -0.331512 0.344378 -0.588996 -0.36151 0.017714 -0.005229 -0.000224 0.16582 -0.216726
-0.092048 -0.045545 -0.004294 1.071814 -1.633956 0.308194 -0.033645 0.043243 0.317874 -0.056753 -0.033125 -0.01698 -2.8e-05 0.249279 -0.220837
-0.083494 -0.028059 -0.004358 1.325084 -1.818407 -0.051937 0.154012 0.095883 -0.093231 0.157956 0.008553 0.017487 -6.3e-05 0.25327 -0.184451
-0.092851 -0.037326 -0.004388 1.64872 -2.262912 0.070355 0.16146 0.099437 0.058495 0.197955 -0.009357 -0.009268 -3e-05 0.323636 -0.444505
-0.09202 -0.0544 -0.004371 1.784754 -2.511328 0.117606 0.004619 0.039077 0.156429 -0.006478 0.000831 -0.017074 1.7e-05 0.136034 -0.248417
-0.079944 -0.025329 -0.004465 2.082348 -3.170807 0.18834 -0.253263 0.010858 0.256101 -0.28154 0.012076 0.029071 -9.4e-05 0.297594 -0.659479
-0.077792 -0.031298 -0.004516 2.161388 -3.1818 -0.150076 0.138431 0.152757 -0.257303 0.1678 0.002152 -0.00597 -5.1e-05 0.07904 -0.010993
-0.073265 -0.024236 -0.004612 2.230313 -3.714848 0.29313 -0.117339 -0.037012 0.39825 -0.120029 0.004527 0.007063 -9.6e-05 0.068925 -0.533048
-0.061592 0.045459 -0.004627 2.178725 -3.681983 -0.183949 0.018472 -0.057397 -0.244116 0.016446 0.011673 0.069695 -1.5e-05 -0.051588 0.032865
-0.057836 0.039566 -0.004569 2.193463 -3.725232 0.268613 0.054887 0.090277 0.39846 0.088687 0.003756 -0.005893 5.8e-05 0.014738 -0.043249
-0.051621 0.036852 -0.004515 2.134943 -3.696952 -0.112305 0.004607 0.011177 -0.198649 -0.012659 0.006215 -0.002714 5.4e-05 -0.05852 0.028279
-0.066802 0.021907 -0.004031 2.166765 -3.627485 -0.208862 -0.025725 0.159801 -0.32565 -0.031554 -0.015181 -0.014946 0.000484 0.031822 0.069467
-0.054314 0.000994 -0.003757 2.136976 -3.667567 0.034796 -0.002798 0.079504 0.03688 0.00761 0.012488 -0.020912 0.000274 -0.029789 -0.040082
-0.054798 -0.008677 -0.002379 2.120054 -3.731313 0.000484 -0.022819 -0.015917 -0.001773 -0.036826 -0.000483 -0.009671 0.001378 -0.016922 -0.063746
-0.041997 -0.025657 -0.002151 2.140492 -3.849778 0.061316 -0.05869 -0.090836 0.081249 -0.061287 0.012801 -0.01698 0.000228 0.020438 -0.118465
-0.047486 -0.035419 -0.002152 2.144487 -3.837044 0.141487 -0.124181 -0.101312 0.175453 -0.125416 -0.005489 -0.009762 -1e-06 0.003995 0.012734
-0.045942 -0.032538 -0.002201 2.10051 -3.731752 -0.164303 0.030084 -0.022331 -0.209766 0.007229 0.001544 0.002881 -4.9e-05 -0.043977 0.105292
-0.045302 -0.020486 -0.002312 1.981995 -3.121486 -0.077929 0.118657 -0.029718 -0.096052 0.118014 0.00064 0.012052 -0.000111 -0.118515 0.610265
-0.043861 -0.01924 -0.002449 1.89216 -2.672605 0.04702 0.112175 -0.10689 0.096007 0.119645 0.001441 0.001246 -0.000136 -0.089835 0.448881
-0.053124 0.015844 -0.002569 1.633409 -2.02231 0.157645 -0.075537 0.202957 0.214931 -0.067507 -0.009263 0.035084 -0.00012 -0.258751 0.650295
-0.007 0.087205 -0.002639 1.506963 -1.484311 -0.441837 0.149546 -0.489234 -0.530078 0.161178 0.046124 0.071362 -7e-05 -0.126446 0.537999
-0.002713 0.079803 -0.002709 1.231262 -1.095991 0.028371 -0.222174 -0.089194 0.063533 -0.250289 0.004287 -0.007402 -7e-05 -0.275702 0.38832
-0.036702 0.032259 -0.003031 0.971539 -0.71968 0.03362 0.002925 -0.063307 0.007755 0.000363 -0.033989 -0.047544 -0.000323 -0.259723 0.376311
-0.026429 0.137993 -0.004459 0.739435 -0.122003 -0.153756 0.158622 -0.146812 -0.173153 0.188339 0.010273 0.105734 -0.001428 -0.232104 0.597677
-0.029413 0.182713 -0.005295 0.657023 0.134653 -0.101167 -0.040859 -0.037466 -0.105537 -0.058176 -0.002984 0.04472 -0.000836 -0.082412 0.256656
-0.076794 0.156171 -0.005465 0.75143 0.177587 -0.095544 0.038836 0.018525 -0.082594 0.037773 -0.047382 -0.026541 -0.000169 0.094407 0.042934
-0.09963 0.142667 -0.00727 0.801461 0.255097 -0.045949 -0.087858 0.135987 -0.053627 -0.078253 -0.022836 -0.013505 -0.001805 0.050031 0.07751
-0.025704 -0.048098 -0.008703 0.9357 0.029527 1.306885 0.035597 0.905248 1.421279 0.032657 0.073926 -0.190765 -0.001433 0.134238 -0.22557
-0.003402 -0.049183 -0.00878 1.496693 0.097892 0.075797 0.00417 0.029063 0.078215 0.004035 0.022302 -0.001085 -7.7e-05 0.560994 0.068365
-0.009028 0.014606 -0.008678 1.968131 0.228192 0.077927 0.004123 0.028972 0.080414 0.003988 -0.005627 0.06379 0.000102 0.471438 0.1303
0.001331 0.0062 -0.007354 2.623954 0.277557 0.080066 0.004073 0.028865 0.08262 0.003937 0.010359 -0.008407 0.001325 0.655823 0.049365
0.008032 -0.060737 -0.005368 3.111579 0.256057 0.082213 0.00402 0.02874 0.084835 0.003883 0.006701 -0.066937 0.001985 0.487625 -0.0215
-0.012211 -0.060007 -0.001285 3.573185 0.288591 0.084368 0.003964 0.028598 0.087059 0.003826 -0.020242 0.00073 0.004083 0.461606 0.032534
-0.007574 -0.105691 0.004504 3.841478 0.163342 0.086531 0.003904 0.02844 0.08929 0.003766 0.004637 -0.045684 0.005789 0.268292 -0.125249
-0.003306 -0.117008 0.007523 4.071449 0.281022 -1.516664 -0.254747 0.785438 -1.420555 -0.227888 0.004268 -0.011317 0.003019 0.229972 0.11768
0.040672 -0.072686 0.007778 4.208653 0.10936 -0.054172 0.196026 0.114682 -0.180838 0.161646 0.043977 0.044322 0.000255 0.137204 -0.171662
0.042484 -0.197624 0.009456 4.282812 0.098841 -0.050603 0.090148 0.106295 -0.116149 0.086699 0.001812 -0.124938 0.001678 0.074159 -0.010518
0.04605 -0.166898 0.009887 4.237022 0.053955 0.105145 0.02012 -0.047806 0.210094 0.019579 0.003567 0.030726 0.000431 -0.04579 -0.044886
0.037848 -0.204309 0.010468 4.203734 0.057211 0.2102 -0.084652 -0.080006 0.285759 -0.089068 -0.008202 -0.037411 0.000582 -0.033288 0.003256
0.038308 -0.193807 0.011445 4.15502 0.084803 0.139285 0.101901 -0.04014 0.105142 0.113981 0.00046 0.010502 0.000977 -0.048715 0.027591
0.032574 -0.173771 0.011753 4.088357 0.027943 -0.077987 0.059806 -0.039986 -0.18675 0.077534 -0.005735 0.020036 0.000308 -0.066663 -0.056859
0.034813 -0.136125 0.013374 3.860095 -0.01388 0.280933 0.346048 -0.074817 0.330546 0.400521 0.002239 0.037646 0.00162 -0.228262 -0.041823
0.026674 -0.148661 0.013611 3.8506 0.023204 1.841283 -0.442753 -0.477615 1.87816 -0.512373 -0.00814 -0.012535 0.000238 -0.009495 0.037084
-0.001038 -0.130185 0.016803 3.766178 0.247672 0.108598 0.003123 0.025927 0.112064 0.002981 -0.027712 0.018476 0.003192 -0.084422 0.224468
0.017062 -0.036768 0.0183 3.595083 0.453148 -0.415983 0.029073 0.2478 -0.362807 0.044735 0.0181 0.093417 0.001497 -0.171095 0.205476
0.029408 -0.014905 0.018342 3.350567 0.158367 0.639939 -0.023119 -0.196995 0.593912 -0.039065 0.012346 0.021863 4.2e-05 -0.244516 -0.294781
0.059036 -0.014907 0.017476 3.064962 0.030016 0.666156 -0.296364 0.404675 0.6698 -0.311554 0.029628 -2e-06 -0.000866 -0.285605 -0.128351
0.077926 -0.020227 0.016868 3.049564 -0.226952 -0.433133 0.301907 -0.355382 -0.429336 0.316813 0.018891 -0.00532 -0.000608 -0.015398 -0.256968
0.083136 -0.06041 0.016116 3.010259 -0.481755 0.119931 0.002609 0.024037 0.123762 0.002466 0.00521 -0.040184 -0.000752 -0.039305 -0.254802
0.098924 -0.062227 0.013845 2.900352 -0.569431 1.47189 -0.08187 0.120223 1.435432 -0.092645 0.015787 -0.001816 -0.002271 -0.109907 -0.087677
0.117522 -0.065741 0.013502 2.898582 -0.62062 0.20749 -0.629942 -0.21477 0.227798 -0.641605 0.018598 -0.003514 -0.000343 -0.001771 -0.051188
0.126092 -0.040044 0.012944 2.697021 -0.435164 0.163432 0.550461 0.386198 0.19362 0.576999 0.00857 0.025697 -0.000558 -0.201561 0.185456
0.13185 -0.012011 0.01283 2.636653 -0.637956 -0.026625 0.116546 -0.112622 0.02419 0.120599 0.005758 0.028033 -0.000114 -0.060368 -0.202792
0.125596 0.008934 0.012471 2.560741 -0.664829 0.086695 -0.052496 0.033489 0.095606 -0.084746 -0.006254 0.020944 -0.000359 -0.075912 -0.026873
0.124652 -0.021712 0.012289 2.462327 -0.500674 0.045946 0.043125 -0.037218 0.043378 0.054147 -0.000944 -0.030646 -0.000183 -0.098414 0.164155
0.148408 0.014764 0.012281 2.394569 -0.38334 -0.008576 0.048348 -0.009274 -0.008904 0.051578 0.023756 0.036476 -8e-06 -0.067757 0.117335
0.152485 0.053503 0.012005 2.403077 -0.28266 0.013417 0.082185 -0.053924 -0.002531 0.095862 0.004076 0.038739 -0.000277 0.008508 0.10068
0.144508 0.025665 0.011955 2.341039 -0.219291 0.025097 -0.05098 0.033853 0.040119 -0.058119 -0.007976 -0.027838 -4.9e-05 -0.062038 0.063369
0.16195 0.035703 0.011835 2.371856 -0.15369 0.013937 0.063941 -0.063341 0.000772 0.068618 0.017442 0.010038 -0.000121 0.030816 0.065601
0.166242 0.071248 0.011682 2.372738 -0.158119 -0.028567 -0.000218 0.013446 -0.01864 0.001654 0.004292 0.035545 -0.000153 0.000882 -0.004429
0.167845 0.088883 0.01156 2.379397 -0.103347 0.030028 -0.033479 0.031826 0.045369 -0.0497 0.001603 0.017635 -0.000123 0.006659 0.054772
0.177679 0.05979 0.011563 2.382914 -0.163965 -0.052505 0.075823 -0.040488 -0.064613 0.098984 0.009834 -0.029093 3e-06 0.003517 -0.060618
0.181389 0.044163 0.011559 2.362098 -0.107771 0.035332 -0.047098 -0.009778 0.033616 -0.06218 0.00371 -0.015627 -4e-06 -0.020816 0.056194
0.181684 0.044905 0.011393 2.370327 -0.121325 -0.014671 0.046073 0.015397 -0.012411 0.056061 0.000295 0.000742 -0.000165 0.008228 -0.013554
0.186504 0.029932 0.01133 2.347318 -0.03333 0.028905 -0.036244 -0.031075 0.023841 -0.041333 0.00482 -0.014973 -6.4e-05 -0.023009 0.087996
0.191648 0.029959 0.011267 2.355413 -0.070166 0.030552 -0.086447 0.057666 0.048071 -0.106251 0.005144 2.7e-05 -6.3e-05 0.008096 -0.036836
0.196785 0.039942 0.011115 2.366443 -0.112872 -0.018689 0.042941 -0.006579 -0.019985 0.049862 0.005136 0.009983 -0.000152 0.01103 -0.042706
0.194991 0.008745 0.011005 2.389991 -0.147539 -0.021307 0.025555 -0.028752 -0.029318 0.038521 -0.001794 -0.031197 -0.00011 0.023548 -0.034667
]