08-11-20_Linda_4KDepth.blue_monkey_above_grey_box.0000000002 [ 0.005395 0.010807 0.007031 1.760138 0.487875 0.0 0.0 0.0 0.0 0.0 0.0 0.0 0.0 0.0 0.0
0.026228 0.005189 0.006206 1.719067 0.362561 -0.141656 0.070482 -0.024708 -0.122292 0.071494 0.020833 -0.005617 -0.000826 -0.041071 -0.125315
0.026335 0.00359 0.005691 1.727587 0.338953 -0.04871 0.093257 -0.06272 -0.065986 0.110434 0.000107 -0.001599 -0.000515 0.00852 -0.023608
0.030748 0.001403 0.00527 1.72655 0.341644 -0.032033 -0.001438 0.011446 -0.034764 -0.004961 0.004413 -0.002187 -0.000421 -0.001037 0.002691
0.033224 -0.000913 0.004799 1.72359 0.331261 -0.000412 0.067632 -0.039688 -0.014862 0.073159 0.002475 -0.002316 -0.00047 -0.002959 -0.010383
0.041762 0.003768 0.004637 1.718875 0.338112 0.015631 -0.065431 0.028141 0.028691 -0.077785 0.008539 0.00468 -0.000162 -0.004715 0.00685
0.040762 -0.004431 0.004429 1.708253 0.333969 0.018431 0.050003 -0.014603 0.004864 0.053511 -0.001001 -0.008198 -0.000208 -0.010622 -0.004143
0.033088 -0.001391 0.004411 1.704982 0.358804 0.007848 -0.106136 0.003042 0.011271 -0.114927 -0.007674 0.00304 -1.8e-05 -0.003271 0.024835
0.03321 0.000954 0.004403 1.704225 0.365885 -0.027762 0.021505 0.018414 -0.031058 0.024979 0.000122 0.002344 -8e-06 -0.000756 0.007081
0.031482 0.004554 0.004372 1.706087 0.352262 -0.077878 -0.019287 0.075107 -0.114977 -0.016167 -0.001727 0.003601 -3.1e-05 0.001862 -0.013623
0.031515 0.008001 0.004339 1.687946 0.303739 -0.132193 -0.003709 -0.010405 -0.12491 -0.014763 3.2e-05 0.003447 -3.3e-05 -0.018141 -0.048524
0.02951 0.006165 0.004336 1.677495 0.207322 -1.643004 0.026765 -0.432053 -1.670663 0.049913 -0.002005 -0.001836 -3e-06 -0.010451 -0.096417
0.033308 0.009652 0.00432 1.650322 -0.038685 -0.039555 -0.001495 -0.010208 -0.041762 -0.001212 0.003799 0.003487 -1.5e-05 -0.027173 -0.246006
0.036024 0.021876 0.004061 1.629021 -0.282132 -0.039012 -0.001536 -0.010562 -0.041172 -0.001259 0.002716 0.012224 -0.000259 -0.021301 -0.243447
0.03854 0.039615 0.00311 1.531602 -0.720362 -0.038467 -0.001575 -0.010905 -0.040579 -0.001305 0.002517 0.017739 -0.000951 -0.09742 -0.43823
0.047963 0.039169 0.002561 1.475799 -1.048077 -0.037921 -0.001613 -0.011238 -0.039985 -0.00135 0.009422 -0.000446 -0.000549 -0.055803 -0.327715
0.053669 0.054766 0.001352 1.331545 -0.84356 -0.037373 -0.001651 -0.011561 -0.03939 -0.001393 0.005706 0.015597 -0.001209 -0.144253 0.204517
0.064269 0.042017 0.000394 1.285251 -1.844038 -1.581649 0.122446 -0.35174 -1.562223 0.160454 0.0106 -0.012748 -0.000958 -0.046294 -1.000478
0.06849 0.010187 -0.000335 1.268668 -2.103568 -0.200613 -0.188108 -0.179074 -0.186585 -0.200985 0.004222 -0.03183 -0.000729 -0.016584 -0.259531
0.063807 -0.001791 -0.000853 1.2556 -2.380819 -0.189854 0.028703 -0.104809 -0.3437 0.009566 -0.004683 -0.011978 -0.000518 -0.013068 -0.27725
0.054099 -0.005976 -0.000903 1.249636 -2.406431 -0.133932 0.203197 0.088892 -0.112095 0.230037 -0.009708 -0.004185 -5e-05 -0.005963 -0.025612
0.055371 0.000678 -0.000949 1.250378 -2.432838 -0.25324 0.0175 0.096607 -0.238295 0.026419 0.001272 0.006653 -4.7e-05 0.000742 -0.026408
0.052621 0.005467 -0.001091 1.250463 -2.471005 -0.024023 0.056009 0.00708 -0.037486 0.044931 -0.00275 0.004789 -0.000142 8.4e-05 -0.038167
0.050726 0.004334 -0.0012 1.234158 -2.513365 0.176797 -0.057745 0.150992 0.223503 -0.061894 -0.001895 -0.001132 -0.000109 -0.016305 -0.04236
0.045162 0.012592 -0.001299 1.22785 -2.523954 0.11427 -0.463421 -0.092208 0.152325 -0.496318 -0.005565 0.008258 -9.9e-05 -0.006307 -0.010589
0.042586 0.021399 -0.001401 1.196425 -2.567802 -0.128252 0.09317 -0.138371 -0.175819 0.099993 -0.002576 0.008808 -0.000101 -0.031425 -0.043848
0.038928 0.024131 -0.001466 1.17168 -2.576842 -0.23426 0.094424 -0.142177 -0.131116 0.131266 -0.003659 0.002731 -6.5e-05 -0.024745 -0.009039
0.040056 0.037987 -0.001503 1.146605 -2.596818 0.006692 0.283589 0.146174 -0.118038 0.256713 0.001128 0.013857 -3.8e-05 -0.025075 -0.019976
0.03847 0.051763 -0.001536 1.118457 -2.599309 0.10664 -0.498375 -0.064085 0.055043 -0.552567 -0.001586 0.013775 -3.2e-05 -0.028148 -0.002491
0.033611 0.052109 -0.001646 1.111106 -2.585534 -0.036224 0.160403 -0.054533 -0.021676 0.200064 -0.004859 0.000346 -0.00011 -0.007351 0.013775
0.032715 0.057997 -0.001769 1.116404 -2.580062 -0.003901 0.1041 -0.020638 -0.010396 0.101879 -0.000896 0.005888 -0.000123 0.005298 0.005472
0.029844 0.060179 -0.001784 1.114025 -2.556296 0.019433 0.225776 0.077004 0.04246 0.257551 -0.002871 0.002183 -1.5e-05 -0.002379 0.023766
0.027976 0.060214 -0.001847 1.117065 -2.535064 -0.010467 0.033848 0.013322 -0.003095 0.032632 -0.001868 3.5e-05 -6.3e-05 0.00304 0.021231
0.02787 0.059736 -0.001898 1.109422 -2.526744 0.079818 -0.177483 0.012979 0.135513 -0.17261 -0.000106 -0.000478 -5.1e-05 -0.007643 0.00832
0.026901 0.059903 -0.001899 1.086008 -2.520068 -0.024485 -0.050543 -0.182419 -0.070238 -0.047758 -0.00097 0.000167 -1e-06 -0.023414 0.006676
0.025228 0.056071 -0.00191 1.025784 -2.53031 -0.026764 -0.116192 0.050042 -0.043901 -0.150985 -0.001673 -0.003832 -1.1e-05 -0.060224 -0.010242
0.022384 0.051859 -0.001966 1.007685 -2.504461 0.093725 0.017271 0.043501 0.091453 0.014101 -0.002844 -0.004212 -5.6e-05 -0.018099 0.025849
0.022187 0.047845 -0.002053 0.996972 -2.483549 -0.064517 0.057083 0.01756 -0.082665 0.059013 -0.000198 -0.004014 -8.6e-05 -0.010713 0.020912
0.017309 0.034307 -0.002091 1.011453 -2.445197 0.0752 -0.043061 -0.011349 0.070202 -0.043023 -0.004877 -0.013538 -3.9e-05 0.014481 0.038352
0.01659 0.009958 -0.002263 1.064115 -2.302538 0.381756 0.026952 -0.068923 0.514692 0.03116 -0.000719 -0.024348 -0.000172 0.052663 0.142659
0.023917 0.006939 -0.002297 1.155494 -2.132685 1.129973 0.022338 0.359379 1.089327 0.026563 0.007327 -0.00302 -3.4e-05 0.091379 0.169854
0.014438 0.006474 -0.002424 1.281352 -1.891751 -0.650244 0.328573 -0.222482 -0.612167 0.340628 -0.009479 -0.000464 -0.000127 0.125858 0.240933
0.012717 -0.017056 -0.002567 1.416052 -1.389014 0.604658 -0.333076 0.190041 0.564771 -0.344928 -0.001721 -0.02353 -0.000143 0.1347 0.502738
0.005569 -0.029579 -0.0026 1.449562 -0.81951 -0.021899 -0.002266 -0.016283 -0.022744 -0.002173 -0.007148 -0.012523 -3.3e-05 0.033509 0.569503
0.004429 -0.013212 -0.002635 1.56556 -0.644436 -0.021301 -0.002274 -0.01631 -0.022107 -0.002187 -0.001141 0.016367 -3.5e-05 0.115998 0.175074
0.00099 -0.001454 -0.002274 1.872628 -0.44467 -0.020701 -0.002282 -0.016327 -0.021468 -0.0022 -0.003439 0.011758 0.000361 0.307068 0.199767
-0.01442 0.010681 -0.001858 2.056481 -0.302752 1.842632 -0.126806 0.579985 1.889833 -0.127041 -0.01541 0.012134 0.000416 0.183853 0.141917
-0.014011 0.014905 -0.000981 2.22798 -0.133227 0.116901 -0.048024 -0.04907 0.178329 -0.063478 0.000409 0.004224 0.000877 0.171498 0.169525
-0.008389 0.00833 -0.000405 2.407265 0.020874 0.143356 -0.147929 0.011488 0.0916 -0.171669 0.005622 -0.006575 0.000576 0.179285 0.154101
-0.018323 0.011438 -0.000181 2.456054 0.134233 0.115007 0.025792 0.019172 0.060212 0.043784 -0.009934 0.003108 0.000224 0.048789 0.113358
-0.018229 0.001367 -9.7e-05 2.427293 0.095193 -2.312343 0.285485 -0.64309 -2.317675 0.307246 9.4e-05 -0.010071 8.4e-05 -0.02876 -0.039039
-0.011597 0.011975 -9.5e-05 2.289203 0.117054 -0.017065 -0.002303 -0.016205 -0.017602 -0.002256 0.006632 0.010608 1e-06 -0.13809 0.021861
-0.011243 0.013271 -7.4e-05 2.15608 0.011744 1.521505 -0.185554 0.329875 1.499558 -0.179726 0.000354 0.001297 2.1e-05 -0.133123 -0.105309
-0.007154 0.018935 -4.6e-05 2.111768 0.128203 -0.070711 -0.093886 -0.109937 -0.059342 -0.127734 0.004089 0.005663 2.8e-05 -0.044312 0.116459
-0.012742 0.017976 3.5e-05 2.123995 0.155103 -1.498308 0.272534 -0.268169 -1.489117 0.300663 -0.005588 -0.000958 8.1e-05 0.012226 0.0269
-0.01359 0.01113 0.000112 2.175838 0.239363 1.644571 -0.147569 0.416042 1.636427 -0.159851 -0.000848 -0.006846 7.7e-05 0.051844 0.08426
-0.016496 0.012077 0.000289 2.252332 0.139062 0.285434 -0.135729 0.184782 0.430999 -0.160267 -0.002906 0.000947 0.000176 0.076494 -0.100301
-0.018051 0.012984 0.000348 2.272989 0.275293 0.285939 0.070561 -0.152392 0.171148 0.076771 -0.001554 0.000907 5.9e-05 0.020657 0.136231
-0.015009 0.021387 0.000359 2.274724 0.326675 -2.270639 0.203578 -0.51145 -2.294612 0.234255 0.003042 0.008404 1.1e-05 0.001735 0.051382
-0.015685 0.02268 0.000394 2.181756 0.150027 -0.012116 -0.002274 -0.015454 -0.012363 -0.002271 -0.000677 0.001293 3.5e-05 -0.092967 -0.176647
-0.018197 0.026596 0.000443 2.053241 0.155783 -0.01149 -0.002266 -0.015312 -0.011701 -0.002268 -0.002512 0.003916 4.9e-05 -0.128516 0.005756
-0.014244 0.0182 0.0006 2.028018 0.089979 1.23432 -0.336108 0.365926 1.254523 -0.35847 0.003953 -0.008396 0.000157 -0.025223 -0.065804
-0.017457 0.011447 0.00064 2.077096 0.035003 -1.255412 0.331606 -0.396084 -1.275935 0.353947 -0.003213 -0.006753 4.1e-05 0.049078 -0.054976
-0.016946 -0.002373 0.000817 2.083577 -0.001287 -0.009599 -0.002234 -0.014825 -0.009708 -0.002253 0.000511 -0.01382 0.000177 0.006481 -0.036291
-0.01676 -0.003385 0.001078 2.145119 0.026829 1.58352 0.214134 0.488944 1.562855 0.213288 0.000185 -0.001012 0.000262 0.061541 0.028117
-0.017065 -0.013268 0.001187 2.241395 0.098587 0.133322 -0.001392 -0.010947 0.118338 -0.003216 -0.000305 -0.009883 0.000108 0.096276 0.071757
-0.023846 -0.012554 0.001223 2.229984 0.222953 0.168718 -0.023734 -0.023047 0.184344 -0.013813 -0.006781 0.000714 3.7e-05 -0.011411 0.124366
-0.009766 -0.012416 0.001293 2.226328 0.192065 0.117048 -0.040035 0.063592 0.175189 -0.03435 0.01408 0.000138 7e-05 -0.003657 -0.030888
-0.009937 -0.01321 0.001351 2.211177 0.208654 -0.062482 0.198773 0.0784 -0.039604 0.20683 -0.000172 -0.000794 5.8e-05 -0.015151 0.016589
-0.010001 -0.016443 0.001226 1.977098 0.129777 -1.98435 -0.360853 -0.681665 -2.045293 -0.382069 -6.3e-05 -0.003233 -0.000125 -0.234079 -0.078877
-0.005553 -0.024298 0.000954 1.79654 -0.009 1.565747 0.216917 0.501896 1.527347 0.246768 0.004448 -0.007855 -0.000272 -0.180558 -0.138777
-0.004506 -0.030499 -0.000343 1.563683 -0.236023 -1.125659 0.000248 -0.400612 -1.024171 -0.003216 0.001047 -0.0062 -0.001297 -0.232857 -0.227023
-0.006127 -0.035232 -0.001955 1.309502 -0.38223 -0.12961 0.257257 -0.270578 -0.169004 0.274502 -0.001621 -0.004734 -0.001611 -0.254182 -0.146207
-0.010795 -0.03229 -0.002685 0.918902 -0.399177 -0.327095 -0.482799 0.117609 -0.350107 -0.526686 -0.004668 0.002942 -0.000731 -0.390599 -0.016947
-0.010923 -0.037126 -0.003171 0.68951 -0.433701 -0.00253 -0.00204 -0.012225 -0.002281 -0.002116 -0.000128 -0.004836 -0.000486 -0.229392 -0.034524
-0.017278 -0.034456 -0.003243 0.635157 -0.433725 -0.001877 -0.002016 -0.011926 -0.001597 -0.002097 -0.006355 0.00267 -7.2e-05 -0.054353 -2.3e-05
-0.010108 -0.040076 -0.003297 0.481896 -0.438169 -0.001221 -0.001991 -0.011615 -0.000911 -0.002078 0.007169 -0.00562 -5.3e-05 -0.153261 -0.004445
-0.008183 -0.046058 -0.003126 0.163367 -0.533273 -0.000564 -0.001965 -0.011295 -0.000224 -0.002057 0.001925 -0.005982 0.00017 -0.318529 -0.095104
7e-05 -0.044073 -0.003087 0.261365 -0.614045 -0.402869 -0.24822 -0.626025 -0.370515 -0.266761 0.008253 0.001985 3.9e-05 0.097998 -0.080771
-0.011407 -0.040724 -0.003071 0.390728 -0.701957 0.403718 0.244372 0.60444 0.372135 0.262714 -0.011477 0.003349 1.6e-05 0.129363 -0.087913
-0.017029 -0.038809 -0.003053 0.590905 -0.673635 0.001417 -0.001881 -0.01027 0.001847 -0.001988 -0.005622 0.001915 1.8e-05 0.200177 0.028323
-0.029873 -0.028843 -0.002975 0.704085 -0.581214 0.002081 -0.00185 -0.009907 0.00254 -0.001963 -0.012844 0.009966 7.8e-05 0.11318 0.092421
-0.027465 -0.06013 -0.002906 0.812637 -0.564954 0.002747 -0.001819 -0.009533 0.003235 -0.001936 0.002407 -0.031287 6.9e-05 0.108552 0.01626
-0.033528 -0.08167 -0.0029 0.930085 -0.55934 0.149201 0.26384 0.031913 0.197107 0.314403 -0.006062 -0.02154 6e-06 0.117448 0.005614
-0.040916 -0.058624 -0.0029 0.804498 -0.537736 -0.059418 0.208019 -0.238917 -0.06112 0.19367 -0.007389 0.023046 -1e-06 -0.125586 0.021603
-0.052741 -0.047329 -0.002914 0.81627 -0.469115 -0.004281 -0.48573 -0.028281 -0.013889 -0.5302 -0.011824 0.011296 -1.4e-05 0.011771 0.068622
-0.041663 -0.030329 -0.00292 0.65402 -0.407951 0.049385 0.194675 -0.231788 0.050166 0.216062 0.011078 0.016999 -6e-06 -0.16225 0.061163
-0.047655 -0.021133 -0.002949 0.630102 -0.352777 -0.052677 -0.167457 -0.055062 -0.052633 -0.191561 -0.005991 0.009196 -2.9e-05 -0.023918 0.055174
-0.040779 0.011162 -0.002976 0.498663 -0.295064 -0.091776 -0.103817 -0.047605 -0.100317 -0.110386 0.006876 0.032296 -2.7e-05 -0.131438 0.057713
-0.049145 0.010238 -0.00297 0.560477 -0.288039 0.047589 0.078696 0.514348 0.022908 0.095279 -0.008366 -0.000925 7e-06 0.061814 0.007026
-0.061649 0.002244 -0.00297 0.642841 -0.289705 0.008138 -0.001532 -0.006167 0.008846 -0.001689 -0.012504 -0.007994 -1e-06 0.082365 -0.001667
-0.070623 0.002126 -0.002962 0.671227 -0.348469 0.00882 -0.001492 -0.005698 0.009555 -0.001653 -0.008974 -0.000118 8e-06 0.028385 -0.058764
-0.062232 -0.001166 -0.002811 0.837221 -0.340134 0.009504 -0.00145 -0.00522 0.010264 -0.001616 0.008391 -0.003292 0.000151 0.165994 0.008335
-0.059814 -0.011484 -0.002467 0.959005 -0.341694 0.433582 -0.067997 0.285984 0.456942 -0.02014 0.002418 -0.010318 0.000344 0.121785 -0.00156
-0.048846 -0.036588 -0.00231 1.20282 -0.304482 0.053724 -0.127434 -0.108435 0.072965 -0.135741 0.010968 -0.025104 0.000157 0.243815 0.037212
-0.049935 -0.038244 -0.002195 1.250166 -0.259853 -0.007399 0.058781 -0.051916 0.011469 0.010141 -0.00109 -0.001656 0.000115 0.047346 0.044629
-0.049556 -0.037172 -0.001871 1.225051 -0.113875 0.036661 0.048249 -0.014852 0.029373 0.042733 0.000379 0.001072 0.000324 -0.025114 0.145978
-0.040963 -0.044986 -0.00175 1.237556 0.13373 0.108317 -0.012356 0.009696 0.12073 -0.020867 0.008593 -0.007814 0.000121 0.012505 0.247605
-0.041072 -0.043474 -0.001739 1.273925 0.276169 0.100363 0.054618 0.01964 0.100824 0.058461 -0.000109 0.001513 1.1e-05 0.036369 0.14244
-0.035531 -0.035607 -0.0017 1.269338 0.343207 0.03552 -0.05987 -0.053111 0.026101 -0.063453 0.005541 0.007867 3.8e-05 -0.004587 0.067038
-0.032917 -0.039842 -0.00169 1.195443 0.348616 -0.077463 -0.127807 -0.057337 -0.070369 -0.141754 0.002614 -0.004236 1e-05 -0.073895 0.005409
-0.027552 -0.045009 -0.001669 1.130843 0.228156 -0.138704 -0.027929 -0.04975 -0.160105 -0.041976 0.005365 -0.005167 2.1e-05 -0.064599 -0.12046
-0.026723 -0.041902 -0.001628 1.097415 0.085728 -0.128882 0.037581 -0.007715 -0.138846 0.049102 0.00083 0.003107 4.1e-05 -0.033428 -0.142428
-0.026947 -0.028741 -0.001627 1.103352 0.028197 -0.034468 0.151962 -0.029651 -0.030544 0.163111 -0.000224 0.013161 1e-06 0.005937 -0.057531
-0.018699 -0.030275 -0.001612 1.125263 0.014865 0.052434 0.099575 -0.01331 0.049549 0.101751 0.008247 -0.001534 1.5e-05 0.021911 -0.013332
-0.01299 -0.024166 -0.001558 1.152807 0.032511 0.090472 0.006286 0.022073 0.085908 0.01974 0.00571 0.006109 5.4e-05 0.027544 0.017646
-0.012909 -0.016507 -0.001549 1.164797 0.065535 0.056661 0.028658 0.024518 0.054069 0.031168 8e-05 0.007659 9e-06 0.01199 0.033024
-0.011644 -0.016647 -0.001527 1.196981 0.199218 0.114769 -0.108753 0.066554 0.135974 -0.127583 0.001265 -0.00014 2.2e-05 0.032184 0.133684
-0.012416 -0.017912 -0.001505 1.204496 0.302615 0.031939 -0.00459 0.007559 0.021973 0.009203 -0.000772 -0.001265 2.2e-05 0.007515 0.103397
-0.014352 -0.032682 -0.001488 1.185058 0.304097 -0.126949 -0.007389 -0.06314 -0.128632 -0.021571 -0.001935 -0.014769 1.7e-05 -0.019438 0.001482
-0.008578 -0.035172 -0.001438 1.124367 0.213359 -0.151875 -0.025639 -0.027853 -0.172547 -0.028126 0.005774 -0.002491 5e-05 -0.060691 -0.090738
-0.006422 -0.031127 -0.001419 1.093539 0.090313 -0.147142 0.337072 -0.035047 -0.163291 0.383497 0.002156 0.004046 1.9e-05 -0.030828 -0.123046
-0.003477 -0.029732 -0.001418 1.107833 -0.115172 0.029681 -0.235389 -0.002145 0.055122 -0.258578 0.002945 0.001394 0.0 0.014293 -0.205485
-0.003477 -0.029611 -0.00141 1.148818 -0.310658 -0.037544 0.004413 0.009259 -0.024293 -0.000978 -1e-06 0.000121 8e-06 0.040986 -0.195485
-0.001248 -0.026496 -0.001443 1.252407 -0.401101 -0.06906 0.027656 0.014492 -0.080955 0.036339 0.002229 0.003116 -3.2e-05 0.103588 -0.090443
-0.001242 4.4e-05 -0.001466 1.295701 -0.498801 -0.063137 0.008684 0.01811 -0.067241 0.017077 6e-06 0.02654 -2.3e-05 0.043294 -0.0977
-0.003623 0.010694 -0.001455 1.349863 -0.602802 -0.064164 -0.013345 0.010659 -0.066599 -0.008919 -0.002381 0.01065 1.1e-05 0.054162 -0.104001
-0.00208 0.008041 -0.001455 1.381787 -0.678753 -0.105455 -0.108069 0.016794 -0.109454 -0.115685 0.001543 -0.002653 0.0 0.031924 -0.075951
-0.004376 0.004101 -0.001446 1.367555 -0.81939 -0.154803 0.128478 0.053005 -0.143171 0.140481 -0.002296 -0.00394 9e-06 -0.014232 -0.140637
-0.015124 0.014539 -0.001299 1.35865 -0.803463 -0.226289 -0.067263 0.244786 -0.216776 -0.077872 -0.010748 0.010438 0.000147 -0.008906 0.015927
0.006695 -0.011984 -0.000901 1.456839 -0.667998 0.940134 -0.017703 -0.197814 0.933487 -0.025584 0.021819 -0.026523 0.000398 0.098189 0.135465
0.019002 -0.028871 -0.000331 1.516126 -0.506714 -1.216106 -0.38546 0.449964 -1.305154 -0.439566 0.012307 -0.016887 0.00057 0.059287 0.161284
0.018076 -0.029234 -7.4e-05 1.567739 -0.401053 0.020092 0.159842 0.046383 0.050409 0.189412 -0.000926 -0.000363 0.000257 0.051613 0.105661
0.024454 -0.029527 0.000234 1.650199 -0.288687 -0.042275 0.19951 0.051401 -0.024209 0.21993 0.006379 -0.000294 0.000308 0.08246 0.112367
0.020229 -0.019797 0.000477 1.802678 -0.310832 1.363145 0.027376 -0.489927 1.409493 0.030283 -0.004225 0.009731 0.000243 0.152479 -0.022146
0.024384 0.000901 0.00055 1.873674 -0.131654 -0.909319 0.056034 0.629587 -0.868357 0.062143 0.004154 0.020698 7.3e-05 0.070995 0.179178
0.036954 -0.008172 0.000673 2.010042 -0.164406 0.976195 -0.05495 -0.595758 0.938176 -0.061687 0.012571 -0.009073 0.000123 0.136368 -0.032752
0.021192 0.008647 0.00075 2.039643 0.103978 0.034557 0.000658 0.018181 0.036053 0.000338 -0.015762 0.016819 7.7e-05 0.029601 0.268384
0.029366 0.01548 0.000779 2.101608 0.089785 0.035305 0.000737 0.019039 0.036817 0.000413 0.008174 0.006833 2.9e-05 0.061964 -0.014192
0.024387 0.02001 0.000827 2.073632 0.099967 0.036054 0.000817 0.019908 0.037582 0.000489 -0.004979 0.004529 4.7e-05 -0.027976 0.010181
0.024863 0.018631 0.00085 2.058329 0.179304 0.036806 0.000898 0.020788 0.038349 0.000566 0.000476 -0.001378 2.3e-05 -0.015302 0.079337
0.020036 0.015509 0.00088 2.009959 0.100738 0.037559 0.00098 0.021678 0.039117 0.000644 -0.004827 -0.003122 3e-05 -0.04837 -0.078565
0.014874 0.009161 0.000916 1.77398 0.259857 -1.263771 0.354961 0.129581 -1.341607 0.393049 -0.005162 -0.006348 3.6e-05 -0.235979 0.159119
0.008141 0.018216 0.000574 1.523135 0.07538 0.48662 -0.222974 -0.278834 0.470437 -0.237792 -0.006733 0.009055 -0.000342 -0.250845 -0.184477
0.004136 0.00022 0.000116 1.314788 0.016698 -0.395502 0.079611 -0.185768 -0.401237 0.114879 -0.004005 -0.017996 -0.000458 -0.208347 -0.058683
-0.000294 0.009744 -0.00043 1.097995 -0.075335 0.020863 -0.049694 -0.075931 0.051661 -0.097847 -0.00443 0.009524 -0.000545 -0.216793 -0.092033
-5.3e-05 0.009711 -0.00076 0.839844 0.00477 0.186464 -0.38763 0.027072 0.239542 -0.397477 0.000241 -3.2e-05 -0.00033 -0.258151 0.080105
-0.01219 0.004935 -0.000943 0.757776 0.030575 1.206599 0.233388 0.533227 1.232128 0.230751 -0.012138 -0.004776 -0.000183 -0.082068 0.025805
-0.011777 0.005077 -0.001217 0.654406 0.07341 -0.823339 -0.014824 -0.66342 -0.918369 0.027617 0.000414 0.000142 -0.000274 -0.10337 0.042835
-0.012429 0.004978 -0.001229 0.754575 0.079202 0.17909 0.078644 -0.079914 0.249131 0.081028 -0.000652 -0.0001 -1.2e-05 0.100169 0.005792
-0.014286 0.006877 -0.001247 0.793964 0.124944 0.057023 0.090317 0.062109 0.035652 0.094245 -0.001857 0.001899 -1.8e-05 0.039389 0.045742
-0.01484 0.006961 -0.001228 0.806918 0.125446 -0.119297 0.019836 0.042842 -0.11463 0.02863 -0.000554 8.4e-05 1.9e-05 0.012954 0.000502
-0.015857 0.003981 -0.001252 0.854011 0.120158 -0.070104 0.176277 0.101938 -0.091799 0.185033 -0.001017 -0.00298 -2.4e-05 0.047093 -0.005288
-0.012148 0.001047 -0.001279 1.00725 0.123092 -0.166944 -0.371718 0.116012 -0.15919 -0.436774 0.003709 -0.002935 -2.7e-05 0.153238 0.002934
-0.009736 -0.003222 -0.001296 1.23692 0.193915 -0.081103 -0.012403 0.097582 -0.093566 -0.00333 0.002412 -0.004269 -1.7e-05 0.22967 0.070823
-0.005359 -0.011316 -0.001302 1.352576 0.297414 0.026441 -0.172361 0.130619 -0.002318 -0.199873 0.004377 -0.008094 -6e-06 0.115656 0.103499
-0.004972 -0.004929 -0.001304 1.487023 0.460494 0.0314 0.121242 0.162593 0.016392 0.13434 0.000387 0.006387 -2e-06 0.134447 0.16308
-0.004516 -0.000552 -0.001332 1.52078 0.806417 0.204323 -0.14381 0.258493 0.227475 -0.181687 0.000456 0.004377 -2.8e-05 0.033757 0.345923
-0.01789 0.010802 -0.001334 1.526025 1.04688 1.27672 0.251361 0.136708 1.384313 0.289127 -0.013374 0.011353 -2e-06 0.005245 0.240464
-0.021106 0.014684 6.4e-05 1.838104 1.07744 0.051423 0.002635 0.039501 0.053205 0.00223 -0.003215 0.003882 0.001397 0.312079 0.03056
-0.026403 0.028101 0.00179 1.939847 0.853797 -0.005498 -0.213324 0.32116 -0.039277 -0.229042 -0.005297 0.013417 0.001726 0.101743 -0.223644
-0.024715 0.034534 0.002847 1.925275 0.73292 0.464724 0.023519 0.378085 0.572787 0.008596 0.001687 0.006433 0.001057 -0.014572 -0.120876
-0.038194 0.036952 0.003715 1.930771 0.850673 0.27868 0.173729 0.031571 0.268234 0.177839 -0.013478 0.002418 0.000868 0.005497 0.117753
-0.035642 0.032416 0.00457 1.933191 0.907298 0.134844 -0.002813 -0.034842 0.10232 0.010547 0.002552 -0.004537 0.000855 0.00242 0.056624
-0.02826 0.018246 0.005569 1.905324 0.805064 0.310383 -0.104822 0.12478 0.328779 -0.11674 0.007382 -0.01417 0.000999 -0.027867 -0.102233
-0.02918 0.01909 0.005589 1.902266 0.759048 0.077283 0.153399 -0.076371 0.085071 0.159536 -0.00092 0.000843 2e-05 -0.003059 -0.046016
-0.02259 0.013702 0.005652 1.88418 0.628427 0.046008 -0.027072 -0.019045 0.040744 -0.028948 0.00659 -0.005388 6.2e-05 -0.018086 -0.130621
-0.01984 0.009079 0.005588 1.842466 0.511293 0.0475 0.021946 -0.0211 0.043656 0.035139 0.00275 -0.004623 -6.4e-05 -0.041714 -0.117134
-0.014041 0.011708 0.005469 1.80822 0.360623 0.011442 0.025329 -0.009654 0.020702 0.030948 0.005798 0.002629 -0.000119 -0.034246 -0.15067
-0.003939 -0.006507 0.005282 1.782164 0.295263 0.034752 0.016514 -0.005429 0.040385 0.009623 0.010102 -0.018215 -0.000187 -0.026055 -0.06536
-0.003775 0.003337 0.004857 1.77163 0.293463 0.026553 -0.010466 0.001565 0.030689 -0.013269 0.000164 0.009844 -0.000425 -0.010535 -0.0018
-0.000349 -1.1e-05 0.004582 1.744979 0.288277 -0.008479 0.028885 -0.008775 -0.012231 0.037129 0.003426 -0.003347 -0.000275 -0.026651 -0.005186
0.014183 0.008436 0.004389 1.757456 0.280128 -0.004387 -0.011709 0.015168 -0.000342 -0.016867 0.014532 0.008447 -0.000192 0.012477 -0.008149
0.02017 0.012945 0.004193 1.756925 0.288857 0.016847 -0.005275 0.00703 0.016802 -0.010753 0.005987 0.004508 -0.000197 -0.00053 0.008729
0.02448 0.007748 0.004082 1.758939 0.286829 -0.012777 0.038619 -0.000327 -0.014045 0.043123 0.00431 -0.005197 -0.00011 0.002014 -0.002028
0.027933 0.006109 0.004029 1.757116 0.28762 -0.007688 0.018309 -0.00555 -0.011676 0.024705 0.003453 -0.001639 -5.3e-05 -0.001823 0.00079
0.035176 0.005588 0.004019 1.755611 0.290092 -0.001708 -0.007869 -0.003688 -0.002182 -0.012025 0.007243 -0.000522 -1e-05 -0.001505 0.002472
0.035406 0.004035 0.003995 1.754804 0.289961 -0.00417 -0.035693 0.010261 -0.005501 -0.041596 0.000229 -0.001553 -2.3e-05 -0.000807 -0.000131
]