08-10-20_David_4K.alligator_above_orange_wagon.0000000001 [ 4.854422 7.339237 1.001128 4.02139 6.424676 1.106852 4.802298 7.293909 7.176688 7.387133 4.538818 4.986882 4.787112 7.521792 7.532333 4.87987 7.583494 7.579126 6.540212 4.145046 6.385913 6.52944 4.037737 6.457551 6.505758 3.96252 6.333027 -0.833032 -0.914561 0.030062 -0.006523 -0.035524 -0.270829 -0.004461 -0.20153 -0.103554 -0.016106 -0.060683 -0.110984 -0.086536 0.175765 0.138658 -0.108219 -0.083066 0.134468 -0.10498
4.867095 7.238516 0.968147 4.0204 6.42196 1.035426 4.945689 7.185796 7.180023 7.27473 4.499887 4.931774 4.7344 7.299446 7.271382 4.762796 7.248141 7.235087 6.952151 4.736383 7.27473 7.21238 4.619554 7.271382 7.221465 4.762796 7.248141 -0.846695 -0.816556 0.012673 -0.100721 -0.03298 -0.040177 0.053308 -0.176837 -0.195512 -0.260102 -0.059608 -0.26095 -0.359404 0.537525 0.470271 0.899639 0.774449 0.687628 0.098004
4.907493 7.141362 0.888216 4.563859 6.527761 1.913032 4.614199 6.366396 6.649171 6.423236 4.564233 4.620815 4.543045 6.387622 6.287344 4.637587 6.341158 6.280165 6.617628 4.403941 6.423236 6.283505 4.610661 6.287344 6.270277 4.637587 6.341158 -0.343634 -0.613601 0.040399 -0.097154 -0.079931 0.493653 -0.176939 -0.831101 -0.95005 -0.928875 -0.008893 -0.984038 -0.919304 -0.556566 -0.176939 -0.530853 -0.95005 0.003178 0.202956
4.399502 5.996287 0.841202 4.657623 6.513879 2.038238 4.687374 6.320746 6.685097 6.369475 4.570381 4.695326 4.609952 6.278625 6.155411 4.698006 6.238731 6.150426 6.030031 4.529276 5.483398 5.75762 4.336742 5.744172 5.794429 4.245831 5.664365 0.258121 0.517592 -0.507992 -1.145075 -0.047013 0.070429 0.039163 -0.067638 -0.086775 -0.102189 0.029544 -0.131933 -0.144404 -0.810145 0.087014 -1.308864 -0.622494 -0.424397 1.131193
4.339897 5.620286 0.850675 4.719884 6.489136 1.968336 4.652719 6.319944 6.564969 6.357897 4.446568 4.822467 4.693978 6.251042 6.069217 4.846376 6.148576 6.010674 5.918185 4.533591 5.309213 5.505488 4.334019 5.474042 5.60973 4.239756 5.372786 0.379987 0.86885 -0.059605 -0.376 0.009473 -0.03932 -0.043176 -0.080705 -0.034193 -0.120943 -0.023581 -0.086194 -0.208025 -0.14937 0.077904 0.12483 -0.283291 -0.012204 0.351257
4.39553 5.566781 0.813033 4.727063 6.460174 1.895053 4.676572 6.245828 6.524315 6.286781 4.479057 4.808754 4.671184 6.208478 6.025608 4.782911 6.132601 5.999659 5.843813 4.537156 5.348038 5.271252 4.435368 5.340039 5.347693 4.316249 5.430461 0.331533 0.893393 0.055633 -0.053505 -0.037643 -0.041222 0.005277 -0.064858 -0.09433 -0.102544 0.003744 -0.043609 -0.004354 0.005987 -0.011867 -0.021659 -0.095816 0.099745 0.024543
4.417057 5.556704 0.64798 4.740295 6.395045 1.929313 4.458846 5.387555 5.46541 5.417101 4.55485 4.372387 4.444776 5.426298 5.441316 4.389868 5.457832 5.472375 5.768517 4.516876 5.417101 5.42011 4.479238 5.441316 5.469693 4.389868 5.457832 0.323237 0.838341 0.021527 -0.010077 -0.165053 0.019271 0.1039 -0.754384 -0.676745 -0.53772 -0.14113 -0.584292 -0.422823 0.01327 -0.047888 0.021932 0.109557 0.087057 -0.055053
4.398976 5.564778 0.552981 4.528772 5.31784 1.741106 4.771877 4.79102 4.902039 4.785697 4.647821 4.467982 4.461784 4.856009 4.866737 4.310234 4.929648 4.897299 4.94021 4.766404 4.785697 4.900002 4.502048 4.866737 4.924742 4.310234 4.929648 0.129796 -0.246938 -0.018081 0.008073 -0.094999 -0.105866 0.222819 -0.485955 -0.598233 -0.520107 0.022811 -0.574579 -0.594831 -0.796608 0.222819 -0.56337 -0.598233 -0.088206 -1.085278
4.585705 4.685293 0.927928 4.614991 5.303087 1.569105 4.766748 4.550324 4.71032 4.600812 4.676061 4.531536 4.522454 4.690167 4.647257 4.410743 4.876178 4.830401 5.330963 4.787747 5.573263 5.555655 4.627934 5.645139 5.555757 4.49625 5.645267 0.029286 0.617794 0.186729 -0.879484 0.374947 -0.096751 0.006583 -0.349252 -0.249292 -0.371791 0.038462 -0.21948 -0.124447 0.503175 0.013331 0.435753 0.799429 0.201099 0.864732
4.616891 4.722424 0.830227 4.695965 5.462058 1.397699 4.723611 4.234973 4.639626 4.393179 4.619933 4.560116 4.542855 4.475372 4.310689 4.448506 4.64756 4.52083 5.475477 4.87135 5.373732 5.10574 4.606783 5.213757 5.0917 4.503182 5.385906 0.079073 0.739633 0.031187 0.037131 -0.097701 -0.096416 -0.077125 -0.450784 -0.355883 -0.483151 -0.009733 -0.336568 -0.386038 0.001345 0.134377 0.157165 -0.382688 -0.034975 0.12184
4.608128 4.686409 0.861253 4.72226 5.391545 1.54303 4.711393 4.19954 4.616474 4.354331 4.609612 4.587951 4.566574 4.465524 4.279081 4.495955 4.642937 4.508839 5.34321 4.841952 5.515503 5.310904 4.594329 5.384329 5.240423 4.504771 5.422939 0.114132 0.705136 -0.008764 -0.036015 0.031026 0.081749 -0.015259 -0.03277 -0.050442 -0.055248 0.007542 -0.031608 0.001582 -0.073498 -0.067584 -0.166866 0.203758 0.001732 -0.034497
4.606906 4.642743 0.851712 4.71849 5.355823 1.46791 4.761313 4.315728 4.539325 4.333481 4.61419 4.570978 4.537486 4.36464 4.253657 4.449786 4.458948 4.332762 5.351802 4.903895 5.235999 5.500899 4.767173 5.389666 5.480672 4.664836 5.253682 0.111584 0.71308 -0.001222 -0.043666 -0.009541 -0.042256 0.024029 0.232983 0.071303 0.165787 -0.022656 -0.025424 -0.174897 0.232503 0.121636 -0.187667 -0.050983 0.165919 0.007944
4.600689 4.62108 0.847609 4.719667 5.276011 1.500034 4.565601 4.228111 4.537526 4.292343 4.583647 4.603119 4.596153 4.307982 4.200733 4.634786 4.381179 4.268331 5.331729 4.903007 5.293445 5.61747 4.755891 5.550117 5.657306 4.66025 5.401605 0.118978 0.654932 -0.006216 -0.021663 -0.004103 0.01807 -0.179512 -0.107945 -0.032624 -0.027619 0.084054 -0.052923 -0.046618 -0.073164 -0.017187 -0.036066 0.095962 -0.000548 -0.058149
4.597932 4.587077 0.850485 4.724402 5.240136 1.446171 4.773118 5.396032 5.0958 5.321971 4.817271 4.726885 4.745605 5.346575 5.452629 4.733388 5.30452 5.401101 5.189566 4.774401 5.321971 5.565063 4.764501 5.452629 5.501822 4.733388 5.30452 0.12647 0.653059 -0.002757 -0.034002 0.002877 -0.030298 0.263626 1.316122 1.267642 1.437082 0.164783 1.251896 1.303055 -0.11388 -0.162233 -0.008559 -0.014774 0.102959 -0.001873
4.681529 4.097479 1.139986 4.73974 5.207273 0.526628 4.887699 3.446838 4.053324 3.693143 4.544935 4.544886 4.493973 3.846689 3.609528 4.422946 4.093075 3.914874 4.726185 4.678003 3.693143 3.205664 4.46874 3.609528 3.387834 4.422946 4.093075 0.058211 1.109794 0.083597 -0.489599 0.289501 -0.517243 -0.132417 -2.25216 -2.025232 -2.359399 -0.295762 -1.843102 -1.731831 -1.231302 -0.132417 -1.042475 -2.025232 -0.381673 0.456735
4.723592 4.147866 1.085657 4.825603 4.685715 1.462553 4.906844 3.457487 4.011782 3.671607 4.544316 4.546492 4.498929 3.798668 3.573924 4.428972 4.030474 3.851414 4.689125 4.686703 3.671607 3.191419 4.4795 3.573924 3.365093 4.428972 4.030474 0.102012 0.537849 0.042063 0.050387 -0.054329 0.526458 0.002432 0.006057 -0.011411 -0.014245 0.010761 -0.035604 -0.070365 -0.041346 0.002432 -0.041542 -0.011411 0.01424 -0.571945
4.758101 4.085254 1.128083 4.590448 5.644987 1.660521 4.923997 3.391489 3.95477 3.605183 4.574983 4.562857 4.512645 3.735081 3.497055 4.440968 3.986433 3.800654 4.680993 4.703326 3.605183 3.106104 4.49879 3.497055 3.267575 4.440968 3.986433 -0.167652 1.559733 0.034509 -0.062612 0.042426 0.111357 0.017061 -0.055639 -0.077887 -0.085315 0.01929 -0.076869 -0.071169 -0.068104 0.017061 -0.057012 -0.077887 0.010299 1.021884
4.715648 4.036381 1.123098 4.594752 5.638594 1.674499 4.918376 3.364025 3.930052 3.576374 4.584933 4.563695 4.520719 3.720396 3.491111 4.443358 3.972233 3.796059 4.610415 4.727394 3.576374 3.093901 4.497788 3.491111 3.265292 4.443358 3.972233 -0.120896 1.602213 -0.042453 -0.048873 -0.004985 0.007863 0.031834 -0.032775 -0.018468 -0.012203 -0.001002 -0.005944 0.013457 0.01076 0.031834 -0.024718 -0.018468 0.003028 0.04248
4.748656 4.033498 1.152407 4.599018 5.633065 1.688197 4.936985 3.32689 3.915573 3.550324 4.608508 4.570971 4.527272 3.705524 3.462013 4.448762 3.960661 3.774695 4.628965 4.74031 3.550324 3.059104 4.507518 3.462013 3.234036 4.448762 3.960661 -0.149638 1.599567 0.033008 -0.002883 0.029309 0.007705 0.013022 -0.04127 -0.036729 -0.034797 0.00973 -0.029098 -0.032508 -0.003242 0.013022 -0.014479 -0.036729 0.002856 -0.002646
4.752198 4.051039 1.165001 4.603247 5.628389 1.701616 4.948255 3.326117 3.914006 3.554521 4.626799 4.574105 4.524298 3.716621 3.467599 4.447628 3.979642 3.795117 4.643432 4.761429 3.554521 3.050157 4.500598 3.467599 3.227119 4.447628 3.979642 -0.148951 1.57735 0.003542 0.017541 0.012594 0.007548 0.028079 -0.009045 0.00114 -0.008948 -0.006919 0.005586 0.018445 -0.003233 0.028079 -0.001567 0.00114 -0.004325 -0.022217
4.704085 4.004783 1.15801 4.607439 5.624556 1.714759 4.930266 3.285891 3.931496 3.542488 4.64673 4.601465 4.540875 3.715462 3.470974 4.469554 3.996501 3.811919 4.614736 4.79333 3.542488 3.041228 4.508459 3.470974 3.238547 4.469554 3.996501 -0.096647 1.619773 -0.048113 -0.046256 -0.006991 0.007393 0.043031 -0.055138 -0.018696 -0.008928 0.00786 0.003375 0.024049 0.01656 0.043031 0.01749 -0.018696 0.0133 0.042423
4.716702 3.974216 1.108916 4.611593 5.621554 1.727627 4.954589 3.326992 3.974412 3.579321 4.660344 4.604541 4.549146 3.747103 3.494052 4.461531 4.00988 3.812256 4.594494 4.80036 3.579321 3.074624 4.514986 3.494052 3.265398 4.461531 4.00988 -0.105109 1.647338 0.012617 -0.030567 -0.049094 0.007239 0.006855 0.049901 0.032547 0.033396 0.006527 0.023078 -0.001729 0.034966 0.006855 0.042916 0.032547 -0.008847 0.027565
4.717592 4.078786 0.961303 4.61571 5.619374 1.740224 4.948168 3.47982 4.035111 3.692162 4.648222 4.624481 4.568383 3.819981 3.579573 4.464059 4.061868 3.902255 4.590888 4.832635 3.692162 3.218355 4.541731 3.579573 3.363279 4.464059 4.061868 -0.101882 1.540588 0.000889 0.10457 -0.147613 0.007086 0.02196 0.178735 0.133429 0.143731 0.026745 0.085521 0.129879 0.00673 0.02196 0.060699 0.133429 0.015638 -0.106751
4.781291 4.095248 0.952164 4.61979 5.618003 1.752552 4.959754 3.522888 4.041397 3.72557 4.712112 4.638382 4.584995 3.874969 3.667809 4.491548 4.142745 4.004991 4.577733 4.865269 3.72557 3.29559 4.562526 3.667809 3.461664 4.491548 4.142745 -0.161501 1.522756 0.0637 0.016462 -0.009139 0.006934 0.052026 0.038797 0.063109 0.077234 0.020795 0.088236 0.113421 0.102368 0.052026 0.006286 0.063109 0.019783 -0.017832
4.795072 4.157534 0.849658 4.623834 5.617432 1.764613 4.661159 3.737534 4.164208 3.9224 4.819302 4.851538 4.887571 4.140994 4.050736 4.997363 4.308159 4.273538 4.51282 4.587934 3.9224 3.572855 4.936842 4.050736 3.952885 4.997363 4.308159 -0.171238 1.459898 0.01378 0.062287 -0.102506 0.006784 -0.301001 0.271853 0.251726 0.277266 0.374316 0.382927 0.365077 0.169253 -0.301001 0.122811 0.251726 0.603961 -0.062857
4.864606 4.397238 0.849135 4.62784 5.61765 1.776409 5.066849 4.23052 4.564179 4.360071 4.940987 4.763514 4.761084 4.397763 4.25119 4.643845 4.506545 4.403206 4.841948 5.0041 4.360071 4.046333 4.773692 4.25119 4.133848 4.643845 4.506545 -0.236766 1.220412 0.069534 0.239704 -0.000524 0.006635 0.455774 0.519647 0.436623 0.473477 -0.16315 0.200454 0.084487 0.168501 0.455774 0.399971 0.436623 -0.413944 -0.239486
4.81275 4.488839 0.794447 4.63181 5.618646 1.787942 5.012988 4.23265 4.685274 4.410864 4.914143 4.701614 4.702568 4.500554 4.303643 4.584366 4.632505 4.506277 4.891294 4.953788 4.410864 4.005513 4.731457 4.303643 4.137691 4.584366 4.632505 -0.18094 1.129808 -0.051857 0.091601 -0.054687 0.006488 -0.037986 -0.029162 0.001501 -0.040819 -0.042236 0.052452 0.079054 0.046061 -0.037986 0.121095 0.001501 -0.051792 -0.090605
4.788441 4.504043 0.81405 4.635743 5.620409 1.799216 4.987024 4.239897 4.698895 4.421832 4.873778 4.686961 4.671602 4.538015 4.345164 4.558377 4.709006 4.575418 4.936282 4.906556 4.421832 4.036939 4.694465 4.345164 4.171314 4.558377 4.709006 -0.152698 1.116366 -0.024309 0.015205 0.019603 0.006341 -0.057301 0.015182 0.024972 0.031426 -0.036992 0.041521 0.058044 -0.016417 -0.057301 0.013621 0.024972 -0.035218 -0.013442
4.784082 4.471365 0.7694 4.63964 5.622929 1.810232 4.980019 4.201164 4.598769 4.392833 4.871091 4.702462 4.670392 4.491403 4.345605 4.575664 4.654045 4.561995 4.826285 4.884591 4.392833 4.054096 4.699442 4.345605 4.221902 4.575664 4.654045 -0.144443 1.151564 -0.004358 -0.032679 -0.044651 0.006197 -0.019863 -0.026477 -0.00462 0.017156 0.004977 0.000441 0.026626 -0.104603 -0.019863 -0.100126 -0.00462 0.021546 0.035198
4.841506 4.371997 0.914352 4.6435 5.626195 1.820993 5.053399 4.334273 4.538307 4.363152 4.838254 4.698605 4.679362 4.338994 4.178322 4.536307 4.405122 4.27863 4.700361 5.004846 4.363152 4.147112 4.680251 4.178322 4.028509 4.536307 4.405122 -0.198006 1.254198 0.057423 -0.099368 0.144952 0.006053 0.136016 0.14745 0.035502 0.093017 -0.019191 -0.167283 -0.326048 0.083756 0.136016 -0.060461 0.035502 -0.083955 0.102634
4.797496 4.114991 1.001804 4.647324 5.630196 1.831501 4.931877 3.720465 4.204342 3.895988 4.683581 4.636145 4.57982 4.087933 3.93847 4.488599 4.420192 4.353463 4.66577 4.875967 3.895988 3.581027 4.54438 3.93847 3.7961 4.488599 4.420192 -0.150172 1.515205 -0.04401 -0.257006 0.087452 0.005911 -0.175703 -0.655144 -0.516148 -0.566085 -0.135871 -0.239852 0.118821 -0.063463 -0.175703 -0.333965 -0.516148 -0.048684 0.261007
4.794981 4.142087 0.997162 4.651112 5.634922 1.841758 4.935604 3.5727 4.138179 3.794133 4.656949 4.622243 4.578504 3.952787 3.735242 4.492488 4.25974 4.107992 4.701905 4.806892 3.794133 3.330758 4.546439 3.735242 3.526763 4.492488 4.25974 -0.143869 1.492834 -0.002515 0.027096 -0.004641 0.00577 -0.083485 -0.206463 -0.181252 -0.250269 0.00206 -0.203228 -0.320524 -0.1283 -0.083485 -0.066163 -0.181252 0.000954 -0.022371
4.732457 4.124299 0.981639 4.654864 5.640361 1.851767 4.941875 3.505167 4.088845 3.749963 4.630289 4.599625 4.545409 3.911231 3.680632 4.476629 4.19186 4.038377 4.657282 4.775709 3.749963 3.267531 4.513678 3.680632 3.458657 4.476629 4.19186 -0.077593 1.516061 -0.062524 -0.017788 -0.015524 0.00563 -0.026886 -0.070001 -0.052477 -0.063228 -0.032761 -0.05461 -0.066031 -0.088359 -0.026886 -0.049334 -0.052477 -0.011271 0.023227
4.703022 4.158972 0.980959 4.65858 5.646503 1.86153 4.913306 3.516258 4.07586 3.746185 4.580563 4.584489 4.525562 3.915322 3.703013 4.451427 4.17755 4.030297 4.656919 4.750371 3.746185 3.297681 4.475788 3.703013 3.492857 4.451427 4.17755 -0.044441 1.487531 -0.029435 0.034673 -0.000679 0.005492 -0.042742 0.009353 0.013323 0.030151 -0.03789 0.022382 -0.000415 -0.102722 -0.042742 -0.012985 0.013323 -0.020453 -0.028531
4.696974 4.108879 1.065397 4.662261 5.653337 1.871049 4.920455 3.422536 3.997686 3.675162 4.574702 4.576186 4.515073 3.847122 3.636878 4.452694 4.130441 3.984272 4.643364 4.727541 3.675162 3.226416 4.475743 3.636878 3.430731 4.452694 4.130441 -0.034714 1.544458 -0.006047 -0.050093 0.084438 0.005355 -0.018178 -0.096217 -0.072458 -0.071265 -4.5e-05 -0.066135 -0.046193 -0.016854 -0.018178 -0.078174 -0.072458 -0.005627 0.056927
4.752394 4.147345 0.988324 4.665905 5.660853 1.880328 4.926028 3.504895 4.056106 3.679503 4.603379 4.601287 4.555946 3.842218 3.604374 4.473147 4.126585 3.947989 4.688117 4.774891 3.679503 3.140579 4.536755 3.604374 3.397527 4.473147 4.126585 -0.086489 1.513508 0.05542 0.038466 -0.077073 0.005219 0.063496 0.1057 -0.04337 -0.085838 0.061012 -0.032504 -0.066082 0.07035 0.063496 0.05842 -0.04337 0.032922 -0.03095
4.789432 4.142055 0.942403 4.669514 5.66904 1.889367 4.937625 3.59914 4.091402 3.737886 4.666029 4.626288 4.572591 3.904672 3.719373 4.487537 4.170418 4.026773 4.619597 4.786521 3.737886 3.300173 4.558295 3.719373 3.555204 4.487537 4.170418 -0.119918 1.526984 0.037038 -0.00529 -0.045922 0.005085 0.015743 0.135377 0.109524 0.159594 0.02154 0.114999 0.108 0.218056 0.015743 0.035295 0.109524 0.006731 0.013476
4.754027 4.107795 0.907557 4.673088 5.677886 1.898169 4.924549 3.559803 4.099452 3.783835 4.665669 4.645984 4.596437 3.964627 3.777332 4.524945 4.265578 4.21829 4.550214 4.825778 3.783835 3.386441 4.564755 3.777332 3.590613 4.524945 4.265578 -0.08094 1.570092 -0.035405 -0.03426 -0.034845 0.004951 0.028618 -0.075131 0.063896 0.086268 0.00646 0.057958 0.281505 -0.089086 0.028618 0.008051 0.063896 0.051355 0.043107
4.846627 4.334605 0.917809 4.676626 5.687382 1.906738 4.976834 4.185802 4.367512 4.201227 4.755811 4.651934 4.608719 4.293193 4.312428 4.537873 4.430139 4.433227 4.768193 4.851248 4.201227 4.28357 4.642151 4.312428 4.372457 4.537873 4.430139 -0.170001 1.352777 0.092599 0.226811 0.010251 0.00482 0.061096 0.881293 0.65157 0.897129 0.077396 0.535096 0.310706 0.112132 0.061096 0.268059 0.65157 0.047666 -0.217315
4.801221 4.428898 0.835133 4.680129 5.697517 1.915074 4.990288 4.204519 4.510172 4.273438 4.840977 4.672857 4.657666 4.346165 4.210969 4.554062 4.496335 4.386298 4.807726 4.915429 4.273438 3.994393 4.670045 4.210969 4.091739 4.554062 4.496335 -0.121092 1.268619 -0.045406 0.094292 -0.082676 0.004689 0.080598 -0.142996 -0.094739 -0.289176 0.027894 -0.101459 -0.190109 0.044782 0.080598 0.14266 -0.094739 0.005437 -0.084158
4.809998 4.479068 0.867627 4.683596 5.708279 1.923181 5.009633 4.266147 4.606557 4.357199 4.839646 4.684707 4.660937 4.415629 4.253426 4.558732 4.555781 4.424646 4.944048 4.940123 4.357199 4.053453 4.666199 4.253426 4.124388 4.558732 4.555781 -0.126402 1.229211 0.008777 0.05017 0.032495 0.00456 0.015599 0.050827 0.066618 0.05906 -0.003846 0.042457 0.043833 -4e-06 0.015599 0.096385 0.066618 0.0007 -0.039408
4.759662 4.409574 0.770403 4.687029 5.719659 1.931061 4.910918 4.166947 4.378548 4.224173 4.850307 4.6816 4.660326 4.296055 4.249221 4.550117 4.447671 4.426815 4.727879 4.896025 4.224173 4.077891 4.670952 4.249221 4.219692 4.550117 4.447671 -0.072633 1.310085 -0.050337 -0.069494 -0.097224 0.004432 -0.042714 -0.035822 -0.051856 0.024437 0.004753 -0.004205 0.090253 0.11644 -0.042714 -0.228009 -0.051856 -0.007723 0.080874
4.684412 4.3922 0.813171 4.690427 5.731645 1.938716 4.889999 4.165063 4.358827 4.241293 4.794789 4.642293 4.612216 4.367904 4.321857 4.514924 4.581973 4.539764 4.745291 4.873126 4.241293 4.115071 4.633193 4.321857 4.248454 4.514924 4.581973 0.006014 1.339446 -0.075249 -0.017374 0.042768 0.004306 -0.030458 0.009125 0.037612 0.037181 -0.037759 0.072636 0.05831 0.038908 -0.030458 -0.01972 0.037612 -0.019493 0.02936
4.785053 4.419824 0.857701 4.69379 5.744227 1.946148 4.93843 4.264686 4.26119 4.390073 4.931529 4.60364 4.660104 4.543044 4.68502 4.556818 4.704555 4.848947 4.555899 4.900595 4.390073 4.741008 4.709996 4.68502 4.772931 4.556818 4.704555 -0.091264 1.324403 0.100641 0.027624 0.04453 0.004181 0.07125 0.166419 0.406128 0.625937 0.076803 0.363164 0.475882 -0.130815 0.07125 -0.097638 0.406128 0.06994 -0.015042
4.616663 4.338787 0.869151 4.697118 5.757393 1.95336 4.653722 4.176875 4.396476 4.295666 4.902801 4.567029 4.65912 4.415824 4.412652 4.570006 4.578939 4.602321 4.758879 4.773879 4.295666 4.242085 4.746229 4.412652 4.417296 4.570006 4.578939 0.080455 1.418607 -0.16839 -0.081037 0.01145 0.004057 -0.112883 -0.148986 -0.315968 -0.498923 0.036233 -0.272368 -0.328473 -0.15121 -0.112883 0.135287 -0.315968 0.012832 0.094203
4.627048 4.752662 0.955707 4.700411 5.771134 1.960354 4.805266 4.751027 4.728499 4.862957 4.87044 4.515356 4.614943 5.030947 5.125787 4.539038 5.114152 5.195781 4.905764 4.744054 4.862957 5.064827 4.71229 5.125787 5.185524 4.539038 5.114152 0.073363 1.018472 0.010385 0.413875 0.086556 0.003934 -0.028744 0.667827 0.704117 0.822742 -0.03394 0.713135 0.624338 0.175146 -0.028744 0.332022 0.704117 0.004698 -0.400134
4.45956 4.658482 0.875977 4.70367 5.785439 1.967133 4.778943 5.142054 5.225757 5.20081 4.515308 4.666985 4.57605 5.301782 5.294732 4.603631 5.440339 5.448094 4.880387 4.845847 4.529058 4.471139 4.746986 4.603934 4.576811 4.720866 4.742095 0.244111 1.126957 -0.167488 -0.09418 -0.07973 0.003813 -0.242803 0.30408 0.218376 0.1125 -0.17721 0.168946 0.199698 0.200878 0.029214 -0.14519 -0.469499 0.100248 0.108485
4.441079 4.977192 0.941844 4.706895 5.800296 1.973698 4.597948 5.086897 4.894552 4.934596 4.345808 4.349476 4.287342 5.00632 5.181708 4.333771 5.051699 5.206784 5.044912 4.404465 4.934596 5.276647 4.278583 5.181708 5.314505 4.333771 5.051699 0.265816 0.823104 -0.01848 0.31871 0.065867 0.003693 -0.192609 0.090946 -0.074055 0.09932 -0.256497 -0.113024 -0.116542 0.52802 -0.464626 0.311243 0.61382 -0.352153 -0.303853
4.455129 5.011223 1.059272 4.428811 5.018987 1.160292 4.674736 4.987877 4.961596 4.858614 4.331644 4.248495 4.168208 5.022061 5.19857 4.117787 5.22652 5.367406 5.002818 4.513828 5.013874 5.032942 4.410231 5.08305 5.096983 4.355853 5.131309 -0.026318 0.007764 0.01405 0.034031 0.117429 -0.457541 0.036373 -0.075982 -0.032038 -0.01345 -0.079612 0.016862 0.110054 -0.137739 0.134852 0.091138 -0.093245 -0.005436 -0.81534
4.373603 5.073894 1.169593 4.436935 5.054919 0.805707 4.600911 5.017119 5.022594 4.924047 4.281564 4.152821 4.05154 5.073256 5.283584 4.017484 5.241391 5.373852 5.079322 4.505413 5.0616 5.089881 4.514445 5.101128 5.10879 4.482181 5.11006 0.063332 -0.018975 -0.081526 0.062671 0.110321 -0.199454 -0.134319 0.04723 0.07992 0.079613 -0.086547 0.085014 0.038651 0.153404 0.022492 0.076343 0.050342 0.135188 -0.026739
4.282597 5.141616 1.225197 4.424507 5.111264 0.691723 4.523827 5.029389 5.028378 4.938508 4.229361 4.039506 3.970019 5.094209 5.301958 3.893702 5.260246 5.386864 5.695621 4.714561 5.574548 5.660607 4.704934 5.846336 5.905473 4.911284 5.884055 0.14191 -0.030352 -0.091006 0.067722 0.055604 -0.064116 -0.053723 0.010536 0.012164 0.003437 -0.064213 0.018374 0.004066 0.317402 0.056447 0.464023 0.553091 0.327714 -0.011377
4.187051 5.189247 1.323263 4.866364 5.631897 1.350124 4.467754 5.03376 5.004265 4.92272 4.18328 3.967387 3.935603 5.067942 5.240514 3.841779 5.201313 5.284138 5.801329 4.723754 5.804804 5.941092 4.799337 6.030853 6.114655 4.979154 6.000383 0.679313 0.44265 -0.095547 0.047631 0.098066 0.370351 -0.015163 -0.002145 -0.059479 -0.05962 -0.022544 -0.061444 -0.118185 0.184197 0.022678 0.140828 0.257868 0.092396 0.473002
4.151831 5.221416 1.358898 4.888426 5.796636 1.374269 4.403901 4.953505 4.910945 4.855727 4.250831 3.94966 3.989195 4.996679 5.146326 3.892932 5.12827 5.186121 5.872918 4.72586 5.996927 6.179515 4.766726 6.227373 6.310593 4.972998 6.202452 0.736595 0.575221 -0.03522 0.032169 0.035635 0.013582 0.087116 -0.090305 -0.106204 -0.089483 0.056487 -0.094188 -0.066617 0.023532 -0.015149 0.160279 0.215333 -0.005144 0.13257
4.155773 5.217227 1.261068 4.879743 5.943291 1.439023 4.319751 4.991525 4.887201 4.865346 4.390189 3.991247 4.089859 4.910716 5.040014 3.937236 4.986975 5.06134 5.930693 4.702479 6.099801 6.323887 4.678838 6.349354 6.423634 4.913536 6.370059 0.72397 0.726064 0.003943 -0.004188 -0.097829 0.036424 0.087722 0.012193 -0.028166 -0.088424 0.109481 -0.106312 -0.141982 0.131883 -0.029246 0.1093 0.125294 -0.084947 0.150843
4.178776 5.202659 1.11758 4.876635 6.078517 1.546572 4.328413 4.998552 4.902958 4.913222 4.440813 4.115056 4.242573 4.890376 5.017432 4.115588 4.915849 5.026313 5.995941 4.672467 6.122931 6.375035 4.654232 6.4249 6.50776 4.89997 6.445243 0.697859 0.875858 0.023003 -0.014569 -0.143489 0.060496 0.056522 -0.056717 0.043682 0.029051 0.116066 -0.022582 0.01342 0.102184 -0.027506 0.037018 0.03534 -0.005492 0.149794
4.211807 5.160722 0.84227 4.862338 6.148763 1.664732 4.809443 6.085894 5.986243 6.125068 4.419767 4.927155 4.746139 6.300488 6.416111 4.868382 6.471279 6.607134 6.012116 4.639894 6.125068 6.343919 4.612968 6.416111 6.488833 4.868382 6.471279 0.650531 0.988041 0.033031 -0.041937 -0.275309 0.066465 0.070171 1.116151 1.220679 1.206148 0.305267 1.398679 1.540617 0.064005 -0.02987 0.012761 -0.013466 -0.038057 0.112183
4.500413 4.448368 0.954935 4.718521 5.983983 1.862998 4.714447 6.255047 6.002344 6.225289 4.333461 4.875835 4.689523 6.291957 6.446756 4.857746 6.385494 6.529201 4.486803 4.678822 4.569619 4.702374 4.469137 4.664423 4.695002 4.389926 4.560434 0.218108 1.535615 0.288606 -0.712354 0.112664 0.111525 -0.109168 0.185536 0.134625 0.17291 -0.054842 0.030645 -0.055476 -1.391307 0.130722 -1.674038 -1.561857 -0.397288 0.547574
4.462924 4.449583 0.972678 4.770022 6.135591 1.986411 4.706208 6.242472 6.048461 6.229963 4.306267 4.828156 4.648398 6.325626 6.443348 4.81869 6.438068 6.552602 5.978211 4.501942 6.229963 6.452094 4.520255 6.443348 6.536853 4.81869 6.438068 0.307098 1.686007 -0.037489 0.001216 0.017743 0.069419 -0.028192 -0.058032 -0.027755 -0.064735 -0.037871 -0.003408 0.000175 1.417573 -0.268082 1.736255 1.668727 0.351177 0.150392
4.621449 4.073161 0.733123 4.649517 6.107153 2.037275 4.627468 6.244181 5.999444 6.22322 4.261501 4.794908 4.619057 6.287988 6.418645 4.781 6.385394 6.511109 5.951838 4.436502 6.22322 6.450682 4.487189 6.418645 6.523369 4.781 6.385394 0.028068 2.033992 0.158525 -0.376423 -0.239555 0.028611 -0.066712 0.013314 0.001854 -0.001413 -0.033066 -0.024703 -0.038049 -0.028461 -0.066712 -0.049016 0.001854 -0.049179 0.347985
4.661047 4.014679 0.729066 4.642491 6.094117 2.106212 4.614861 6.206167 5.979449 6.193622 4.229249 4.780442 4.597703 6.268091 6.38605 4.756415 6.36727 6.475693 4.148603 4.729049 4.022636 4.071382 4.775382 4.082178 4.149047 4.695434 3.990993 -0.018556 2.079438 0.039598 -0.058482 -0.004056 0.038777 -0.018689 -0.043125 -0.039073 -0.037851 -0.022432 -0.032595 -0.051503 -1.792008 0.48598 -2.02078 -2.30327 0.049043 0.045446
4.606271 4.094623 0.635615 4.692585 6.144714 2.179745 4.626234 6.136433 5.942078 6.119097 4.194186 4.731846 4.559028 6.218776 6.328269 4.717019 6.337963 6.443614 4.173815 4.738176 3.955218 3.948145 4.726388 3.939281 3.94643 4.634526 3.943361 0.086314 2.050091 -0.054776 0.079944 -0.093451 0.041362 -0.015989 -0.073097 -0.082374 -0.085614 -0.036415 -0.057781 -0.028502 -0.057707 -0.004546 0.036749 -0.111487 -0.068208 -0.029347
4.61634 4.086122 0.73938 4.685646 6.079329 2.277332 4.617321 6.108564 5.908606 6.094607 4.171135 4.717001 4.530852 6.195111 6.297467 4.695098 6.293846 6.395664 4.155696 4.761752 3.957758 3.85253 4.78415 3.863789 3.827696 4.651378 3.853757 0.069306 1.993207 0.010069 -0.008501 0.103765 0.054893 -0.020049 -0.027561 -0.030705 -0.034611 -0.026568 -0.030802 -0.056425 -0.059589 0.035591 0.014496 -0.034186 0.032147 -0.056884
4.626136 4.023624 0.74086 4.677266 6.039012 2.372712 4.611136 6.057969 5.868608 6.054332 4.158828 4.716399 4.526146 6.157594 6.257603 4.688567 6.271943 6.374175 4.139317 4.79361 3.896577 3.826599 4.809863 3.803804 3.782406 4.675239 3.784646 0.05113 2.015388 0.009797 -0.062498 0.00148 0.053652 -0.012709 -0.059931 -0.050049 -0.056479 -0.005561 -0.039864 -0.018622 0.017658 0.013976 -0.04326 -0.053563 0.040253 0.022181
4.636049 3.990719 0.760274 4.677239 6.007197 2.445402 4.625919 6.013364 5.823082 6.017257 4.15881 4.741653 4.536096 6.118192 6.225851 4.689811 6.231965 6.334538 4.071157 4.799508 3.899025 3.763384 4.788582 3.752227 3.701136 4.633496 3.765664 0.04119 2.016478 0.009913 -0.032905 0.019414 0.040888 0.015076 -0.048765 -0.032452 -0.037708 0.010182 -0.031752 -0.053493 -0.064451 0.031712 -0.014999 -0.023179 -0.0491 0.00109
4.630494 3.949419 0.798459 4.702107 5.975301 2.486903 4.671882 5.96201 5.782822 5.970628 4.173678 4.750729 4.548898 6.067419 6.154692 4.705238 6.194897 6.294116 4.027287 4.792611 3.737653 3.600529 4.760696 3.690111 3.699081 4.592085 3.721403 0.071612 2.025882 -0.005555 -0.0413 0.038184 0.023344 0.024161 -0.061744 -0.064456 -0.079396 0.006154 -0.07116 -0.046737 0.010775 -0.007109 -0.102312 -0.178786 -0.0588 0.009404
4.651543 3.90856 0.852415 4.728274 5.950266 2.517023 4.700901 5.945408 5.744103 5.944661 4.198691 4.778067 4.573874 6.037112 6.121852 4.737773 6.171895 6.262801 3.997939 4.793647 3.741815 3.628581 4.77468 3.60099 3.568678 4.550087 3.649256 0.07673 2.041706 0.021049 -0.04086 0.053957 0.016943 0.011768 -0.014858 -0.022774 -0.019729 0.015732 -0.03284 -0.032766 0.009629 0.01739 0.00577 0.026932 -0.010206 0.015824
4.626394 3.887684 0.857107 4.748627 5.924128 2.572471 4.748249 5.92222 5.72565 5.912417 4.226904 4.796708 4.593134 5.999222 6.075965 4.762476 6.137873 6.239167 3.925326 4.744427 3.850068 3.771194 4.808483 3.676584 3.648334 4.653549 3.589273 0.122233 2.036445 -0.02515 -0.020876 0.004691 0.031189 0.028586 -0.024746 -0.033736 -0.030311 0.024235 -0.045887 -0.008516 0.065042 -0.052519 0.035151 0.137439 0.101226 -0.005262
4.569561 3.876544 0.876351 4.781555 5.903711 2.628396 4.791238 5.908898 5.703146 5.904199 4.255847 4.826008 4.615282 6.005362 6.089687 4.783631 6.139991 6.238752 3.994853 4.685553 3.86763 3.735566 4.569001 3.862485 3.890532 4.520816 3.744851 0.211994 2.027167 -0.056832 -0.01114 0.019244 0.031458 0.028133 -0.016788 -0.001061 -0.006675 0.023202 0.013722 -0.017858 -0.093931 -0.064482 0.036891 -0.023364 -0.22556 -0.009278
4.504772 3.939521 0.860466 4.81222 5.892742 2.648856 4.835955 5.923229 5.702932 5.880214 4.270049 4.840518 4.621699 5.976396 6.069146 4.793278 6.106288 6.192272 4.024763 4.563933 4.014357 4.154857 4.325331 4.041014 4.076746 4.318446 3.880114 0.307448 1.953221 -0.064789 0.062977 -0.015885 0.011509 0.00381 0.039077 -0.007879 0.013401 0.012313 -0.020542 -0.055773 0.05852 -0.263474 -0.055454 0.312829 -0.211256 -0.073946
4.461018 3.968973 0.810836 4.829349 5.876447 2.694668 4.862556 5.92373 5.706224 5.91252 4.293782 4.845954 4.624909 6.008078 6.093996 4.799536 6.145694 6.234578 4.086358 4.554263 3.995833 4.142311 4.346145 4.037578 4.082221 4.307958 3.868882 0.36833 1.907474 -0.043754 0.029452 -0.049629 0.025769 0.021248 -0.024165 0.015341 0.003921 0.007888 0.02485 0.047336 0.107706 -0.012543 -0.044412 -0.004671 -0.019528 -0.045747
4.422624 3.988842 0.665847 4.84701 5.890515 2.721149 4.857508 5.936049 5.715996 5.915141 4.307964 4.857328 4.63941 6.012747 6.108635 4.812223 6.156532 6.246449 5.886672 4.51318 5.915141 6.103782 4.510513 6.108635 6.183932 4.812223 6.156532 0.424386 1.901674 -0.038394 0.019869 -0.14499 0.014896 0.004542 0.022342 0.01255 0.024152 0.014592 0.014639 0.013703 1.57074 -0.110088 1.868713 1.918637 0.465464 -0.0058
4.165273 4.102835 0.744786 4.855436 5.900813 2.758926 4.863082 5.944403 5.727045 5.939581 4.318936 4.866557 4.651426 6.048489 6.13894 4.816803 6.182576 6.265573 5.805781 4.554892 5.935652 6.133804 4.572408 6.110676 6.189116 4.842012 6.156966 0.690163 1.797978 -0.257351 0.113994 0.07894 0.02125 0.009023 0.000639 0.015295 0.00094 0.017076 0.030305 0.010031 0.03798 0.040416 0.086578 0.017642 0.01966 -0.103696
4.147396 4.13229 0.848774 4.86351 5.914773 2.783268 4.865744 5.959251 5.734455 5.944118 4.323684 4.872566 4.659879 6.051297 6.148726 4.827366 6.18205 6.272693 5.80172 4.572727 5.927261 6.137879 4.579118 6.127835 6.20504 4.864115 6.174746 0.716114 1.782482 -0.017877 0.029455 0.103987 0.013692 -0.001951 0.028712 0.010642 0.025416 0.008954 0.009785 0.018943 0.006011 0.012195 -0.00043 0.005643 0.008855 -0.015496
4.128305 4.143405 0.96811 4.867559 5.923873 2.813256 4.857779 5.961955 5.777501 5.969309 4.299413 4.852327 4.640707 6.077758 6.16933 4.813803 6.214483 6.299155 5.821692 4.568579 5.949315 6.124923 4.557588 6.147594 6.222109 4.85045 6.190207 0.739254 1.780468 -0.019091 0.011114 0.119337 0.016869 -0.005256 -0.00927 0.018379 0.007654 -0.022492 0.020604 0.01976 0.021487 -0.00038 0.008502 0.005156 -0.013489 -0.002014
4.159884 4.202602 0.973256 4.817591 5.957614 2.054362 4.153892 4.160623 4.131862 4.142447 4.64337 4.198362 4.376652 4.17919 4.22404 4.321594 4.280326 4.297899 5.852666 4.554028 5.931332 6.118466 4.541665 6.152952 6.241253 4.835164 6.199109 0.657708 1.755012 0.031579 0.059197 0.005145 -0.426878 0.086653 -1.816221 -1.880354 -1.931315 -0.015315 -1.94529 -2.040865 -0.017085 -0.014256 -0.009558 -0.013992 -0.014772 -0.025457
4.186637 4.266188 0.941894 4.81892 5.953919 2.180106 4.750055 5.951627 5.803065 5.953583 4.300967 4.848226 4.660584 6.059797 6.156415 4.824106 6.194321 6.296386 5.86659 4.518743 5.953583 6.148756 4.524269 6.156415 6.239818 4.824106 6.194321 0.632283 1.68773 0.026754 0.063587 -0.031361 0.070731 -0.0885 1.815809 1.870463 1.942278 0.025533 1.932375 2.073237 -0.014879 -0.038007 0.001978 0.019976 0.002146 -0.067281
4.600257 4.123043 0.761608 4.641657 6.018823 1.874484 4.628037 6.0312 5.839128 6.003453 4.252779 4.814197 4.636565 6.073268 6.160889 4.776748 6.196195 6.298188 4.118382 4.751329 4.227656 4.354376 4.786026 4.312159 4.353532 4.615025 4.281281 0.0414 1.89578 0.413619 -0.143145 -0.180286 -0.171912 -0.042885 0.115449 0.05108 0.038833 -0.030579 0.004474 0.006835 -1.654051 0.44496 -1.693903 -1.747544 -0.058558 0.20805
4.570748 4.176027 0.808029 4.708444 5.985395 1.911118 4.669573 5.96558 5.824334 5.966597 4.268625 4.822573 4.638127 6.051778 6.13412 4.782779 6.185948 6.278155 4.213496 4.700466 4.096718 4.176617 4.801392 4.177134 4.218808 4.654312 4.213872 0.137697 1.809367 -0.029509 0.052984 0.046421 0.020607 0.013423 -0.0988 -0.050871 -0.056062 0.001099 -0.026769 -0.034787 0.062185 -0.050708 -0.027342 -0.173219 0.051507 -0.086413
4.526038 4.136318 0.861032 4.736722 5.967097 2.03186 4.706351 5.951424 5.804443 5.953149 4.245153 4.813293 4.61693 6.046144 6.133195 4.767796 6.179579 6.273821 4.289209 4.693859 4.079448 4.114942 4.796889 4.156948 4.174591 4.673535 4.219438 0.210685 1.830779 -0.04471 -0.03971 0.053003 0.067917 -0.007828 -0.02173 -0.010358 -0.015397 -0.023418 -0.000925 -0.0045 -0.131692 -0.002688 0.003451 -0.035231 0.016274 0.021411
4.517211 4.154221 0.853748 4.746656 5.949885 2.167368 4.696648 5.944706 5.780956 5.946063 4.229907 4.784795 4.589065 6.047293 6.135134 4.752688 6.186066 6.280398 4.320887 4.697386 4.046522 4.051409 4.784738 4.096796 4.107369 4.636871 4.16777 0.229445 1.795664 -0.008827 0.017903 -0.007284 0.076223 -0.023282 -0.018032 -0.010459 -0.013419 -0.022234 0.001938 0.000305 0.022637 0.011343 -0.012372 -0.055172 -0.033908 -0.035115
4.522726 4.162092 0.824999 4.735643 5.941492 2.292222 4.711007 5.969964 5.770361 5.963393 4.221579 4.780487 4.582712 6.061953 6.152019 4.759078 6.200449 6.302407 4.358282 4.67218 4.017899 3.993296 4.750479 4.092077 4.09674 4.621871 4.208494 0.212917 1.7794 0.005515 0.007871 -0.028749 0.07023 -0.01504 0.029924 0.017928 0.023367 -0.005639 0.016885 0.026537 -0.04105 -0.031791 0.002269 -0.045013 -0.025941 -0.016263
4.517919 4.152622 0.751556 4.734218 5.950115 2.396869 4.724716 5.963873 5.76353 5.959689 4.221663 4.7929 4.590845 6.046306 6.131382 4.768253 6.192247 6.297246 4.351243 4.652545 4.018533 3.98583 4.760477 4.058786 4.05217 4.659098 4.165269 0.216299 1.797493 -0.004807 -0.00947 -0.073443 0.058864 0.00797 -0.011841 -0.007625 -0.018886 0.004329 -0.020637 -0.005031 -0.029888 -0.030179 -0.003287 -0.001862 0.038151 0.018092
4.525586 4.148043 0.692405 4.755234 5.939859 2.500788 4.740873 5.972213 5.764074 5.956935 4.238828 4.80261 4.607698 6.045103 6.130187 4.785153 6.18816 6.289822 4.319646 4.642806 4.023652 3.986185 4.705699 4.068054 4.067818 4.61109 4.192446 0.229648 1.791815 0.007667 -0.004579 -0.059151 0.058454 0.012422 0.009891 -0.005141 -0.008361 0.020276 -0.001195 -0.014615 0.045488 -0.014517 0.026534 -0.000606 -0.063304 -0.005677
4.518473 4.137544 0.616152 4.776038 5.946292 2.561498 4.741326 5.976552 5.751739 5.956492 4.277272 4.831168 4.633425 6.05036 6.123167 4.800165 6.179348 6.270221 5.887482 4.479928 5.956492 6.092404 4.497856 6.123167 6.169468 4.800165 6.179348 0.257565 1.808747 -0.007113 -0.010499 -0.076252 0.034149 0.025843 -0.010136 0.000818 -0.006425 0.029752 -0.00702 -0.021349 1.704873 -0.355796 1.653324 2.044019 0.060901 0.016932
4.642512 4.226141 0.758594 4.803087 5.938116 2.606583 4.788672 5.983839 5.756971 5.948415 4.281332 4.840647 4.624726 6.042688 6.132641 4.797794 6.183574 6.275752 4.307568 4.784192 4.126511 4.065619 4.756868 4.166823 4.210071 4.671015 4.136877 0.160574 1.711976 0.124039 0.088596 0.142441 0.02536 0.002081 0.031242 0.013014 0.034984 -0.004428 0.009475 -0.002065 -1.420665 0.51064 -1.570673 -1.951526 -0.011895 -0.096772
4.607455 4.247415 0.804535 4.815907 5.939733 2.658214 4.77293 6.009241 5.809963 5.986741 4.305781 4.838856 4.654227 6.102132 6.206788 4.831327 6.241701 6.340187 5.908927 4.493535 5.986741 6.175977 4.533454 6.206788 6.284741 4.831327 6.241701 0.208452 1.692319 -0.035057 0.021274 0.045942 0.029043 0.005081 0.028394 0.03944 0.048589 0.040027 0.074146 0.070516 1.513639 -0.503479 1.628897 2.00398 0.045628 -0.019657
4.374177 4.293853 0.915528 4.648869 5.991489 2.06883 4.650117 6.183113 5.943539 6.12339 4.360402 4.808538 4.660164 6.156889 6.262964 4.838213 6.2408 6.348553 4.273491 4.244538 4.43516 4.656423 4.402469 4.569504 4.668617 4.533189 4.503212 0.274692 1.697635 -0.233278 0.046439 0.110992 -0.331528 -0.000411 0.201312 0.143493 0.134942 0.015514 0.056176 0.028667 -1.411181 -0.161826 -1.480333 -1.539484 -0.226642 0.005317
4.334184 4.400605 0.789912 4.726216 6.035562 2.074551 4.737393 6.245553 5.994223 6.183698 4.38917 4.880882 4.716977 6.261237 6.422508 4.892427 6.362236 6.490943 4.341833 4.187368 4.53506 4.744629 4.264292 4.742827 4.829592 4.41088 4.687518 0.392032 1.634956 -0.039993 0.106752 -0.125615 0.003218 0.04317 0.10131 0.11544 0.170428 0.052253 0.159544 0.159321 -0.132031 -0.088028 0.097769 0.094331 -0.149187 -0.062679
4.343514 4.498005 0.74715 4.791537 6.128335 2.184952 4.758875 6.395702 6.06509 6.338416 4.46036 4.906182 4.74734 6.437519 6.622592 4.903414 6.539674 6.691877 6.048503 4.576918 6.338416 6.698377 4.645996 6.622592 6.774296 4.903414 6.539674 0.448023 1.63033 0.009329 0.0974 -0.042762 0.0621 0.065356 0.162736 0.187485 0.21703 0.044774 0.200083 0.23294 1.748493 0.35797 1.63769 1.891571 0.449874 -0.004627
4.519642 3.7012 1.006452 4.687608 6.436337 2.253729 4.688052 6.702659 6.270143 6.626872 4.557065 4.890243 4.719302 6.740987 6.945432 4.90396 6.829743 6.987915 6.192214 4.507784 6.626872 6.972553 4.693857 6.945432 7.028957 4.90396 6.829743 0.167965 2.735136 0.176129 -0.796805 0.259301 0.038687 0.000786 0.282589 0.329475 0.274176 0.047861 0.322841 0.246484 0.259431 0.000786 0.205052 0.329475 0.043175 1.104807
4.514912 3.698162 1.008615 4.715307 6.551054 2.185849 4.72706 7.039551 6.504466 6.880924 4.507918 4.934385 4.764729 6.905154 7.160994 4.970154 6.928838 7.137904 6.302913 4.54471 6.880924 7.350987 4.687532 7.160994 7.346524 4.970154 6.928838 0.200395 2.852893 -0.00473 -0.003039 0.002163 -0.038183 0.004418 0.417739 0.283343 0.378435 -0.006324 0.215561 0.234773 0.262653 0.004418 0.234323 0.283343 0.034336 0.117756
4.03374 4.811554 1.004043 4.754524 6.705464 2.176169 4.754378 7.236283 6.667544 7.085455 4.489986 4.956359 4.784213 7.113091 7.396716 4.977175 7.094775 7.338961 5.232008 4.219718 4.906981 5.423613 4.034859 5.305838 5.478061 3.848731 5.079648 0.720783 1.89391 -0.481172 1.113392 -0.004572 -0.005445 0.026193 0.223199 0.232639 0.281609 -0.003115 0.235722 0.241463 -1.427609 -0.239147 -1.873237 -1.950593 -0.989815 -0.958983
4.047685 4.879464 1.08311 4.834305 6.786 2.071356 4.812582 7.315938 6.811593 7.215039 4.574687 4.982627 4.825575 7.291086 7.542245 4.968785 7.295242 7.494034 5.236561 4.329383 4.94916 5.245484 4.041943 5.17907 5.221897 3.92918 5.038355 0.78662 1.906537 0.013945 0.06791 0.079066 -0.058957 0.071493 0.061475 0.106394 0.067374 0.058564 0.145529 0.10653 0.020226 0.167011 0.002576 -0.046133 0.030277 0.012627
4.081288 4.88838 1.131732 4.889373 6.966302 2.013674 4.810225 7.443468 7.040883 7.395203 4.611998 4.975309 4.858996 7.483529 7.693207 5.003572 7.481182 7.678895 5.151974 4.402078 4.890247 5.162742 4.176753 5.08304 5.191006 4.035951 4.862194 0.808085 2.077923 0.033603 0.008916 0.048623 -0.032446 0.027091 0.080278 0.130817 0.094658 0.047916 0.150962 0.192697 -0.263027 -0.025087 -0.017568 -0.084817 0.109425 0.171386
4.144956 4.848451 1.210352 4.894621 7.150123 1.859779 4.824466 7.601616 7.258704 7.592444 4.666847 4.994217 4.905222 7.670063 7.892623 5.027302 7.652249 7.821475 5.042807 4.342933 4.645562 4.846486 4.33222 4.850032 4.95204 4.086733 4.830244 0.749665 2.301671 0.063668 -0.039929 0.07862 -0.086566 0.046171 0.174171 0.212875 0.223465 0.053637 0.199416 0.107564 -0.106665 0.061027 -0.081885 -0.320136 0.128728 0.223749
4.170419 4.735945 1.234642 4.891958 7.335437 1.584152 4.866112 7.630836 7.429274 7.677794 4.730452 4.972557 4.908928 7.744344 7.908688 5.017478 7.753258 7.868583 5.01506 4.364357 4.412875 4.553827 4.438934 4.578263 4.670139 4.212284 4.6528 0.721539 2.599492 0.025463 -0.112507 0.02429 -0.15504 -0.001287 0.008045 0.027269 0.000394 0.032434 0.016065 0.013025 -0.135783 0.020397 -0.106806 -0.275865 0.12777 0.297821
4.133578 4.660292 1.065626 4.885704 7.458972 1.510204 4.823457 7.79224 7.572967 7.787342 4.765738 4.963679 4.913321 7.835273 7.994345 5.009605 7.810922 7.934183 4.978593 4.265897 4.412663 4.326697 4.373763 4.510081 4.51681 4.202342 4.613895 0.752126 2.798679 -0.036841 -0.075652 -0.169016 -0.041596 0.066669 0.14973 0.084743 0.057617 0.009886 0.085657 0.072098 -0.181499 -0.103193 0.064012 -0.110524 -0.041725 0.199187
4.104636 4.643233 0.767603 4.893507 7.575146 1.257773 4.8116 7.633892 7.758111 7.736459 4.922021 4.975349 4.944321 7.745689 7.655184 5.015493 7.744605 7.680029 7.3923 4.821054 7.736459 7.591259 4.958844 7.655184 7.596729 5.015493 7.744605 0.788871 2.931913 -0.028942 -0.01706 -0.298023 -0.141992 0.117416 -0.337552 -0.301744 -0.484845 0.071989 -0.339161 -0.421697 3.038155 0.472739 3.266554 3.281063 0.749216 0.133234
4.445918 3.955476 0.854559 4.892035 7.608636 1.053667 4.746281 8.436478 7.911252 8.344021 4.705896 4.936665 4.871856 8.367243 8.58648 5.002319 8.297475 8.475474 4.325741 4.528697 3.78266 3.727283 4.649781 3.931076 3.916238 4.517709 4.193326 0.446117 3.65316 0.341282 -0.687757 0.086957 -0.11481 -0.191711 1.009854 0.940257 1.173127 -0.118567 0.931296 0.996138 -3.584546 -0.187356 -3.803546 -3.910913 -0.410016 0.721247
4.438486 3.955731 0.739633 4.822803 7.968365 1.993088 4.751897 8.470384 7.979837 8.404387 4.726995 4.933874 4.865862 8.424269 8.617324 4.992643 8.361166 8.512087 4.253598 4.529276 3.708673 3.548111 4.661995 3.698363 3.647649 4.560751 3.931266 0.384316 4.012634 -0.007432 0.000255 -0.114926 0.528424 0.013977 0.017788 0.03302 -0.005201 -0.001708 0.030844 0.009423 0.025556 -0.031635 -0.081556 -0.120858 0.036303 0.359474
4.451741 3.930413 0.643693 4.826067 8.030598 1.968597 4.757707 8.455406 8.038673 8.426715 4.752843 4.93337 4.880612 8.454417 8.623527 5.01197 8.392697 8.527066 4.171259 4.510438 3.752561 3.60667 4.631005 3.88776 3.838592 4.55469 4.091115 0.374326 4.100186 0.013254 -0.025318 -0.09594 -0.013776 0.013365 -0.042296 -0.004852 -0.032641 0.022497 0.006204 -0.004413 -0.132609 -0.037813 0.000451 0.063373 -0.048003 0.087551
4.466436 3.873806 0.598446 4.830697 8.06417 1.96534 4.751394 8.512189 8.072416 8.457769 4.769998 4.940561 4.893677 8.479227 8.645605 5.021667 8.408941 8.52602 7.548708 4.68227 8.457769 8.759271 4.876664 8.645605 8.743603 5.021667 8.408941 0.364262 4.190365 0.014695 -0.056607 -0.045247 -0.001832 0.005147 0.069762 0.028791 0.032727 0.015597 0.022078 -0.024153 4.15901 0.097582 4.198957 4.965614 0.396962 0.090179
4.615877 3.604433 0.974507 4.799205 7.976646 1.970437 4.749224 8.514811 8.105261 8.462748 4.801456 4.938205 4.923623 8.455818 8.589823 5.023046 8.351558 8.435097 4.177858 4.689277 3.486538 3.376091 4.865092 3.597293 3.563777 4.778348 3.929024 0.183327 4.372213 0.149442 -0.269372 0.37606 0.002867 0.03926 -0.013219 -0.017818 -0.0337 0.036005 -0.055782 -0.118689 -4.400733 0.120382 -4.348722 -5.240999 -0.118401 0.181848
4.639296 3.713186 0.921994 4.850494 8.069961 2.00742 4.77108 8.583189 8.122982 8.512429 4.817809 4.952456 4.92009 8.514751 8.686733 5.034239 8.432793 8.542614 4.158071 4.701653 3.471742 3.366489 4.909587 3.584969 3.553107 4.797177 3.879314 0.211197 4.356775 0.023419 0.108753 -0.052513 0.020803 -0.00405 0.080778 0.079499 0.093113 0.001751 0.09691 0.125054 0.045329 0.005687 -0.025989 -0.007682 0.016915 -0.015438
4.668821 3.696036 0.913943 4.863678 8.11749 2.024616 4.775506 8.557823 8.129125 8.517361 4.82056 4.955327 4.921899 8.533769 8.691141 5.045832 8.450674 8.556657 4.184375 4.741978 3.427106 3.329731 4.934418 3.543846 3.548563 4.824108 3.776216 0.194858 4.421454 0.029524 -0.01715 -0.008051 0.009673 0.007203 -0.03856 -0.01691 -0.031986 0.00573 0.004408 0.011069 0.137956 0.030245 -0.055335 -0.036486 0.021848 0.064679
4.725689 3.730193 0.895381 4.86525 8.131144 2.048623 4.778756 8.55056 8.129162 8.521026 4.818385 4.964794 4.920734 8.534729 8.690423 5.04512 8.449808 8.566165 4.193388 4.751665 3.459024 3.457408 4.944898 3.624185 3.662015 4.830846 3.787838 0.139561 4.400951 0.056868 0.034157 -0.018562 0.013504 0.005446 -0.01704 0.005752 0.004718 -0.009392 -0.000718 0.019072 -0.042485 0.019684 -0.013219 0.083112 0.005187 -0.020503
4.717203 3.736273 0.900688 4.86728 8.131969 2.047651 4.771548 8.566648 8.120726 8.521117 4.811846 4.963299 4.922518 8.537941 8.702289 5.051191 8.437934 8.552276 4.193175 4.745537 3.442823 3.517662 4.941761 3.680725 3.768868 4.828837 3.802477 0.150077 4.395696 -0.008486 0.00608 0.005307 -0.000547 -0.007577 0.021465 0.007894 0.004729 0.004832 0.011866 -0.025114 -0.004538 -0.018285 -0.0298 0.022765 -0.004852 -0.005255
4.712512 3.720733 0.930555 4.865834 8.133253 2.060065 4.780643 8.546004 8.118604 8.520046 4.820383 4.97087 4.921934 8.536409 8.701982 5.05081 8.44775 8.576113 4.214185 4.779386 3.518861 3.810709 4.922282 3.867796 4.007916 4.826238 3.800709 0.153322 4.41252 -0.004691 -0.01554 0.029866 0.006983 0.007533 -0.028264 -0.004029 -0.010752 -0.004192 -0.000307 0.039284 0.027266 0.041448 -0.005034 0.21642 -0.024647 0.016824
4.707341 3.739664 0.936917 4.871627 8.132339 2.053521 4.787536 8.528006 8.131758 8.524327 4.813682 4.964266 4.918765 8.545997 8.706481 5.046334 8.466709 8.599138 4.251096 4.776254 3.572543 3.923525 4.878369 3.900439 4.028569 4.83072 3.827363 0.164285 4.392675 -0.00517 0.018931 0.006362 -0.003681 0.005695 -0.026816 -0.001611 0.00518 -0.002394 0.004498 0.036428 0.028054 -0.001177 0.018328 0.103052 -0.024322 -0.019845
4.717801 3.789133 0.910218 4.868661 8.137292 2.075574 4.786277 8.556359 8.143201 8.532519 4.82117 4.974253 4.92724 8.54636 8.70477 5.058989 8.449708 8.56065 4.294745 4.781187 3.620178 3.9864 4.844567 3.951812 4.065318 4.817722 3.855819 0.15086 4.348159 0.01046 0.049469 -0.026699 0.012404 0.002288 0.026753 0.008949 -0.002122 0.00936 -0.001711 -0.067222 0.041583 -0.007716 0.039713 0.071909 -0.036085 -0.044516
4.727806 3.832338 0.911471 4.877246 8.140265 2.069177 4.786032 8.589061 8.1277 8.531212 4.823501 4.976482 4.93582 8.544178 8.707051 5.056374 8.451396 8.579443 4.306663 4.795001 3.63851 3.990591 4.817829 3.991239 4.063129 4.803057 3.89241 0.14944 4.307927 0.010004 0.043205 0.001253 -0.003598 -0.000623 0.064945 0.006552 0.02782 0.004521 0.002281 0.047063 -0.004623 0.008182 0.026824 0.019636 -0.033401 -0.040232
4.740096 3.845514 0.908462 4.880222 8.138285 2.064063 4.781651 8.565131 8.128721 8.528635 4.82368 4.968882 4.929203 8.54012 8.705464 5.056809 8.44612 8.568755 4.339443 4.785402 3.62095 3.937929 4.795505 3.959397 4.026004 4.769447 3.882525 0.140126 4.292771 0.01229 0.013176 -0.003009 -0.002877 0.001118 -0.041023 -0.003859 -0.009999 -0.004278 -0.001587 -0.018466 -0.015262 -0.034148 -0.003282 -0.029841 -0.025732 -0.015156
4.722579 3.87039 0.923461 4.875717 8.134338 2.065893 4.784575 8.565908 8.111939 8.513867 4.81751 4.971002 4.928692 8.532169 8.699301 5.055643 8.44081 8.557059 4.365837 4.748538 3.58595 3.920152 4.771391 3.885286 3.981647 4.734035 3.834047 0.153138 4.263948 -0.017517 0.024876 0.014999 0.001029 -0.008024 0.013563 -0.010503 -0.006176 0.001884 -0.006163 -0.018437 -0.023208 -0.020336 0.001194 -0.047172 -0.022346 -0.028823
4.695907 3.869725 0.977541 4.872835 8.127622 2.051214 4.780197 8.567927 8.116474 8.515362 4.816469 4.974304 4.93334 8.527412 8.695602 5.06465 8.424838 8.548297 4.378458 4.708405 3.537697 3.851063 4.713901 3.857118 3.936353 4.664989 3.772925 0.176929 4.257897 -0.026672 -0.000665 0.054081 -0.008257 0.002094 0.004557 0.002202 0.012395 0.002566 -0.003699 0.00217 -0.035683 -0.043876 -0.008291 -0.032816 -0.060428 -0.006051
4.652781 3.841175 1.05996 4.879718 8.123678 2.057951 4.780097 8.563938 8.104191 8.510376 4.808828 4.965138 4.921569 8.523428 8.703122 5.049831 8.426626 8.557726 4.381927 4.68336 3.436762 3.785252 4.682233 3.730851 3.847594 4.59046 3.653805 0.226936 4.282503 -0.043125 -0.02855 0.082419 0.003789 -0.003107 0.000535 0.001832 0.002146 -0.012328 0.00752 0.017371 -0.018571 -0.016184 -0.053655 -0.095068 -0.050714 0.024606
4.635859 3.795564 1.156278 4.870733 8.120487 2.044048 4.785875 8.572074 8.120152 8.520098 4.814306 4.96808 4.926433 8.528959 8.697568 5.055997 8.439808 8.574057 4.354772 4.630694 3.32461 3.615976 4.682957 3.547626 3.695738 4.581968 3.535873 0.234874 4.324923 -0.016922 -0.045611 0.096318 -0.00782 -0.009975 0.00455 0.001866 -0.004131 0.00616 -0.005554 0.02037 -0.000841 -0.044424 0.002093 -0.195235 0.002849 0.04242
4.651424 3.736697 1.216879 4.870177 8.127042 2.043501 4.774826 8.586441 8.123209 8.52259 4.806414 4.964558 4.920388 8.53278 8.709315 5.045721 8.44239 8.576873 4.336813 4.618084 3.259723 3.449024 4.698741 3.407446 3.512403 4.588805 3.563063 0.218753 4.390346 0.015565 -0.058868 0.060602 -0.000308 -0.008239 0.024922 0.006722 0.006541 -0.005741 0.011747 -0.003433 -0.019481 -0.001931 -0.01128 -0.149846 0.029294 0.065423
4.663059 3.69056 1.272313 4.866384 8.13319 2.02946 4.769015 8.581778 8.12142 8.520774 4.799962 4.959544 4.916287 8.530498 8.706068 5.050709 8.435345 8.563882 4.323113 4.64172 3.210366 3.362738 4.749902 3.295198 3.377648 4.649628 3.488528 0.203324 4.44263 0.011635 -0.046136 0.055434 -0.007898 0.003727 -0.013673 0.002791 0.005062 -0.007319 -0.003247 -0.019302 0.009624 0.028916 -0.056014 -0.075952 0.078326 0.052284
4.6812 3.655553 1.314432 4.863809 8.132202 2.020694 4.776151 8.567517 8.11455 8.512118 4.804239 4.960019 4.915805 8.527328 8.694277 5.046126 8.437955 8.560632 4.340625 4.659587 3.212094 3.368412 4.795662 3.333044 3.433669 4.692571 3.49135 0.182609 4.476649 0.018141 -0.035008 0.042119 -0.004931 0.00077 -0.009502 -0.017278 -0.016607 0.002863 -0.011792 -0.005871 0.024874 0.024412 -0.014516 0.003247 0.045248 0.03402
4.679938 3.663947 1.333077 4.86379 8.130246 2.014635 4.770764 8.565594 8.123202 8.517396 4.8015 4.95924 4.918835 8.533139 8.701827 5.044069 8.449314 8.578659 4.361822 4.716972 3.248298 3.436276 4.887255 3.411394 3.538206 4.783553 3.538535 0.183852 4.4663 -0.001263 0.008394 0.018645 -0.003408 0.003335 -0.00599 0.007832 0.012004 -0.000218 0.00755 0.027193 0.004768 0.056829 -0.000856 0.059668 0.101287 -0.01035
4.698573 3.695205 1.315351 4.863515 8.135223 2.017459 4.771926 8.590639 8.117848 8.515105 4.802488 4.956608 4.920003 8.526554 8.69619 5.051091 8.436432 8.55328 4.319868 4.752313 3.325804 3.464164 4.959835 3.574237 3.687118 4.844329 3.681997 0.164942 4.440018 0.018636 0.031258 -0.017727 0.001588 -0.00699 0.038753 0.004689 0.01108 0.003559 -0.005637 -0.036018 -0.047795 0.03256 -0.015831 0.061954 0.05113 -0.026281
4.705291 3.71489 1.196317 4.861542 8.131278 2.00598 4.771023 8.558138 8.120626 8.512512 4.79634 4.958211 4.916239 8.531073 8.703674 5.039666 8.448769 8.585466 4.298656 4.778954 3.379094 3.594036 4.954479 3.640647 3.786397 4.849768 3.752189 0.156251 4.416387 0.006718 0.019686 -0.119033 -0.006456 0.00121 -0.05146 -0.011586 -0.017209 -0.009666 0.007485 0.054063 -0.003498 0.030659 0.029476 0.094278 0.001344 -0.023631
4.724918 3.725833 1.128936 4.861204 8.131098 2.031122 4.775795 8.548728 8.13141 8.519531 4.798221 4.957457 4.918362 8.536559 8.701042 5.046084 8.455728 8.582447 4.279849 4.758223 3.508497 3.846106 4.935445 3.869743 4.020452 4.835566 3.80035 0.136287 4.405265 0.019626 0.010943 -0.067381 0.014142 0.002981 -0.008225 0.003608 -4.8e-05 0.004558 -0.002632 -0.015961 0.03017 -0.020864 -0.005914 0.231553 -0.052269 -0.011123
4.720001 3.713144 1.118338 4.860294 8.134599 2.038558 4.777026 8.583527 8.116352 8.520896 4.80036 4.963952 4.914948 8.540553 8.713206 5.04053 8.457419 8.593577 4.276507 4.786503 3.547737 3.912721 4.89353 3.908385 4.050151 4.81725 3.796702 0.140293 4.421455 -0.004916 -0.012689 -0.010599 0.004183 -0.000512 0.043872 0.010731 0.011081 -0.000876 0.012164 0.018207 -0.032907 0.003521 -0.020323 0.070202 -0.03646 0.01619
4.737379 3.726882 1.083158 4.864515 8.138539 2.037129 4.773428 8.576497 8.125337 8.529699 4.798087 4.960509 4.914749 8.549358 8.720815 5.042092 8.467118 8.596511 4.305253 4.759737 3.510672 3.92775 4.869958 3.914562 4.075211 4.813707 3.80897 0.127136 4.411657 0.017377 0.013738 -0.03518 -0.000804 -0.004821 -0.010663 0.006202 -0.002077 -0.001181 0.007609 -0.006831 0.090801 -0.038929 0.053186 -0.024105 -0.005362 -0.009799
4.720234 3.74754 1.099839 4.861302 8.143954 2.055998 4.777731 8.57962 8.113164 8.515114 4.806094 4.963109 4.918009 8.532892 8.699452 5.048587 8.446205 8.573524 4.329067 4.725016 3.506936 3.905239 4.821778 3.915094 4.029051 4.800436 3.83638 0.141068 4.396414 -0.017144 0.020658 0.016681 0.010614 0.009932 0.006115 -0.015449 -0.009239 0.00306 -0.021363 -0.023546 0.004951 -0.010971 0.011704 0.003396 -0.046954 -0.015242
4.721331 3.772512 1.09618 4.864487 8.130844 2.037476 4.785056 8.59255 8.11206 8.521227 4.807718 4.970126 4.919654 8.533418 8.704486 5.045265 8.447415 8.592267 4.366193 4.768255 3.587281 3.928498 4.810804 3.936492 4.030736 4.777927 3.859822 0.143156 4.358332 0.001096 0.024972 -0.003658 -0.010419 0.003132 0.007458 0.009418 0.004858 0.000424 0.005034 0.035449 0.000107 0.01815 0.019332 0.072893 -0.022323 -0.038082
4.711262 3.814558 1.087534 4.870735 8.135133 2.021424 4.777487 8.589367 8.108872 8.508084 4.812261 4.969391 4.92643 8.517192 8.687961 5.048842 8.429218 8.561857 4.388501 4.786839 3.621998 3.966877 4.790708 3.966128 4.038189 4.773405 3.880276 0.159473 4.320575 -0.010069 0.042046 -0.008646 -0.009029 0.001189 0.01183 -0.011001 0.000126 0.007137 -0.016525 -0.038041 0.022537 0.02114 0.009781 0.0505 -0.02399 -0.037757
4.705781 3.850524 1.061091 4.871656 8.123468 1.996472 4.775113 8.570116 8.10344 8.497571 4.808363 4.969716 4.926614 8.509371 8.685218 5.050367 8.426147 8.559537 4.403499 4.785436 3.609991 3.947283 4.768057 3.969542 4.036306 4.749005 3.872269 0.165874 4.272944 -0.00548 0.035966 -0.026443 -0.014035 -0.009299 -0.0133 -0.0116 -0.007877 -0.000909 -0.002742 0.002375 0.002881 -0.008989 0.027365 -0.014369 -0.022621 -0.047632
4.695616 3.878223 1.035772 4.871237 8.116118 1.995962 4.77375 8.572953 8.122095 8.514776 4.798012 4.964142 4.924703 8.528965 8.709667 5.055395 8.435346 8.552626 4.411881 4.756267 3.635043 3.946693 4.731918 3.956154 4.018363 4.707371 3.858427 0.175621 4.237895 -0.010165 0.027699 -0.025319 -0.000287 -0.010676 -0.001798 0.018873 0.016022 0.001743 0.024449 -0.024602 -0.00487 -0.064484 0.030212 0.017291 -0.024211 -0.035049
4.676862 3.908019 0.992297 4.865865 8.135069 1.998118 4.775735 8.586425 8.108177 8.512911 4.810552 4.97197 4.929419 8.524171 8.701592 5.051762 8.44045 8.580939 4.441755 4.734172 3.660987 3.970168 4.693738 3.966845 4.027086 4.673212 3.859718 0.189002 4.22705 -0.018754 0.029797 -0.043475 0.001213 0.012049 0.006709 -0.001416 -0.012479 -4.6e-05 -0.008075 0.043637 -0.01345 -0.03193 0.008811 0.022782 -0.038738 -0.010845
4.636351 3.937928 0.992035 4.870665 8.133373 1.976325 4.781004 8.573145 8.095412 8.494109 4.811337 4.973543 4.93231 8.503773 8.677743 5.0594 8.422117 8.558903 4.480806 4.708205 3.649422 3.986675 4.632115 3.965211 4.064733 4.579527 3.85469 0.234314 4.195445 -0.040511 0.029908 -0.000262 -0.012259 -0.000919 -0.006029 -0.016717 -0.003719 0.003496 -0.023849 -0.019961 -0.038832 -0.011106 -0.013632 -0.02249 -0.080014 -0.031604
4.588436 3.953831 1.037483 4.872088 8.119724 1.944689 4.781836 8.550912 8.098551 8.485814 4.809075 4.970443 4.931765 8.506488 8.689763 5.059304 8.429886 8.55448 4.52219 4.656319 3.665482 3.959019 4.587345 3.900701 4.026891 4.48563 3.800299 0.283652 4.165894 -0.047916 0.015903 0.045448 -0.017796 -0.013397 -0.017533 -0.005731 -0.008097 0.002847 0.01202 -0.019588 -0.062051 -0.01449 -0.022899 -0.041359 -0.051409 -0.029552
4.528851 3.971693 1.083975 4.867107 8.121886 1.946319 4.778463 8.57148 8.096297 8.499944 4.805827 4.975036 4.929382 8.514532 8.689978 5.064081 8.424687 8.547897 4.531011 4.572955 3.639175 3.980691 4.500234 3.878032 4.029808 4.384218 3.783481 0.338256 4.150193 -0.059585 0.017862 0.046493 0.000917 0.011451 0.016016 0.0155 0.016217 -0.00548 0.000215 -0.007071 0.024874 -0.078372 0.095359 -0.005241 -0.110637 -0.015701
4.467265 3.967848 1.110467 4.873212 8.132528 1.931716 4.77942 8.574108 8.100821 8.495981 4.819355 4.976518 4.937195 8.505036 8.684511 5.058398 8.433085 8.571658 4.520006 4.460256 3.618158 3.937354 4.442261 3.803579 3.962412 4.313591 3.789984 0.405947 4.16468 -0.061585 -0.003844 0.026492 -0.008214 0.004346 0.012222 -0.004947 -0.001042 0.00728 -0.005466 0.037649 0.012811 -0.120316 0.074205 -0.052741 -0.045918 0.014487
4.378621 3.935714 1.153141 4.87691 8.126751 1.915063 4.779653 8.568141 8.084915 8.495936 4.81526 4.979596 4.932843 8.509529 8.690867 5.056515 8.422432 8.559176 4.542072 4.393454 3.606878 3.864395 4.37126 3.817639 3.93429 4.293688 3.804435 0.498289 4.191037 -0.088644 -0.032135 0.042674 -0.009367 -0.006747 -0.015675 0.001367 -0.008466 -0.004441 0.006356 -0.017657 0.000883 -0.09524 -0.058621 -0.025459 -0.056791 0.026358
4.290877 3.953324 1.15967 4.874916 8.131995 1.9068 4.783167 8.551102 8.076566 8.480269 4.82062 4.97925 4.940689 8.499296 8.685177 5.061714 8.423139 8.558204 4.570279 4.213442 3.612734 3.76255 4.186732 3.78154 3.862105 4.203275 3.812583 0.58404 4.17867 -0.087744 0.01761 0.006529 -0.004648 0.000849 0.001638 -0.007818 0.000972 0.009243 -0.00569 -0.003703 0.108705 -0.243591 0.091247 -0.072443 -0.136502 -0.012367
4.2335 3.975352 1.171864 4.875797 8.121255 1.90814 4.783006 8.552784 8.090654 8.483991 4.814263 4.97648 4.938425 8.499645 8.677254 5.065581 8.417892 8.541481 4.522294 4.064545 3.695787 3.738147 4.052033 3.707371 3.776658 4.244877 3.739582 0.642297 4.145903 -0.057377 0.022027 0.012194 0.000754 0.004654 -0.005842 -0.00531 -0.004674 -0.002269 -0.007923 -0.020053 0.340626 -0.236382 0.038595 0.009619 -0.035518 -0.032767
4.184055 4.033273 0.976311 4.876649 8.122669 1.905943 4.783129 8.571305 8.104181 8.49761 4.81752 4.977663 4.938956 8.508464 8.688425 5.061443 8.428862 8.559588 7.601014 4.718027 8.49761 8.805294 4.925365 8.688425 8.793911 5.061443 8.428862 0.692595 4.089396 -0.049445 0.057921 -0.195553 -0.001236 -0.008178 0.01833 0.009547 0.002362 0.000416 0.011171 0.022439 3.861261 0.749054 4.217553 5.003276 0.888491 -0.056507
3.575353 4.166697 0.963192 4.809271 7.916389 1.985364 4.768399 8.531288 8.076059 8.456804 4.7815 4.964731 4.92449 8.441464 8.609093 5.038259 8.325145 8.451996 7.487698 4.726289 8.456804 8.784176 4.903415 8.609093 8.728659 5.038259 8.325145 1.233918 3.749692 -0.608701 0.133424 -0.01312 0.044674 0.001301 -0.046461 -0.043707 -0.021118 -0.021951 -0.079331 -0.09718 -0.189853 0.001301 -0.028122 -0.043707 -0.02044 -0.339704
3.376709 4.427714 0.914679 4.811916 7.926987 2.014196 4.766537 8.544004 8.088425 8.464989 4.798821 4.966311 4.933295 8.44629 8.618395 5.043192 8.326603 8.454991 4.660796 3.201039 4.429334 4.578696 3.351712 4.657927 4.665532 3.401368 4.623649 1.435207 3.499273 -0.198644 0.261017 -0.048512 0.016218 0.006203 0.009347 0.009641 0.010403 0.018339 0.009302 0.003926 -3.465098 -1.527182 -3.739483 -4.105562 -1.607377 -0.250419
3.381481 4.431263 0.836364 4.863827 8.059395 2.070527 4.7843 8.56191 8.087148 8.49575 4.80672 4.975033 4.93288 8.504515 8.686382 5.059358 8.422374 8.5498 4.755979 3.236906 4.404482 4.549872 3.306959 4.562943 4.617817 3.4027 4.530023 1.482345 3.628132 0.004773 0.003549 -0.078315 0.031686 -0.003262 0.023323 0.039043 0.026781 -0.000617 0.067986 0.087706 0.126933 -0.000392 0.076173 -0.059229 -0.033406 0.128858
3.354971 4.553878 0.735258 4.87379 8.098212 2.061606 4.783656 8.566309 8.088207 8.497718 4.813535 4.98054 4.938111 8.511617 8.685887 5.064654 8.420512 8.552673 4.815803 3.301761 4.566993 4.744793 3.219731 4.650787 4.739409 3.239409 4.592388 1.518819 3.544334 -0.02651 0.122615 -0.101106 -0.005018 0.005462 0.000389 -0.004722 -0.015551 0.004836 -0.000494 0.00138 0.174655 0.10046 0.157036 0.173615 -0.166023 -0.083798
3.328551 4.676166 0.424336 4.877177 8.107812 2.046502 4.784514 8.562003 8.089804 8.495793 4.816469 4.98188 4.94022 8.513176 8.682353 5.066313 8.427793 8.553867 7.5428 4.727352 8.495793 8.796805 4.92551 8.682353 8.776726 5.066313 8.427793 1.548626 3.431647 -0.02642 0.122288 -0.310922 -0.008496 0.004036 -0.008025 -0.005656 -0.009004 -0.000463 -0.003535 -0.005296 3.295228 1.439553 3.52002 4.029481 1.832268 -0.112687
3.235838 4.874369 0.895969 4.832087 7.96288 2.005912 4.777221 8.55306 8.07543 8.47095 4.818844 4.959734 4.934134 8.470532 8.642885 5.04392 8.383565 8.514014 5.157627 3.094897 5.072395 5.153491 3.325956 5.166241 5.110142 3.376444 5.067176 1.596248 3.088511 -0.092712 0.198203 0.471633 -0.022832 0.002833 0.000557 -0.021046 -0.007802 0.001768 -0.039468 -0.028669 -3.004415 -1.583227 -3.264385 -3.521098 -1.645885 -0.343136
3.212477 4.995898 0.926584 4.866759 8.072087 2.029261 4.785568 8.581643 8.10508 8.500865 4.821614 4.976453 4.935075 8.496819 8.67378 5.063279 8.414426 8.546154 5.17076 3.144864 5.165838 5.140251 3.310658 5.289714 5.248111 3.216426 5.294991 1.654282 3.076189 -0.023361 0.121529 0.030615 0.013134 0.004815 0.027396 0.033642 0.038319 -0.003268 0.030895 0.042056 0.025479 0.013117 0.099415 0.028834 -0.159036 -0.012322
3.30783 5.037325 0.7838 4.880662 8.106328 2.000151 4.782437 8.584201 8.117972 8.51001 4.833835 4.985203 4.953007 8.517642 8.680369 5.075563 8.435326 8.548015 5.084707 3.174842 5.105668 5.109762 3.413945 5.186948 5.168627 3.429002 5.287002 1.572832 3.069003 0.095353 0.041427 -0.142784 -0.016374 -0.008007 -0.002176 -0.006327 -0.031317 0.016075 0.006589 -0.032002 -0.057217 -0.051124 0.145198 -0.085833 0.231282 -0.007186
3.346809 5.09797 0.813968 4.883266 8.125872 1.987426 4.783768 8.589789 8.098665 8.497176 4.839958 4.983831 4.948536 8.500264 8.675215 5.065979 8.412459 8.548574 7.567273 4.73316 8.497176 8.800427 4.936875 8.675215 8.777216 5.065979 8.412459 1.536457 3.027902 0.038979 0.060645 0.030168 -0.007158 0.006643 0.009474 -0.003797 0.004421 -0.003211 -0.005154 0.027214 3.068405 1.627519 3.028632 3.580568 1.574228 -0.041102
3.64688 4.934674 0.872016 4.811409 7.926 1.94345 4.763255 8.536626 8.092253 8.460733 4.792729 4.967307 4.93249 8.44341 8.612538 5.041979 8.33719 8.465368 5.093181 3.512884 5.045971 5.065797 3.723193 5.170284 5.133112 3.706482 5.287269 1.164529 2.991327 0.300071 -0.163297 0.058048 -0.024737 -0.00867 -0.058445 -0.036815 -0.014759 -0.021419 -0.062677 -0.081209 -3.180454 -1.253863 -3.100129 -3.634419 -1.275226 -0.036575
3.656628 5.051054 0.905818 4.862097 8.073685 1.968531 4.780866 8.565814 8.118258 8.495427 4.818412 4.976082 4.943675 8.505291 8.676829 5.064907 8.425446 8.546549 5.084532 3.646818 5.075643 5.157013 3.917745 5.122241 5.106353 3.977789 5.041977 1.205469 3.022631 0.009748 0.116381 0.033801 0.014108 -0.001263 0.038812 0.035534 0.029371 0.018806 0.064291 0.075523 0.273509 0.217692 -0.106201 0.092769 0.230086 0.031304
3.727025 5.032315 0.982499 4.877358 8.11525 1.982346 4.775496 8.589673 8.12023 8.517964 4.81748 4.978989 4.944118 8.520961 8.690116 5.070521 8.425338 8.54455 5.279093 3.762109 4.89457 5.050948 3.968076 4.968621 5.048228 4.072231 4.958651 1.150333 3.082935 0.070397 -0.018739 0.076681 0.007771 0.0029 0.016665 0.019183 0.005075 -0.004723 0.013288 -0.006936 -0.102587 0.092096 0.31403 -0.18306 0.068164 0.060304
3.762642 5.071692 1.21677 4.879471 8.133098 1.968721 4.778134 8.58886 8.126137 8.520976 4.827141 4.977056 4.94495 8.526679 8.697059 5.071781 8.44044 8.568927 5.258944 3.732011 4.983586 5.07776 3.967968 5.051084 5.093951 4.081784 5.015949 1.11683 3.061406 0.035616 0.039377 0.234271 -0.007664 0.001321 -0.006887 -0.000856 -0.006429 0.002488 0.006943 0.02379 0.022078 -0.022601 -0.027564 0.075763 -0.004885 -0.021529
3.756672 5.115536 1.301838 4.878691 8.140761 1.955747 4.789724 8.604828 8.12961 8.520862 4.837246 4.984177 4.948753 8.524883 8.689584 5.069092 8.442066 8.560163 5.267977 3.638844 4.860111 5.056195 3.933083 4.933843 5.073281 4.015445 4.940724 1.122019 3.025225 -0.005969 0.043844 0.085068 -0.007298 0.007309 0.023619 -0.000315 -0.004668 0.004423 -0.007476 -0.016208 0.005425 -0.046724 0.154698 -0.127513 -0.017843 -0.036181
3.704165 5.101095 1.410955 4.883537 8.143317 1.932023 4.790485 8.595379 8.133069 8.519919 4.835676 4.988062 4.956667 8.527836 8.690606 5.083194 8.446071 8.570831 5.109966 3.538751 5.193754 5.146775 3.780172 5.180423 5.130073 3.707384 5.251845 1.179372 3.042222 -0.052508 -0.014442 0.109117 -0.013345 0.007086 -0.011662 -0.003341 0.000249 0.00611 0.001022 0.016962 -0.040643 -0.106265 -0.137638 0.256862 -0.397986 0.016997
3.750599 5.134264 1.258452 4.890809 8.149467 1.915454 4.79541 8.58232 8.123673 8.513931 4.837652 4.989503 4.953597 8.522285 8.687021 5.082971 8.43756 8.563509 5.215123 3.510548 5.130808 5.162303 3.67982 5.216366 5.223182 3.738129 5.243474 1.14021 3.015203 0.046434 0.033169 -0.152504 -0.00932 3.1e-05 -0.019702 -0.00473 -0.007216 -0.001489 -0.003585 -0.008982 0.080016 -0.13619 -0.063111 -0.012243 0.095981 -0.027019
3.761053 5.158616 1.129454 4.891621 8.149413 1.885635 4.789747 8.589938 8.135537 8.518235 4.840097 4.990369 4.95797 8.522123 8.691569 5.0836 8.443132 8.570173 5.385368 3.584081 5.116234 5.085739 3.434109 5.122039 5.121974 3.602714 5.17393 1.130568 2.990797 0.010454 0.024353 -0.128997 -0.016773 0.002095 0.011436 0.005007 0.006812 0.002708 0.004548 0.006969 0.150917 0.01368 0.076433 -0.055832 -0.224902 -0.024406
3.770852 5.230145 1.00427 4.895154 8.151727 1.878906 4.794094 8.572211 8.137618 8.507156 4.845644 4.985531 4.951541 8.512453 8.670695 5.077115 8.433626 8.55017 7.621893 4.739086 8.507156 8.787731 4.939266 8.670695 8.762831 5.077115 8.433626 1.124302 2.921582 0.0098 0.071529 -0.125184 -0.003785 -0.004226 -0.02019 -0.01956 -0.021131 -0.004513 -0.020874 -0.026075 2.798268 1.248757 2.928434 3.581779 1.540145 -0.069215
3.274938 5.106236 0.913073 4.82216 7.928179 1.924321 4.758103 8.542037 8.099375 8.460904 4.804735 4.970474 4.940543 8.439336 8.614838 5.05044 8.329636 8.464704 5.335233 3.209965 5.001644 5.188103 3.44635 5.083128 5.161194 3.507354 5.008542 1.547222 2.821943 -0.495915 -0.123909 -0.091197 0.025546 -0.007388 -0.027391 -0.02759 0.003926 -0.012537 -0.055858 -0.059894 -2.920646 -1.483844 -2.912575 -3.589944 -1.531494 -0.099639
3.246765 5.155361 1.035252 4.865581 8.071079 1.989308 4.784406 8.580194 8.133716 8.513558 4.823045 4.978571 4.942119 8.512125 8.677043 5.067559 8.424265 8.54442 5.302633 3.164585 4.867347 5.042852 3.41855 4.932777 5.042233 3.484844 4.919734 1.618816 2.915717 -0.028172 0.049125 0.122179 0.036555 -0.008089 0.041185 0.04137 0.019295 0.00452 0.062206 0.067382 0.026718 -0.018561 0.152444 -0.167312 -0.020636 0.093775
3.262351 5.128206 1.098639 4.878982 8.12479 1.978397 4.776183 8.572266 8.115509 8.507375 4.823455 4.973057 4.940663 8.517215 8.691557 5.060127 8.429927 8.552147 5.356927 3.181633 4.864913 5.106767 3.448252 4.96923 5.099687 3.502032 4.922408 1.616631 2.996584 0.015586 -0.027155 0.063387 -0.006138 -0.00416 -0.004282 -0.003035 -0.005392 -0.003281 0.014514 0.00276 -0.030406 0.023812 -0.010138 0.037388 0.023222 0.080866
3.290677 5.115716 1.251102 4.873243 8.12608 1.979059 4.778938 8.588974 8.124494 8.515562 4.82282 4.97229 4.94076 8.51905 8.683625 5.069215 8.433329 8.554545 5.332044 3.202036 4.977041 5.165408 3.485772 5.069712 5.152265 3.525635 5.03663 1.582565 3.010364 0.028326 -0.01249 0.152464 0.000372 0.000118 0.007569 0.003306 -0.000951 0.000112 -0.007932 0.000878 -0.041407 0.022737 -0.102471 0.099187 0.038609 0.013781
3.366796 5.150563 1.360587 4.873893 8.132083 1.960621 4.777645 8.588071 8.104123 8.505445 4.826753 4.979145 4.943379 8.511967 8.676679 5.061919 8.434818 8.564872 5.37001 3.186061 5.025942 5.141386 3.540425 5.101002 5.162067 3.564712 5.097554 1.507097 2.98152 0.076118 0.034847 0.109485 -0.010371 0.003364 0.000692 -0.007737 -0.016981 -0.001175 -0.006946 0.008577 0.081714 -0.190525 -0.043731 0.000296 0.053417 -0.028844
3.474143 5.191038 1.289562 4.876623 8.128164 1.936397 4.778669 8.57551 8.122193 8.498267 4.82723 4.976685 4.945853 8.506376 8.668975 5.070698 8.437749 8.567076 5.242109 3.255238 5.182785 5.154436 3.560368 5.24031 5.216736 3.542112 5.331345 1.402481 2.937126 0.107347 0.040475 -0.071025 -0.013626 -0.005911 -0.007532 -0.012911 -0.01664 0.004397 -0.007704 0.001352 -0.093216 0.082722 -0.061858 0.095597 -0.019937 -0.044394
3.541684 5.188725 1.270802 4.874842 8.128946 1.906842 4.772817 8.578964 8.125507 8.506699 4.82912 4.971617 4.940482 8.512409 8.677964 5.064306 8.428549 8.549113 5.202349 3.401015 5.175577 5.153818 3.730986 5.198174 5.202128 3.680733 5.297106 1.333158 2.940221 0.067541 -0.002313 -0.01876 -0.016625 0.004448 0.002602 0.012698 0.027903 -0.001093 0.00899 -0.019155 -0.051505 0.209654 0.041298 -0.011928 0.146926 0.003095
3.671358 5.18969 1.227652 4.874372 8.138428 1.888704 4.779807 8.569599 8.114675 8.497002 4.82467 4.973966 4.940953 8.507383 8.670542 5.065112 8.433101 8.563168 5.107733 3.52171 5.263963 5.275024 3.912399 5.286693 5.2428 3.910322 5.229639 1.203014 2.948738 0.129674 0.000965 -0.04315 -0.010203 3.5e-05 -0.015295 -0.015684 -0.027211 -0.003738 -0.007422 0.020837 0.26155 0.048279 -0.171988 0.171159 0.210674 0.008517
3.7656 5.148348 1.081891 4.874971 8.137217 1.871075 4.773519 8.570229 8.105382 8.48841 4.827371 4.976393 4.946348 8.494018 8.659157 5.06919 8.412606 8.535321 5.18032 3.76256 5.222717 5.234725 4.007888 5.224023 5.191435 4.090357 5.184974 1.109371 2.988869 0.094241 -0.041342 -0.145761 -0.009916 0.004129 0.014201 -0.003795 0.000714 0.005266 -0.011386 -0.036016 -0.200869 0.390294 0.059578 -0.064095 0.128507 0.040131
3.789244 5.143957 1.234932 4.879644 8.129988 1.83862 4.774742 8.547679 8.111686 8.483844 4.824426 4.975216 4.943985 8.50329 8.666965 5.062635 8.429398 8.545299 5.388148 3.786436 4.931803 5.158047 4.032253 5.015674 5.146336 4.135165 5.021389 1.0904 2.986031 0.023644 -0.004391 0.153041 -0.018256 -0.007443 -0.028331 -0.004278 -0.000373 -0.000824 0.007809 0.003237 0.009888 0.007202 0.290874 -0.24229 0.032712 -0.002838
3.830207 5.157422 1.26437 4.87429 8.138975 1.838111 4.783561 8.563288 8.12097 8.485518 4.822439 4.97318 4.938528 8.491403 8.655739 5.061681 8.419295 8.543558 5.130404 3.750822 5.22877 5.281503 4.02691 5.292446 5.28708 4.125815 5.214911 1.044083 2.981553 0.040964 0.013465 0.029438 -0.000286 0.008106 0.015102 0.004483 0.017147 -0.007736 -0.011227 0.014492 -0.012354 -0.020797 -0.327272 0.276671 0.010148 -0.004478
3.791388 5.14288 1.360699 4.876355 8.134739 1.797969 4.771417 8.555729 8.114567 8.483609 4.825152 4.977414 4.945365 8.498399 8.653619 5.070163 8.431422 8.539884 5.200672 3.609346 5.144027 5.270935 3.939336 5.210699 5.239346 3.969562 5.15241 1.084967 2.991859 -0.038819 -0.014542 0.096329 -0.02258 0.000173 -0.007833 -0.00757 -0.023978 0.005615 -0.00212 -0.026459 0.165939 -0.233307 0.0942 -0.075177 -0.138712 0.010306
3.84986 5.158098 1.267027 4.880695 8.144085 1.791243 4.779926 8.564098 8.119547 8.488742 4.835825 4.976056 4.948407 8.501077 8.656008 5.07013 8.433233 8.545551 5.224089 3.616666 5.225595 5.208403 3.833072 5.299247 5.276091 3.820721 5.364333 1.030835 2.985987 0.058472 0.015218 -0.093673 -0.003784 0.003033 0.005937 0.003133 0.000287 0.006583 0.002389 0.000624 -0.066894 0.106264 -0.001678 0.000406 -0.134217 -0.005872
3.852998 5.212935 1.062333 4.880769 8.149003 1.774762 4.790455 8.55 8.134826 8.48701 4.827631 4.985465 4.943964 8.508517 8.666049 5.069246 8.453749 8.568031 5.277601 3.736619 5.161186 5.199254 3.580691 5.242116 5.2428 3.72238 5.330504 1.027771 2.936068 0.003138 0.054837 -0.204693 -0.009271 0.003165 -0.023733 -0.000588 0.009375 -0.007651 0.010041 0.026984 0.144771 -0.047997 0.022014 -0.024265 -0.215339 -0.049919
3.873129 5.207703 0.841425 4.88694 8.15821 1.770715 4.782081 8.563064 8.104038 8.478185 4.834639 4.983657 4.952908 8.487415 8.658531 5.078073 8.411153 8.531387 7.657997 4.735405 8.478185 8.783095 4.937274 8.658531 8.75894 5.078073 8.411153 1.013811 2.950507 0.020131 -0.005232 -0.220908 -0.002276 0.000695 0.03567 0.002193 0.008243 0.009549 -0.007519 -0.023639 2.755089 1.098341 2.937722 3.478305 1.411256 0.014439
3.261918 5.267803 0.874511 4.822665 7.945555 2.007956 4.783054 8.555964 8.094601 8.484185 4.809891 4.986678 4.951401 8.457961 8.621544 5.058983 8.334969 8.465851 5.421959 3.273583 5.375497 5.387422 3.454533 5.482134 5.458537 3.428833 5.598024 1.560747 2.677752 -0.611211 0.0601 0.033086 0.133448 -0.005261 -0.026253 -0.000204 0.005215 -0.002716 -0.036986 -0.046041 -2.979069 -1.408994 -2.707395 -3.291572 -1.580349 -0.272754
3.248594 5.355344 0.684636 4.878901 8.079651 2.061919 4.796236 8.568145 8.102933 8.495343 4.822238 4.987067 4.946055 8.495359 8.667232 5.075233 8.412251 8.542292 5.540668 3.256303 5.35409 5.38204 3.43735 5.426933 5.436878 3.433659 5.511144 1.630307 2.724307 -0.013323 0.087541 -0.189875 0.030354 0.003012 0.015684 0.014962 0.006685 -0.004335 0.045688 0.077408 0.134419 -0.038173 0.078523 -0.017532 -0.009755 0.046555
3.26088 5.369237 0.716538 4.886053 8.09811 2.011985 4.791302 8.55321 8.100207 8.488163 4.828966 4.996541 4.954233 8.493674 8.657048 5.075536 8.414624 8.544794 5.637566 3.106132 5.457652 5.594462 3.188755 5.624559 5.6833 3.291309 5.661813 1.625172 2.728873 0.012286 0.013893 0.031902 -0.028088 -3.2e-05 -0.014008 -0.013037 -0.018285 0.00647 -0.010185 -0.005778 0.076141 -0.2254 -0.048409 0.170671 -0.210775 0.004566
3.236748 5.449729 0.589289 4.891134 8.104096 1.969077 4.791661 8.563323 8.082872 8.487701 4.832455 4.998102 4.956244 8.49581 8.661968 5.070933 8.417135 8.545619 5.690503 3.173036 5.379665 5.297443 3.21658 5.348409 5.337281 3.285598 5.388847 1.654386 2.654367 -0.024132 0.080492 -0.127249 -0.024136 0.002417 0.014426 0.005634 0.000553 0.001401 0.00492 -0.005535 0.176268 0.081689 0.039307 -0.200077 0.003375 -0.074506
3.232239 5.506181 0.368068 4.892402 8.109345 1.951428 4.793363 8.552146 8.07259 8.483213 4.823949 5.002344 4.957073 8.49254 8.65759 5.075089 8.417308 8.54795 7.571054 4.737679 8.483213 8.773385 4.934971 8.65759 8.746467 5.075089 8.417308 1.660162 2.603165 -0.004509 0.056452 -0.221221 -0.009928 -0.003828 -0.007956 -0.003776 -0.003879 -0.003124 -0.004378 0.00407 2.553918 1.587186 2.606525 3.34209 1.79172 -0.051202
2.854978 6.422197 1.157971 4.84039 7.943766 1.937482 4.783091 8.522677 8.058056 8.442507 4.80976 4.978641 4.948462 8.429675 8.599989 5.060387 8.324059 8.457052 6.430663 2.718842 6.519203 6.315898 2.874422 6.559367 6.482903 2.858308 6.835032 1.985413 1.521569 -0.377262 0.916016 0.789903 -0.007845 -0.007 -0.028409 -0.036325 -0.010179 -0.004327 -0.0576 -0.074954 -1.914019 -1.942534 -1.53338 -2.285037 -2.142985 -1.081596
2.948787 6.486536 1.133562 4.875863 8.057032 1.958077 4.793809 8.535618 8.090228 8.474485 4.823786 4.991987 4.951473 8.477013 8.64925 5.07577 8.40704 8.528144 6.68322 2.732401 6.563532 6.788773 2.743433 6.75042 6.842489 2.841698 6.707395 1.927076 1.570495 0.093809 0.06434 -0.024409 0.011585 0.008959 0.01068 0.03179 0.025436 0.00522 0.04926 0.057541 0.521797 -0.112681 0.022206 0.299408 -0.114067 0.048926
2.997842 6.595598 1.165158 4.888296 8.096416 1.918104 4.792145 8.544739 8.066306 8.463616 4.833123 4.990519 4.949928 8.476624 8.642148 5.067105 8.402453 8.531881 6.723913 2.786092 6.727848 6.991055 2.748422 6.929867 7.016509 2.885407 6.811208 1.890454 1.500818 0.049055 0.109062 0.031597 -0.022485 -0.002193 0.017558 -0.015015 -0.027184 -0.002854 -0.007102 0.002101 0.197639 0.042069 0.031216 0.203855 0.034124 -0.069678
3.028356 6.700107 1.157247 4.886707 8.09871 1.904334 4.788363 8.536631 8.072928 8.454421 4.826264 4.992541 4.956095 8.468933 8.636596 5.075155 8.395883 8.514938 6.702428 2.869984 6.871239 7.165042 2.786808 7.068307 7.16493 2.925425 6.938267 1.858352 1.398602 0.030513 0.104509 -0.007911 -0.007746 -0.005298 -0.006583 -0.005776 -0.004375 0.003369 -0.005552 -0.033353 -0.008392 0.08239 0.124359 0.154975 0.033754 -0.102215
3.090017 6.819697 1.111949 4.887561 8.095712 1.883971 4.784653 8.539644 8.077547 8.466158 4.819348 4.990285 4.946353 8.475441 8.641781 5.066503 8.396627 8.526193 7.583289 4.723363 8.466158 8.765448 4.927156 8.641781 8.740609 5.066503 8.396627 1.797544 1.276015 0.061661 0.11959 -0.045298 -0.011454 -0.00272 -0.006248 0.007525 0.008365 -0.009224 0.005185 0.028141 1.192921 1.922503 1.360555 1.608998 2.177999 -0.122587
2.714104 7.673516 0.922314 4.822054 7.927082 1.919149 4.774565 8.495722 8.027951 8.412247 4.785495 4.978971 4.936642 8.403492 8.580756 5.047455 8.299831 8.438573 7.476534 2.60665 7.830563 8.174943 2.650926 8.041984 8.126869 2.665627 7.892777 2.10795 0.253565 -0.375913 0.853819 -0.189635 0.019788 -0.004065 -0.038193 -0.04011 -0.011498 -0.013477 -0.061026 -0.063568 -0.175514 -2.138061 -0.484649 -0.624316 -2.363361 -1.02245
2.762905 7.696595 0.864113 4.874958 8.030317 1.943457 4.778548 8.512763 8.077048 8.444358 4.817887 4.987226 4.949632 8.448471 8.613985 5.072336 8.379004 8.501881 7.520519 2.629906 7.894585 8.275377 2.610969 8.068196 8.202404 2.673248 7.86171 2.112052 0.333723 0.048801 0.023078 -0.058201 0.013673 0.002612 0.013565 0.012094 -0.01456 0.018194 0.03323 0.040177 0.236787 -0.013792 0.088121 0.068092 -0.01633 0.080158
2.774768 7.820177 0.863741 4.883153 8.07203 1.903588 4.784449 8.519166 8.057535 8.441429 4.82724 4.987596 4.949793 8.455182 8.615335 5.068237 8.380975 8.497477 7.654174 2.639683 7.995519 8.362242 2.591323 8.13359 8.262161 2.6851 7.919344 2.108384 0.251853 0.011863 0.123582 -0.000372 -0.022426 0.001308 0.004464 -2.8e-05 -0.009413 -0.000314 0.001349 -0.022842 0.091084 0.025752 0.144221 0.091715 -0.025058 -0.08187
2.788023 7.931508 0.828856 4.883975 8.084009 1.872464 4.787734 8.545739 8.058435 8.456814 4.833774 4.991655 4.957293 8.461266 8.640564 5.07278 8.383511 8.520401 7.742862 2.651176 8.074054 8.440018 2.618352 8.236777 8.380055 2.710103 7.98005 2.095952 0.152501 0.013255 0.111331 -0.034885 -0.017507 0.013234 0.034292 0.02822 0.043241 0.009923 0.025229 0.048575 0.046222 0.009576 0.077907 0.07734 0.030483 -0.099351
2.79507 7.997611 0.784618 4.891643 8.095758 1.844131 4.785033 8.520483 8.069761 8.448095 4.831844 4.987038 4.953348 8.460129 8.632005 5.074469 8.391948 8.523128 7.816594 2.681198 8.17847 8.50906 2.604486 8.273068 8.382383 2.689139 8.064671 2.096573 0.098147 0.007047 0.066103 -0.044238 -0.015938 -0.009136 -0.024421 -0.015893 -0.022867 -0.003984 -0.008559 -0.005442 0.044625 0.040156 0.0801 0.08983 -0.030598 -0.054355
2.807504 8.057785 0.75065 4.887023 8.097329 1.832434 4.786596 8.529343 8.067485 8.453349 4.828264 4.983683 4.948686 8.465475 8.633636 5.069807 8.392955 8.512568 7.87295 2.722929 8.24007 8.562845 2.68594 8.381781 8.449181 2.70958 8.271281 2.07952 0.039544 0.012434 0.060174 -0.033968 -0.00658 -0.006655 0.008669 0.006431 0.007278 -0.003941 0.001631 -0.024354 0.016658 0.033885 0.014416 0.072298 0.076685 -0.058603
2.826538 8.091524 0.698151 4.881174 8.10356 1.819874 4.785968 8.5387 8.076829 8.466585 4.831958 4.984916 4.953975 8.477415 8.642957 5.066131 8.411839 8.537194 7.893581 2.708516 8.287903 8.625425 2.864649 8.36209 8.371499 2.906144 8.335277 2.054636 0.012035 0.019034 0.033739 -0.052499 -0.007065 0.010672 0.004704 0.012417 0.004411 0.002751 0.009322 0.028505 -0.048368 -0.014315 0.053328 0.042552 0.205372 -0.027509
2.827244 8.135742 0.590058 4.886167 8.115029 1.829296 4.787378 8.545509 8.069646 8.464073 4.830338 4.987824 4.95113 8.473622 8.643429 5.071141 8.397738 8.523732 7.948138 2.716222 8.245646 8.545001 2.875071 8.31609 8.328844 2.919875 8.266947 2.058923 -0.020713 0.000706 0.044218 -0.108093 0.0053 0.001858 -3.6e-05 -0.001242 0.002724 -0.003536 0.000471 -0.012913 0.037952 0.010542 0.007967 -0.065373 -0.006674 -0.032748
2.829289 8.134332 0.547633 4.887165 8.113741 1.815179 4.788695 8.543027 8.079256 8.457947 4.834619 4.982592 4.951199 8.466446 8.628438 5.067746 8.40086 8.523054 8.014634 2.816488 8.244543 8.496345 2.715569 8.335468 8.421262 2.768101 8.204678 2.057876 -0.020591 0.002045 -0.00141 -0.042425 -0.007941 -0.005447 0.006872 -0.015625 -0.026419 0.001945 -0.014991 -0.005594 -0.074107 0.107844 0.020982 -0.027239 -0.1652 0.000122
2.860101 8.140524 0.48057 4.884075 8.110089 1.796071 4.781905 8.536628 8.079445 8.457591 4.834898 4.991968 4.958786 8.465981 8.634368 5.072668 8.401883 8.527367 8.025656 2.787966 8.224679 8.415211 2.844411 8.325952 8.396807 2.933908 8.186502 2.023974 -0.030435 0.030812 0.006192 -0.067062 -0.010749 0.003151 -0.003234 0.009591 0.028808 0.008017 0.005929 0.01223 0.020607 -0.033976 0.028215 -0.054732 0.175263 -0.009844
2.871291 8.139651 0.394654 4.892006 8.113579 1.779129 4.788074 8.539351 8.080405 8.45292 4.839725 4.986308 4.952741 8.462297 8.623699 5.072995 8.394455 8.516839 8.077791 2.83639 8.22121 8.363871 2.793219 8.262349 8.317411 2.858952 8.169945 2.020715 -0.026072 0.01119 -0.000873 -0.085916 -0.00953 0.005668 -0.005419 -0.013549 -0.025342 -0.006093 -0.010669 -0.012768 -0.021703 0.057822 0.025156 -0.028006 -0.091858 0.004363
2.891367 8.161455 0.316835 4.891453 8.112454 1.760164 4.792379 8.529952 8.073621 8.455422 4.838186 4.989332 4.953469 8.473222 8.635266 5.068712 8.406972 8.531443 8.117582 2.830489 8.213708 8.312272 2.859564 8.266855 8.304446 2.920375 8.21181 2.000085 -0.049 0.020076 0.021803 -0.077819 -0.010668 0.003014 -0.019568 0.000705 -0.003946 0.001181 0.011567 0.011569 -0.035039 0.003134 0.020758 -0.026279 0.072018 -0.022928
2.895276 8.167414 0.296249 4.892373 8.127083 1.73915 4.785714 8.531851 8.089844 8.457692 4.849798 4.984798 4.961872 8.475574 8.633721 5.080642 8.412085 8.529688 8.120368 2.834338 8.232309 8.324615 2.878221 8.276933 8.305012 2.931122 8.235266 1.997097 -0.040331 0.003908 0.005959 -0.020586 -0.011821 0.016399 -0.001739 -0.003101 -0.002383 0.010088 -0.001546 -0.008267 -0.011764 0.002029 0.009571 0.016887 0.015014 0.008669
2.895211 8.170796 0.287971 4.895647 8.128481 1.755621 4.798571 8.523591 8.088591 8.459634 4.836002 5.000581 4.961077 8.479542 8.635668 5.084754 8.414707 8.530035 8.134704 2.845411 8.222405 8.305351 2.875409 8.263789 8.29573 2.934662 8.222283 2.000435 -0.042315 -6.4e-05 0.003382 -0.008277 0.009265 -0.001608 -0.015244 0.003987 0.004669 -0.008699 0.001947 -0.005761 0.005153 0.014307 0.002775 -0.015796 -0.000314 -0.001984
2.903456 8.171729 0.268913 4.904786 8.129475 1.771907 4.80049 8.535756 8.080821 8.467182 4.858223 4.999516 4.964004 8.482075 8.640981 5.083476 8.411291 8.53295 8.124967 2.852131 8.225821 8.302769 2.907259 8.256021 8.272375 2.933227 8.226339 2.00133 -0.042254 0.008245 0.000933 -0.019058 0.009161 0.002904 0.020157 0.003709 -0.008372 0.010261 0.005313 0.008568 0.000437 0.011212 0.003277 0.000728 0.01153 6.1e-05
2.906127 8.172383 0.254328 4.906146 8.128819 1.782839 4.799161 8.523592 8.088161 8.455408 4.851359 4.996819 4.967677 8.472117 8.625352 5.084246 8.419748 8.54153 8.133758 2.854882 8.218039 8.295261 2.874003 8.276941 8.30442 2.920347 8.238713 2.000019 -0.043564 0.002671 0.000654 -0.014585 0.006149 -0.00551 -0.011017 -0.01354 -0.010388 0.000825 -0.015628 0.009203 0.00114 0.00066 -0.0086 -0.009009 -0.024054 -0.00131
2.909182 8.183261 0.255045 4.901356 8.118396 1.785792 4.791728 8.523271 8.071367 8.454732 4.843673 4.995079 4.961731 8.470852 8.632068 5.081272 8.401937 8.521 8.145103 2.864654 8.216824 8.27892 2.899646 8.254489 8.273581 2.938161 8.229803 1.992175 -0.064865 0.003054 0.010877 0.000717 0.001661 -0.004134 -0.003611 0.007299 0.014612 -0.006773 0.006716 -0.020888 0.02133 0.011154 0.00378 -0.008007 0.022071 -0.021301
2.918165 8.184044 0.246809 4.89889 8.117138 1.785811 4.797915 8.545222 8.097265 8.470631 4.848052 4.9969 4.958517 8.480602 8.63971 5.078537 8.412718 8.536245 7.632358 4.750017 8.470631 8.739423 4.942556 8.63971 8.723905 5.078537 8.412718 1.980725 -0.066907 0.008983 0.000784 -0.008236 1e-05 0.00465 0.016188 0.009803 0.00342 -0.000969 0.007642 0.021349 -0.13503 1.900983 -0.067608 0.390484 2.130723 -0.002042
2.49264 8.419483 0.55802 4.842634 7.921768 1.954893 4.782635 8.495131 8.061395 8.422111 4.819718 4.993118 4.96204 8.400818 8.560219 5.074807 8.287832 8.417595 7.479638 4.746016 8.422111 8.717076 4.943845 8.560219 8.673803 5.074807 8.287832 2.349994 -0.497716 -0.425525 0.235439 0.311211 0.095109 -0.010903 -0.048549 -0.047716 -0.022347 0.001289 -0.079491 -0.09147 -0.123066 -0.010903 -0.03587 -0.047716 0.002066 -0.430809
2.454879 8.515815 0.543538 4.840491 7.941063 1.964474 4.786027 8.495968 8.071015 8.427747 4.823089 4.992833 4.958373 8.418261 8.573809 5.065359 8.319151 8.449093 7.499642 4.743501 8.427747 8.722484 4.941466 8.573809 8.679696 5.065359 8.319151 2.385613 -0.574752 -0.037761 0.096331 -0.014482 0.005389 -0.001657 0.001926 0.005006 0.005409 -0.002379 0.01359 0.026656 0.016094 -0.001657 0.00962 0.005006 -0.013203 -0.077036
2.416665 8.613243 0.528794 4.840592 7.932116 1.989786 4.783511 8.49303 8.064541 8.428924 4.813664 4.986506 4.956784 8.416637 8.574306 5.063076 8.313434 8.445028 7.486129 4.732184 8.428924 8.719763 4.938094 8.574306 8.679105 5.063076 8.313434 2.423927 -0.681126 -0.038214 0.097428 -0.014744 0.014238 -0.009683 -0.006709 0.001757 -0.002721 -0.003372 0.000497 -0.003129 -0.010208 -0.009683 -0.006475 0.001757 -0.002267 -0.106375
2.377996 8.711771 0.513787 4.845698 7.927483 1.962528 4.787526 8.512914 8.075336 8.432496 4.819648 4.986615 4.958734 8.417224 8.564638 5.064774 8.31925 8.442524 7.50077 4.741662 8.432496 8.717591 4.940153 8.564638 8.661612 5.064774 8.31925 2.467701 -0.784288 -0.038669 0.098528 -0.015007 -0.015333 0.005165 0.031456 0.000399 -0.002172 0.002059 -0.009668 -0.008407 0.00195 0.005165 0.010795 0.000399 0.001152 -0.103162
2.33887 8.811403 0.498515 4.831062 7.928381 1.979675 4.7778 8.507761 8.078496 8.438279 4.81601 4.988407 4.958776 8.41108 8.569163 5.067518 8.290161 8.421025 7.482248 4.740616 8.438279 8.720007 4.942374 8.569163 8.67604 5.067518 8.290161 2.492192 -0.883022 -0.039126 0.099632 -0.015273 0.009645 -0.000225 -0.023404 0.004179 0.002416 0.002221 0.004525 -0.014263 -0.016434 -0.000225 0.003161 0.004179 0.007766 -0.098734
2.299283 8.912142 0.482975 4.833959 7.93371 1.949565 4.780649 8.515859 8.068558 8.441507 4.821216 4.987204 4.954166 8.422476 8.573597 5.060013 8.313536 8.444768 7.508051 4.738902 8.441507 8.727911 4.937166 8.573597 8.672777 5.060013 8.313536 2.534676 -0.978432 -0.039587 0.100739 -0.01554 -0.016937 0.002263 0.020732 0.00659 0.007904 -0.005208 0.004434 0.025228 0.026845 0.002263 -0.009938 0.00659 -0.009636 -0.095411
2.259233 9.013992 0.467165 4.840045 7.928199 1.932332 4.780488 8.500968 8.062779 8.420653 4.823331 4.986809 4.953589 8.404756 8.552867 5.06032 8.312638 8.440191 7.507294 4.741952 8.420653 8.710045 4.935449 8.552867 8.649737 5.06032 8.312638 2.580812 -1.085793 -0.04005 0.10185 -0.015809 -0.009694 0.002482 -0.009105 -0.019683 -0.017866 -0.001717 -0.02073 -0.008235 0.016848 0.002482 -0.005779 -0.019683 -0.00159 -0.107361
2.218716 9.116957 0.451084 4.83 7.919521 1.91844 4.772347 8.490478 8.056083 8.411492 4.819306 4.989521 4.958794 8.38792 8.542672 5.066313 8.290151 8.423387 7.50288 4.739604 8.411492 8.699259 4.942132 8.542672 8.64352 5.066313 8.290151 2.611283 -1.197436 -0.040516 0.102965 -0.016081 -0.007815 -0.003671 -0.021666 -0.008084 -0.010786 0.006683 -0.010194 -0.015402 -0.012912 -0.003671 -0.006697 -0.008084 0.009753 -0.111643
2.177731 9.22104 0.43473 4.841627 7.92421 1.973757 4.788646 8.498973 8.060436 8.423142 4.814241 4.991829 4.957949 8.407706 8.560689 5.064242 8.306246 8.433973 7.479833 4.74363 8.423142 8.714737 4.939002 8.560689 8.663541 5.064242 8.306246 2.663896 -1.29683 -0.040985 0.104083 -0.016354 0.031116 0.002218 0.010357 0.010826 0.015478 -0.00313 0.018017 0.006822 -0.014094 0.002218 0.004354 0.010826 -0.007071 -0.099394
2.136274 9.326245 0.4181 4.838513 7.927685 1.944915 4.79194 8.474492 8.072686 8.415679 4.814895 4.986893 4.955319 8.408604 8.556194 5.065989 8.311553 8.435285 7.501761 4.7418 8.415679 8.705302 4.937035 8.556194 8.660793 5.065989 8.311553 2.702239 -1.39856 -0.041457 0.105205 -0.01663 -0.016224 -0.002244 -0.025769 -0.013006 -0.009434 -0.001967 -0.004495 0.004815 -0.032723 -0.002244 0.01225 -0.013006 0.0055 -0.10173
2.094343 9.432575 0.401193 4.847218 7.900766 1.946329 4.781471 8.480626 8.048228 8.402078 4.812415 4.999595 4.961079 8.390101 8.545688 5.069363 8.295854 8.431025 7.486313 4.741172 8.402078 8.690922 4.938661 8.545688 8.650749 5.069363 8.295854 2.752875 -1.531809 -0.041931 0.10633 -0.016907 0.000796 -0.003756 0.013887 -0.008932 -0.01438 0.001625 -0.010506 0.002747 0.015583 -0.003756 -0.024458 -0.008932 0.00061 -0.133249
2.051935 9.540034 0.384007 4.846419 7.91788 1.93163 4.778783 8.465106 8.052645 8.393016 4.815351 4.990107 4.950367 8.390017 8.552908 5.066954 8.287397 8.420542 7.48628 4.744836 8.393016 8.697904 4.931523 8.552908 8.668931 5.066954 8.287397 2.794484 -1.622154 -0.042408 0.107459 -0.017187 -0.008269 0.007008 -0.022047 -0.003996 0.006981 -0.007138 0.00722 -0.011007 0.034317 0.007008 0.004417 -0.003996 0.001048 -0.090345
2.009047 9.648626 0.366539 4.844376 7.910513 1.932062 4.780601 8.46827 8.066205 8.412012 4.822077 4.991646 4.957944 8.405048 8.551033 5.06739 8.321123 8.449178 7.49998 4.73633 8.412012 8.671864 4.943749 8.551033 8.636988 5.06739 8.321123 2.835329 -1.738113 -0.042888 0.108592 -0.017468 0.000243 -0.006829 -0.015299 0.005807 -0.026039 0.012226 -0.001875 0.008072 -0.025216 -0.006829 0.01356 0.005807 -0.002959 -0.115959
1.965676 9.758353 0.348788 4.833982 7.964014 1.931353 4.782119 8.479726 8.086616 8.431887 4.823072 4.988444 4.9566 8.434055 8.569882 5.067305 8.345975 8.457502 7.525479 4.742294 8.431887 8.692303 4.940906 8.569882 8.64903 5.067305 8.345975 2.868305 -1.79434 -0.043371 0.109728 -0.017751 -0.000399 0.011494 0.011989 0.014531 0.020439 -0.002843 0.018849 -0.005312 -0.001544 0.011494 0.020411 0.014531 0.001292 -0.056227
1.92182 9.869221 0.330751 4.843036 7.905949 1.949839 4.778284 8.509425 8.060704 8.423763 4.820932 4.998299 4.962562 8.397118 8.551779 5.072213 8.292441 8.426546 7.481507 4.753997 8.423763 8.703026 4.939092 8.551779 8.656223 5.072213 8.292441 2.921215 -1.963271 -0.043856 0.110867 -0.018037 0.010399 0.002746 0.048111 0.002733 0.010723 -0.001815 -0.018103 0.000957 0.03816 0.002746 -0.025912 0.002733 -0.001241 -0.168932
1.877476 9.981232 0.312427 4.839061 7.953485 1.975127 4.782003 8.4826 8.074623 8.429947 4.812453 4.986719 4.952729 8.425678 8.575592 5.066161 8.325624 8.446947 7.495162 4.732213 8.429947 8.705952 4.934881 8.575592 8.669884 5.066161 8.325624 2.961585 -2.027746 -0.044344 0.112011 -0.018324 0.014224 -0.016741 -0.035356 0.00362 0.002926 -0.00421 0.023813 0.003461 -0.040131 -0.016741 0.013919 0.00362 0.000284 -0.064475
1.832641 10.094389 0.293813 4.835981 7.924896 1.946485 4.781222 8.513356 8.073595 8.432869 4.829556 4.993983 4.96689 8.406762 8.562787 5.070775 8.301558 8.433419 7.499686 4.745513 8.432869 8.714927 4.94976 8.562787 8.669215 5.070775 8.301558 3.00334 -2.169493 -0.044835 0.113158 -0.018613 -0.016111 0.011685 0.037786 0.005808 0.008975 0.014879 -0.012805 0.002732 0.016841 0.011685 -0.001028 0.005808 0.001987 -0.141747
1.787312 10.208698 0.274909 4.844004 7.945504 2.01983 4.786415 8.491624 8.064891 8.431621 4.831632 4.987492 4.959442 8.43749 8.578684 5.063616 8.355154 8.47829 7.485015 4.745269 8.431621 8.701162 4.946042 8.578684 8.66477 5.063616 8.355154 3.056692 -2.263193 -0.045329 0.114308 -0.018905 0.041257 0.007049 -0.029495 -0.008712 -0.013765 -0.003718 0.015897 0.032229 -0.009277 0.007049 -0.008704 -0.008712 -0.006149 -0.093701
1.741486 10.32416 0.255711 4.836016 7.930269 1.95401 4.776638 8.481157 8.0603 8.412182 4.818501 4.990882 4.955205 8.398355 8.548878 5.066094 8.294141 8.430029 7.490259 4.738157 8.412182 8.695306 4.93439 8.548878 8.648502 5.066094 8.294141 3.09453 -2.393891 -0.045825 0.115462 -0.019198 -0.037023 -0.012363 -0.004978 -0.013166 -0.005857 -0.011652 -0.029806 -0.029601 0.014983 -0.012363 -0.004591 -0.013166 0.003647 -0.130697
1.695162 10.44078 0.236217 4.840042 7.942725 1.960332 4.78711 8.49029 8.061126 8.420697 4.819749 4.990149 4.95753 8.409586 8.562834 5.068054 8.308278 8.439328 7.48935 4.741666 8.420697 8.711008 4.93861 8.562834 8.663273 5.068054 8.308278 3.14488 -2.498055 -0.046325 0.11662 -0.019493 0.003556 0.003911 0.014555 0.012434 0.015703 0.00422 0.013956 0.001919 -0.003707 0.003911 0.000826 0.012434 0.00083 -0.104164
]