08-12-20_Kanksha_4K.monkey_above_chair.0000000000 [ 3.302401 8.2199 1.273465 0.716324 3.302401 8.2199 1.273465 0.716324 0.0 0.0 0.0 0.0 0.0 0.0 0.0 0.0 0.0 0.0 0.0 0.0
3.255497 8.258345 1.350365 0.75958 3.302401 8.2199 1.273465 0.716324 0.046903 -0.038445 -0.046903 0.038445 0.076899 0.043256 0.0 0.0 0.0 0.0 0.046903 -0.038445
3.282874 8.272536 1.345709 0.756961 3.397076 9.776574 1.268121 0.713318 0.114202 1.504038 0.027377 0.014192 -0.004656 -0.002619 0.094675 1.556675 -0.005345 -0.003006 0.067298 1.542483
3.28853 8.222528 1.261485 0.709585 3.397076 9.776574 1.268121 0.713318 0.108546 1.554046 0.005656 -0.050008 -0.084224 -0.047376 0.0 0.0 0.0 0.0 -0.005656 0.050008
3.300714 8.236027 1.319091 0.741988 5.960976 8.052235 1.239204 0.697052 2.660261 -0.183792 0.012185 0.013499 0.057606 0.032403 2.5639 -1.724339 -0.028917 -0.016266 2.551715 -1.737838
3.255703 8.289853 1.473161 0.828653 5.970047 8.060564 1.09471 0.615774 2.714344 -0.229288 -0.045012 0.053826 0.154071 0.086665 0.009071 0.008329 -0.144494 -0.081278 0.054082 -0.045497
3.251095 8.292071 1.552404 0.873227 5.968162 8.075297 0.954631 0.53698 2.717066 -0.216773 -0.004607 0.002218 0.079243 0.044574 -0.001885 0.014733 -0.140079 -0.078794 0.002723 0.012515
3.252268 8.27683 1.572292 0.884414 5.964583 8.071412 0.750353 0.422073 2.712315 -0.205418 0.001172 -0.015241 0.019888 0.011187 -0.003579 -0.003886 -0.204278 -0.114907 -0.004751 0.011355
3.243314 8.28051 1.585072 0.891603 5.959907 8.088985 0.668825 0.376214 2.716592 -0.191525 -0.008953 0.003681 0.01278 0.007188 -0.004676 0.017573 -0.081528 -0.04586 0.004277 0.013893
3.285249 8.264583 1.33122 0.748811 3.551791 8.498866 1.114366 0.626831 0.266542 0.234283 0.041935 -0.015927 -0.253852 -0.142792 -2.408116 0.409881 0.445542 0.250617 -2.450051 0.425808
3.278166 8.279109 1.352439 0.760747 3.551791 8.498866 1.114366 0.626831 0.273625 0.219757 -0.007083 0.014526 0.021219 0.011936 0.0 0.0 0.0 0.0 0.007083 -0.014526
3.292845 8.284408 1.300302 0.73142 3.564432 8.506373 1.116482 0.628021 0.271588 0.221965 0.014679 0.005299 -0.052137 -0.029327 0.012642 0.007507 0.002116 0.00119 -0.002037 0.002208
3.246568 8.259633 1.285681 0.723196 3.493658 8.482229 1.140464 0.641511 0.24709 0.222597 -0.046276 -0.024775 -0.014621 -0.008224 -0.070774 -0.024144 0.023981 0.01349 -0.024498 0.000631
3.244819 8.201577 1.275154 0.717274 3.493658 8.482229 1.140464 0.641511 0.248839 0.280652 -0.001749 -0.058056 -0.010527 -0.005921 0.0 0.0 0.0 0.0 0.001749 0.058056
3.264511 8.159616 1.23985 0.697415 3.375463 9.75991 1.273763 0.716492 0.110952 1.600294 0.019692 -0.041961 -0.035305 -0.019859 -0.118195 1.27768 0.133299 0.074981 -0.137887 1.319641
3.291217 8.125269 1.286987 0.72393 3.375463 9.75991 1.273763 0.716492 0.084246 1.634641 0.026706 -0.034347 0.047138 0.026515 0.0 0.0 0.0 0.0 -0.026706 0.034347
3.343573 8.048809 1.200894 0.675503 3.375463 9.75991 1.273763 0.716492 0.03189 1.711101 0.052356 -0.07646 -0.086093 -0.048427 0.0 0.0 0.0 0.0 -0.052356 0.07646
3.000376 8.299109 1.433931 0.806586 3.323233 8.030883 1.283907 0.722198 0.322857 -0.268226 -0.343196 0.250301 0.233037 0.131083 -0.05223 -1.729026 0.010144 0.005706 0.290967 -1.979327
3.058316 8.235571 0.910463 0.512136 3.282724 8.051307 1.461584 0.822141 0.224408 -0.184264 0.05794 -0.063538 -0.523468 -0.294451 -0.040509 0.020424 0.177677 0.099943 -0.098449 0.083962
3.060442 8.228958 0.786125 0.442195 3.308317 7.976403 1.572374 0.88446 0.247875 -0.252555 0.002126 -0.006613 -0.124339 -0.06994 0.025593 -0.074904 0.110789 0.062319 0.023467 -0.068291
3.436846 7.768719 1.495372 0.841147 6.143259 8.224863 1.649809 0.928018 2.706413 0.456144 0.376404 -0.46024 0.709247 0.398951 2.834942 0.24846 0.077436 0.043558 2.458538 0.708699
3.432489 7.763712 1.446507 0.81366 6.139407 8.184895 1.638742 0.921793 2.706918 0.421183 -0.004357 -0.005007 -0.048865 -0.027487 -0.003852 -0.039968 -0.011067 -0.006225 0.000505 -0.034961
3.465501 7.75815 1.212887 0.682249 6.184856 8.153005 1.518984 0.854428 2.719355 0.394856 0.033012 -0.005562 -0.233619 -0.131411 0.045449 -0.03189 -0.119759 -0.067364 0.012437 -0.026327
3.980206 7.368585 1.352052 0.760529 6.152282 8.071294 1.629939 0.916841 2.172076 0.702709 0.514705 -0.389564 0.139165 0.07828 -0.032574 -0.081711 0.110956 0.062413 -0.547279 0.307853
3.978313 7.307227 1.097636 0.61742 6.100611 7.20105 1.338586 0.752955 2.122298 -0.106177 -0.001893 -0.061359 -0.254416 -0.143109 -0.051671 -0.870245 -0.291353 -0.163886 -0.049778 -0.808886
4.23502 6.741065 1.357487 0.763586 6.105384 7.056119 1.243983 0.69974 1.870364 0.315055 0.256707 -0.566162 0.25985 0.146166 0.004773 -0.14493 -0.094604 -0.053215 -0.251934 0.421231
4.209066 6.713433 1.032817 0.58096 6.05679 6.275315 1.551545 0.872744 1.847724 -0.438118 -0.025955 -0.027632 -0.324669 -0.182626 -0.048594 -0.780804 0.307563 0.173004 -0.02264 -0.753173
4.293923 6.210169 1.47779 0.831257 6.004156 6.209521 1.515418 0.852422 1.710232 -0.000648 0.084858 -0.503265 0.444973 0.250297 -0.052634 -0.065795 -0.036128 -0.020322 -0.137492 0.43747
4.269347 6.297004 1.478339 0.831566 6.01885 6.055968 1.049739 0.590478 1.749503 -0.241036 -0.024577 0.086836 0.000549 0.000309 0.014694 -0.153553 -0.465679 -0.261944 0.039271 -0.240389
4.217998 6.307878 1.563823 0.87965 6.012415 5.948653 0.870931 0.489899 1.794417 -0.359225 -0.051348 0.010874 0.085483 0.048084 -0.006434 -0.107315 -0.178808 -0.10058 0.044914 -0.118188
4.171671 6.426529 0.93948 0.528458 6.157374 5.902805 1.006828 0.566341 1.985703 -0.523725 -0.046328 0.118651 -0.624343 -0.351193 0.144958 -0.045848 0.135897 0.076442 0.191286 -0.1645
3.67339 6.926177 1.280791 0.720445 6.157374 5.902805 1.006828 0.566341 2.483983 -1.023372 -0.49828 0.499647 0.341311 0.191987 0.0 0.0 0.0 0.0 0.49828 -0.499647
3.462522 7.140853 1.701607 0.957154 6.840853 7.003971 1.649076 0.927605 3.378331 -0.136883 -0.210869 0.214677 0.420816 0.236709 0.683479 1.101166 0.642249 0.361265 0.894348 0.886489
3.484059 7.115963 1.749108 0.983873 6.817074 7.02343 1.568933 0.882525 3.333016 -0.092533 0.021537 -0.02489 0.047501 0.026719 -0.023779 0.019459 -0.080144 -0.045081 -0.045316 0.044349
3.445705 7.186995 1.816799 1.021949 6.788555 7.068467 1.744776 0.981437 3.34285 -0.118529 -0.038354 0.071032 0.067691 0.038076 -0.028519 0.045037 0.175844 0.098912 0.009834 -0.025995
3.494575 7.201373 1.890161 1.063215 6.742762 7.099217 1.778279 1.000282 3.248187 -0.102156 0.04887 0.014378 0.073362 0.041266 -0.045793 0.03075 0.033503 0.018845 -0.094663 0.016372
3.55623 7.16166 1.986441 1.117373 6.682554 7.089063 1.831489 1.030212 3.126324 -0.072597 0.061655 -0.039713 0.096281 0.054158 -0.060208 -0.010154 0.05321 0.02993 -0.121863 0.02956
3.55623 7.16166 1.986441 1.117373 6.536453 6.678444 1.588407 0.893479 2.980223 -0.483216 0.0 0.0 0.0 0.0 -0.146102 -0.410619 -0.243081 -0.136733 -0.146102 -0.410619
3.961435 6.673356 1.434967 0.807169 6.459941 6.695396 1.754441 0.986873 2.498506 0.022039 0.405205 -0.488303 -0.551475 -0.310204 -0.076512 0.016952 0.166033 0.093394 -0.481717 0.505255
3.974272 6.723915 1.394172 0.784222 6.427142 6.616558 1.827029 1.027704 2.45287 -0.107356 0.012838 0.050558 -0.040795 -0.022947 -0.032799 -0.078837 0.072588 0.040831 -0.045636 -0.129396
3.932634 6.682026 1.394223 0.784251 6.43592 6.620809 1.557208 0.87593 2.503286 -0.061218 -0.041639 -0.041888 5.1e-05 2.9e-05 0.008778 0.00425 -0.269821 -0.151774 0.050417 0.046139
3.902943 6.641381 1.322013 0.743632 6.472776 6.659855 1.625756 0.914488 2.569833 0.018474 -0.02969 -0.040646 -0.07221 -0.040618 0.036856 0.039046 0.068548 0.038558 0.066546 0.079691
3.697444 7.027063 1.38015 0.776334 6.45482 6.748155 1.754512 0.986913 2.757376 -0.278909 -0.2055 0.385683 0.058137 0.032702 -0.017956 0.0883 0.128756 0.072425 0.187544 -0.297382
3.687958 6.98401 1.466427 0.824865 6.411792 6.876159 2.026928 1.140147 2.723835 -0.107852 -0.009486 -0.043053 0.086278 0.048531 -0.043028 0.128004 0.272416 0.153234 -0.033542 0.171057
3.706414 6.979091 1.595266 0.897337 6.36243 6.911981 2.125405 1.19554 2.656016 -0.06711 0.018457 -0.004919 0.128838 0.072472 -0.049362 0.035822 0.098477 0.055393 -0.067818 0.040742
3.767841 6.950702 1.70605 0.959653 6.341355 6.853987 2.194107 1.234185 2.573514 -0.096715 0.061427 -0.028389 0.110784 0.062316 -0.021075 -0.057994 0.068702 0.038645 -0.082502 -0.029605
4.369559 5.762917 1.43892 0.809392 6.315483 6.823988 1.86822 1.050874 1.945924 1.061071 0.601717 -1.187785 -0.26713 -0.150261 -0.025873 -0.029999 -0.325887 -0.183311 -0.62759 1.157786
4.467254 6.591705 1.41475 0.795797 6.281907 6.796564 1.619659 0.911058 1.814653 0.204859 0.097695 0.828788 -0.02417 -0.013595 -0.033576 -0.027424 -0.248561 -0.139815 -0.131271 -0.856213
4.719226 6.487041 1.739889 0.978687 6.281907 6.796564 1.619659 0.911058 1.562681 0.309523 0.251973 -0.104665 0.325138 0.18289 0.0 0.0 0.0 0.0 -0.251973 0.104665
4.694926 6.40744 1.436733 0.808162 4.942256 5.904859 1.598044 0.8989 0.247331 -0.502582 -0.024301 -0.0796 -0.303156 -0.170525 -1.339651 -0.891705 -0.021615 -0.012158 -1.31535 -0.812105
4.896523 5.889637 1.576995 0.88706 5.563232 6.326089 1.404361 0.789953 0.66671 0.436451 0.201597 -0.517803 0.140262 0.078898 0.620976 0.42123 -0.193683 -0.108947 0.419379 0.939033
5.173624 5.491074 1.632053 0.91803 5.364333 4.973955 1.391624 0.782789 0.190709 -0.517119 0.277101 -0.398563 0.055058 0.03097 -0.1989 -1.352134 -0.012737 -0.007164 -0.476001 -0.953571
5.19743 5.485285 1.377653 0.77493 5.312063 4.930906 1.3406 0.754088 0.114633 -0.554379 0.023805 -0.005789 -0.2544 -0.1431 -0.05227 -0.043049 -0.051024 -0.028701 -0.076075 -0.03726
5.083338 5.010269 1.366699 0.768768 5.204751 5.526565 1.518924 0.854395 0.121413 0.516297 -0.114092 -0.475016 -0.010953 -0.006161 -0.107312 0.59566 0.178324 0.100307 0.006779 1.070676
5.242772 5.415347 1.555178 0.874788 5.250221 4.358348 1.272412 0.715732 0.00745 -1.056999 0.159433 0.405079 0.188479 0.106019 0.045471 -1.168217 -0.246512 -0.138663 -0.113963 -1.573296
5.194236 4.278522 1.178135 0.662701 5.246873 5.370058 1.610842 0.906099 0.052637 1.091535 -0.048535 -1.136825 -0.377043 -0.212086 -0.003349 1.01171 0.33843 0.190367 0.045187 2.148535
5.165343 4.268177 1.193397 0.671286 5.240863 5.316048 1.533213 0.862432 0.07552 1.047871 -0.028893 -0.010345 0.015261 0.008584 -0.00601 -0.05401 -0.07763 -0.043667 0.022883 -0.043665
4.987326 4.721098 1.523476 0.856955 5.245767 5.226948 1.363371 0.766896 0.258441 0.50585 -0.178017 0.45292 0.330079 0.18567 0.004904 -0.089101 -0.169841 -0.095536 0.182921 -0.542021
4.659575 3.899739 1.490143 0.838205 5.073381 4.713557 1.492935 0.839776 0.413806 0.813818 -0.327751 -0.821359 -0.033333 -0.01875 -0.172386 -0.513391 0.129564 0.072879 0.155365 0.307968
4.598804 3.941227 1.500482 0.844021 5.122755 4.700641 1.465826 0.824527 0.523951 0.759414 -0.060772 0.041488 0.010339 0.005816 0.049374 -0.012916 -0.027109 -0.015249 0.110145 -0.054404
4.582401 4.05475 1.166138 0.655953 5.139746 4.693016 1.553963 0.874104 0.557345 0.638266 -0.016403 0.113523 -0.334344 -0.188068 0.016991 -0.007625 0.088137 0.049577 0.033394 -0.121148
4.809138 4.345928 1.419037 0.798208 5.030653 4.612519 1.42312 0.800505 0.221516 0.266592 0.226737 0.291177 0.252899 0.142256 -0.109093 -0.080497 -0.130843 -0.073599 -0.33583 -0.371674
5.009345 4.344703 1.332209 0.749367 5.030653 4.612519 1.42312 0.800505 0.021308 0.267816 0.200208 -0.001224 -0.086828 -0.048841 0.0 0.0 0.0 0.0 -0.200208 0.001224
5.030653 4.612519 1.42312 0.800505 5.197839 4.447048 1.459319 0.820867 0.167185 -0.165471 0.021308 0.267816 0.090911 0.051138 0.167185 -0.165471 0.036199 0.020362 0.145877 -0.433287
4.936286 4.759251 1.331586 0.749017 4.996132 4.271165 1.485051 0.835341 0.059846 -0.488087 -0.094367 0.146732 -0.091534 -0.051488 -0.201707 -0.175883 0.025732 0.014474 -0.107339 -0.322615
4.918627 4.78202 1.372467 0.772013 5.002151 4.207036 1.525281 0.85797 0.083524 -0.574985 -0.017659 0.022769 0.040881 0.022995 0.006019 -0.064129 0.040229 0.022629 0.023678 -0.086898
4.905162 4.763175 1.431944 0.805469 4.989598 4.108268 1.450073 0.815666 0.084436 -0.654907 -0.013465 -0.018845 0.059477 0.033456 -0.012553 -0.098768 -0.075207 -0.042304 0.000912 -0.079922
4.907448 4.755976 1.59767 0.898689 4.922737 4.067164 1.02498 0.576551 0.015289 -0.688812 0.002286 -0.007199 0.165726 0.093221 -0.066861 -0.041104 -0.425093 -0.239115 -0.069147 -0.033906
4.887033 4.07101 0.740412 0.416482 4.969652 4.793037 1.673672 0.94144 0.082618 0.722027 -0.020415 -0.684966 -0.857258 -0.482208 0.046915 0.725873 0.648692 0.364889 0.067329 1.410839
4.831298 4.277869 1.232737 0.693415 5.031046 4.822316 1.590675 0.894755 0.199748 0.544447 -0.055735 0.206859 0.492325 0.276933 0.061395 0.029279 -0.082997 -0.046686 0.11713 -0.17758
4.774238 4.256727 1.103987 0.620992 5.109915 4.784798 1.680589 0.945331 0.335677 0.528072 -0.05706 -0.021142 -0.128751 -0.072422 0.078869 -0.037518 0.089914 0.050577 0.135929 -0.016375
4.733569 4.274018 0.823884 0.463435 5.172197 4.800368 1.781153 1.001899 0.438628 0.526349 -0.040669 0.017292 -0.280102 -0.157558 0.062282 0.015569 0.100564 0.056567 0.102951 -0.001723
4.613551 3.795287 1.714604 0.964465 5.140626 4.721569 1.508061 0.848285 0.527076 0.926282 -0.120018 -0.478731 0.89072 0.50103 -0.031571 -0.078799 -0.273092 -0.153614 0.088447 0.399933
4.627884 3.818285 1.589327 0.893997 5.187483 4.75033 1.631379 0.917651 0.559599 0.932044 0.014334 0.022998 -0.125277 -0.070468 0.046856 0.02876 0.123318 0.069366 0.032523 0.005763
4.603138 3.748558 1.601782 0.901003 5.233289 4.765716 1.721239 0.968197 0.630151 1.017158 -0.024746 -0.069727 0.012455 0.007006 0.045806 0.015386 0.08986 0.050546 0.070553 0.085113
4.586671 3.67652 1.637938 0.92134 5.267956 4.705539 1.819507 1.023473 0.681286 1.029019 -0.016467 -0.072038 0.036155 0.020337 0.034667 -0.060177 0.098269 0.055276 0.051135 0.011861
4.599337 3.643183 1.576865 0.886987 5.282406 4.683264 1.983715 1.115839 0.683069 1.040081 0.012666 -0.033337 -0.061072 -0.034353 0.014449 -0.022274 0.164207 0.092366 0.001783 0.011062
4.603283 3.620432 1.408319 0.79218 5.2929 4.675006 2.098873 1.180616 0.689616 1.054575 0.003947 -0.022751 -0.168546 -0.094807 0.010494 -0.008258 0.115159 0.064777 0.006547 0.014493
4.625654 3.71436 1.352299 0.760668 5.301796 4.656925 2.209981 1.243115 0.676141 0.942566 0.022371 0.093928 -0.05602 -0.031511 0.008896 -0.018081 0.111108 0.062499 -0.013475 -0.112009
4.649882 3.858726 0.992534 0.5583 5.304505 4.628789 2.318012 1.303882 0.654622 0.770063 0.024228 0.144366 -0.359766 -0.202368 0.002709 -0.028137 0.108031 0.060767 -0.021519 -0.172503
4.865361 4.392278 1.750584 0.984703 5.321656 4.650554 2.411938 1.356715 0.456295 0.258276 0.215479 0.533552 0.75805 0.426403 0.017152 0.021766 0.093925 0.052833 -0.198327 -0.511786
4.801872 4.45639 1.859646 1.046051 5.380271 4.674777 2.484238 1.397384 0.578399 0.218387 -0.063489 0.064112 0.109062 0.061348 0.058615 0.024223 0.0723 0.040669 0.122104 -0.039889
4.740874 4.574855 2.044811 1.150206 5.405327 4.758814 2.541295 1.429479 0.664453 0.18396 -0.060998 0.118465 0.185165 0.104155 0.025056 0.084037 0.057057 0.032095 0.086054 -0.034428
4.685584 4.635859 2.058588 1.157956 5.423517 4.828007 2.6598 1.496138 0.737933 0.192148 -0.05529 0.061004 0.013778 0.00775 0.01819 0.069192 0.118505 0.066659 0.07348 0.008188
4.667927 4.542758 2.188732 1.231161 5.437908 4.840161 2.760742 1.552917 0.76998 0.297402 -0.017657 -0.093101 0.130143 0.073205 0.01439 0.012154 0.100942 0.05678 0.032047 0.105255
4.641321 4.372525 2.329579 1.310388 5.266137 4.879759 2.045211 1.150431 0.624816 0.507234 -0.026606 -0.170234 0.140848 0.079227 -0.17177 0.039598 -0.71553 -0.402486 -0.145164 0.209832
4.581904 4.216163 2.308931 1.298774 5.251496 4.856023 2.150034 1.209394 0.669592 0.63986 -0.059417 -0.156362 -0.020648 -0.011614 -0.014641 -0.023736 0.104823 0.058963 0.044776 0.132626
4.570427 4.135762 2.308416 1.298484 5.240129 4.82245 2.268319 1.27593 0.669702 0.686688 -0.011477 -0.0804 -0.000515 -0.00029 -0.011367 -0.033573 0.118285 0.066535 0.000111 0.046827
4.568081 4.195459 2.283581 1.284515 5.224892 4.810866 2.407063 1.353973 0.656811 0.615407 -0.002346 0.059697 -0.024835 -0.01397 -0.015237 -0.011584 0.138744 0.078043 -0.012892 -0.071281
4.594106 4.352133 2.49672 1.404405 5.254972 4.748161 2.50104 1.406835 0.660866 0.396028 0.026025 0.156674 0.213139 0.119891 0.03008 -0.062704 0.093976 0.052862 0.004055 -0.219379
4.585344 4.488468 2.551082 1.434984 5.307899 4.716664 2.575125 1.448507 0.722555 0.228196 -0.008762 0.136334 0.054361 0.030578 0.052927 -0.031497 0.074085 0.041673 0.061689 -0.167832
4.561563 4.59686 2.600499 1.462781 5.351624 4.731125 2.651679 1.491569 0.790061 0.134265 -0.023781 0.108393 0.049417 0.027797 0.043725 0.014461 0.076554 0.043062 0.067506 -0.093932
4.52425 4.660394 2.66463 1.498855 5.369402 4.764294 2.768461 1.557259 0.845151 0.1039 -0.037313 0.063534 0.064131 0.036074 0.017778 0.033168 0.116782 0.06569 0.05509 -0.030365
4.45774 4.660573 2.639811 1.484894 5.421193 4.789701 2.871405 1.615165 0.963454 0.129128 -0.066511 0.000179 -0.024819 -0.013961 0.051792 0.025407 0.102944 0.057906 0.118302 0.025229
4.410228 4.645386 2.619836 1.473658 5.477638 4.813162 2.937337 1.652252 1.06741 0.167776 -0.047511 -0.015187 -0.019975 -0.011236 0.056444 0.023461 0.065932 0.037087 0.103956 0.038648
4.358317 4.637296 2.552082 1.435546 5.533064 4.882448 3.009016 1.692572 1.174747 0.245152 -0.051911 -0.00809 -0.067754 -0.038112 0.055426 0.069286 0.071679 0.04032 0.107338 0.077376
4.326835 4.645889 2.4058 1.353263 5.582277 4.981416 3.153052 1.773592 1.255442 0.335527 -0.031482 0.008593 -0.146282 -0.082283 0.049213 0.098968 0.144036 0.08102 0.080695 0.090375
4.30158 4.631459 2.164648 1.217614 5.622496 5.103397 3.314826 1.86459 1.320916 0.471938 -0.025255 -0.014429 -0.241152 -0.135648 0.040219 0.121982 0.161775 0.090998 0.065474 0.136411
4.282024 4.655899 1.929519 1.085354 5.685281 5.255591 3.452021 1.941762 1.403257 0.599692 -0.019556 0.02444 -0.235129 -0.13226 0.062785 0.152194 0.137195 0.077172 0.082341 0.127754
4.265907 4.669526 1.70548 0.959332 5.758108 5.303529 3.510436 1.97462 1.492202 0.634003 -0.016118 0.013627 -0.224039 -0.126022 0.072827 0.047938 0.058415 0.032858 0.088945 0.034311
4.229015 4.711969 1.444473 0.812516 5.828642 5.395736 3.674096 2.066679 1.599627 0.683767 -0.036891 0.042443 -0.261006 -0.146816 0.070534 0.092207 0.16366 0.092059 0.107425 0.049764
5.774499 6.315603 1.512756 0.850925 5.925647 5.538525 3.870371 2.177084 0.151148 -0.777078 1.545483 1.603635 0.068283 0.038409 0.097005 0.142789 0.196275 0.110405 -1.448479 -1.460845
5.762213 6.306009 0.951909 0.535449 5.985602 5.742904 3.715977 2.090237 0.223389 -0.563105 -0.012285 -0.009595 -0.560847 -0.315477 0.059955 0.204379 -0.154394 -0.086847 0.07224 0.213974
3.551152 6.904508 1.449242 0.815199 5.99447 7.00686 1.731976 0.974237 2.443318 0.102352 -2.211061 0.598499 0.497334 0.27975 0.008868 1.263956 -1.984001 -1.116001 2.219929 0.665457
3.54295 6.8881 1.446493 0.813652 5.998671 6.992655 1.6787 0.944269 2.455721 0.104555 -0.008202 -0.016408 -0.00275 -0.001547 0.004201 -0.014205 -0.053276 -0.029968 0.012403 0.002203
3.522065 7.000499 1.317975 0.741361 6.022595 7.022969 1.683932 0.947212 2.50053 0.02247 -0.020885 0.112399 -0.128518 -0.072291 0.023924 0.030313 0.005232 0.002943 0.044809 -0.082086
3.557551 7.060374 0.912021 0.513012 6.063292 7.006739 1.487007 0.836441 2.505741 -0.053635 0.035486 0.059875 -0.405954 -0.228349 0.040697 -0.016229 -0.196926 -0.110771 0.005211 -0.076104
3.292966 7.924988 1.395738 0.785102 6.336328 8.285667 1.660832 0.934218 3.043362 0.360679 -0.264585 0.864614 0.483717 0.272091 0.273036 1.278927 0.173826 0.097777 0.537621 0.414314
3.272567 7.893122 1.623947 0.91347 6.330798 8.305447 1.8437 1.037081 3.05823 0.412325 -0.020398 -0.031866 0.228209 0.128368 -0.00553 0.01978 0.182868 0.102863 0.014868 0.051646
3.263295 7.977374 1.632337 0.91819 6.320534 8.413187 1.93829 1.090288 3.057238 0.435812 -0.009272 0.084252 0.00839 0.004719 -0.010264 0.10774 0.09459 0.053207 -0.000992 0.023488
3.253701 8.065891 1.763374 0.991898 6.29192 8.560416 2.109055 1.186344 3.038219 0.494524 -0.009594 0.088517 0.131037 0.073708 -0.028614 0.147229 0.170765 0.096055 -0.01902 0.058712
3.261741 8.140866 1.796195 1.01036 6.247293 8.59776 2.201872 1.238553 2.985551 0.456893 0.00804 0.074975 0.032821 0.018462 -0.044627 0.037344 0.092817 0.05221 -0.052668 -0.037631
3.263583 8.173358 1.88902 1.062573 6.21153 8.647231 2.233489 1.256337 2.947946 0.473873 0.001842 0.032492 0.092825 0.052214 -0.035763 0.049472 0.031617 0.017784 -0.037605 0.01698
3.275203 8.200284 1.872605 1.05334 6.174815 8.621438 2.167155 1.219025 2.899612 0.421154 0.01162 0.026925 -0.016415 -0.009233 -0.036715 -0.025794 -0.066334 -0.037313 -0.048335 -0.052719
3.276322 8.213456 1.862102 1.047432 6.162857 8.54982 1.953728 1.098972 2.886534 0.336364 0.001119 0.013172 -0.010503 -0.005908 -0.011958 -0.071618 -0.213427 -0.120053 -0.013078 -0.08479
3.325669 8.285311 1.422863 0.80036 6.162857 8.54982 1.953728 1.098972 2.837187 0.264508 0.049347 0.071856 -0.439239 -0.247072 0.0 0.0 0.0 0.0 -0.049347 -0.071856
3.336476 8.271242 1.394998 0.784686 6.162857 8.54982 1.953728 1.098972 2.826381 0.278578 0.010807 -0.01407 -0.027865 -0.015674 0.0 0.0 0.0 0.0 -0.010807 0.01407
3.309107 8.230933 1.338997 0.753186 3.482487 8.466671 1.275882 0.717683 0.17338 0.235738 -0.027369 -0.040309 -0.056001 -0.0315 -2.68037 -0.083148 -0.677847 -0.381289 -2.653001 -0.04284
3.327463 8.231012 1.380006 0.776254 3.502264 8.503221 1.342613 0.75522 0.174801 0.272209 0.018356 7.9e-05 0.041009 0.023068 0.019777 0.03655 0.066732 0.037537 0.001421 0.036471
3.316727 8.206013 1.315527 0.739984 3.533165 8.466155 1.226508 0.689911 0.216438 0.260142 -0.010735 -0.024999 -0.064479 -0.03627 0.030901 -0.037066 -0.116105 -0.065309 0.041637 -0.012067
3.318687 8.188757 1.298724 0.730532 3.498392 8.399034 1.256836 0.70697 0.179704 0.210277 0.00196 -0.017256 -0.016803 -0.009452 -0.034773 -0.067121 0.030328 0.017059 -0.036733 -0.049865
3.302923 8.25772 1.483728 0.834597 3.464367 8.345688 1.07634 0.605441 0.161445 0.087968 -0.015765 0.068963 0.185004 0.104065 -0.034024 -0.053346 -0.180496 -0.101529 -0.01826 -0.122309
3.297267 8.262452 1.552822 0.873462 3.446921 8.297534 0.976781 0.549439 0.149654 0.035082 -0.005656 0.004733 0.069094 0.038865 -0.017446 -0.048154 -0.099559 -0.056002 -0.011791 -0.052887
3.313429 8.214664 1.315015 0.739696 3.522064 8.460968 1.203236 0.67682 0.208634 0.246304 0.016162 -0.047789 -0.237807 -0.133766 0.075143 0.163434 0.226455 0.127381 0.058981 0.211222
3.312989 8.224978 1.368149 0.769584 5.798823 8.106616 1.388021 0.780762 2.485835 -0.118363 -0.000441 0.010315 0.053134 0.029888 2.276759 -0.354352 0.184785 0.103941 2.2772 -0.364667
3.319564 8.230804 1.345094 0.756615 3.422143 9.871771 1.268071 0.71329 0.10258 1.640967 0.006575 0.005825 -0.023054 -0.012968 -2.37668 1.765155 -0.11995 -0.067472 -2.383255 1.75933
3.31349 8.233221 1.370419 0.770861 5.828581 8.099926 1.345706 0.75696 2.515091 -0.133295 -0.006073 0.002418 0.025324 0.014245 2.406438 -1.771845 0.077635 0.04367 2.412511 -1.774262
3.2936 8.222854 1.35912 0.764505 5.872313 8.1508 1.306887 0.735124 2.578713 -0.072054 -0.01989 -0.010367 -0.011299 -0.006355 0.043732 0.050874 -0.038819 -0.021836 0.063622 0.061241
]