08-12-20_Kanksha_4K.white_alligator_above_blue_wall.0000000004 [ 3.286284 8.652682 1.261156 0.7094 3.418128 9.389935 1.160919 0.653017 0.131844 0.737253 0.0 0.0 0.0 0.0 0.0 0.0 0.0 0.0 0.0 0.0
3.263187 8.638151 1.329253 0.747705 3.382013 9.44613 1.271985 0.715491 0.118826 0.807979 -0.023097 -0.01453 0.068097 0.038304 -0.036115 0.056196 0.111066 0.062475 -0.013018 0.070726
3.285679 8.647354 1.321056 0.743094 3.38394 9.480643 1.268008 0.713254 0.098261 0.833289 0.022492 0.009203 -0.008196 -0.00461 0.001927 0.034513 -0.003977 -0.002237 -0.020565 0.02531
3.270346 8.62909 1.35828 0.764032 3.361339 9.381896 1.319183 0.74204 0.090993 0.752807 -0.015333 -0.018265 0.037224 0.020938 -0.022601 -0.098747 0.051175 0.028786 -0.007268 -0.080482
3.270553 8.540869 1.437502 0.808595 3.431358 9.456551 1.174698 0.660768 0.160806 0.915682 0.000207 -0.088221 0.079222 0.044562 0.070019 0.074655 -0.144485 -0.081273 0.069812 0.162876
3.291533 8.697216 1.345273 0.756716 3.385898 9.503517 1.275577 0.717512 0.094365 0.806301 0.020981 0.156347 -0.092229 -0.051879 -0.04546 0.046965 0.100879 0.056745 -0.066441 -0.109382
3.271684 8.644249 1.3296 0.7479 3.377667 9.479761 1.2689 0.713756 0.105983 0.835512 -0.01985 -0.052967 -0.015673 -0.008816 -0.008231 -0.023756 -0.006677 -0.003756 0.011619 0.029211
3.282074 8.653301 1.361534 0.765863 3.368724 9.332521 1.310031 0.736892 0.08665 0.67922 0.01039 0.009052 0.031934 0.017963 -0.008943 -0.14724 0.04113 0.023136 -0.019333 -0.156292
3.295208 8.672606 1.289004 0.725065 3.407692 9.457888 1.232963 0.693542 0.112484 0.785282 0.013134 0.019305 -0.07253 -0.040798 0.038968 0.125367 -0.077067 -0.04335 0.025834 0.106062
3.26992 8.641195 1.361934 0.766088 3.37648 9.381418 1.275917 0.717704 0.106559 0.740224 -0.025287 -0.031411 0.07293 0.041023 -0.031212 -0.07647 0.042954 0.024162 -0.005925 -0.045059
3.296567 8.603516 1.301778 0.73225 3.399598 9.338351 1.114366 0.626831 0.103031 0.734835 0.026647 -0.037679 -0.060157 -0.033838 0.023118 -0.043067 -0.161551 -0.090872 -0.003529 -0.005388
3.330214 8.66155 1.265275 0.711717 3.417463 9.447843 1.183287 0.665599 0.087249 0.786293 0.033647 0.058035 -0.036503 -0.020533 0.017866 0.109492 0.068921 0.038768 -0.015781 0.051457
3.278058 8.636155 1.426845 0.8026 3.359294 9.445216 1.320563 0.742817 0.081235 0.809062 -0.052156 -0.025396 0.16157 0.090883 -0.05817 -0.002627 0.137276 0.077218 -0.006014 0.022769
3.281632 8.52132 1.475937 0.830215 3.338315 8.492628 0.953391 0.536282 0.056683 -0.028692 0.003574 -0.114834 0.049092 0.027614 -0.020978 -0.952588 -0.367172 -0.206534 -0.024553 -0.837753
3.235162 8.490158 1.57008 0.88317 3.320384 8.4719 0.980423 0.551488 0.085221 -0.018259 -0.04647 -0.031162 0.094143 0.052956 -0.017931 -0.020729 0.027032 0.015206 0.028538 0.010433
3.214199 8.47996 1.66391 0.935949 3.303712 8.470491 1.041855 0.586044 0.089513 -0.009469 -0.020964 -0.010198 0.093829 0.052779 -0.016672 -0.001409 0.061432 0.034556 0.004292 0.008789
3.203949 8.466934 1.710254 0.962018 3.294829 8.453726 1.096774 0.616935 0.09088 -0.013208 -0.01025 -0.013026 0.046344 0.026069 -0.008883 -0.016764 0.054919 0.030892 0.001367 -0.003738
3.182176 8.453808 1.721358 0.968264 3.290283 8.418921 1.092656 0.614619 0.108107 -0.034887 -0.021773 -0.013126 0.011104 0.006246 -0.004546 -0.034806 -0.004118 -0.002316 0.017227 -0.021679
3.164741 8.407646 1.738254 0.977768 3.281001 8.417639 0.98807 0.555789 0.11626 0.009993 -0.017435 -0.046162 0.016896 0.009504 -0.009282 -0.001282 -0.104586 -0.05883 0.008153 0.04488
3.181534 8.110557 1.353603 0.761402 6.334683 8.348083 1.512167 0.850594 3.153149 0.237527 0.016793 -0.297089 -0.384651 -0.216366 3.053682 -0.069555 0.524097 0.294804 3.036889 0.227534
3.174035 8.114694 1.510162 0.849466 6.339714 8.370204 1.199229 0.674566 3.165679 0.25551 -0.007499 0.004137 0.156559 0.088065 0.005031 0.02212 -0.312938 -0.176027 0.01253 0.017983
3.206656 7.995076 1.535397 0.863661 6.355757 8.306151 1.061373 0.597022 3.149101 0.311075 0.032622 -0.119618 0.025234 0.014194 0.016043 -0.064053 -0.137856 -0.077544 -0.016578 0.055565
3.240104 7.834572 1.44772 0.814343 6.347876 8.270255 0.784851 0.441479 3.107772 0.435684 0.033448 -0.160505 -0.087676 -0.049318 -0.007881 -0.035896 -0.276522 -0.155543 -0.041329 0.124609
3.256536 7.17975 1.548798 0.871199 5.985076 7.475104 1.548845 0.871225 2.72854 0.295354 0.016431 -0.654821 0.101078 0.056856 -0.3628 -0.795152 0.763994 0.429746 -0.379232 -0.14033
3.314034 7.190672 1.675596 0.942523 6.010498 7.427 1.532765 0.862181 2.696464 0.236328 0.057499 0.010922 0.126798 0.071324 0.025422 -0.048103 -0.016079 -0.009045 -0.032077 -0.059025
3.325605 7.187806 1.477872 0.831303 5.966158 7.370123 1.19778 0.673751 2.640553 0.182317 0.011571 -0.002866 -0.197724 -0.11122 -0.04434 -0.056878 -0.334985 -0.188429 -0.055911 -0.054011
3.853687 6.31088 1.711228 0.962566 5.710706 6.710997 1.546007 0.869629 1.857019 0.400117 0.528082 -0.876926 0.233356 0.131263 -0.255452 -0.659125 0.348227 0.195878 -0.783534 0.2178
3.894102 6.223484 1.278027 0.71889 5.696524 6.68073 1.538837 0.865596 1.802422 0.457246 0.040416 -0.087397 -0.433201 -0.243676 -0.014182 -0.030267 -0.00717 -0.004033 -0.054597 0.057129
5.294684 6.741474 1.352643 0.760862 5.562762 6.589796 1.451497 0.816467 0.268078 -0.151678 1.400582 0.517991 0.074617 0.041972 -0.133762 -0.090934 -0.08734 -0.049128 -1.534344 -0.608925
5.55331 6.447095 0.721389 0.405782 5.720789 6.308678 1.435981 0.807739 0.16748 -0.138417 0.258626 -0.294379 -0.631254 -0.35508 0.158027 -0.281118 -0.015516 -0.008728 -0.100598 0.013261
4.349496 5.264618 2.011825 1.131651 5.700989 6.209686 1.104479 0.621269 1.351492 0.945068 -1.203814 -1.182477 1.290435 0.72587 -0.019801 -0.098991 -0.331502 -0.18647 1.184013 1.083485
4.441761 5.24149 1.932156 1.086838 5.713687 6.268827 1.121975 0.631111 1.271926 1.027337 0.092264 -0.023128 -0.079669 -0.044814 0.012698 0.059141 0.017496 0.009842 -0.079566 0.082269
4.534108 5.196543 1.789331 1.006499 5.705568 6.301875 1.115682 0.627571 1.17146 1.105332 0.092347 -0.044947 -0.142825 -0.080339 -0.008119 0.033048 -0.006294 -0.00354 -0.100466 0.077994
4.53182 5.11956 1.592748 0.895921 5.723698 6.312271 1.004927 0.565272 1.191878 1.19271 -0.002287 -0.076983 -0.196583 -0.110578 0.018131 0.010396 -0.110754 -0.062299 0.020418 0.087379
4.543229 5.122393 1.655654 0.931306 5.727576 6.284035 0.49784 0.280035 1.184347 1.161642 0.011409 0.002833 0.062906 0.035385 0.003878 -0.028235 -0.507088 -0.285237 -0.007531 -0.031068
4.826086 5.192369 1.618645 0.910488 5.402755 6.523901 1.579621 0.888537 0.576669 1.331531 0.282857 0.069976 -0.037009 -0.020818 -0.324821 0.239865 1.081782 0.608502 -0.607678 0.169889
4.852946 5.324847 1.736696 0.976892 5.429839 6.493568 1.453429 0.817554 0.576894 1.168721 0.02686 0.132478 0.118051 0.066404 0.027084 -0.030332 -0.126193 -0.070983 0.000225 -0.16281
4.869166 5.407049 1.826541 1.02743 5.471413 6.53577 1.227044 0.690212 0.602247 1.128721 0.016221 0.082202 0.089845 0.050538 0.041574 0.042201 -0.226385 -0.127341 0.025353 -0.040001
4.898853 5.319109 1.732055 0.974281 5.471413 6.53577 1.227044 0.690212 0.57256 1.216661 0.029687 -0.08794 -0.094487 -0.053149 0.0 0.0 0.0 0.0 -0.029687 0.08794
4.936768 5.283366 1.760728 0.990409 5.471413 6.53577 1.227044 0.690212 0.534645 1.252403 0.037915 -0.035743 0.028673 0.016129 0.0 0.0 0.0 0.0 -0.037915 0.035743
4.981349 5.199766 1.701593 0.957146 5.471413 6.53577 1.227044 0.690212 0.490064 1.336004 0.044582 -0.083601 -0.059135 -0.033263 0.0 0.0 0.0 0.0 -0.044582 0.083601
4.992607 4.941487 1.620646 0.911613 5.471413 6.53577 1.227044 0.690212 0.478806 1.594283 0.011257 -0.258279 -0.080948 -0.045533 0.0 0.0 0.0 0.0 -0.011257 0.258279
5.00105 4.782749 1.700552 0.95656 6.101394 7.890786 1.324646 0.745113 1.100345 3.108037 0.008443 -0.158738 0.079906 0.044947 0.629981 1.355016 0.097602 0.054901 0.621538 1.513754
4.938492 4.801413 1.727735 0.971851 6.065189 7.847947 1.221722 0.687219 1.126698 3.046534 -0.062558 0.018663 0.027183 0.015291 -0.036205 -0.042839 -0.102924 -0.057895 0.026353 -0.061502
4.895364 4.688945 1.768137 0.994577 6.050888 7.849441 1.042022 0.586137 1.155524 3.160496 -0.043128 -0.112467 0.040401 0.022726 -0.014301 0.001494 -0.1797 -0.101081 0.028827 0.113962
4.86221 4.563479 1.865022 1.049075 6.038202 7.860593 0.999892 0.562439 1.175992 3.297114 -0.033154 -0.125467 0.096886 0.054498 -0.012686 0.011151 -0.04213 -0.023698 0.020468 0.136618
4.782221 3.650345 1.833844 1.031538 6.028516 7.905578 0.925087 0.520361 1.246295 4.255233 -0.079989 -0.913133 -0.031178 -0.017538 -0.009686 0.044985 -0.074805 -0.042078 0.070303 0.958119
4.759058 3.696468 1.963375 1.104398 6.082159 8.326199 1.417251 0.797204 1.323102 4.629731 -0.023163 0.046123 0.129531 0.072861 0.053643 0.420621 0.492164 0.276842 0.076806 0.374498
4.715183 3.585595 2.186781 1.230064 6.049117 8.335597 1.307448 0.73544 1.333934 4.750001 -0.043875 -0.110873 0.223406 0.125666 -0.033042 0.009398 -0.109803 -0.061764 0.010833 0.120271
4.657061 3.535877 2.399154 1.349524 6.027969 8.333068 1.221782 0.687252 1.370908 4.797192 -0.058122 -0.049719 0.212372 0.11946 -0.021149 -0.002528 -0.085666 -0.048187 0.036973 0.04719
4.636701 3.540201 2.582289 1.452537 6.022125 8.333181 1.163473 0.654453 1.385424 4.79298 -0.020359 0.004324 0.183135 0.103013 -0.005843 0.000113 -0.058309 -0.032799 0.014516 -0.004212
4.613247 3.574315 2.723708 1.532086 6.025227 8.331705 1.11261 0.625843 1.411981 4.75739 -0.023455 0.034114 0.141419 0.079549 0.003102 -0.001476 -0.050863 -0.02861 0.026557 -0.03559
4.616163 3.655347 2.89755 1.629872 6.046203 8.325829 1.031819 0.580398 1.43004 4.670482 0.002916 0.081032 0.173842 0.097786 0.020976 -0.005876 -0.080791 -0.045445 0.01806 -0.086908
4.623584 3.732653 2.956731 1.663161 6.075423 8.290905 0.95456 0.53694 1.451839 4.558253 0.00742 0.077306 0.059181 0.033289 0.029219 -0.034924 -0.07726 -0.043459 0.021799 -0.11223
4.656536 3.798569 3.01084 1.693597 6.127409 8.271911 0.932242 0.524386 1.470873 4.473341 0.032952 0.065917 0.054109 0.030436 0.051986 -0.018995 -0.022318 -0.012554 0.019034 -0.084912
4.656226 3.955351 2.739871 1.541178 6.161495 8.175939 0.770167 0.433219 1.505269 4.220589 -0.00031 0.156781 -0.270969 -0.15242 0.034086 -0.095971 -0.162075 -0.091167 0.034396 -0.252752
4.950803 3.861671 1.917243 1.078449 6.161495 8.175939 0.770167 0.433219 1.210692 4.314268 0.294577 -0.093679 -0.822628 -0.462729 0.0 0.0 0.0 0.0 -0.294577 0.093679
4.989365 3.719612 1.997338 1.123503 5.907189 6.707222 1.834781 1.032064 0.917824 2.987611 0.038562 -0.14206 0.080095 0.045053 -0.254306 -1.468717 1.064615 0.598846 -0.292868 -1.326657
4.979061 3.789801 2.068257 1.163394 5.938706 6.765047 1.627039 0.915209 0.959645 2.975247 -0.010304 0.070189 0.070919 0.039892 0.031517 0.057825 -0.207742 -0.116855 0.041821 -0.012364
5.053629 3.785325 1.946621 1.094975 5.938706 6.765047 1.627039 0.915209 0.885077 2.979722 0.074568 -0.004476 -0.121635 -0.06842 0.0 0.0 0.0 0.0 -0.074568 0.004476
5.058836 4.040811 1.711619 0.962786 5.938706 6.765047 1.627039 0.915209 0.879869 2.724236 0.005207 0.255486 -0.235002 -0.132189 0.0 0.0 0.0 0.0 -0.005207 -0.255486
5.104241 4.056017 1.701741 0.957229 5.938706 6.765047 1.627039 0.915209 0.834465 2.70903 0.045404 0.015206 -0.009878 -0.005556 0.0 0.0 0.0 0.0 -0.045404 -0.015206
5.072028 4.08126 1.594694 0.897016 5.938706 6.765047 1.627039 0.915209 0.866678 2.683787 -0.032213 0.025243 -0.107047 -0.060214 0.0 0.0 0.0 0.0 0.032213 -0.025243
4.982837 3.977826 1.669429 0.939054 5.938706 6.765047 1.627039 0.915209 0.955868 2.787221 -0.089191 -0.103434 0.074735 0.042039 0.0 0.0 0.0 0.0 0.089191 0.103434
5.019951 4.083306 1.489502 0.837845 5.938706 6.765047 1.627039 0.915209 0.918755 2.681741 0.037113 0.10548 -0.179927 -0.101209 0.0 0.0 0.0 0.0 -0.037113 -0.10548
5.0194 4.106351 1.524526 0.857546 5.938706 6.765047 1.627039 0.915209 0.919306 2.658696 -0.000551 0.023045 0.035024 0.019701 0.0 0.0 0.0 0.0 0.000551 -0.023045
5.05857 4.053016 1.5507 0.872269 5.938706 6.765047 1.627039 0.915209 0.880136 2.712031 0.03917 -0.053335 0.026174 0.014723 0.0 0.0 0.0 0.0 -0.03917 0.053335
4.960856 4.050282 1.466423 0.824863 5.938706 6.765047 1.627039 0.915209 0.97785 2.714766 -0.097714 -0.002734 -0.084277 -0.047406 0.0 0.0 0.0 0.0 0.097714 0.002734
5.012552 4.067693 1.445235 0.812945 5.938706 6.765047 1.627039 0.915209 0.926154 2.697355 0.051696 0.017411 -0.021188 -0.011918 0.0 0.0 0.0 0.0 -0.051696 -0.017411
4.979686 4.276018 1.336606 0.751841 5.938706 6.765047 1.627039 0.915209 0.95902 2.489029 -0.032866 0.208325 -0.108629 -0.061104 0.0 0.0 0.0 0.0 0.032866 -0.208325
4.964938 4.251669 1.241986 0.698617 5.938706 6.765047 1.627039 0.915209 0.973768 2.513378 -0.014749 -0.024349 -0.09462 -0.053224 0.0 0.0 0.0 0.0 0.014749 0.024349
5.015416 4.181915 1.257789 0.707506 5.938706 6.765047 1.627039 0.915209 0.92329 2.583132 0.050479 -0.069754 0.015803 0.008889 0.0 0.0 0.0 0.0 -0.050479 0.069754
4.997863 4.147291 1.457451 0.819816 5.938706 6.765047 1.627039 0.915209 0.940843 2.617756 -0.017553 -0.034624 0.199662 0.11231 0.0 0.0 0.0 0.0 0.017553 0.034624
4.986021 4.149616 1.463289 0.8231 5.938706 6.765047 1.627039 0.915209 0.952685 2.615432 -0.011843 0.002325 0.005838 0.003284 0.0 0.0 0.0 0.0 0.011843 -0.002325
5.019171 4.15788 1.579737 0.888602 5.938706 6.765047 1.627039 0.915209 0.919535 2.607168 0.033151 0.008264 0.116448 0.065502 0.0 0.0 0.0 0.0 -0.033151 -0.008264
4.983791 4.100064 1.598164 0.898967 5.938706 6.765047 1.627039 0.915209 0.954915 2.664984 -0.03538 -0.057816 0.018427 0.010365 0.0 0.0 0.0 0.0 0.03538 0.057816
4.972094 4.055555 1.623658 0.913308 5.938706 6.765047 1.627039 0.915209 0.966612 2.709493 -0.011697 -0.044509 0.025494 0.01434 0.0 0.0 0.0 0.0 0.011697 0.044509
4.95937 4.016012 1.627142 0.915267 5.938706 6.765047 1.627039 0.915209 0.979335 2.749035 -0.012724 -0.039542 0.003484 0.00196 0.0 0.0 0.0 0.0 0.012724 0.039542
4.98859 3.995802 1.466512 0.824913 5.938706 6.765047 1.627039 0.915209 0.950116 2.769246 0.029219 -0.020211 -0.16063 -0.090354 0.0 0.0 0.0 0.0 -0.029219 0.020211
5.052548 4.253771 1.327283 0.746597 5.938706 6.765047 1.627039 0.915209 0.886158 2.511277 0.063958 0.257969 -0.13923 -0.078317 0.0 0.0 0.0 0.0 -0.063958 -0.257969
5.037796 4.291717 1.209402 0.680289 5.938706 6.765047 1.627039 0.915209 0.90091 2.47333 -0.014752 0.037947 -0.117881 -0.066308 0.0 0.0 0.0 0.0 0.014752 -0.037947
5.032693 4.304819 1.319447 0.742189 5.938706 6.765047 1.627039 0.915209 0.906013 2.460229 -0.005103 0.013101 0.110045 0.0619 0.0 0.0 0.0 0.0 0.005103 -0.013101
4.996791 4.25201 1.240147 0.697583 5.938706 6.765047 1.627039 0.915209 0.941915 2.513037 -0.035902 -0.052809 -0.0793 -0.044606 0.0 0.0 0.0 0.0 0.035902 0.052809
4.954245 4.302979 1.489238 0.837696 5.938706 6.765047 1.627039 0.915209 0.98446 2.462068 -0.042545 0.050969 0.24909 0.140113 0.0 0.0 0.0 0.0 0.042545 -0.050969
4.57389 4.344038 1.697672 0.95494 4.915936 4.474475 1.493268 0.839963 0.342046 0.130437 -0.380355 0.041059 0.208434 0.117244 -1.02277 -2.290572 -0.133771 -0.075246 -0.642414 -2.331631
4.53862 4.255012 1.688807 0.949954 4.69719 4.581838 1.600396 0.900223 0.15857 0.326826 -0.03527 -0.089026 -0.008864 -0.004986 -0.218746 0.107363 0.107128 0.060259 -0.183476 0.196389
4.410111 4.217805 1.752999 0.986062 4.711969 4.638761 1.512031 0.850517 0.301858 0.420956 -0.128509 -0.037207 0.064191 0.036108 0.01478 0.056923 -0.088365 -0.049705 0.143288 0.09413
4.401016 4.336655 0.848312 0.477175 4.725153 4.741625 1.621886 0.912311 0.324137 0.40497 -0.009095 0.11885 -0.904687 -0.508886 0.013184 0.102864 0.109856 0.061794 0.022279 -0.015986
4.652955 4.9288 1.58063 0.889104 5.236559 3.369919 1.801891 1.013564 0.583604 -1.558881 0.251939 0.592145 0.732318 0.411929 0.511405 -1.371706 0.180005 0.101253 0.259466 -1.963851
4.642971 4.869519 1.7252 0.970425 5.230312 3.447864 1.680816 0.945459 0.58734 -1.421655 -0.009984 -0.059281 0.14457 0.081321 -0.006247 0.077944 -0.121075 -0.068105 0.003737 0.137225
4.646816 4.807773 1.883561 1.059503 5.174309 3.374513 1.564618 0.880098 0.527493 -1.43326 0.003845 -0.061746 0.158361 0.089078 -0.056003 -0.073351 -0.116198 -0.065361 -0.059848 -0.011605
4.666321 4.691183 1.74695 0.982659 4.77512 2.797878 2.127012 1.196444 0.108799 -1.893305 0.019505 -0.11659 -0.136611 -0.076844 -0.399189 -0.576635 0.562393 0.316346 -0.418694 -0.460045
4.717208 4.720262 1.812023 1.019263 4.756818 2.893365 1.976842 1.111973 0.03961 -1.826897 0.050887 0.029079 0.065073 0.036604 -0.018302 0.095487 -0.15017 -0.084471 -0.069189 0.066408
4.275013 3.095726 1.938965 1.090668 4.831475 4.550616 1.586685 0.89251 0.556462 1.45489 -0.442196 -1.624536 0.126942 0.071405 0.074657 1.657251 -0.390157 -0.219463 0.516852 3.281786
4.287911 3.219568 1.841291 1.035726 4.835753 4.598624 1.667815 0.938146 0.547842 1.379056 0.012899 0.123842 -0.097674 -0.054941 0.004278 0.048008 0.08113 0.045636 -0.00862 -0.075834
4.270329 3.3912 1.679963 0.944979 4.856885 4.581647 1.763369 0.991895 0.586556 1.190447 -0.017582 0.171632 -0.161329 -0.090747 0.021132 -0.016977 0.095554 0.053749 0.038714 -0.188609
4.651496 4.313051 1.533593 0.862646 4.86914 4.578892 1.847789 1.039381 0.217644 0.265841 0.381167 0.921851 -0.14637 -0.082333 0.012256 -0.002755 0.08442 0.047486 -0.368912 -0.924606
4.693137 4.38041 1.217089 0.684613 4.880724 4.585228 1.949863 1.096798 0.187587 0.204818 0.041641 0.067359 -0.316503 -0.178033 0.011583 0.006336 0.102074 0.057417 -0.030058 -0.061023
4.293614 4.573051 1.900408 1.068979 4.891308 4.650353 2.039982 1.14749 0.597694 0.077302 -0.399523 0.192641 0.683319 0.384367 0.010584 0.065125 0.090119 0.050692 0.410107 -0.127516
4.878946 4.659207 2.13829 1.202788 5.129483 3.972115 1.579986 0.888742 0.250537 -0.687092 0.585332 0.086156 0.237882 0.133809 0.238175 -0.678238 -0.459996 -0.258748 -0.347157 -0.764394
4.863256 4.664839 2.251201 1.266301 5.084329 3.886825 1.548729 0.87116 0.221073 -0.778014 -0.01569 0.005632 0.112911 0.063513 -0.045155 -0.08529 -0.031257 -0.017582 -0.029464 -0.090922
4.847973 4.657944 2.333113 1.312376 5.105644 3.210179 1.68762 0.949286 0.257671 -1.447765 -0.015283 -0.006895 0.081912 0.046075 0.021316 -0.676646 0.13889 0.078126 0.036599 -0.669751
4.78566 4.632965 1.646503 0.926158 4.837813 4.654133 2.40787 1.354427 0.052153 0.021168 -0.062313 -0.024979 -0.68661 -0.386218 -0.267832 1.443954 0.72025 0.405141 -0.205519 1.468933
4.79512 4.660257 1.728482 0.972271 4.875413 4.64909 2.457901 1.382569 0.080293 -0.011166 0.00946 0.027292 0.081979 0.046113 0.0376 -0.005043 0.050031 0.028143 0.02814 -0.032335
4.798681 4.678978 1.773001 0.997313 4.927074 4.650778 2.512512 1.413288 0.128393 -0.0282 0.003561 0.018721 0.044519 0.025042 0.051661 0.001688 0.054611 0.030719 0.0481 -0.017033
4.849899 4.681132 1.745891 0.982064 4.988534 4.657746 2.548894 1.433753 0.138635 -0.023386 0.051218 0.002155 -0.02711 -0.01525 0.06146 0.006968 0.036382 0.020465 0.010242 0.004813
4.914847 4.710126 1.739166 0.978281 5.057065 4.686275 2.529885 1.42306 0.142218 -0.023851 0.064948 0.028993 -0.006725 -0.003783 0.068531 0.028529 -0.019009 -0.010692 0.003583 -0.000465
4.95901 4.731399 1.787267 1.005338 5.057065 4.686275 2.529885 1.42306 0.098055 -0.045125 0.044163 0.021273 0.048101 0.027057 0.0 0.0 0.0 0.0 -0.044163 -0.021273
4.696071 4.412933 1.457075 0.819605 5.006332 4.806761 1.824161 1.026091 0.310261 0.393829 -0.262938 -0.318467 -0.330192 -0.185733 -0.050732 0.120487 -0.705724 -0.39697 0.212206 0.438953
4.697852 4.279282 1.30403 0.733517 5.054175 4.886012 1.840612 1.035344 0.356323 0.606729 0.001781 -0.13365 -0.153045 -0.086088 0.047843 0.07925 0.01645 0.009253 0.046062 0.212901
4.621493 4.117809 1.614829 0.908342 5.054175 4.886012 1.840612 1.035344 0.432682 0.768203 -0.07636 -0.161474 0.310799 0.174825 0.0 0.0 0.0 0.0 0.07636 0.161474
4.654098 3.983206 1.729506 0.972847 5.054175 4.886012 1.840612 1.035344 0.400078 0.902806 0.032605 -0.134602 0.114677 0.064506 0.0 0.0 0.0 0.0 -0.032605 0.134602
4.480336 3.948013 1.828367 1.028457 5.054175 4.886012 1.840612 1.035344 0.573839 0.937999 -0.173762 -0.035194 0.098861 0.055609 0.0 0.0 0.0 0.0 0.173762 0.035194
4.411954 3.998796 1.827858 1.02817 5.054175 4.886012 1.840612 1.035344 0.642221 0.887215 -0.068382 0.050784 -0.00051 -0.000287 0.0 0.0 0.0 0.0 0.068382 -0.050784
4.350533 3.894259 1.980796 1.114198 5.054175 4.886012 1.840612 1.035344 0.703642 0.991753 -0.061421 -0.104538 0.152939 0.086028 0.0 0.0 0.0 0.0 0.061421 0.104538
4.308489 3.910286 1.988611 1.118594 5.054175 4.886012 1.840612 1.035344 0.745686 0.975725 -0.042044 0.016028 0.007815 0.004396 0.0 0.0 0.0 0.0 0.042044 -0.016028
4.211447 4.065002 1.868508 1.051036 5.054175 4.886012 1.840612 1.035344 0.842728 0.82101 -0.097042 0.154716 -0.120103 -0.067558 0.0 0.0 0.0 0.0 0.097042 -0.154716
4.152848 4.108369 1.798847 1.011851 6.673113 8.295737 1.269909 0.714324 2.520265 4.187368 -0.058599 0.043367 -0.069662 -0.039185 1.618938 3.409725 -0.570703 -0.32102 1.677537 3.366358
4.19717 4.221691 1.65795 0.932597 6.638328 8.228489 1.113113 0.626126 2.441158 4.006799 0.044323 0.113321 -0.140897 -0.079254 -0.034785 -0.067248 -0.156795 -0.088197 -0.079107 -0.180569
4.169365 4.218392 1.555143 0.874768 6.637711 8.282228 1.070676 0.602255 2.468346 4.063835 -0.027805 -0.003298 -0.102807 -0.057829 -0.000618 0.053738 -0.042438 -0.023871 0.027188 0.057037
4.025618 4.049174 1.610501 0.905907 6.507478 8.346004 1.562196 0.878735 2.481861 4.296831 -0.143747 -0.169218 0.055358 0.031139 -0.130233 0.063777 0.49152 0.27648 0.013515 0.232995
4.02533 4.11921 1.738954 0.978162 6.45041 8.376921 1.435404 0.807415 2.425081 4.257711 -0.000288 0.070036 0.128452 0.072255 -0.057068 0.030917 -0.126791 -0.07132 -0.05678 -0.039119
4.029609 3.714192 1.76234 0.991316 6.341338 8.563781 1.465661 0.824434 2.311729 4.849589 0.004279 -0.405018 0.023386 0.013155 -0.109073 0.18686 0.030257 0.01702 -0.113352 0.591878
3.988961 3.828425 1.399393 0.787159 6.318985 8.575392 1.43921 0.809556 2.330024 4.746966 -0.040648 0.114233 -0.362946 -0.204157 -0.022353 0.01161 -0.026451 -0.014878 0.018295 -0.102623
3.982632 3.829743 1.316718 0.740654 6.274161 8.580956 1.474646 0.829488 2.291529 4.751214 -0.006329 0.001317 -0.082675 -0.046505 -0.044823 0.005565 0.035436 0.019932 -0.038494 0.004247
3.973832 3.86987 1.145447 0.644314 6.210824 8.6227 1.560966 0.878043 2.236992 4.75283 -0.0088 0.040127 -0.171272 -0.09634 -0.063337 0.041744 0.08632 0.048555 -0.054537 0.001616
3.964256 3.889997 1.216179 0.684101 6.162443 8.678248 1.635105 0.919747 2.198186 4.788251 -0.009575 0.020127 0.070733 0.039787 -0.048382 0.055548 0.074139 0.041703 -0.038806 0.035421
3.961556 3.912374 1.2727 0.715894 6.114508 8.726351 1.68878 0.949939 2.152952 4.813977 -0.002701 0.022377 0.056521 0.031793 -0.047935 0.048103 0.053675 0.030192 -0.045234 0.025726
3.983828 3.98217 1.237213 0.695933 6.073865 8.689922 1.677666 0.943687 2.090037 4.707752 0.022272 0.069796 -0.035487 -0.019961 -0.040643 -0.036429 -0.011114 -0.006252 -0.062915 -0.106225
3.969536 4.015817 1.296781 0.729439 6.048665 8.653859 1.667678 0.938069 2.07913 4.638042 -0.014293 0.033647 0.059568 0.033507 -0.0252 -0.036063 -0.009989 -0.005619 -0.010908 -0.06971
3.947667 4.069192 1.331911 0.7492 6.048589 8.594751 1.609204 0.905177 2.100923 4.525559 -0.021869 0.053374 0.035129 0.01976 -7.6e-05 -0.059109 -0.058474 -0.032892 0.021793 -0.112483
3.956041 4.1177 1.2078 0.679388 6.065387 8.626662 1.565841 0.880786 2.109346 4.508963 0.008374 0.048508 -0.12411 -0.069812 0.016797 0.031912 -0.043363 -0.024391 0.008423 -0.016597
3.959729 4.154986 1.172173 0.659347 6.101973 8.635995 1.555471 0.874952 2.142244 4.481009 0.003688 0.037287 -0.035628 -0.020041 0.036587 0.009333 -0.01037 -0.005833 0.032898 -0.027954
3.983901 4.169145 1.201176 0.675661 6.150968 8.566101 1.4354 0.807413 2.167067 4.396956 0.024172 0.014158 0.029003 0.016314 0.048995 -0.069895 -0.12007 -0.06754 0.024823 -0.084053
4.02575 4.16273 1.25688 0.706995 4.232399 4.100149 1.886759 1.061302 0.206649 -0.062581 0.041849 -0.006415 0.055704 0.031334 -1.918569 -4.465952 0.451359 0.253889 -1.960418 -4.459537
4.083079 4.174499 1.299717 0.731091 4.252069 4.233393 1.968456 1.107257 0.168991 0.058894 0.057329 0.011769 0.042837 0.024096 0.01967 0.133245 0.081697 0.045955 -0.037659 0.121475
4.126199 4.200012 1.314563 0.739442 4.334562 4.276394 2.145739 1.206978 0.208363 0.076382 0.04312 0.025513 0.014846 0.008351 0.082492 0.043 0.177282 0.099721 0.039372 0.017487
4.126199 4.200012 1.314563 0.739442 4.556078 3.804803 2.335293 1.313602 0.42988 -0.395209 0.0 0.0 0.0 0.0 0.221517 -0.471591 0.189554 0.106624 0.221517 -0.471591
4.762968 3.597355 2.569989 1.445619 5.626262 4.645406 2.351853 1.322917 0.863294 1.048051 0.63677 -0.602657 1.255427 0.706177 1.070184 0.840603 0.016561 0.009315 0.433414 1.44326
4.765535 3.765625 2.437241 1.370948 5.596644 4.754904 2.323324 1.30687 0.831109 0.989279 0.002567 0.16827 -0.132748 -0.074671 -0.029618 0.109498 -0.028529 -0.016048 -0.032185 -0.058772
4.833878 3.954239 2.466531 1.387424 5.516163 4.777379 1.939813 1.091145 0.682285 0.82314 0.068343 0.188614 0.02929 0.016476 -0.080481 0.022475 -0.383511 -0.215725 -0.148824 -0.166139
4.955916 4.055954 2.394758 1.347051 5.503336 4.786768 1.665271 0.936715 0.54742 0.730814 0.122038 0.101715 -0.071773 -0.040372 -0.012827 0.009389 -0.274542 -0.15443 -0.134865 -0.092327
5.089753 3.606515 1.969593 1.107896 5.503336 4.786768 1.665271 0.936715 0.413583 1.180253 0.133837 -0.449439 -0.425165 -0.239155 0.0 0.0 0.0 0.0 -0.133837 0.449439
5.113832 3.391147 2.226154 1.252211 5.503336 4.786768 1.665271 0.936715 0.389503 1.395621 0.02408 -0.215368 0.256561 0.144315 0.0 0.0 0.0 0.0 -0.02408 0.215368
4.795638 3.257835 2.75803 1.551392 5.503336 4.786768 1.665271 0.936715 0.707697 1.528933 -0.318194 -0.133312 0.531876 0.299181 0.0 0.0 0.0 0.0 0.318194 0.133312
4.713562 3.277855 2.85061 1.603468 5.311574 3.146217 2.29183 1.289154 0.598013 -0.131637 -0.082077 0.02002 0.09258 0.052076 -0.191761 -1.64055 0.626559 0.35244 -0.109684 -1.66057
4.712732 3.370228 2.845041 1.600335 5.33192 3.28556 2.062139 1.159953 0.619187 -0.084668 -0.000829 0.092373 -0.005569 -0.003133 0.020345 0.139343 -0.229691 -0.129201 0.021175 0.04697
4.597965 3.446992 2.665618 1.49941 5.376583 3.365668 1.941156 1.0919 0.778618 -0.081325 -0.114767 0.076765 -0.179423 -0.100925 0.044664 0.080108 -0.120983 -0.068053 0.159431 0.003343
4.450015 3.440909 2.331308 1.311361 5.441542 3.407125 1.672055 0.940531 0.991527 -0.033784 -0.14795 -0.006084 -0.33431 -0.18805 0.064959 0.041457 -0.269101 -0.151369 0.212909 0.047541
3.666563 4.751986 1.80674 1.016291 5.441542 3.407125 1.672055 0.940531 1.774979 -1.344861 -0.783452 1.311077 -0.524568 -0.295069 0.0 0.0 0.0 0.0 0.783452 -1.311077
3.643075 4.811203 1.80528 1.01547 6.388692 3.406501 2.230652 1.254742 2.745618 -1.404702 -0.023488 0.059217 -0.00146 -0.000821 0.94715 -0.000624 0.558597 0.314211 0.970638 -0.059841
3.394829 3.24953 2.249178 1.265163 6.615124 3.529852 2.097181 1.179664 3.220294 0.280323 -0.248245 -1.561673 0.443898 0.249693 0.226431 0.123352 -0.13347 -0.075077 0.474677 1.685025
3.418713 3.383368 1.776326 0.999184 6.543109 3.654898 2.132645 1.199613 3.124397 0.271531 0.023883 0.133838 -0.472851 -0.265979 -0.072014 0.125046 0.035464 0.019949 -0.095898 -0.008792
3.365593 3.372392 1.400513 0.787789 6.589331 3.679252 1.927053 1.083968 3.223738 0.30686 -0.053119 -0.010976 -0.375813 -0.211395 0.046222 0.024354 -0.205592 -0.115645 0.099341 0.035329
2.76361 3.510293 1.994343 1.121818 7.150928 3.846249 1.887386 1.061655 4.387318 0.335956 -0.601983 0.137901 0.59383 0.334029 0.561597 0.166997 -0.039667 -0.022313 1.16358 0.029096
2.827613 3.529956 2.249767 1.265494 7.100538 3.915451 2.129766 1.197994 4.272925 0.385495 0.064003 0.019663 0.255423 0.143676 -0.05039 0.069202 0.24238 0.136339 -0.114393 0.04954
2.792248 3.642962 2.298804 1.293077 7.179512 3.956462 2.357294 1.325978 4.387264 0.3135 -0.035365 0.113006 0.049037 0.027584 0.078974 0.041011 0.227527 0.127984 0.114339 -0.071995
2.739146 3.723922 2.314788 1.302068 7.223495 4.004746 2.458457 1.382882 4.484349 0.280824 -0.053102 0.08096 0.015984 0.008991 0.043983 0.048283 0.101164 0.056904 0.097085 -0.032676
2.703923 3.788039 2.445539 1.375616 7.276763 4.063496 2.523901 1.419695 4.572841 0.275457 -0.035223 0.064117 0.130751 0.073548 0.053268 0.058751 0.065444 0.036813 0.088491 -0.005367
2.716144 3.842498 2.558143 1.438956 7.267045 4.096856 2.565207 1.442929 4.550901 0.254358 0.012221 0.054459 0.112604 0.06334 -0.009719 0.03336 0.041305 0.023234 -0.02194 -0.021099
2.753873 3.880791 2.630658 1.479745 7.205098 4.14168 2.634765 1.482055 4.451225 0.260889 0.037729 0.038294 0.072515 0.04079 -0.061947 0.044824 0.069558 0.039126 -0.099676 0.006531
2.819217 3.952683 2.652776 1.492186 7.182281 4.217367 2.517077 1.415856 4.363064 0.264685 0.065344 0.071891 0.022117 0.012441 -0.022817 0.075687 -0.117688 -0.0662 -0.088161 0.003796
2.895011 3.988623 2.642748 1.486546 7.115589 4.277318 2.428837 1.366221 4.220579 0.288695 0.075794 0.03594 -0.010028 -0.005641 -0.066692 0.059951 -0.08824 -0.049635 -0.142485 0.024011
2.965766 4.118491 2.638263 1.484023 7.062072 4.391961 2.539212 1.428307 4.096306 0.273471 0.070755 0.129868 -0.004485 -0.002523 -0.053517 0.114643 0.110375 0.062086 -0.124273 -0.015225
3.017046 4.261812 2.612275 1.469404 7.009705 4.541769 2.527325 1.421621 3.992659 0.279958 0.05128 0.143321 -0.025988 -0.014618 -0.052367 0.149808 -0.011887 -0.006686 -0.103647 0.006487
3.053625 4.412962 2.629739 1.479228 6.972873 4.680981 2.499276 1.405842 3.919249 0.268019 0.036578 0.151151 0.017464 0.009824 -0.036831 0.139212 -0.02805 -0.015778 -0.07341 -0.011939
3.029507 4.609102 2.596388 1.460468 6.988595 4.747486 2.418873 1.360616 3.959087 0.138384 -0.024118 0.19614 -0.033351 -0.01876 0.015721 0.066504 -0.080403 -0.045227 0.039839 -0.129635
2.966919 5.481937 1.552816 0.873459 7.01417 4.910398 2.040866 1.147987 4.04725 -0.571539 -0.062588 0.872835 -1.043572 -0.587009 0.025575 0.162912 -0.378007 -0.212629 0.088163 -0.709923
2.992874 5.543007 1.300555 0.731562 7.050394 4.976826 1.876449 1.055503 4.057521 -0.566181 0.025955 0.06107 -0.252261 -0.141897 0.036225 0.066428 -0.164417 -0.092484 0.01027 0.005358
2.927439 6.507846 1.571541 0.883992 6.795095 7.401605 1.380428 0.776491 3.867657 0.89376 -0.065435 0.964839 0.270986 0.15243 -0.255299 2.42478 -0.496021 -0.279012 -0.189864 1.459941
2.976152 6.532103 1.24598 0.700864 6.69637 7.721169 1.291957 0.726726 3.720218 1.189066 0.048713 0.024257 -0.325561 -0.183128 -0.098725 0.319564 -0.088471 -0.049765 -0.147438 0.295306
2.912898 6.895557 1.50748 0.847957 6.708581 7.724622 1.151841 0.64791 3.795683 0.829065 -0.063254 0.363454 0.2615 0.147094 0.012211 0.003453 -0.140117 -0.078816 0.075465 -0.360001
2.989937 7.653357 1.474114 0.829189 6.66275 8.558608 1.814262 1.020522 3.672813 0.905252 0.077039 0.7578 -0.033366 -0.018769 -0.045831 0.833986 0.662421 0.372612 -0.12287 0.076186
3.043663 7.556639 1.324191 0.744858 6.652586 8.536457 1.394489 0.7844 3.608924 0.979819 0.053726 -0.096718 -0.149922 -0.084331 -0.010164 -0.022151 -0.419773 -0.236122 -0.063889 0.074567
3.063824 7.998095 1.423211 0.800556 6.353332 8.540978 1.569417 0.882797 3.289508 0.542883 0.020162 0.441456 0.09902 0.055699 -0.299255 0.00452 0.174928 0.098397 -0.319416 -0.436935
3.066599 7.917502 1.613654 0.90768 6.326017 8.526579 1.585105 0.891621 3.259419 0.609077 0.002775 -0.080593 0.190443 0.107124 -0.027314 -0.014399 0.015688 0.008824 -0.030089 0.066193
3.077539 8.036577 1.695594 0.953772 6.267529 8.542578 1.642628 0.923978 3.18999 0.506001 0.01094 0.119075 0.08194 0.046091 -0.058488 0.015999 0.057523 0.032357 -0.069428 -0.103076
3.075034 8.186886 1.267189 0.712794 3.492665 9.919527 1.199864 0.674924 0.417631 1.73264 -0.002505 0.150309 -0.428405 -0.240978 -2.774864 1.376949 -0.442764 -0.249055 -2.772359 1.22664
3.082933 8.221035 1.458151 0.82021 3.499452 9.915095 0.840264 0.472648 0.416519 1.69406 0.007898 0.034149 0.190961 0.107416 0.006786 -0.004432 -0.3596 -0.202275 -0.001112 -0.03858
3.170331 8.360729 1.385866 0.77955 3.477401 9.855144 1.220866 0.686737 0.30707 1.494415 0.087399 0.139694 -0.072284 -0.04066 -0.022051 -0.059951 0.380602 0.214089 -0.109449 -0.199645
3.122719 8.330644 1.604093 0.902302 3.491479 9.829783 0.810348 0.455821 0.368761 1.499138 -0.047612 -0.030085 0.218227 0.122753 0.014079 -0.025361 -0.410518 -0.230916 0.061691 0.004724
3.121347 8.348861 1.695967 0.953981 3.495506 9.783399 0.271516 0.152728 0.37416 1.434538 -0.001372 0.018217 0.091874 0.051679 0.004027 -0.046384 -0.538832 -0.303093 0.005399 -0.064601
3.173487 8.448292 1.428147 0.803333 3.495506 9.783399 0.271516 0.152728 0.322019 1.335107 0.05214 0.099431 -0.26782 -0.150649 0.0 0.0 0.0 0.0 -0.05214 -0.099431
3.211633 8.423476 1.329864 0.748049 3.495506 9.783399 0.271516 0.152728 0.283874 1.359923 0.038146 -0.024816 -0.098283 -0.055284 0.0 0.0 0.0 0.0 -0.038146 0.024816
3.193051 8.425348 1.337306 0.752234 3.495506 9.783399 0.271516 0.152728 0.302455 1.358051 -0.018581 0.001872 0.007441 0.004186 0.0 0.0 0.0 0.0 0.018581 -0.001872
3.2055 8.433008 1.34513 0.756636 3.495506 9.783399 0.271516 0.152728 0.290006 1.350391 0.012449 0.00766 0.007824 0.004401 0.0 0.0 0.0 0.0 -0.012449 -0.00766
3.215814 8.413005 1.338686 0.753011 3.495506 9.783399 0.271516 0.152728 0.279693 1.370394 0.010314 -0.020003 -0.006444 -0.003625 0.0 0.0 0.0 0.0 -0.010314 0.020003
3.197319 8.458043 1.36833 0.769686 3.495506 9.783399 0.271516 0.152728 0.298188 1.325356 -0.018495 0.045038 0.029645 0.016675 0.0 0.0 0.0 0.0 0.018495 -0.045038
3.16564 8.463866 1.409824 0.793026 3.527101 9.841316 1.276584 0.718079 0.361461 1.377451 -0.031678 0.005822 0.041494 0.02334 0.031595 0.057917 1.005068 0.565351 0.063273 0.052095
]