11-08-20_Colby_4KDepth.snake_above_wall.0000000005 [ 0.024116 0.028427 -0.000456 2.277395 0.357085 0.0 0.0 0.0 0.0 0.0 0.0 0.0 0.0 0.0 0.0
0.034529 0.053972 0.000428 2.253742 0.353702 -0.238354 0.259553 0.010312 -0.199574 0.255869 0.004902 0.028462 0.00087 -0.003248 0.008251
0.038272 0.05246 0.000588 2.267204 0.342512 -0.070761 0.06705 -0.047535 -0.070322 0.081932 0.003743 -0.001511 0.00016 0.013462 -0.011191
0.028868 0.060407 0.00078 2.261429 0.360904 -3e-05 -0.063737 0.030901 0.00434 -0.074459 -0.009404 0.007946 0.000192 -0.005775 0.018392
0.03669 0.059321 0.000779 2.293961 0.358161 0.030184 -0.001651 -0.004026 0.030319 -0.00309 0.007821 -0.001085 -1e-06 0.032533 -0.002742
0.035706 0.060487 0.000707 2.291244 0.349994 -0.011098 0.002777 -0.024126 -0.015517 0.006525 -0.000983 0.001166 -7.1e-05 -0.002717 -0.008167
0.035116 0.062346 0.000574 2.28605 0.316282 -0.004261 -0.00496 -0.01195 0.003185 -0.006092 -0.00059 0.001859 -0.000133 -0.005195 -0.033712
0.028362 0.059539 -0.000129 2.316521 0.237278 -0.023892 0.018071 0.00097 -0.029241 0.021733 -0.006754 -0.002807 -0.000703 0.030471 -0.079004
0.024493 0.043227 -0.000597 2.341751 0.253764 0.029683 -0.039483 0.001652 0.036378 -0.043725 -0.003868 -0.016312 -0.000467 0.025231 0.016486
0.010765 0.029505 -0.000709 2.326049 0.268719 -0.017557 0.004636 0.01995 -0.013925 -0.001297 -0.013729 -0.013722 -0.000112 -0.015702 0.014955
0.007272 0.027458 -0.00074 2.364908 0.238011 -0.006669 0.023798 0.000508 -0.012738 0.029852 -0.003493 -0.002047 -3.1e-05 0.038859 -0.030707
0.006542 0.008728 -0.000743 2.356477 0.261317 0.018144 -0.0244 -0.003776 0.021583 -0.028698 -0.00073 -0.01873 -3e-06 -0.008431 0.023306
-0.009268 0.016427 -0.000748 2.370877 0.221218 -0.012522 0.033418 -0.003394 -0.017006 0.037301 -0.01581 0.007699 -5e-06 0.0144 -0.040099
-0.000213 0.012844 -0.000756 2.404195 0.194765 0.011922 -0.038874 0.01269 0.017324 -0.046637 0.009055 -0.003583 -8e-06 0.033318 -0.026454
0.004937 -0.00263 -0.000755 2.377031 0.179693 -0.00019 0.037657 -0.000801 -0.009524 0.048711 0.00515 -0.015474 1e-06 -0.027165 -0.015072
0.010163 -0.002554 -0.000758 2.365593 0.160356 0.004597 0.002207 0.002774 0.002856 0.003171 0.005226 7.6e-05 -3e-06 -0.011438 -0.019337
0.00919 0.007374 -0.000664 2.352794 0.178363 0.286662 -0.344699 0.050846 0.228118 -0.351689 -0.000973 0.009928 9.4e-05 -0.012799 0.018007
0.002617 0.009664 -0.000642 2.364922 0.143892 -0.225435 0.368616 -0.029891 -0.155859 0.369708 -0.006573 0.00229 2.2e-05 0.012129 -0.034471
-0.006165 0.005596 -0.000417 2.386893 0.093388 -0.104324 0.088859 -0.026948 -0.112143 0.100157 -0.008782 -0.004068 0.000224 0.021971 -0.050504
-0.007591 -0.004555 -0.000384 2.400635 0.075856 0.013874 -0.052118 0.01474 0.010529 -0.047762 -0.001426 -0.010151 3.3e-05 0.013741 -0.017532
-0.012981 -0.020744 -6.4e-05 2.425281 0.09672 -0.026056 0.007145 -0.00053 -0.030134 0.010995 -0.005389 -0.016189 0.000321 0.024647 0.020863
-0.02466 -0.052038 0.000216 2.446849 0.076517 0.037483 0.000705 -0.00474 0.036844 -0.003503 -0.011679 -0.031293 0.00028 0.021568 -0.020203
-0.035105 -0.079795 0.000342 2.453243 0.103544 -0.022348 -0.001236 -0.001066 -0.018702 -0.004805 -0.010445 -0.027757 0.000126 0.006393 0.027027
-0.041919 -0.081155 0.000635 2.449035 0.113049 0.004269 -0.003057 -0.002908 0.002946 -0.00412 -0.006815 -0.00136 0.000293 -0.004208 0.009505
-0.037829 -0.080098 0.000649 2.457092 0.139591 0.026332 -0.060985 0.009774 0.039451 -0.076404 0.004091 0.001057 1.3e-05 0.008056 0.026541
-0.042337 -0.075032 0.000771 2.462779 0.143026 -0.018012 0.037809 -0.017808 -0.029183 0.046288 -0.004508 0.005066 0.000123 0.005687 0.003436
-0.044792 -0.074328 0.00081 2.467292 0.150022 0.028023 -0.022351 -0.009544 0.02823 -0.021829 -0.002455 0.000704 3.9e-05 0.004513 0.006996
-0.045076 -0.074528 0.000849 2.462504 0.151645 0.004275 -0.014117 0.012582 0.012638 -0.018985 -0.000284 -0.000199 3.9e-05 -0.004788 0.001623
-0.059329 -0.075835 0.000878 2.439812 0.050644 -0.017695 0.007785 0.016173 -0.017561 0.006152 -0.014252 -0.001308 2.9e-05 -0.022691 -0.101001
]