11-08-20_Ishan_4KDepth.alligator_above_bed.0000000002 [ -0.092168 -0.137459 0.00392 2.578626 0.126728 0.0 0.0 0.0 0.0 0.0 0.0 0.0 0.0 0.0 0.0
-0.031016 -0.051026 0.002376 2.574882 0.042165 -0.050789 0.104836 0.505693 -0.189076 0.144957 0.061152 0.086433 -0.001545 -0.003744 -0.084563
-0.035726 -0.005663 0.00259 2.65662 0.101891 0.223029 -0.082103 -0.514899 0.202974 -0.085038 -0.00471 0.045363 0.000214 0.081738 0.059726
-0.06484 -0.059785 0.003315 2.626274 0.088616 -0.252028 -0.073598 0.276254 -0.225757 -0.079769 -0.029114 -0.054122 0.000725 -0.030347 -0.013275
-0.05768 0.001089 0.003405 2.650001 0.136202 -0.022175 -0.073118 -0.114252 -0.019345 -0.077318 0.00716 0.060874 9.1e-05 0.023727 0.047586
-0.059211 -0.030569 0.003819 2.656276 0.109429 -0.027057 -0.070035 -0.110912 -0.024405 -0.074008 -0.001531 -0.031659 0.000414 0.006275 -0.026773
-0.061343 -0.033388 0.004104 2.658608 0.184078 0.259717 0.177049 -0.08553 0.23877 0.197926 -0.002131 -0.002819 0.000285 0.002332 0.074649
-0.081134 -0.04357 0.004228 2.639223 0.116512 0.289828 -0.662743 0.194425 0.379348 -0.74639 -0.019791 -0.010181 0.000124 -0.019385 -0.067567
-0.088925 -0.063275 0.004207 2.653059 0.110739 -0.65824 0.29354 -0.421896 -0.719886 0.345716 -0.007791 -0.019706 -2.1e-05 0.013836 -0.005773
-0.087147 -0.068196 0.004198 2.702231 0.179579 0.558065 0.184225 0.334673 0.482387 0.222083 0.001777 -0.004921 -9e-06 0.049171 0.06884
-0.0815 -0.067552 0.004203 2.70423 0.150259 0.142959 -0.127649 0.057843 0.107404 -0.104601 0.005648 0.000644 4e-06 0.001999 -0.02932
-0.088435 -0.068304 0.004274 2.725286 0.082622 -0.144697 0.124778 -0.035287 -0.100026 0.065239 -0.006936 -0.000752 7.1e-05 0.021056 -0.067638
-0.087123 -0.076094 0.004324 2.699471 0.085241 0.174111 0.280434 -0.133973 0.141932 0.281871 0.001312 -0.007789 5e-05 -0.025815 0.002619
-0.086703 -0.075673 0.004459 2.66582 0.138644 -0.992763 -0.725474 -0.680961 -0.885615 -0.741805 0.000421 0.000421 0.000134 -0.03365 0.053403
-0.073193 -0.043575 0.00468 2.516849 -0.012664 -0.063052 -0.044742 -0.082219 -0.061798 -0.046869 0.013509 0.032097 0.000221 -0.148971 -0.151308
-0.039536 -0.028818 0.004657 2.190327 -0.118362 -0.06617 -0.042203 -0.079182 -0.065047 -0.044149 0.033657 0.014758 -2.3e-05 -0.326522 -0.105698
-0.039587 -0.02404 0.004158 1.948239 -0.165374 -0.743207 0.00495 0.236737 -0.714934 0.047694 -5.1e-05 0.004778 -0.000499 -0.242088 -0.047011
-0.055062 0.002928 0.003577 1.661422 -0.195572 0.602221 -0.081961 -0.386113 0.575818 -0.12807 -0.015475 0.026968 -0.000581 -0.286817 -0.030199
-0.053734 -0.012307 0.003354 1.375645 -0.311102 -1.132056 -0.470194 -0.11726 -1.039065 -0.45848 0.001328 -0.015236 -0.000223 -0.285777 -0.115529
-0.077456 0.001953 0.002635 1.115307 -0.37799 -0.406944 0.422634 -0.244012 -0.400001 0.412291 -0.023722 0.01426 -0.000718 -0.260338 -0.066888
-0.07969 0.007199 0.001773 0.799886 -0.412163 -0.372319 -0.192027 -0.307403 -0.465441 -0.240413 -0.002234 0.005246 -0.000862 -0.31542 -0.034173
-0.072013 0.016476 0.001137 0.612157 -0.410165 0.266998 0.098905 0.278876 0.181856 0.120588 0.007677 0.009277 -0.000636 -0.187729 0.001999
-0.089189 -0.000505 0.00109 0.425176 -0.368116 -0.201469 -0.173399 -0.777544 -0.176005 -0.172047 -0.017176 -0.01698 -4.8e-05 -0.186981 0.042048
-0.093949 0.019689 0.001089 0.27661 -0.133906 1.462486 -0.12467 0.200155 1.57122 -0.152072 -0.00476 0.020194 -0.0 -0.148566 0.23421
-0.111922 0.014167 0.001076 0.151118 -0.009709 -0.141492 0.060477 0.109066 -0.165573 0.091027 -0.017973 -0.005523 -1.3e-05 -0.125492 0.124197
-0.110933 0.014772 0.00104 0.234098 -0.010248 -0.031316 0.083008 -0.162812 -0.023388 0.124762 0.000989 0.000606 -3.6e-05 0.08298 -0.000539
-0.14168 -0.001402 0.001112 0.249739 0.048357 -0.186064 0.05998 0.491055 -0.222609 0.031681 -0.030746 -0.016174 7.2e-05 0.015641 0.058606
-0.131526 -0.035216 0.002095 0.323656 0.158288 -0.089819 -0.015993 -0.045107 -0.089901 -0.016122 0.010154 -0.033814 0.000983 0.073917 0.109931
-0.113133 -0.020072 0.002109 0.356789 0.139933 -0.461411 -0.143075 -0.275803 -0.423896 -0.0734 0.018393 0.015143 1.4e-05 0.033134 -0.018355
-0.119345 -0.016523 0.002149 0.330646 0.022169 0.279478 0.116525 0.193486 0.241596 0.046952 -0.006212 0.003549 4e-05 -0.026143 -0.117764
-0.131383 -0.001273 0.001947 0.546449 -0.046039 -0.736251 -0.354705 0.092222 -0.775482 -0.394125 -0.012038 0.01525 -0.000201 0.215803 -0.068207
-0.111742 0.001408 0.001995 0.592212 -0.186238 0.023255 0.201683 0.11525 -0.028477 0.184236 0.019641 0.002681 4.8e-05 0.045763 -0.1402
-0.113473 0.014066 0.00173 0.54954 -0.195984 -0.28097 0.036951 -0.111423 -0.257794 0.050543 -0.00173 0.012657 -0.000265 -0.042672 -0.009745
-0.135742 0.0137 0.001819 0.456707 -0.12103 0.627921 0.057192 -0.224727 0.748478 0.156316 -0.022269 -0.000365 8.9e-05 -0.092833 0.074953
-0.134613 0.012611 0.001915 0.446044 -0.11238 -0.093947 0.021673 -0.032459 -0.148596 -0.032045 0.001129 -0.001089 9.6e-05 -0.010663 0.00865
-0.128281 0.013261 0.001937 0.58051 -0.029099 0.264117 -0.101268 0.005016 0.210796 -0.04608 0.006332 0.00065 2.2e-05 0.134466 0.083281
-0.096831 0.049921 0.001867 0.563379 0.028133 -0.064779 -0.404684 0.011184 -0.019669 -0.523222 0.03145 0.036659 -7e-05 -0.017131 0.057232
-0.119312 0.041166 0.001373 0.56523 0.028666 -0.401045 0.250326 0.336682 -0.395779 0.254298 -0.022482 -0.008754 -0.000494 0.001852 0.000532
-0.107731 0.005077 0.000913 0.853995 -0.200201 -0.15677 0.272147 0.123922 -0.142795 0.275709 0.011582 -0.036089 -0.00046 0.288765 -0.228866
-0.115024 -0.013323 0.000458 1.005864 -0.494993 -0.091244 -0.017501 -0.577181 -0.105052 0.04266 -0.007293 -0.0184 -0.000455 0.151869 -0.294792
-0.124211 -0.03171 0.00051 0.836311 -0.590689 0.282182 0.081479 0.722347 0.360376 0.08158 -0.009187 -0.018387 5.2e-05 -0.169553 -0.095696
-0.131845 -0.069367 0.000503 1.103281 -0.883348 0.175526 -0.096417 -0.14918 0.197051 -0.029567 -0.007634 -0.037657 -7e-06 0.26697 -0.292659
-0.110272 -0.071581 -0.000214 1.165627 -0.868409 -0.449767 0.184786 -0.030321 -0.515243 0.171315 0.021573 -0.002214 -0.000717 0.062346 0.014939
-0.117212 -0.044372 -0.001698 1.133524 -0.950738 -0.345504 -0.149123 -0.581946 -0.382215 -0.197925 -0.00694 0.027209 -0.001484 -0.032102 -0.082329
-0.101899 -0.0392 -0.002288 0.774254 -0.949162 0.318344 0.91952 -0.18607 0.323229 0.991061 0.015314 0.005172 -0.00059 -0.35927 0.001577
-0.061624 -0.007692 -0.002847 0.5826 -0.860232 0.414577 -0.98017 -0.138015 0.426139 -1.089534 0.040275 0.031508 -0.000559 -0.191654 0.08893
-0.066217 -0.001579 -0.00312 0.252929 -0.840397 -0.019844 -0.105316 -0.072043 -0.029258 -0.121021 -0.004593 0.006113 -0.000273 -0.329671 0.019835
-0.058247 0.033794 -0.00304 -0.35521 -0.899164 -1.018663 0.202034 0.391548 -1.028052 0.260988 0.00797 0.035373 8e-05 -0.608139 -0.058767
-0.015033 0.065463 -0.002646 -0.520221 -0.699103 -0.070077 0.011006 0.004022 -0.070612 0.012444 0.043214 0.031669 0.000394 -0.165011 0.200061
-0.060112 0.052171 -0.001998 -0.383384 -0.16326 1.827636 0.231043 -0.715194 1.95859 0.247565 -0.045078 -0.013292 0.000648 0.136836 0.535843
-0.069015 0.049136 -0.001259 0.711735 -0.202209 -1.958972 -0.207024 0.729225 -2.090899 -0.220606 -0.008904 -0.003035 0.000739 1.095119 -0.038949
-0.073507 0.052686 -0.000763 1.133614 -0.339826 -0.060906 0.012903 0.009949 -0.061334 0.014397 -0.004491 0.00355 0.000496 0.421879 -0.137618
-0.090701 0.021125 -0.000783 1.382263 -0.440392 -0.057496 0.013427 0.011864 -0.057879 0.01493 -0.017195 -0.031561 -2e-05 0.248649 -0.100566
-0.112734 0.005185 -0.00242 1.285001 -0.427116 -0.05391 0.013895 0.013749 -0.054243 0.015403 -0.022032 -0.015941 -0.001637 -0.097262 0.013276
-0.124578 -0.026903 -0.003635 1.0824 -0.521582 1.173027 0.845717 -0.281451 1.168005 0.897778 -0.011844 -0.032088 -0.001215 -0.202601 -0.094466
-0.102319 -0.020965 -0.00435 0.729089 -0.772288 -0.063844 0.049673 -0.129451 -0.032236 0.077039 0.022259 0.005938 -0.000715 -0.353311 -0.250707
-0.109715 -0.020881 -0.004707 0.440518 -0.938322 0.460266 -0.758997 -0.025823 0.458719 -0.833141 -0.007396 8.4e-05 -0.000357 -0.288571 -0.166034
-0.103605 0.045143 -0.005004 0.165731 -0.847411 -0.107335 -0.459237 0.034209 -0.080211 -0.515138 0.006111 0.066025 -0.000297 -0.274787 0.090911
-0.066491 0.051416 -0.005115 -0.016162 -0.83874 -0.008802 -0.060666 0.093479 -0.037127 -0.024358 0.037113 0.006273 -0.000111 -0.181893 0.008671
-0.053847 0.021056 -0.004907 -0.127003 -0.968767 -1.691579 0.473681 0.429412 -1.716099 0.496876 0.012645 -0.03036 0.000208 -0.110841 -0.130027
-0.051144 0.021871 -0.005016 0.226153 -1.017464 -0.023866 0.015653 0.026093 -0.023716 0.017064 0.002702 0.000815 -0.000109 0.353155 -0.048697
-0.063377 0.008373 -0.004765 0.502635 -1.145104 -0.018869 0.015687 0.027736 -0.01863 0.017064 -0.012233 -0.013498 0.000251 0.276483 -0.12764
-0.059405 0.007008 -0.004594 0.892964 -1.881534 0.022697 -0.067302 0.593197 -0.060931 -0.0995 0.003973 -0.001364 0.000172 0.390329 -0.73643
-0.050047 0.002899 -0.004049 1.154482 -2.24984 -0.452053 0.122965 0.173707 -0.495197 0.158865 0.009358 -0.00411 0.000544 0.261518 -0.368305
-0.039977 -0.009819 -0.002996 1.293534 -2.718439 -0.420178 0.181991 0.11674 -0.431224 0.183099 0.01007 -0.012717 0.001053 0.139052 -0.468599
-0.03976 -0.009279 -0.002733 1.548707 -3.054356 -0.308644 0.206619 -0.013443 -0.336178 0.205914 0.000218 0.00054 0.000263 0.255173 -0.335917
0.027295 -0.027726 -0.00196 1.61303 -3.343514 -0.228122 0.325059 -0.063044 -0.161741 0.352131 0.067055 -0.018447 0.000773 0.064324 -0.289158
0.068209 -0.03033 -0.00192 1.751933 -3.595936 1.387917 -0.677564 -0.607951 1.490439 -0.701418 0.040914 -0.002604 3.9e-05 0.138902 -0.252421
0.141481 0.003594 -0.001896 1.785468 -3.692015 0.021054 0.014395 0.038383 0.022044 0.015415 0.073273 0.033924 2.5e-05 0.033535 -0.09608
0.195571 0.00646 -0.001939 1.797531 -3.838112 0.027463 0.013993 0.039783 0.028579 0.014942 0.054089 0.002866 -4.3e-05 0.012063 -0.146097
0.214874 0.009657 -0.002218 1.707089 -4.023165 0.034048 0.013536 0.041152 0.035296 0.014411 0.019303 0.003197 -0.000279 -0.090442 -0.185053
0.235171 0.019507 -0.002444 1.623202 -4.102206 0.04081 0.013025 0.042491 0.042193 0.013821 0.020297 0.00985 -0.000226 -0.083888 -0.079041
0.253194 0.008911 -0.003337 1.52218 -4.152363 -1.494135 -0.411033 -0.571016 -1.44765 -0.37959 0.018023 -0.010596 -0.000893 -0.101022 -0.050158
0.277586 0.020036 -0.003549 1.483612 -4.086057 0.028656 0.018811 0.033386 0.029023 -0.001103 0.024392 0.011124 -0.000212 -0.038567 0.066306
0.299586 0.055664 -0.00413 1.468524 -4.069914 1.630244 0.427683 0.672837 1.588404 0.418022 0.022 0.035629 -0.000581 -0.015088 0.016143
0.309334 0.068577 -0.004947 1.462666 -3.983073 -1.697232 -0.25336 -0.665236 -1.64954 -0.254574 0.009748 0.012913 -0.000817 -0.005859 0.086841
0.316023 0.053851 -0.005316 1.511852 -4.084588 0.105964 -0.071868 0.011845 0.110444 -0.071053 0.006689 -0.014726 -0.000369 0.049186 -0.101515
0.317859 0.05408 -0.006368 1.536874 -4.062616 -0.011437 0.043357 0.005981 -0.001227 0.043864 0.001836 0.000229 -0.001052 0.025022 0.021972
0.334044 0.064977 -0.006386 1.671154 -4.124797 1.927758 0.318693 0.844595 1.874253 0.319684 0.016185 0.010896 -1.7e-05 0.134279 -0.062182
0.318802 0.09059 -0.006461 1.829444 -4.177057 -2.222944 0.28801 -0.193636 -2.216752 0.267883 -0.015243 0.025614 -7.5e-05 0.158291 -0.052259
0.297102 0.079437 -0.006585 1.982789 -3.902496 2.433803 -0.275062 0.298929 2.433075 -0.255065 -0.021699 -0.011154 -0.000124 0.153345 0.274561
0.297203 0.084782 -0.006648 2.179569 -3.550795 0.11813 0.004918 0.054216 0.121135 0.004666 0.0001 0.005345 -6.4e-05 0.19678 0.3517
0.286279 0.041386 -0.005728 2.391628 -2.98214 0.126832 0.003807 0.055222 0.130026 0.003425 -0.010924 -0.043396 0.000921 0.212059 0.568655
0.270684 0.042514 -0.003909 2.56318 -2.273959 0.135711 0.002643 0.056197 0.139098 0.002126 -0.015594 0.001129 0.001819 0.171552 0.708182
0.220899 0.02766 -0.003804 2.758084 -1.621646 0.136193 -0.046448 0.771749 0.154503 -0.036917 -0.049786 -0.014854 0.000105 0.194904 0.652313
0.19923 -0.001271 -0.003813 2.73353 -1.052135 0.162571 0.048022 -0.65655 0.151633 0.037033 -0.021669 -0.028931 -9e-06 -0.024554 0.569511
0.180828 -0.002625 -0.002178 2.783947 -0.651575 1.771242 0.006313 0.85597 1.747381 0.007307 -0.018402 -0.001354 0.001635 0.050417 0.40056
0.177869 -0.004266 -1.6e-05 2.804915 -0.236816 -1.434846 -0.010051 -0.737233 -1.402783 -0.013099 -0.002959 -0.001641 0.002162 0.020968 0.414759
0.058051 -0.019824 0.00202 2.840352 -0.001284 0.182751 -0.003997 0.060619 0.187175 -0.005259 -0.119818 -0.015558 0.002036 0.035437 0.235531
0.077372 -0.01966 0.003007 2.805561 0.006893 1.783829 -0.348486 0.502593 1.784165 -0.333746 0.019321 0.000164 0.000987 -0.034791 0.008178
0.070877 -0.004508 0.003673 2.707677 -0.033114 0.148675 0.302074 -0.022535 0.118921 0.305552 -0.006495 0.015152 0.000666 -0.097884 -0.040007
0.048936 -0.010002 0.003933 2.6522 -0.114228 0.099407 -0.49691 0.120919 0.189677 -0.57906 -0.021941 -0.005494 0.00026 -0.055477 -0.081114
0.032296 -0.018728 0.00397 2.609282 -0.095273 -0.085965 0.372255 -0.024162 -0.06641 0.386611 -0.01664 -0.008726 3.7e-05 -0.042919 0.018955
0.037202 -0.006037 0.003831 2.591595 -0.170474 -0.109161 0.191517 -0.066706 -0.120958 0.223319 0.004906 0.012691 -0.000139 -0.017686 -0.075201
0.038825 0.036625 0.00391 2.560228 -0.166201 0.054482 -0.001498 -0.062232 0.053059 -0.001473 0.001623 0.042663 7.9e-05 -0.031367 0.004273
0.030422 0.028032 0.003982 2.560869 -0.158153 0.012515 -0.050503 0.009227 0.00587 -0.051633 -0.008403 -0.008593 7.2e-05 0.00064 0.008048
0.012022 0.016324 0.004003 2.562089 -0.137336 -0.001699 0.037335 -0.144163 -0.033007 0.045664 -0.0184 -0.011709 2.1e-05 0.00122 0.020816
0.004156 0.0089 0.004003 2.56824 -0.090223 -0.044647 0.026863 0.102741 -0.037006 0.025378 -0.007865 -0.007424 0.0 0.006151 0.047113
0.012867 -0.000469 0.004014 2.590824 -0.065129 -0.005124 -0.002757 -0.004025 0.000727 -0.001394 0.008711 -0.009369 1.1e-05 0.022584 0.025094
0.011236 0.000242 0.004009 2.601349 -0.054941 0.023195 -0.003676 0.002829 0.019215 -0.007942 -0.001631 0.000711 -4e-06 0.010525 0.010188
0.001921 0.00229 0.00401 2.589826 -0.043646 -0.013273 -0.013824 -0.043474 -0.032181 -0.007809 -0.009315 0.002049 1e-06 -0.011523 0.011294
-0.019376 -0.014502 0.004012 2.592024 -0.022339 1.482022 -0.219891 0.478222 1.54163 -0.243901 -0.021297 -0.016792 2e-06 0.002197 0.021307
]