11-08-20_Ishan_4KDepth.snake_below_bed.0000000002 [ 7.886958 18.629828 11.959666 38.535964 18.394792 52.042675 21.027744 55.529398 21.127343 55.101085 19.433212 54.488975 -8.664632 18.240228 -10.117823 39.845824 -7.412669 50.368339 -6.719932 54.593468 -5.635333 51.371658 -5.27719 50.295293 26.762676 3.729427 0.0 0.0 0.0 0.0 0.0 0.0 0.0 0.0 0.0 0.0 0.0 0.0 0.0 0.0 0.0 0.0 0.0 0.0 0.0 0.0 0.0 0.0 0.0 0.0 0.0 0.0
8.383799 19.320601 12.383139 39.011264 18.863207 52.065241 21.512687 55.666798 21.582043 55.003691 19.897252 54.371226 -8.268625 18.710536 -9.934548 39.785236 -7.320717 49.973083 -6.768247 54.231864 -5.505276 51.093668 -5.150074 49.99907 27.087319 3.910023 0.49684 0.690773 0.423473 0.475299 0.468415 0.022566 0.484943 0.137401 0.4547 -0.097394 0.46404 -0.117749 0.396007 0.470307 0.183275 -0.060588 0.091952 -0.395256 -0.048316 -0.361603 0.130057 -0.27799 0.127116 -0.296223 0.324643 0.180596
8.154666 19.044811 12.115633 38.704431 18.668926 51.737905 21.359611 55.288124 21.47882 54.755574 19.745988 54.113573 -7.972839 18.57636 -10.203537 39.524412 -7.530233 50.24423 -6.97085 54.713309 -5.640259 51.60048 -5.305099 50.472695 27.119079 3.155094 -0.229132 -0.275791 -0.267506 -0.306833 -0.194281 -0.327337 -0.153077 -0.378674 -0.103223 -0.248116 -0.151265 -0.257653 0.295785 -0.134176 -0.26899 -0.260824 -0.209516 0.271147 -0.202602 0.481445 -0.134984 0.506812 -0.155026 0.473624 0.03176 -0.754929
8.399487 18.746546 12.177843 38.579699 18.508768 51.677045 21.067858 55.290386 21.206301 54.443738 19.511139 53.814164 -7.901815 18.258873 -10.14142 38.888481 -7.487467 49.675688 -6.946853 54.267129 -5.569455 51.022896 -5.19622 49.920097 26.775756 3.420842 0.24482 -0.298265 0.062209 -0.124732 -0.160158 -0.060859 -0.291753 0.002262 -0.272518 -0.311837 -0.234848 -0.299409 0.071025 -0.317487 0.062117 -0.635931 0.042766 -0.568542 0.023997 -0.44618 0.070804 -0.577584 0.10888 -0.552598 -0.343323 0.265747
8.101279 18.541524 11.857504 38.2994 18.255842 51.624137 20.911211 55.284804 21.095002 54.528511 19.373697 53.848153 -8.084872 18.071651 -10.367903 38.715047 -7.726684 49.327987 -7.185471 53.874403 -5.857351 50.820774 -5.439416 49.616253 26.952353 3.707737 -0.298208 -0.205022 -0.320339 -0.2803 -0.252926 -0.052908 -0.156647 -0.005582 -0.1113 0.084773 -0.137442 0.03399 -0.183058 -0.187221 -0.226483 -0.173435 -0.239217 -0.347701 -0.238618 -0.392726 -0.287896 -0.202122 -0.243196 -0.303844 0.176597 0.286895
8.219236 18.324062 11.962634 37.88237 18.217701 51.122516 20.788366 54.809195 20.968264 54.023826 19.27166 53.358614 -7.911092 17.993104 -10.201859 38.575071 -7.549414 49.333614 -7.038403 53.84891 -5.704889 50.74321 -5.29184 49.568141 26.673153 3.280616 0.117958 -0.217462 0.105131 -0.41703 -0.038141 -0.501621 -0.122845 -0.475609 -0.126737 -0.504684 -0.102037 -0.489539 0.17378 -0.078547 0.166044 -0.139976 0.17727 0.005627 0.147069 -0.025493 0.152463 -0.077564 0.147575 -0.048113 -0.2792 -0.427121
8.198011 18.505785 11.941475 38.362482 18.370503 51.485661 21.015131 55.142096 21.277493 54.286674 19.56206 53.604785 -7.895246 17.994305 -10.139087 38.79573 -7.476294 49.412498 -6.938103 53.887776 -5.607316 50.729433 -5.202195 49.570242 26.884809 3.557241 -0.021225 0.181723 -0.02116 0.480112 0.152802 0.363144 0.226766 0.332901 0.309229 0.262848 0.2904 0.24617 0.015846 0.001201 0.062773 0.220659 0.07312 0.078884 0.1003 0.038865 0.097573 -0.013778 0.089645 0.002101 0.211656 0.276625
8.240914 18.826628 12.442118 38.850981 19.427615 52.348638 22.363919 55.862135 22.6803 55.280209 20.954633 54.694384 -7.780501 18.076745 -9.808412 38.98713 -7.442442 49.354905 -6.973079 53.757375 -5.654931 50.824606 -5.216545 49.712712 28.335232 4.455602 0.042903 0.320843 0.500643 0.488499 1.057112 0.862977 1.348788 0.720039 1.402807 0.993535 1.392573 1.0896 0.114745 0.082439 0.330675 0.191399 0.033852 -0.057593 -0.034976 -0.1304 -0.047615 0.095174 -0.01435 0.14247 1.450422 0.898361
8.134884 18.910849 12.267023 38.873824 19.347084 51.716867 22.234803 54.880634 22.572434 54.278043 20.857382 53.799447 -7.872802 18.147433 -9.924215 38.963428 -7.560077 49.49635 -7.097673 53.80843 -5.776793 50.835982 -5.360982 49.7592 28.349227 3.442061 -0.106031 0.084221 -0.175095 0.022843 -0.080532 -0.63177 -0.129116 -0.981501 -0.107867 -1.002166 -0.097251 -0.894937 -0.092301 0.070688 -0.115803 -0.023702 -0.117636 0.141445 -0.124595 0.051054 -0.121862 0.011376 -0.144437 0.046489 0.013995 -1.013541
7.911241 18.749723 11.704153 38.366744 18.515062 51.238099 21.2053 54.68941 21.519452 54.117098 19.860029 53.46767 -7.938391 18.137169 -10.030478 38.934895 -7.464024 49.683192 -6.877956 54.029486 -5.612925 51.056615 -5.272555 49.888524 27.132377 3.060484 -0.223643 -0.161126 -0.562871 -0.507081 -0.832021 -0.478768 -1.029503 -0.191224 -1.052982 -0.160944 -0.997353 -0.331777 -0.065589 -0.010264 -0.106263 -0.028533 0.096053 0.186843 0.219718 0.221056 0.163868 0.220633 0.088426 0.129324 -1.21685 -0.381577
7.813358 18.655002 11.075473 38.267344 17.675817 49.167788 20.200247 52.140439 20.606256 50.896686 19.043201 50.436676 -8.000508 18.108174 -10.101458 38.931483 -7.561392 49.573714 -6.953189 53.987741 -5.718884 50.926107 -5.369341 49.724513 26.325139 -0.029421 -0.097883 -0.094721 -0.62868 -0.0994 -0.839245 -2.070311 -1.005054 -2.548972 -0.913197 -3.220412 -0.816828 -3.030995 -0.062117 -0.028995 -0.07098 -0.003412 -0.097367 -0.109479 -0.075233 -0.041744 -0.105959 -0.130507 -0.096786 -0.164011 -0.807238 -3.089905
7.618278 18.660024 9.812194 38.888118 15.865648 47.599396 18.152529 51.038024 18.495613 49.646834 17.025375 49.605206 -8.095074 17.749074 -10.276791 38.232419 -7.775521 48.46805 -7.133371 52.904174 -6.010565 50.046393 -5.635315 48.722431 24.506178 -0.39956 -0.19508 0.005022 -1.263279 0.620773 -1.810169 -1.568392 -2.047718 -1.102415 -2.110642 -1.249853 -2.017826 -0.83147 -0.094566 -0.3591 -0.175333 -0.699064 -0.21413 -1.105663 -0.180182 -1.083568 -0.291681 -0.879714 -0.265974 -1.002082 -1.818961 -0.370139
7.851917 18.590808 9.558147 39.221427 14.706242 45.378801 15.766132 47.08626 16.120696 44.489822 14.988422 44.458279 -8.186066 18.106264 -10.36928 38.473377 -7.584012 48.563954 -6.749049 53.034696 -5.696627 49.857375 -5.370277 48.517606 21.817324 -5.367553 0.233638 -0.069216 -0.254047 0.333309 -1.159406 -2.220595 -2.386397 -3.951764 -2.374917 -5.157012 -2.036953 -5.146927 -0.090992 0.35719 -0.092489 0.240958 0.19151 0.095904 0.384322 0.130522 0.313938 -0.189018 0.265038 -0.204825 -2.688855 -4.967993
8.346516 18.53908 9.636021 39.192975 13.765371 43.118751 13.573629 44.198942 13.71538 40.914994 12.857157 40.803075 -8.007401 18.150863 -10.365555 38.059342 -7.664904 47.999817 -6.85119 52.689803 -5.727881 49.476117 -5.356428 48.01321 19.443262 -8.561122 0.494599 -0.051728 0.077873 -0.028452 -0.940871 -2.26005 -2.192503 -2.887318 -2.405316 -3.574827 -2.131265 -3.655204 0.178665 0.044599 0.003725 -0.414035 -0.080892 -0.564137 -0.102141 -0.344893 -0.031254 -0.381258 0.013849 -0.504395 -2.374062 -3.193569
8.374465 18.662667 9.681231 41.261524 12.001354 41.016299 10.93204 40.894133 11.231571 36.281914 10.610926 36.587447 -7.981652 17.717656 -10.624912 37.926483 -7.81976 47.535074 -6.930676 52.204621 -5.767012 48.913902 -5.38502 47.529453 16.998583 -12.631989 0.027949 0.123587 0.04521 2.068549 -1.764017 -2.102453 -2.641588 -3.304809 -2.483809 -4.633081 -2.246231 -4.215628 0.025749 -0.433207 -0.259358 -0.132859 -0.154856 -0.464743 -0.079486 -0.485182 -0.03913 -0.562215 -0.028592 -0.483757 -2.444679 -4.070866
8.123261 18.981129 10.375446 41.778103 9.408104 38.684031 8.01487 38.468543 8.049667 33.308598 7.732278 33.770826 -8.040974 18.388394 -10.758761 38.785335 -7.688144 48.042628 -6.688693 52.881584 -5.544773 49.530533 -5.185986 48.082843 13.59444 -16.221935 -0.251204 0.318462 0.694215 0.516579 -2.593249 -2.332267 -2.917171 -2.42559 -3.181905 -2.973315 -2.878648 -2.81662 -0.059322 0.670737 -0.133848 0.858852 0.131616 0.507554 0.241983 0.676963 0.222239 0.616631 0.199035 0.55339 -3.404143 -3.589946
7.745415 19.192868 9.781384 41.92282 6.237835 35.15268 3.987014 34.383768 4.350793 29.084635 4.351211 29.753083 -8.4665 18.237683 -11.051434 38.927424 -7.946727 48.507547 -7.044435 53.917629 -5.835289 50.915325 -5.427551 49.116027 10.186082 -21.83069 -0.377846 0.21174 -0.594062 0.144717 -3.17027 -3.531352 -4.027855 -4.084775 -3.698874 -4.223964 -3.381068 -4.017743 -0.425526 -0.15071 -0.292674 0.142089 -0.258583 0.464919 -0.355741 1.036045 -0.290516 1.384792 -0.241566 1.033184 -3.408358 -5.608755
7.53957 18.754485 9.651369 40.975645 4.396707 31.478742 2.18513 30.122527 2.606082 25.442579 2.611357 26.567134 -8.678827 17.984629 -11.202917 38.598397 -8.234549 48.082522 -7.488242 53.298673 -6.253508 50.590113 -5.788344 48.936823 8.85959 -25.147533 -0.205845 -0.438383 -0.130016 -0.947174 -1.841128 -3.673938 -1.801884 -4.26124 -1.744711 -3.642055 -1.739854 -3.185949 -0.212327 -0.253054 -0.151482 -0.329027 -0.287822 -0.425026 -0.443807 -0.618955 -0.418219 -0.325212 -0.360793 -0.179204 -1.326492 -3.316844
7.716066 17.161801 10.017657 39.05254 2.395004 30.360514 -0.457937 29.583508 -0.063914 25.125873 0.247705 25.975919 -8.46009 17.517203 -11.448649 38.516676 -7.875389 47.378039 -6.92201 52.610385 -5.665624 49.573278 -5.407387 47.811204 5.60171 -24.447405 0.176495 -1.592684 0.366288 -1.923105 -2.001703 -1.118228 -2.643067 -0.53902 -2.669996 -0.316706 -2.363652 -0.591215 0.218737 -0.467426 -0.245732 -0.081721 0.35916 -0.704482 0.566232 -0.688288 0.587884 -1.016834 0.380957 -1.125619 -3.25788 0.700128
7.770777 17.309403 9.527719 38.824236 1.4943 29.236019 -1.31737 28.181654 -0.814342 23.814213 -0.495958 24.72654 -8.369604 17.68477 -10.976437 38.86385 -7.705712 48.15762 -6.921029 53.545344 -5.669692 50.763506 -5.341974 48.890907 4.85535 -26.949292 0.054711 0.147602 -0.489938 -0.228304 -0.900704 -1.124495 -0.859433 -1.401854 -0.750428 -1.31166 -0.743663 -1.249379 0.090486 0.167567 0.472212 0.347173 0.169677 0.779581 0.00098 0.934958 -0.004068 1.190227 0.065413 1.079702 -0.74636 -2.501887
7.784057 17.107686 9.878206 37.527674 1.435071 28.275591 -1.543784 27.532136 -1.224539 23.411351 -0.814185 24.377632 -8.371019 17.636502 -10.815254 38.732076 -7.686445 48.190218 -6.967136 53.654075 -5.695021 51.023686 -5.315086 49.164999 4.470482 -27.612334 0.01328 -0.201717 0.350487 -1.296562 -0.059229 -0.960428 -0.226414 -0.649518 -0.410196 -0.402862 -0.318226 -0.348908 -0.001416 -0.048268 0.161183 -0.131774 0.019267 0.032598 -0.046107 0.108731 -0.025329 0.26018 0.026888 0.274092 -0.384867 -0.663042
7.643753 17.228872 9.94637 37.597454 1.060498 29.127592 -2.089968 28.707904 -1.71726 24.398541 -1.235968 25.188714 -8.425048 18.167987 -10.754356 39.233774 -7.533655 48.147267 -6.747741 53.263271 -5.575275 50.42941 -5.271712 48.546124 3.858015 -26.030868 -0.140303 0.121185 0.068164 0.069779 -0.374573 0.852001 -0.546184 1.175767 -0.492722 0.98719 -0.421783 0.811082 -0.054029 0.531486 0.060898 0.501698 0.152791 -0.042951 0.219396 -0.390804 0.119746 -0.594276 0.043374 -0.618875 -0.612468 1.581466
7.479405 17.091346 9.725118 36.496165 0.143844 28.505883 -3.089416 28.397843 -2.798089 24.167821 -2.237085 24.886712 -8.481359 18.162459 -10.533375 39.394948 -7.555938 48.390415 -6.84714 53.719458 -5.62416 51.021507 -5.274236 49.04578 2.826071 -26.853687 -0.164348 -0.137526 -0.221252 -1.101288 -0.916654 -0.621709 -0.999448 -0.31006 -1.080829 -0.230721 -1.001117 -0.302002 -0.056311 -0.005528 0.220981 0.161174 -0.022283 0.243148 -0.0994 0.456187 -0.048885 0.592098 -0.002524 0.499657 -1.031944 -0.822818
7.65236 17.319712 9.930414 37.318629 0.427252 29.068661 -2.33421 28.740555 -1.972744 24.572426 -1.61418 25.335675 -8.389103 18.261653 -10.198617 39.500695 -7.2595 48.604828 -6.573245 53.792822 -5.441877 51.251936 -5.017266 49.371177 3.469133 -26.67951 0.172955 0.228366 0.205296 0.822464 0.283408 0.562778 0.755206 0.342712 0.825346 0.404605 0.622904 0.448963 0.092256 0.099194 0.334758 0.105748 0.296438 0.214413 0.273895 0.073364 0.182283 0.230429 0.256971 0.325397 0.643063 0.174177
7.744813 17.465797 10.032183 37.241447 0.923669 28.977805 -1.997665 28.570467 -1.644087 24.385655 -1.247212 25.158143 -8.352494 18.616274 -10.567275 39.510041 -7.244536 48.800111 -6.436449 54.185992 -5.157146 51.496041 -4.866472 49.503607 3.513059 -27.110386 0.092453 0.146085 0.101769 -0.077182 0.496417 -0.090855 0.336546 -0.170088 0.328657 -0.186771 0.366968 -0.177532 0.036609 0.354621 -0.368658 0.009346 0.014964 0.195283 0.136796 0.39317 0.284731 0.244105 0.150794 0.13243 0.043926 -0.430876
7.952499 17.695644 10.343415 37.618813 1.235235 29.01859 -1.622269 28.57686 -1.228306 24.377528 -0.855887 25.164297 -8.224714 18.988264 -10.42856 39.760581 -7.110927 48.74123 -6.26744 54.043368 -5.000946 51.269397 -4.723942 49.306545 3.77264 -26.891869 0.207686 0.229847 0.311232 0.377366 0.311565 0.040784 0.375396 0.006393 0.415781 -0.008127 0.391325 0.006154 0.12778 0.37199 0.138715 0.250539 0.13361 -0.05888 0.169009 -0.142625 0.1562 -0.226644 0.14253 -0.197062 0.259581 0.218517
7.956582 17.967066 10.003936 39.704257 2.771741 28.96294 0.553042 27.193183 1.150978 22.940221 1.196903 24.057221 -8.259621 18.687534 -10.507691 39.529526 -7.144207 48.661715 -6.296492 54.003382 -5.040702 51.257944 -4.747051 49.310094 6.19168 -28.317723 0.004083 0.271422 -0.339478 2.085444 1.536506 -0.05565 2.17531 -1.383677 2.379283 -1.437306 2.05279 -1.107076 -0.034907 -0.300729 -0.079131 -0.231054 -0.03328 -0.079516 -0.029051 -0.039986 -0.039756 -0.011453 -0.023109 0.003549 2.41904 -1.425853
7.736754 18.249258 9.776694 39.917785 4.825836 28.00172 3.87907 25.391561 4.446387 20.892477 4.045421 22.310746 -8.175418 18.018776 -10.459211 38.396198 -7.474989 48.360425 -6.714186 54.056841 -5.343488 51.434666 -4.973611 49.483091 9.789875 -30.542189 -0.219828 0.282192 -0.227243 0.213528 2.054095 -0.96122 3.326029 -1.801622 3.29541 -2.047744 2.848518 -1.746476 0.084203 -0.668758 0.048479 -1.133329 -0.330782 -0.30129 -0.417694 0.053459 -0.302786 0.176722 -0.22656 0.172997 3.598195 -2.224466
7.706213 18.434939 9.769452 41.057515 7.756138 29.713345 6.842309 27.128249 7.325 21.397609 6.901616 23.082834 -8.112419 18.040285 -10.447708 38.125265 -7.492787 48.246646 -6.731164 54.089773 -5.352253 51.408565 -4.983753 49.460268 12.677252 -30.010957 -0.030541 0.18568 -0.007242 1.13973 2.930301 1.711625 2.963239 1.736689 2.878612 0.505131 2.856195 0.772089 0.062999 0.021508 0.011504 -0.270933 -0.017798 -0.113779 -0.016978 0.032932 -0.008765 -0.026101 -0.010142 -0.022823 2.887377 0.531232
7.68519 18.46016 9.707564 41.161817 9.672832 30.121768 9.473813 27.71309 9.834933 21.770996 9.153664 23.201531 -8.080462 18.075159 -10.487065 38.580322 -7.414851 48.23842 -6.493303 53.837669 -5.194369 51.038349 -4.917267 49.123627 15.029302 -29.267353 -0.021023 0.025222 -0.061888 0.104302 1.916695 0.408423 2.631503 0.584841 2.509934 0.373387 2.252048 0.118697 0.031957 0.034875 -0.039357 0.455058 0.077936 -0.008225 0.237861 -0.252104 0.157884 -0.370216 0.066486 -0.336641 2.35205 0.743604
8.147264 18.471888 9.60049 41.347408 9.812981 30.504304 9.532958 29.501432 9.971315 24.316657 9.328061 25.416052 -7.786506 18.137217 -10.35777 39.065343 -7.051927 48.298812 -6.035233 53.547579 -4.804698 50.534296 -4.532391 48.643291 14.776012 -26.217639 0.462073 0.011727 -0.107074 0.185591 0.140148 0.382537 0.059146 1.788342 0.136381 2.545661 0.174397 2.214521 0.293955 0.062057 0.129294 0.485021 0.362924 0.060391 0.458071 -0.29009 0.389671 -0.504053 0.384876 -0.480336 -0.25329 3.049713
8.168924 18.765473 10.049647 41.57849 9.071523 33.867437 8.226424 33.240575 8.525491 27.976751 8.117896 28.574318 -7.993186 18.217611 -10.242724 38.788205 -7.094607 48.190248 -6.15429 53.475535 -4.881012 50.679839 -4.524997 48.777568 13.406503 -22.703087 0.02166 0.293586 0.449157 0.231081 -0.741458 3.363132 -1.306534 3.739142 -1.445824 3.660095 -1.210165 3.158265 -0.206679 0.080395 0.115046 -0.277138 -0.04268 -0.108564 -0.119057 -0.072044 -0.076315 0.145543 0.007394 0.134277 -1.369509 3.514552
8.148727 18.828559 10.047379 41.551602 7.34649 36.148739 5.853829 36.630601 6.022975 31.594378 5.870816 31.793803 -8.044228 18.496561 -10.294804 39.273751 -7.032096 48.405343 -5.972493 53.521144 -4.809767 50.57956 -4.509148 48.723102 10.832742 -18.985182 -0.020197 0.063086 -0.002268 -0.026888 -1.725033 2.281302 -2.372596 3.390026 -2.502516 3.617626 -2.24708 3.219485 -0.051042 0.27895 -0.05208 0.485545 0.06251 0.215095 0.181797 0.045609 0.071245 -0.100279 0.015849 -0.054467 -2.573761 3.717905
8.027911 18.63966 10.196137 40.849394 6.788093 37.1701 4.786587 38.377577 4.480821 33.547604 4.509616 33.609593 -8.23229 18.57664 -10.525513 39.708686 -7.204267 48.424858 -6.147024 53.582203 -5.012402 50.418454 -4.705787 48.677468 9.493223 -16.87085 -0.120816 -0.188899 0.148758 -0.702208 -0.558397 1.021361 -1.067242 1.746976 -1.542154 1.953226 -1.3612 1.81579 -0.188062 0.080079 -0.230709 0.434935 -0.172171 0.019515 -0.174531 0.061059 -0.202635 -0.161105 -0.196639 -0.045633 -1.339519 2.114332
7.917017 18.72859 10.173506 40.861452 5.659401 38.339746 3.719032 40.120077 3.557664 35.347152 3.626293 35.157043 -8.259454 18.878043 -10.947824 39.976531 -7.248658 48.823744 -6.111288 54.051006 -4.937381 50.700784 -4.693273 48.897022 8.495045 -15.353632 -0.110894 0.08893 -0.022632 0.012058 -1.128691 1.169646 -1.067555 1.7425 -0.923157 1.799548 -0.883323 1.54745 -0.027165 0.301403 -0.422311 0.267845 -0.044391 0.398886 0.035736 0.468802 0.075021 0.282329 0.012514 0.219554 -0.998178 1.517218
7.974458 18.026647 10.698444 38.840073 5.016845 40.012205 2.839202 43.121195 2.200067 38.784176 2.393651 38.101888 -8.100548 18.416631 -10.762545 39.139974 -7.416561 48.419893 -6.45557 53.740513 -5.224845 50.41917 -4.87462 48.637581 7.424912 -11.634994 0.057441 -0.701943 0.524938 -2.021378 -0.642556 1.672459 -0.87983 3.001118 -1.357597 3.437024 -1.232642 2.944845 0.158906 -0.461411 0.185278 -0.836557 -0.167903 -0.403851 -0.344282 -0.310493 -0.287464 -0.281614 -0.181347 -0.259441 -1.070133 3.718638
7.839698 17.657417 10.664725 37.599021 4.663861 41.357845 2.538455 45.165539 1.614517 41.162688 1.815361 40.35843 -8.101544 18.403828 -10.594144 38.864827 -7.315829 48.600823 -6.502265 53.783977 -5.180591 50.45194 -4.805553 48.791814 6.795108 -9.289253 -0.13476 -0.36923 -0.033718 -1.241052 -0.352985 1.34564 -0.300747 2.044344 -0.58555 2.378511 -0.57829 2.256542 -0.000995 -0.012803 0.168401 -0.275147 0.100732 0.18093 -0.046694 0.043464 0.044253 0.032771 0.069067 0.154233 -0.629804 2.345741
7.84173 17.327285 10.623121 37.004989 5.017483 43.063647 3.280824 47.491878 2.001095 43.805337 2.078301 42.645001 -8.119735 18.220228 -10.699031 38.210189 -7.500598 48.185903 -6.713676 53.446066 -5.342451 50.093943 -4.986641 48.442614 7.343546 -6.288606 0.002033 -0.330132 -0.041604 -0.594032 0.353622 1.705801 0.74237 2.326339 0.386578 2.642649 0.26294 2.286571 -0.018191 -0.1836 -0.104886 -0.654638 -0.184768 -0.41492 -0.211412 -0.337911 -0.161859 -0.357997 -0.181088 -0.3492 0.548437 3.000647
8.019543 16.862705 11.093247 36.079803 6.119359 44.116941 4.680377 49.127832 3.137279 45.814183 3.058773 44.4289 -8.053708 17.825305 -10.698521 37.102839 -7.504439 47.410306 -6.702802 52.716681 -5.260196 49.371186 -4.953492 47.732827 8.397475 -3.557003 0.177813 -0.464579 0.470126 -0.925186 1.101875 1.053295 1.399553 1.635954 1.136184 2.008846 0.980473 1.783898 0.066027 -0.394922 0.00051 -1.10735 -0.003842 -0.775596 0.010875 -0.729385 0.082254 -0.722757 0.033149 -0.709787 1.053929 2.731603
8.252126 17.067099 11.543375 35.216826 6.836075 44.274014 5.134428 49.249202 4.162109 45.936251 4.051286 44.660908 -7.939765 18.155685 -10.47906 36.668432 -7.322678 46.752042 -6.493309 51.808679 -5.098277 48.282045 -4.752344 46.854204 9.260386 -2.345794 0.232583 0.204393 0.450128 -0.862977 0.716716 0.157073 0.45405 0.12137 1.02483 0.122067 0.992513 0.232008 0.113943 0.33038 0.219461 -0.434408 0.181761 -0.658265 0.209492 -0.908002 0.161919 -1.089141 0.201148 -0.878623 0.862911 1.211208
8.076143 16.830817 11.593044 33.593285 7.786053 44.066828 5.994236 48.68657 5.159199 45.582449 4.886526 44.222313 -8.229658 18.16549 -10.827664 37.0107 -7.148218 45.504713 -6.077391 50.143743 -4.795364 46.213162 -4.566643 44.94437 9.954563 -0.630713 -0.175983 -0.236282 0.049669 -1.623541 0.949979 -0.207186 0.859809 -0.562632 0.99709 -0.353801 0.83524 -0.438595 -0.289893 0.009805 -0.348604 0.342268 0.17446 -1.247329 0.415918 -1.664937 0.302914 -2.068883 0.185701 -1.909834 0.694177 1.715082
8.016074 16.381559 12.048888 32.274622 8.328587 43.112367 6.493992 48.298126 5.63466 45.522177 5.325413 44.09188 -8.180833 18.131438 -10.894862 38.055378 -6.711876 43.730319 -5.276689 47.512925 -4.347384 43.161601 -4.278329 42.136729 9.982044 2.360576 -0.06007 -0.449258 0.455844 -1.318663 0.542533 -0.954461 0.499755 -0.388443 0.47546 -0.060272 0.438887 -0.130433 0.048825 -0.034052 -0.067198 1.044679 0.436342 -1.774395 0.800702 -2.630818 0.44798 -3.051561 0.288314 -2.807641 0.027481 2.991289
8.436286 16.754711 12.43788 34.73354 8.401394 43.621224 6.776464 48.531735 5.561507 45.532835 5.340886 44.042277 -8.227918 18.028975 -10.464907 38.194793 -6.17696 41.230005 -4.841098 44.168496 -3.853908 39.704901 -3.730956 39.119148 9.415415 5.827934 0.420213 0.373152 0.388992 2.458918 0.072807 0.508857 0.282472 0.233608 -0.073153 0.010657 0.015473 -0.049603 -0.047085 -0.102463 0.429955 0.139415 0.534916 -2.500314 0.435591 -3.344429 0.493476 -3.4567 0.547373 -3.017581 -0.566629 3.467357
8.023626 16.449541 12.232471 35.562816 7.445961 43.981847 5.969316 48.758063 4.400998 45.241645 4.204553 43.756804 -8.660102 17.763051 -10.839993 39.408168 -5.85947 39.105019 -4.592061 40.924743 -3.55317 35.9804 -3.551319 35.689339 7.954168 9.261245 -0.412661 -0.30517 -0.20541 0.829276 -0.955433 0.360623 -0.807148 0.226328 -1.160508 -0.29119 -1.136333 -0.285473 -0.432184 -0.265923 -0.375086 1.213375 0.31749 -2.124986 0.249037 -3.243753 0.300738 -3.724501 0.179636 -3.429809 -1.461247 3.433311
8.019203 16.518757 12.067682 35.780749 6.354523 43.581119 4.651368 47.852686 3.334367 44.301596 3.330183 43.001643 -8.583093 17.902765 -10.934207 40.781704 -4.082307 35.64373 -1.269642 35.885361 -1.52941 30.790606 -1.933089 31.206897 4.863778 13.51099 -0.004423 0.069216 -0.164789 0.217932 -1.091439 -0.400728 -1.317948 -0.905377 -1.066631 -0.940049 -0.87437 -0.755161 0.077009 0.139713 -0.094214 1.373535 1.777163 -3.461289 3.32242 -5.039382 2.023759 -5.189794 1.61823 -4.482442 -3.090391 4.249746
7.843292 16.342741 11.575317 36.551926 4.425246 43.256655 2.384424 47.517255 1.303029 43.919495 1.565015 42.597774 -8.108035 17.638332 -10.689613 40.25313 -3.102699 33.035937 -0.229424 32.67366 -0.61149 27.776483 -1.091126 28.314939 1.914519 16.143012 -0.175911 -0.176015 -0.492364 0.771177 -1.929277 -0.324464 -2.266943 -0.335431 -2.031338 -0.382102 -1.765168 -0.403869 0.475058 -0.264433 0.244594 -0.528574 0.979608 -2.607793 1.040217 -3.211701 0.91792 -3.014123 0.841963 -2.891958 -2.949259 2.632022
7.782632 16.386011 11.502159 37.707829 2.842188 42.47098 0.352377 45.044136 -0.344789 41.321582 0.126982 40.571904 -7.866842 17.545676 -10.603517 39.867431 -2.516004 32.514787 0.400519 31.986672 -0.016958 27.562159 -0.549915 28.336644 -0.327832 13.759422 -0.06066 0.04327 -0.073159 1.155904 -1.583058 -0.785676 -2.032048 -2.473119 -1.647818 -2.597913 -1.438034 -2.025869 0.241193 -0.092655 0.086096 -0.385699 0.586694 -0.52115 0.629944 -0.686988 0.594532 -0.214323 0.54121 0.021705 -2.242351 -2.38359
7.083476 16.268471 10.231733 39.142194 -0.269336 41.522738 -3.376451 41.687903 -3.264779 37.485412 -2.542844 37.431064 -8.396816 16.931799 -10.93142 39.148435 -1.897228 31.816778 1.091212 31.308761 0.607842 27.098647 0.003397 27.851579 -3.872621 10.386765 -0.699157 -0.11754 -1.270425 1.434365 -3.111523 -0.948241 -3.728828 -3.356233 -2.91999 -3.83617 -2.669826 -3.14084 -0.529975 -0.613877 -0.327903 -0.718996 0.618777 -0.698009 0.690693 -0.67791 0.6248 -0.463513 0.553313 -0.485066 -3.54479 -3.372657
7.125199 16.25565 9.725487 39.228812 -0.401241 40.281996 -3.195783 41.661677 -3.288254 37.553719 -2.629745 37.417915 -7.745439 16.411176 -10.424501 38.51926 -1.127115 31.051281 1.86097 30.305609 1.414806 26.14018 0.749969 26.998439 -4.70306 11.413538 0.041723 -0.012821 -0.506246 0.086617 -0.131905 -1.240742 0.180668 -0.026226 -0.023475 0.068307 -0.086901 -0.013149 0.651377 -0.520623 0.50692 -0.629175 0.770113 -0.765496 0.769758 -1.003152 0.806963 -0.958467 0.746572 -0.853139 -0.830439 1.026773
7.080787 16.003895 8.713937 40.176687 -0.867462 38.968715 -3.506505 40.094629 -3.42291 36.197039 -2.879605 35.899964 -8.334276 16.365039 -10.506952 39.318994 -1.206416 30.382529 1.761335 29.906115 1.013869 25.833359 0.395387 26.286271 -4.436779 10.36368 -0.044411 -0.251755 -1.01155 0.947875 -0.466222 -1.313281 -0.310722 -1.567048 -0.134656 -1.356679 -0.24986 -1.517951 -0.588837 -0.046137 -0.082451 0.799733 -0.079301 -0.668752 -0.099635 -0.399494 -0.400937 -0.306821 -0.354582 -0.712168 0.266281 -1.049858
7.027018 15.78314 9.58097 38.963211 -1.241928 37.253207 -3.975183 38.389063 -3.684255 34.910393 -2.939874 34.355468 -8.492717 16.138372 -10.653731 38.177294 -0.175416 30.614942 2.968216 29.836601 2.054125 26.032329 1.219469 26.570255 -5.738381 8.878064 -0.053769 -0.220755 0.867033 -1.213476 -0.374466 -1.715508 -0.468677 -1.705566 -0.261346 -1.286647 -0.060269 -1.544496 -0.158441 -0.226668 -0.146779 -1.1417 1.030999 0.232413 1.206881 -0.069514 1.040256 0.198969 0.824082 0.283983 -1.301602 -1.485616
7.105869 16.235903 9.197009 39.363503 0.929821 35.765654 -1.711294 35.484523 -0.910431 31.620431 -0.52681 31.878591 -8.207637 16.101509 -10.649833 38.04884 -2.391201 30.800647 0.259864 29.942113 -0.190067 26.034057 -0.640422 26.717871 -0.720364 5.586374 0.078851 0.452763 -0.383961 0.400293 2.171749 -1.487553 2.263889 -2.90454 2.773824 -3.289962 2.413064 -2.476877 0.28508 -0.036862 0.003898 -0.128454 -2.215785 0.185704 -2.708352 0.105512 -2.244192 0.001729 -1.859891 0.147617 5.018017 -3.29169
7.168782 16.412652 9.436977 38.624322 1.993185 38.736689 -0.387764 40.249407 -0.362039 36.238164 0.001299 35.854208 -8.342493 16.709867 -10.881338 39.252555 -3.036842 31.04704 -0.328797 30.062085 -1.000202 25.967932 -1.423785 26.604903 0.638163 10.270232 0.062913 0.176749 0.239968 -0.739181 1.063365 2.971035 1.32353 4.764885 0.548393 4.617733 0.528109 3.975618 -0.134856 0.608358 -0.231504 1.203716 -0.64564 0.246394 -0.588661 0.119972 -0.810134 -0.066125 -0.783363 -0.112969 1.358527 4.683858
7.440954 16.222632 10.63844 34.735671 6.925243 40.171114 6.107223 44.194034 4.896051 41.420963 4.663789 40.033832 -8.068541 17.138195 -11.164027 39.303246 -3.931606 31.317738 -1.216882 30.590805 -1.707643 25.94972 -2.020499 26.591572 6.603694 15.471244 0.272173 -0.19002 1.201463 -3.888652 4.932058 1.434425 6.494987 3.944626 5.258089 5.1828 4.66249 4.179624 0.273952 0.428328 -0.28269 0.050691 -0.894764 0.270697 -0.888085 0.52872 -0.707442 -0.018212 -0.596714 -0.013331 5.965531 5.201012
7.275355 15.483364 10.63773 30.905259 8.302999 39.479983 8.231986 43.975157 6.63771 41.663837 6.085533 40.154827 -8.090991 16.984251 -11.334801 38.575649 -3.864491 29.919809 -1.108322 28.636229 -1.410192 24.156743 -1.785508 25.214654 8.047903 17.507094 -0.1656 -0.739267 -0.000709 -3.830412 1.377755 -0.691131 2.124763 -0.218877 1.74166 0.242874 1.421744 0.120994 -0.02245 -0.153944 -0.170773 -0.727597 0.067115 -1.397929 0.108561 -1.954576 0.297451 -1.792976 0.234991 -1.376918 1.444209 2.03585
7.701254 15.94182 10.882312 32.154208 9.234971 40.324992 9.256113 44.372946 7.870835 42.353052 7.238996 40.826845 -7.901973 17.032298 -11.149999 38.524562 -4.059073 30.809617 -1.213163 30.026144 -1.492533 25.297457 -1.910734 26.197433 9.363368 17.055595 0.425899 0.458455 0.244582 1.24895 0.931972 0.845009 1.024127 0.397789 1.233125 0.689214 1.153463 0.672019 0.189018 0.048047 0.184801 -0.051087 -0.194582 0.889808 -0.104842 1.389915 -0.082341 1.140714 -0.125226 0.982779 1.315466 -0.451499
8.112419 16.112748 11.797637 32.819355 9.253573 42.000085 8.770627 45.743024 7.397503 42.843294 6.994176 41.752261 -7.809019 17.590532 -10.955185 39.69571 -4.608774 32.416052 -1.788643 31.776571 -2.238202 26.530558 -2.508786 27.39026 9.635705 16.312736 0.411165 0.170928 0.915325 0.665146 0.018603 1.675093 -0.485486 1.370078 -0.473332 0.490242 -0.24482 0.925416 0.092953 0.558233 0.194815 1.171148 -0.549701 1.606435 -0.57548 1.750427 -0.745669 1.233101 -0.598052 1.192826 0.272337 -0.742859
7.847762 16.420978 12.156308 33.830178 8.213657 42.608851 6.92876 47.331393 6.292522 44.113451 6.600863 42.768031 -7.934013 17.917797 -10.907596 40.403748 -5.427468 33.607727 -2.864146 33.126539 -3.247461 27.956676 -3.416592 28.636158 9.539983 16.156775 -0.264657 0.308231 0.358671 1.010823 -1.039916 0.608766 -1.841867 1.588368 -1.104981 1.270157 -0.393313 1.01577 -0.124994 0.327265 0.047588 0.708038 -0.818694 1.191676 -1.075503 1.349968 -1.009259 1.426119 -0.907806 1.245898 -0.095722 -0.155962
7.997179 16.799575 11.413395 35.892645 5.543411 42.782053 3.954965 47.032282 2.724522 43.556944 2.846766 42.275801 -7.980388 18.239835 -10.783744 41.019502 -5.076063 34.543154 -2.49649 34.379289 -2.96638 29.079643 -3.153744 29.634538 5.690902 14.477301 0.149417 0.378597 -0.742912 2.062467 -2.670246 0.173202 -2.973795 -0.299111 -3.568 -0.556508 -3.754097 -0.49223 -0.046375 0.322038 0.123852 0.615755 0.351405 0.935426 0.367656 1.25275 0.281081 1.122966 0.262848 0.998381 -3.84908 -1.679474
7.60377 16.326949 10.793811 38.044247 3.569674 40.908816 0.767547 44.389781 0.408143 42.076972 0.916189 40.24258 -8.165744 17.401454 -11.152712 39.994463 -3.716722 34.179071 -0.949889 34.434471 -1.366848 29.607168 -1.856369 29.778698 1.774991 12.469804 -0.393409 -0.472626 -0.619584 2.151603 -1.973736 -1.873237 -3.187418 -2.6425 -2.31638 -1.479971 -1.930577 -2.033222 -0.185356 -0.838381 -0.368968 -1.025039 1.359341 -0.364083 1.5466 0.055182 1.599532 0.527525 1.297376 0.14416 -3.915912 -2.007496
7.729381 16.31301 10.124236 38.352928 1.490045 39.8608 -1.86235 42.616132 -1.996794 39.240935 -1.202846 38.110521 -8.279756 17.168099 -10.828826 39.917573 -3.907678 35.053954 -1.38545 35.658625 -1.705202 31.029394 -2.122527 30.951759 -0.291592 8.211541 0.125611 -0.013939 -0.669575 0.308681 -2.07963 -1.048017 -2.629897 -1.773649 -2.404937 -2.836037 -2.119035 -2.132058 -0.114012 -0.233355 0.323886 -0.07689 -0.190955 0.874883 -0.435561 1.224154 -0.338355 1.422226 -0.266159 1.173061 -2.066582 -4.258263
7.480115 16.162646 9.578353 38.229734 -0.574851 38.993591 -3.315634 40.932024 -3.53916 37.369174 -2.906328 36.916798 -8.000579 16.877136 -10.617724 39.135909 -3.136918 33.784795 -0.260967 34.06409 -0.581747 30.848664 -1.010498 30.54322 -2.957413 6.52051 -0.249267 -0.150365 -0.545883 -0.123194 -2.064896 -0.867209 -1.453283 -1.684108 -1.542366 -1.871762 -1.703483 -1.193723 0.279176 -0.290963 0.211102 -0.781664 0.77076 -1.269159 1.124483 -1.594535 1.123455 -0.18073 1.112029 -0.408539 -2.665821 -1.691031
7.407373 16.010559 9.254169 37.974301 0.098687 39.991751 -2.209851 42.183366 -2.562779 38.604125 -2.119175 37.933823 -7.746062 16.310242 -10.047978 38.267949 -1.508081 32.088259 1.310885 31.94553 0.830108 27.874103 0.225365 28.260049 -3.392887 10.730022 -0.072742 -0.152087 -0.324184 -0.255433 0.673538 0.99816 1.105782 1.251343 0.976381 1.234952 0.787154 1.017025 0.254518 -0.566894 0.569746 -0.86796 1.628837 -1.696536 1.571852 -2.118561 1.411855 -2.974561 1.235864 -2.283171 -0.435475 4.209512
7.682252 16.319793 8.257377 39.558893 -1.195404 39.543545 -4.198173 41.353482 -3.71713 37.655139 -2.691874 37.087989 -7.983738 16.781169 -9.951642 39.253223 -2.533156 33.539426 -0.213778 33.429193 -0.615424 29.56934 -0.947911 29.759014 -3.101707 8.085799 0.274879 0.309235 -0.996792 1.584592 -1.294091 -0.448206 -1.988322 -0.829884 -1.154351 -0.948986 -0.572699 -0.845835 -0.237677 0.470927 0.096336 0.985274 -1.025075 1.451167 -1.524663 1.483664 -1.445532 1.695237 -1.173276 1.498964 0.291181 -2.644223
7.645988 16.55772 8.68116 37.914094 1.301962 43.544033 -0.643134 47.36121 -1.511222 44.849351 -1.177922 43.35517 -7.820415 16.811815 -10.064602 38.871077 -2.302966 32.744756 0.416934 32.519552 0.071561 28.898123 -0.454295 29.309282 -1.582783 15.951228 -0.036263 0.237927 0.423783 -1.644799 2.497366 4.000488 3.555039 6.007728 2.205908 7.194212 1.513952 6.267181 0.163323 0.030646 -0.11296 -0.382146 0.23019 -0.79467 0.630713 -0.909641 0.686985 -0.671217 0.493616 -0.449732 1.518923 7.865429
7.303047 16.294175 8.729917 36.728618 2.861142 44.419232 0.704771 48.992303 0.122929 46.534714 0.255132 44.928899 -8.311328 16.814449 -10.507771 39.006802 -3.463358 31.932494 -0.828522 31.446698 -1.157862 27.061281 -1.539278 27.81795 1.280791 19.473433 -0.342941 -0.263545 0.048757 -1.185477 1.55918 0.875199 1.347905 1.631093 1.634151 1.685363 1.433054 1.57373 -0.490913 0.002635 -0.443169 0.135726 -1.160392 -0.812262 -1.245457 -1.072854 -1.229423 -1.836842 -1.084983 -1.491332 2.863574 3.522205
7.690257 16.034082 9.585822 35.890162 5.981725 44.932956 5.505753 49.859083 4.032075 47.393316 3.516716 45.68134 -8.057484 16.578555 -10.571048 39.16226 -3.416234 32.584608 -0.648525 32.581538 -0.932792 27.559173 -1.319399 28.114456 4.964867 19.834143 0.38721 -0.260094 0.855905 -0.838456 3.120583 0.513723 4.800981 0.86678 3.909147 0.858602 3.261584 0.75244 0.253844 -0.235894 -0.063276 0.155458 0.047123 0.652114 0.179997 1.13484 0.22507 0.497892 0.219879 0.296506 3.684077 0.360709
7.333821 17.069381 8.972996 38.90287 7.684171 44.022819 7.277071 47.240183 6.884444 43.752369 6.325847 42.658952 -8.714435 16.432288 -10.798562 39.96022 -3.739712 33.999571 -0.862068 34.184441 -1.241937 28.920367 -1.670602 29.255733 8.126381 14.832002 -0.356436 1.0353 -0.612825 3.012708 1.702446 -0.910136 1.771319 -2.6189 2.852368 -3.640947 2.809131 -3.022388 -0.65695 -0.146267 -0.227514 0.79796 -0.323477 1.414964 -0.213543 1.602903 -0.309145 1.361194 -0.351202 1.141277 3.161514 -5.002141
7.55688 17.123505 9.296972 39.050019 9.726501 43.750811 9.617829 46.421093 9.59028 42.874908 8.837068 41.973817 -8.607653 16.583255 -10.739148 41.025811 -4.376063 35.439104 -1.651168 35.809427 -2.05656 30.455297 -2.344736 30.670583 11.64684 12.419611 0.223058 0.054124 0.323975 0.147149 2.042329 -0.272009 2.340758 -0.81909 2.705836 -0.877461 2.511221 -0.685135 0.106782 0.150967 0.059414 1.065591 -0.636351 1.439533 -0.7891 1.624987 -0.814623 1.53493 -0.674134 1.41485 3.520459 -2.412391
7.835066 17.220703 9.865183 37.026915 9.715664 39.748672 9.331447 41.874102 9.115517 37.951067 8.409375 37.337008 -8.739874 16.95582 -10.513085 38.556722 -6.798393 36.280146 -5.062532 38.126734 -4.952905 32.160637 -4.769951 30.729148 14.068422 5.79043 0.278187 0.097197 0.568211 -2.023104 -0.010836 -4.002139 -0.286382 -4.546991 -0.474763 -4.923841 -0.427693 -4.636809 -0.132221 0.372565 0.226063 -2.46909 -2.42233 0.841042 -3.411365 2.317306 -2.896345 1.70534 -2.425215 0.058565 2.421582 -6.629181
7.750183 17.076573 9.828246 36.941212 10.81171 36.378229 10.811096 36.850446 10.853571 32.794881 10.078102 33.087242 -8.415008 16.862515 -10.57145 38.54624 -7.392988 40.118593 -6.244218 43.429714 -5.411479 39.410836 -5.127543 38.499308 16.26505 -6.615955 -0.084883 -0.14413 -0.036937 -0.085703 1.096046 -3.370443 1.47965 -5.023655 1.738054 -5.156186 1.668727 -4.249766 0.324866 -0.093305 -0.058365 -0.010481 -0.594595 3.838447 -1.181686 5.302981 -0.458574 7.250199 -0.357592 7.77016 2.196628 -12.406385
7.768422 17.199171 9.549689 37.066111 11.176759 32.757977 11.477631 31.70583 11.797941 27.427766 10.908866 28.271487 -8.265501 16.980469 -10.415292 36.636177 -8.100697 42.813203 -7.493788 46.696654 -6.471449 43.325642 -5.976826 42.267492 18.26939 -15.897876 0.018239 0.122598 -0.278556 0.124899 0.365049 -3.620252 0.666535 -5.144617 0.94437 -5.367115 0.830764 -4.815754 0.149506 0.117955 0.156158 -1.910064 -0.70771 2.69461 -1.24957 3.26694 -1.05997 3.914806 -0.849283 3.768185 2.00434 -9.281921
7.422066 17.805326 9.502077 38.15752 11.38829 28.423336 11.855984 25.735936 12.076855 21.157876 11.147684 22.593796 -8.268622 17.257461 -10.700271 36.652544 -8.383077 44.638613 -7.880294 49.258801 -6.550938 46.321371 -6.145161 45.034882 18.627793 -25.163496 -0.346357 0.606155 -0.047612 1.091409 0.211531 -4.334641 0.378352 -5.969894 0.278914 -6.26989 0.238818 -5.677691 -0.00312 0.276992 -0.284979 0.016367 -0.28238 1.82541 -0.386506 2.562147 -0.079489 2.995729 -0.168335 2.76739 0.358403 -9.26562
7.166195 18.101832 9.153008 40.010735 9.971255 25.022998 10.101396 20.984694 10.507065 16.978425 9.560692 18.836689 -8.639586 16.917494 -11.658838 36.350283 -8.718577 45.293006 -8.307767 50.239828 -6.648722 47.814897 -6.256735 46.483478 17.155787 -30.836472 -0.255871 0.296506 -0.349069 1.853216 -1.417035 -3.400338 -1.754588 -4.751241 -1.56979 -4.179451 -1.586992 -3.757107 -0.370964 -0.339967 -0.958568 -0.302261 -0.3355 0.654393 -0.427473 0.981027 -0.097784 1.493526 -0.111574 1.448596 -1.472005 -5.672976
6.923622 18.328878 8.121347 39.587048 8.756179 20.365769 8.856583 15.297034 9.497666 12.070155 8.618855 14.161566 -8.865789 16.713172 -12.154672 36.84276 -9.017372 45.789686 -8.536115 50.986329 -6.899485 48.636398 -6.558192 47.226319 16.397151 -36.566243 -0.242573 0.227046 -1.031661 -0.423688 -1.215076 -4.65723 -1.244813 -5.68766 -1.009399 -4.90827 -0.941837 -4.675123 -0.226203 -0.204322 -0.495833 0.492477 -0.298795 0.49668 -0.228348 0.7465 -0.250763 0.821501 -0.301456 0.742841 -0.758636 -5.729771
6.621116 17.706081 7.503462 39.025205 7.841772 19.195324 7.793403 13.93359 8.544517 10.983533 7.691103 13.173535 -8.823436 16.129258 -12.569511 36.655629 -9.236491 45.555085 -8.673719 50.737071 -7.096076 48.248637 -6.799346 46.924502 15.640593 -37.265104 -0.302505 -0.622797 -0.617886 -0.561842 -0.914407 -1.170444 -1.06318 -1.363444 -0.95315 -1.086622 -0.927752 -0.98803 0.042352 -0.583914 -0.414839 -0.187132 -0.219119 -0.234601 -0.137603 -0.249258 -0.196591 -0.387761 -0.241154 -0.301817 -0.756559 -0.698861
6.569743 17.626348 7.340008 38.848743 7.005978 17.674267 6.662405 12.091872 7.528651 9.442967 6.731385 11.742124 -8.910966 15.95076 -12.30275 36.768028 -9.122968 45.531169 -8.651209 50.639674 -7.108954 48.191974 -6.757119 46.881756 14.637604 -38.749006 -0.051373 -0.079733 -0.163454 -0.176463 -0.835794 -1.521057 -1.130998 -1.841718 -1.015866 -1.540565 -0.959718 -1.431412 -0.087529 -0.178498 0.266761 0.112399 0.113523 -0.023916 0.02251 -0.097397 -0.012878 -0.056663 0.042227 -0.042745 -1.002988 -1.483902
6.097937 17.560592 7.209212 37.398884 6.349015 16.552171 5.939186 11.126485 6.570244 8.587956 5.810553 10.960999 -8.990464 16.1116 -12.050667 36.824778 -9.137419 45.822278 -8.690447 50.816473 -7.221815 48.47602 -6.866589 47.138569 13.792059 -39.888063 -0.471807 -0.065756 -0.130796 -1.449859 -0.656962 -1.122096 -0.723219 -0.965387 -0.958407 -0.855011 -0.920832 -0.781125 -0.079498 0.16084 0.252083 0.05675 -0.014451 0.291109 -0.039238 0.176799 -0.112861 0.284046 -0.10947 0.256813 -0.845546 -1.139057
5.863363 17.532444 7.509911 35.641709 5.565894 15.541717 4.694355 10.431021 5.103076 8.107311 4.502726 10.528994 -9.283221 16.15231 -12.260786 36.664656 -9.441078 46.387318 -9.054032 51.658723 -7.540083 49.614069 -7.17262 48.215929 12.643158 -41.506758 -0.234574 -0.028148 0.300699 -1.757175 -0.783122 -1.010454 -1.244831 -0.695464 -1.467168 -0.480646 -1.307827 -0.432006 -0.292757 0.04071 -0.210118 -0.160122 -0.303659 0.56504 -0.363585 0.842249 -0.318268 1.138049 -0.306031 1.07736 -1.1489 -1.618695
5.295706 17.417166 7.57069 34.168354 4.729211 14.811906 3.684336 9.779802 4.119968 7.580656 3.632677 9.905675 -9.663305 15.964153 -12.619066 36.3677 -9.968495 47.30123 -9.65865 53.016993 -8.141303 51.153252 -7.759136 49.482402 12.261271 -43.572596 -0.567657 -0.115278 0.060779 -1.473355 -0.836682 -0.729811 -1.010019 -0.651219 -0.983107 -0.526655 -0.870049 -0.623319 -0.380084 -0.188157 -0.358281 -0.296956 -0.527418 0.913912 -0.604618 1.358271 -0.60122 1.539183 -0.586516 1.266474 -0.381887 -2.065837
5.227065 17.017323 7.373059 32.494998 3.116262 15.105656 1.719099 10.750455 2.185607 8.480245 1.846939 10.611269 -9.878349 15.896288 -12.899992 36.482632 -10.181832 47.914451 -9.871414 53.712416 -8.330503 51.643813 -7.951626 49.942416 10.51611 -43.163568 -0.068641 -0.399843 -0.197631 -1.673356 -1.612949 0.29375 -1.965237 0.970653 -1.934361 0.899589 -1.785737 0.705594 -0.215045 -0.067866 -0.280926 0.114933 -0.213337 0.613222 -0.212765 0.695422 -0.1892 0.490561 -0.19249 0.460014 -1.745161 0.409028
5.132991 16.929942 7.085288 29.541168 0.398898 12.294704 -1.784104 8.137125 -1.208019 6.44449 -1.275712 8.656341 -10.311541 16.151804 -13.413462 37.089965 -10.550377 48.156521 -10.219496 53.8573 -8.657789 51.588258 -8.29933 49.955818 7.44977 -45.143768 -0.094074 -0.08738 -0.287771 -2.95383 -2.717364 -2.810952 -3.503203 -2.61333 -3.393626 -2.035755 -3.122652 -1.954928 -0.433192 0.255516 -0.51347 0.607333 -0.368544 0.242069 -0.348082 0.144884 -0.327286 -0.055555 -0.347704 0.013402 -3.06634 -1.9802
5.1808 16.598192 7.290733 28.45985 0.004351 12.479687 -2.327985 8.579186 -1.774818 6.853551 -1.745266 9.021816 -10.276589 15.953138 -13.245583 36.758074 -10.458219 47.809389 -10.164034 53.436539 -8.590123 51.345107 -8.186826 49.673113 6.815305 -44.491556 0.047809 -0.331751 0.205445 -1.081318 -0.394547 0.184983 -0.54388 0.442061 -0.566798 0.409061 -0.469553 0.365475 0.034952 -0.198665 0.167879 -0.331891 0.092158 -0.347131 0.055462 -0.420761 0.067666 -0.243151 0.112504 -0.282705 -0.634465 0.652212
4.764938 16.123486 7.477295 28.075817 0.881839 12.353632 -1.067209 8.410549 -0.60159 6.583989 -0.71364 8.743992 -10.564229 15.511349 -13.533983 36.327478 -10.709178 47.60398 -10.362661 53.285274 -8.823523 51.177052 -8.428049 49.43811 8.221933 -44.593063 -0.415862 -0.474706 0.186563 -0.384033 0.877488 -0.126055 1.260775 -0.168636 1.173228 -0.269562 1.031625 -0.277823 -0.28764 -0.44179 -0.2884 -0.430596 -0.250959 -0.20541 -0.198627 -0.151265 -0.2334 -0.168055 -0.241223 -0.235003 1.406628 -0.101507
4.644567 15.913698 7.330525 28.003037 0.880313 11.872739 -1.155812 7.912239 -0.558978 6.220597 -0.652623 8.366251 -10.678092 15.254039 -13.650239 36.168969 -10.878682 47.528619 -10.525337 53.181821 -9.012315 51.082814 -8.606634 49.3334 8.453336 -44.862217 -0.120372 -0.209787 -0.14677 -0.07278 -0.001526 -0.480893 -0.088602 -0.49831 0.042611 -0.363392 0.061017 -0.377741 -0.113863 -0.25731 -0.116256 -0.15851 -0.169504 -0.075361 -0.162676 -0.103453 -0.188792 -0.094238 -0.178584 -0.10471 0.231403 -0.269154
4.952669 15.883455 7.144266 28.956103 0.934058 11.586848 -1.074481 7.520288 -0.427181 5.904633 -0.588578 8.087897 -10.762179 15.18319 -13.566703 36.380041 -10.844412 47.612137 -10.557824 53.121006 -9.03807 50.972754 -8.59189 49.303705 8.610889 -45.068121 0.308102 -0.030243 -0.186259 0.953066 0.053746 -0.285891 0.081331 -0.391951 0.131798 -0.315964 0.064045 -0.278354 -0.084087 -0.070849 0.083536 0.211072 0.03427 0.083518 -0.032488 -0.060815 -0.025755 -0.11006 0.014743 -0.029695 0.157553 -0.205904
4.756892 15.77819 7.251143 28.506726 0.37238 11.639133 -1.842678 7.597375 -1.303214 5.787781 -1.349765 7.998112 -10.899368 14.902496 -13.909319 36.154902 -11.099163 47.802782 -10.815912 53.460473 -9.201714 51.363903 -8.749059 49.65471 7.898501 -45.576122 -0.195777 -0.105265 0.106877 -0.449377 -0.561678 0.052285 -0.768197 0.077087 -0.876033 -0.116852 -0.761187 -0.089785 -0.137189 -0.280693 -0.342616 -0.225139 -0.25475 0.190645 -0.258088 0.339466 -0.163645 0.39115 -0.157169 0.351006 -0.712389 -0.508001
4.654205 15.797833 7.169968 28.777313 1.118952 12.016878 -0.65968 7.819307 -0.071687 6.093967 -0.265002 8.253628 -10.821322 14.771262 -13.897386 35.863966 -11.009765 47.629321 -10.712647 53.272027 -9.163079 51.279926 -8.713794 49.556273 9.091392 -45.185959 -0.102687 0.019643 -0.081176 0.270587 0.746572 0.377744 1.182997 0.221932 1.231527 0.306186 1.084763 0.255516 0.078046 -0.131235 0.011933 -0.290936 0.089398 -0.173461 0.103265 -0.188446 0.038636 -0.083977 0.035265 -0.098437 1.192892 0.390163
4.182637 16.054562 7.302189 29.765844 2.614707 13.804948 1.121521 9.833488 1.430446 7.609341 1.12744 9.700277 -11.068839 14.680436 -14.320895 35.802203 -11.29486 47.679257 -10.952765 53.435558 -9.40789 51.25066 -8.980796 49.488086 10.838336 -43.64132 -0.471568 0.256729 0.132221 0.988531 1.495755 1.788071 1.781201 2.014181 1.502132 1.515374 1.392442 1.446649 -0.247517 -0.090826 -0.423509 -0.061762 -0.285095 0.049937 -0.240117 0.163531 -0.244811 -0.029266 -0.267002 -0.068188 1.746944 1.544639
4.301119 16.192216 7.536012 31.553033 3.847545 13.878301 2.73335 9.093824 3.065509 6.798872 2.586436 9.123465 -10.827929 14.676887 -14.014336 35.866538 -11.04213 47.549137 -10.631239 53.124341 -9.145549 50.897524 -8.767325 49.200365 12.211058 -44.098651 0.118482 0.137654 0.233823 1.787189 1.232839 0.073352 1.611829 -0.739664 1.635063 -0.810468 1.458997 -0.576812 0.24091 -0.003549 0.306559 0.064334 0.25273 -0.13012 0.321525 -0.311217 0.262341 -0.353137 0.213471 -0.287721 1.372722 -0.457332
4.057145 16.260526 6.05194 33.098587 3.72327 13.637981 2.748615 8.712089 3.275454 6.557158 2.619553 8.889657 -10.969639 14.053765 -14.732227 35.553733 -11.312297 47.156861 -10.621765 52.731135 -9.12911 50.329873 -8.894813 48.760769 12.404564 -43.772715 -0.243974 0.06831 -1.484072 1.545554 -0.124276 -0.24032 0.015265 -0.381735 0.209945 -0.241715 0.033116 -0.233808 -0.14171 -0.623122 -0.71789 -0.312805 -0.270167 -0.392276 0.009474 -0.393206 0.016439 -0.567651 -0.127488 -0.439596 0.193506 0.325936
4.070663 16.511929 6.340325 34.597844 4.695803 14.649776 4.009145 9.463876 4.516357 7.056406 3.828251 9.375057 -10.985565 14.116889 -15.052608 35.665798 -11.450025 47.172934 -10.60622 52.720952 -9.14216 50.328821 -8.998647 48.752898 13.658518 -43.272415 0.013518 0.251403 0.288385 1.499256 0.972533 1.011795 1.260531 0.751787 1.240903 0.499249 1.208699 0.485399 -0.015926 0.063124 -0.320381 0.112066 -0.137728 0.016072 0.015545 -0.010183 -0.01305 -0.001052 -0.103834 -0.007871 1.253954 0.500301
4.274029 15.451846 7.4947 33.717284 5.994642 15.323672 5.403626 10.593668 5.836868 7.569394 5.086583 9.646711 -11.090899 13.709787 -15.049151 36.059454 -11.153275 46.727183 -10.001239 52.097329 -8.708957 49.193749 -8.672583 47.459564 14.545825 -41.624355 0.203365 -1.060084 1.154375 -0.88056 1.298839 0.673896 1.39448 1.129791 1.320511 0.512987 1.258332 0.271654 -0.105333 -0.407103 0.003457 0.393656 0.296751 -0.44575 0.604981 -0.623623 0.433204 -1.135072 0.326064 -1.293334 0.887308 1.648059
4.790586 16.238824 8.228672 35.551766 6.863093 16.898021 6.272578 12.133566 6.473202 8.769298 5.647057 11.062524 -10.994941 14.442968 -14.389601 36.468533 -10.789561 46.722671 -9.928367 51.968417 -8.446169 49.079499 -8.284408 47.617832 14.91937 -40.310201 0.516558 0.786978 0.733972 1.834482 0.868452 1.574349 0.868952 1.539898 0.636333 1.199904 0.560474 1.415813 0.095958 0.733182 0.659549 0.409079 0.363714 -0.004512 0.072873 -0.128913 0.262788 -0.11425 0.388175 0.158268 0.373545 1.314154
4.826236 16.684824 9.214991 35.39274 8.375585 19.259733 7.908499 15.199915 7.640189 11.497989 6.893498 13.657132 -10.887122 14.632055 -14.04632 36.437318 -10.67985 46.819523 -9.960133 52.170321 -8.416378 49.461988 -8.206877 47.924486 16.056567 -37.963998 0.03565 0.446001 0.98632 -0.159025 1.512492 2.361712 1.635921 3.066349 1.166987 2.728692 1.24644 2.594608 0.107819 0.189087 0.343281 -0.031215 0.109711 0.096852 -0.031766 0.201905 0.02979 0.382489 0.077531 0.306654 1.137197 2.346203
5.344242 18.10925 9.724271 37.258723 9.957695 24.054196 9.862888 20.976928 9.637403 16.589972 8.869553 18.265727 -10.337847 15.904567 -13.807026 36.757323 -10.440159 47.446415 -9.58387 53.0009 -8.061585 50.265858 -7.92394 48.612174 17.698988 -33.675885 0.518006 1.424426 0.50928 1.865983 1.58211 4.794464 1.954389 5.777013 1.997215 5.091983 1.976055 4.608595 0.549275 1.272511 0.239295 0.320005 0.239691 0.626892 0.376263 0.830579 0.354794 0.80387 0.282937 0.687689 1.642421 4.288113
5.577201 18.294182 8.337951 38.527203 11.690772 28.035796 12.860417 25.217122 12.903559 21.013007 11.733937 22.416779 -10.11759 15.972519 -13.330698 36.907536 -10.262224 47.257197 -9.5597 52.587289 -8.060816 49.972194 -7.842878 48.352712 20.964375 -28.959188 0.232959 0.184932 -1.386321 1.268479 1.733077 3.981599 2.99753 4.240194 3.266156 4.423034 2.864385 4.151052 0.220257 0.067952 0.476328 0.150213 0.177935 -0.189218 0.02417 -0.413612 0.000769 -0.293663 0.081062 -0.259462 3.265387 4.716697
5.811208 18.049064 8.58326 38.149861 13.008934 33.854219 14.37037 33.589402 14.386028 29.416224 13.034862 30.192533 -10.167542 15.927482 -13.594875 36.341879 -10.248277 46.994945 -9.605759 52.157703 -7.850701 49.231175 -7.623759 47.812173 22.236729 -19.81495 0.234008 -0.245118 0.245309 -0.377342 1.318163 5.818424 1.509953 8.37228 1.482469 8.403218 1.300925 7.775754 -0.049952 -0.045037 -0.264177 -0.565657 0.013947 -0.262251 -0.046059 -0.429586 0.210115 -0.74102 0.219119 -0.54054 1.272354 9.144238
5.492258 17.881244 7.890373 36.560941 13.021046 38.829756 15.17359 39.995921 15.403926 37.408966 13.836426 37.637115 -10.018599 15.801921 -13.440952 35.692888 -10.287383 46.894389 -9.67916 51.878917 -7.945788 48.947054 -7.700095 47.578496 23.349714 -11.538088 -0.31895 -0.16782 -0.692886 -1.58892 0.012112 4.975536 0.80322 6.406519 1.017898 7.992741 0.801563 7.444581 0.148943 -0.12556 0.153923 -0.64899 -0.039107 -0.100556 -0.0734 -0.278786 -0.095087 -0.28412 -0.076336 -0.233677 1.112986 8.276862
5.442667 17.907897 8.445537 35.29315 14.602393 42.792088 17.121762 45.502311 17.498964 43.86977 15.783662 43.714666 -9.964266 16.041997 -12.996587 35.900968 -10.076055 47.539014 -9.637022 52.476239 -7.91091 49.490976 -7.551962 48.189038 25.409874 -5.621207 -0.049591 0.026652 0.555164 -1.267791 1.581347 3.962332 1.948172 5.50639 2.095038 6.460804 1.947236 6.077552 0.054333 0.240076 0.444365 0.20808 0.211328 0.644624 0.042138 0.597322 0.034878 0.543922 0.148132 0.610542 2.06016 5.916882
5.641222 18.409216 9.028995 36.05749 14.94025 45.946443 18.089384 49.100512 18.396574 47.783411 16.619796 47.459525 -9.969881 16.511536 -12.851244 36.371702 -10.009819 48.03105 -9.551111 53.025615 -7.829177 50.123882 -7.510921 48.891407 26.225752 -2.340472 0.198555 0.50132 0.583458 0.76434 0.337857 3.154355 0.967622 3.598201 0.89761 3.913641 0.836134 3.744859 -0.005615 0.469539 0.145343 0.470734 0.066236 0.492036 0.085911 0.549376 0.081733 0.632906 0.041041 0.702369 0.815877 3.280735
6.0229 18.561643 9.925675 37.071666 16.472101 49.210289 18.345594 52.758715 19.011325 51.914307 17.23333 51.405111 -9.735626 16.818851 -12.208074 37.23366 -9.738442 49.044439 -9.562781 53.79149 -7.735765 51.161209 -7.308334 50.005808 26.74709 0.753099 0.381678 0.152427 0.89668 1.014176 1.531851 3.263846 0.256211 3.658202 0.61475 4.130897 0.613534 3.945586 0.234255 0.307316 0.64317 0.861958 0.271377 1.013389 -0.011671 0.765875 0.093412 1.037326 0.202587 1.114401 0.521338 3.09357
6.274796 18.807918 10.072696 38.008857 17.13888 49.86167 19.106758 53.116018 19.456291 52.111375 17.983532 51.65084 -9.730881 16.962537 -12.170359 37.643456 -9.593052 49.182862 -9.323257 53.83141 -7.578972 51.144189 -7.227373 50.046825 27.035263 0.967187 0.251895 0.246274 0.147021 0.937191 0.666779 0.65138 0.761163 0.357303 0.444967 0.197068 0.750202 0.245729 0.004745 0.143686 0.037715 0.409797 0.145391 0.138423 0.239524 0.03992 0.156793 -0.01702 0.080961 0.041017 0.288174 0.214088
6.334031 18.784603 10.183179 38.021219 17.69644 51.601338 20.478535 54.888725 20.858252 54.122323 19.040912 53.620917 -9.578347 16.788775 -11.961809 37.582219 -9.51888 49.129522 -9.287024 53.777289 -7.58827 51.102501 -7.179785 50.019157 28.446522 3.019822 0.059235 -0.023314 0.110483 0.012362 0.55756 1.739669 1.371777 1.772708 1.401961 2.010947 1.05738 1.970077 0.152534 -0.173762 0.208551 -0.061238 0.074172 -0.05334 0.036234 -0.054121 -0.009298 -0.041687 0.047588 -0.027668 1.411259 2.052635
6.165898 18.840894 9.995955 38.090947 16.833752 50.247768 19.531012 53.61506 19.83397 52.697304 18.049234 52.146348 -9.581611 16.880333 -11.809063 37.726656 -9.510311 49.383935 -9.287867 54.108647 -7.600772 51.489553 -7.181349 50.316933 27.434742 1.207751 -0.168133 0.056291 -0.187224 0.069728 -0.862688 -1.353571 -0.947523 -1.273665 -1.024282 -1.425019 -0.991678 -1.474568 -0.003263 0.091559 0.152746 0.144437 0.008568 0.254413 -0.000843 0.331357 -0.012502 0.387052 -0.001565 0.297776 -1.01178 -1.812071
6.503141 18.96697 10.34115 38.838521 17.136782 51.677498 19.82848 55.191377 20.130467 54.183468 18.315524 53.645113 -9.5835 16.972369 -12.012088 37.938789 -9.489679 49.173698 -9.173825 53.830698 -7.502371 51.017603 -7.117203 49.932429 27.632838 3.165865 0.337243 0.126076 0.345194 0.747573 0.30303 1.429731 0.297469 1.576316 0.296497 1.486164 0.26629 1.498765 -0.001889 0.092036 -0.203025 0.212133 0.020632 -0.210238 0.114042 -0.277948 0.098401 -0.47195 0.064147 -0.384504 0.198096 1.958114
6.533742 18.752208 10.424167 38.41061 17.174804 51.053232 19.883269 54.42813 20.245969 53.637815 18.404275 53.14607 -9.496129 16.863137 -11.925566 37.789732 -9.404087 49.055642 -9.114933 53.667277 -7.459292 50.878721 -7.05407 49.810082 27.705261 2.759093 0.030601 -0.214761 0.083017 -0.427911 0.038022 -0.624266 0.054789 -0.763246 0.115502 -0.545654 0.088751 -0.499043 0.087371 -0.109231 0.086522 -0.149056 0.085592 -0.118056 0.058892 -0.163421 0.043079 -0.138882 0.063133 -0.122347 0.072423 -0.406772
6.613153 18.606418 10.265017 38.422692 16.961461 51.089901 19.650179 54.717153 19.996119 53.683275 18.191719 53.063506 -9.475234 16.953522 -11.903045 38.037634 -9.384057 48.945016 -8.954683 53.549981 -7.313311 50.739986 -6.961885 49.664742 27.30943 2.943289 0.079411 -0.14579 -0.15915 0.012082 -0.213343 0.036669 -0.23309 0.289023 -0.249851 0.04546 -0.212556 -0.082564 0.020894 0.090384 0.022522 0.247902 0.02003 -0.110626 0.16025 -0.117296 0.145981 -0.138736 0.092185 -0.14534 -0.395831 0.184196
7.124394 18.722782 10.629225 38.918704 17.05277 51.688522 19.70405 55.482006 19.937807 54.408586 18.133914 53.690296 -9.126878 17.209584 -11.799753 38.337696 -9.044328 49.327475 -8.536068 54.138726 -6.889421 51.09148 -6.537569 49.981791 26.827228 3.317106 0.511241 0.116363 0.364208 0.496012 0.091308 0.598621 0.053871 0.764853 -0.058311 0.725311 -0.057805 0.626791 0.348356 0.256062 0.103292 0.300062 0.339729 0.382459 0.418615 0.588745 0.42389 0.351495 0.424317 0.317049 -0.482202 0.373816
7.311553 18.916035 10.686117 39.16806 16.970938 51.85492 19.498503 55.590606 19.750601 54.409212 17.979151 53.71865 -9.002033 17.45055 -11.80414 38.656491 -8.874574 49.416542 -8.405828 54.166389 -6.733909 50.91067 -6.369153 49.82729 26.48451 3.498542 0.187159 0.193253 0.056893 0.249356 -0.081831 0.166398 -0.205547 0.1086 -0.187206 0.000626 -0.154763 0.028354 0.124845 0.240967 -0.004387 0.318795 0.169754 0.089067 0.130239 0.027663 0.155511 -0.180811 0.168416 -0.154501 -0.342718 0.181437
6.712496 18.434721 10.068029 38.714379 16.489029 51.726085 19.140106 55.405307 19.372725 54.322374 17.607844 53.651732 -9.389871 16.981766 -11.712933 38.037467 -9.261376 48.995543 -8.985406 53.387499 -7.459971 50.651336 -6.968805 49.600953 26.832697 3.671038 -0.599056 -0.481313 -0.618088 -0.453681 -0.48191 -0.128835 -0.358397 -0.185299 -0.377876 -0.086838 -0.371307 -0.066918 -0.387838 -0.468785 0.091207 -0.619024 -0.386801 -0.421 -0.579578 -0.77889 -0.726062 -0.259334 -0.599653 -0.226337 0.348186 0.172496
6.855506 18.144903 10.346174 38.444549 16.88267 51.628411 19.559515 55.288935 19.799036 54.30643 18.011498 53.582549 -9.236124 16.814801 -11.435369 37.823349 -9.117615 48.812127 -8.91372 53.185219 -7.395929 50.5068 -6.855121 49.454647 27.194965 3.799629 0.143009 -0.289819 0.278145 -0.26983 0.393641 -0.097674 0.419408 -0.116372 0.42631 -0.015944 0.403655 -0.069183 0.153747 -0.166965 0.277564 -0.214118 0.14376 -0.183415 0.071687 -0.20228 0.064042 -0.144535 0.113684 -0.146306 0.362268 0.128591
7.251519 18.328866 10.769004 38.811135 17.055255 52.192765 19.755667 55.830556 19.909114 55.176109 18.14878 54.454881 -8.941576 16.89963 -11.075953 38.048124 -8.822608 49.438608 -8.609036 54.029411 -7.052049 51.473701 -6.514448 50.337416 26.961163 3.702408 0.396013 0.183964 0.422829 0.366586 0.172585 0.564355 0.196153 0.541621 0.110078 0.869679 0.137281 0.872332 0.294548 0.084829 0.359416 0.224775 0.295007 0.626481 0.304684 0.844193 0.34388 0.966901 0.340673 0.882769 -0.233802 -0.097221
7.508397 17.981929 11.32915 38.474503 17.547828 52.264759 20.265383 56.035253 20.355588 55.418399 18.593889 54.660043 -8.662179 17.048219 -10.746482 38.350937 -8.548424 49.686912 -8.317834 54.366121 -6.817716 51.804289 -6.264731 50.546417 27.173305 3.61411 0.256878 -0.346938 0.560147 -0.336632 0.492573 0.071993 0.509715 0.204697 0.446475 0.24229 0.44511 0.205162 0.279397 0.148588 0.329471 0.302812 0.274184 0.248304 0.291201 0.33671 0.234333 0.330588 0.249717 0.209001 0.212142 -0.088298
7.548243 17.989013 11.331695 38.557801 17.580622 52.175334 20.292956 55.863717 20.38818 55.201021 18.632555 54.484394 -8.60098 17.015809 -10.581559 38.318649 -8.494833 49.972638 -8.282796 54.720625 -6.774536 52.279171 -6.220356 50.990197 27.162716 2.921849 0.039846 0.007084 0.002545 0.083297 0.032794 -0.089425 0.027573 -0.171536 0.032592 -0.217378 0.038666 -0.175649 0.061199 -0.03241 0.164923 -0.032288 0.053591 0.285727 0.035039 0.354505 0.043181 0.474882 0.044376 0.44378 -0.010589 -0.69226
7.640445 17.822161 11.443567 38.369823 17.539901 52.340817 20.214665 56.188464 20.290643 55.64118 18.543589 54.82899 -8.50141 17.09795 -10.308573 38.509166 -8.499631 50.072479 -8.371818 54.686892 -6.981039 52.261782 -6.377411 50.968516 27.271682 3.379399 0.092202 -0.166851 0.111872 -0.187978 -0.040722 0.165483 -0.078291 0.324747 -0.097537 0.440159 -0.088966 0.344595 0.09957 0.082141 0.272986 0.190517 -0.004798 0.099841 -0.089023 -0.033733 -0.206503 -0.01739 -0.157055 -0.021681 0.108966 0.457549
7.646161 18.030572 11.381853 38.612878 17.477477 52.331048 20.171267 56.069231 20.224303 55.477726 18.483561 54.724145 -8.552444 17.319274 -10.340121 38.73024 -8.409294 50.091678 -8.187619 54.702169 -6.7963 52.126473 -6.223017 50.903499 27.020603 3.351253 0.005716 0.208411 -0.061715 0.243056 -0.062424 -0.009769 -0.043398 -0.119233 -0.06634 -0.163454 -0.060028 -0.104845 -0.051033 0.221324 -0.031549 0.221074 0.090337 0.019199 0.184199 0.015277 0.184739 -0.135309 0.154394 -0.065017 -0.251079 -0.028145
7.628685 17.901948 11.196572 38.415349 17.434943 52.299196 20.152736 56.075841 20.352244 55.523783 18.565458 54.773742 -8.872741 17.70581 -10.609391 39.347637 -8.543816 50.001693 -8.155525 54.462266 -6.963807 51.588207 -6.440622 50.351608 27.316052 3.935575 -0.017476 -0.128624 -0.185281 -0.19753 -0.042534 -0.031853 -0.018531 0.00661 0.127941 0.046057 0.081897 0.049597 -0.320297 0.386536 -0.26927 0.617397 -0.134522 -0.089985 0.032094 -0.239903 -0.167507 -0.538266 -0.217605 -0.551891 0.295448 0.584322
7.629967 17.869022 11.195117 38.33369 17.427093 52.036619 20.119411 55.791205 20.349818 55.143374 18.563879 54.382885 -8.935785 17.756215 -10.598043 39.416713 -8.542523 49.980563 -8.130759 54.412502 -6.968626 51.46057 -6.455165 50.214034 27.318445 3.682804 0.001281 -0.032926 -0.001454 -0.081658 -0.00785 -0.262576 -0.033325 -0.284636 -0.002426 -0.380409 -0.00158 -0.390857 -0.063044 0.050405 0.011349 0.069076 0.001293 -0.02113 0.024766 -0.049764 -0.004819 -0.127637 -0.014544 -0.137573 0.002393 -0.252771
]