11-08-20_Ishan_4KDepth.lion_below_orange_chair.0000000005 [ 0.010886 -0.083577 0.008546 2.48213 0.206818 0.0 0.0 0.0 0.0 0.0 0.0 0.0 0.0 0.0 0.0
0.006841 -0.098221 0.008552 2.495818 0.295591 -0.023159 0.089767 -0.080605 -0.016047 0.12241 -0.004045 -0.014644 5e-06 0.013688 0.088773
-0.002437 -0.100615 0.008674 2.498472 0.295774 -0.140029 -0.222898 -0.29872 -0.139376 -0.213275 -0.009277 -0.002394 0.000122 0.002654 0.000184
-0.031055 -0.09678 0.008667 2.44456 0.283408 -0.845359 0.246427 0.165204 -0.877099 0.241588 -0.028619 0.003836 -7e-06 -0.053912 -0.012366
-0.034591 -0.071044 0.009058 2.433197 0.349791 -0.165581 0.011521 -0.072329 -0.167765 0.010277 -0.003536 0.025736 0.000391 -0.011364 0.066383
-0.034002 -0.065977 0.008996 2.459872 0.326696 1.094408 0.117303 0.117427 1.140128 0.104249 0.000589 0.005067 -6.2e-05 0.026675 -0.023095
-0.030705 -0.065474 0.00889 2.470586 0.34074 -1.41434 -0.096492 -0.258216 -1.46407 -0.085784 0.003297 0.000504 -0.000106 0.010714 0.014044
-0.027186 -0.066686 0.008929 2.48329 0.315938 1.514194 0.283544 0.345415 1.606508 0.34524 0.003519 -0.001212 3.9e-05 0.012704 -0.024802
-0.036541 -0.064141 0.008931 2.529881 0.323223 -0.037387 -0.047115 0.032192 -0.119535 -0.171316 -0.009355 0.002545 2e-06 0.046591 0.007285
-0.030703 -0.053755 0.008925 2.559869 0.236827 -1.92898 -0.210569 -0.579159 -1.944295 -0.151239 0.005838 0.010386 -6e-06 0.029988 -0.086396
-0.043472 -0.038442 0.008499 2.632647 -0.0315 1.826679 0.013756 0.484338 1.850427 -0.026564 -0.012769 0.015313 -0.000426 0.072778 -0.268327
-0.046195 -0.065763 0.008564 2.580569 -0.294327 -0.304047 -0.381482 -0.12457 -0.37274 -0.349817 -0.002723 -0.027321 6.5e-05 -0.052078 -0.262827
-0.037879 -0.06405 0.008453 2.539835 -0.654531 -0.662075 0.199021 -0.107973 -0.780899 0.194913 0.008316 0.001713 -0.000111 -0.040734 -0.360205
-0.042737 -0.066343 0.007936 2.413547 -1.009851 -0.674281 0.311481 0.119842 -0.597302 0.349895 -0.004858 -0.002293 -0.000517 -0.126289 -0.35532
-0.032482 -0.066621 0.007103 2.313682 -1.584989 -0.867515 -0.112981 -0.682053 -0.787122 -0.143053 0.010254 -0.000278 -0.000833 -0.099864 -0.575138
-0.042063 -0.06572 0.006554 2.163961 -2.033645 -0.125599 0.004095 -0.058281 -0.126569 0.003336 -0.009581 0.000901 -0.000549 -0.149722 -0.448656
-0.029004 -0.048905 0.006086 2.098611 -2.813621 -0.122104 0.003508 -0.05702 -0.122975 0.002789 0.013059 0.016815 -0.000468 -0.06535 -0.779977
-0.025182 -0.01662 0.003664 2.008276 -3.434142 -1.41457 -0.396157 -0.460198 -1.469708 -0.399001 0.003822 0.032285 -0.002423 -0.090335 -0.62052
0.023183 0.032442 0.002511 1.890684 -4.042338 -0.386038 0.20862 -0.366771 -0.373186 0.190567 0.048365 0.049062 -0.001153 -0.117592 -0.608196
0.020788 0.037125 0.001563 1.773451 -4.456912 -0.475693 0.221631 0.083818 -0.48872 0.258594 -0.002395 0.004684 -0.000947 -0.117233 -0.414574
0.012932 0.026774 0.001293 1.601101 -4.925337 0.022517 0.076331 -0.007958 -0.006448 0.111113 -0.007856 -0.010352 -0.00027 -0.17235 -0.468426
-0.02457 0.003722 0.000639 1.433331 -5.206601 1.694877 -0.101174 0.484829 1.776218 -0.15504 -0.037503 -0.023052 -0.000655 -0.167769 -0.281263
-0.019974 0.001352 -0.000827 1.341823 -5.536537 -0.101621 0.000295 -0.04951 -0.101939 -0.000198 0.004596 -0.002369 -0.001466 -0.091509 -0.329936
0.014935 0.042659 -0.001049 1.239946 -5.997724 -0.098288 -0.000189 -0.048267 -0.098521 -0.000647 0.034909 0.041307 -0.000222 -0.101876 -0.461187
0.016404 -0.032491 -0.001068 1.028473 -6.399104 -3.231831 0.003336 -0.915782 -3.239855 0.060954 0.001469 -0.07515 -1.8e-05 -0.211473 -0.40138
0.012526 -0.034311 -0.001144 1.000507 -6.772366 -1.043113 0.507666 -0.166334 -0.984835 0.479164 -0.003878 -0.001821 -7.7e-05 -0.027966 -0.373262
-0.002127 -0.057396 -0.002081 0.97857 -6.938225 -0.224748 -0.216979 -0.055511 -0.223587 -0.217856 -0.014653 -0.023085 -0.000937 -0.021937 -0.165859
-0.016306 -0.050521 -0.004708 1.054765 -6.894774 -0.004332 -0.050958 0.195429 -0.052108 -0.041188 -0.014179 0.006875 -0.002627 0.076195 0.043451
-0.050797 -0.05416 -0.006051 1.05303 -6.741219 4.061758 -0.250759 0.719406 4.058171 -0.29055 -0.034491 -0.003639 -0.001343 -0.001734 0.153555
-0.041127 -0.050803 -0.007712 1.125668 -6.499448 -0.078781 -0.002786 -0.040868 -0.078541 -0.003046 0.00967 0.003357 -0.001661 0.072637 0.241772
-0.106874 -0.013 -0.009911 1.13932 -6.402723 -0.075611 -0.003167 -0.039644 -0.075299 -0.003396 -0.065747 0.037803 -0.002199 0.013652 0.096724
-0.100603 -0.025881 -0.010733 1.197902 -6.05084 -0.072464 -0.003534 -0.038423 -0.072083 -0.003733 0.006271 -0.012881 -0.000821 0.058582 0.351883
-0.077856 -0.013625 -0.01208 1.232927 -5.843041 -0.069341 -0.003886 -0.037205 -0.068891 -0.004056 0.022746 0.012256 -0.001347 0.035025 0.207798
-0.096445 0.006175 -0.012102 1.358698 -5.798684 -0.066241 -0.004223 -0.035989 -0.065725 -0.004365 -0.018588 0.0198 -2.2e-05 0.125771 0.044357
-0.093578 0.007378 -0.012185 1.479166 -5.835854 -2.339978 0.571705 -0.055388 -2.401755 0.607849 0.002866 0.001203 -8.3e-05 0.120467 -0.03717
-0.099898 0.010415 -0.012321 1.595305 -5.812596 -0.339225 -0.167238 -0.061487 -0.227796 -0.163464 -0.00632 0.003037 -0.000136 0.116139 0.023258
-0.093708 -0.008637 -0.012601 1.707323 -5.736576 -0.090297 -0.285458 0.093343 -0.083801 -0.333603 0.00619 -0.019051 -0.00028 0.112018 0.07602
-0.078524 0.01832 -0.012689 1.768939 -5.500478 0.014639 0.032601 0.095844 -0.02735 0.050738 0.015184 0.026957 -8.8e-05 0.061616 0.236098
-0.05101 0.011683 -0.012984 1.847557 -5.172501 0.090642 -0.032829 0.138956 0.112338 -0.056285 0.027514 -0.006637 -0.000296 0.078618 0.327977
-0.082574 0.02238 -0.013113 1.91975 -4.743359 0.307589 -0.185348 0.226064 0.335892 -0.183481 -0.031563 0.010697 -0.000129 0.072193 0.429143
-0.086098 0.023005 -0.013167 1.981064 -4.290146 1.977796 0.028796 -0.655431 1.918941 0.040224 -0.003524 0.000626 -5.3e-05 0.061314 0.453213
-0.130438 0.020201 -0.01333 1.982017 -3.866194 -0.552058 -0.340615 0.486195 -0.518324 -0.362639 -0.04434 -0.002804 -0.000164 0.000953 0.423952
-0.095871 0.030515 -0.013376 1.80544 -3.355154 0.470397 0.327625 -0.537717 0.438663 0.349795 0.034567 0.010315 -4.6e-05 -0.176576 0.511041
-0.108277 0.012212 -0.013154 1.715356 -2.610527 -0.036517 -0.006788 -0.023976 -0.035445 -0.006682 -0.012406 -0.018303 0.000222 -0.090084 0.744626
-0.141054 -0.019818 -0.013157 1.607302 -1.899073 1.729244 -0.371143 0.662252 1.769309 -0.359813 -0.032777 -0.03203 -3e-06 -0.108054 0.711455
-0.083898 0.027034 -0.012778 0.802026 -1.025806 0.763891 -0.021534 -0.236798 0.873508 -0.056673 0.057156 0.046852 0.000379 -0.805275 0.873266
-0.07344 0.029871 -0.012536 0.664249 -0.201613 0.533892 0.312381 -0.241129 0.396094 0.360789 0.010458 0.002837 0.000242 -0.137777 0.824193
-0.079133 0.041355 -0.010897 0.810725 0.230049 0.302041 0.051883 -0.238116 0.295134 0.037328 -0.005693 0.011484 0.00164 0.146476 0.431663
-0.009722 0.034771 -0.009615 0.452611 0.353546 -3.469453 -0.00787 -0.048341 -3.468433 -0.017081 0.069411 -0.006584 0.001281 -0.358114 0.123497
-0.021891 0.032396 -0.008915 0.373856 0.615203 3.427876 -0.64688 -0.257075 3.425496 -0.730884 -0.012169 -0.002375 0.000701 -0.078755 0.261657
-0.027325 0.034587 -0.00779 0.255966 0.662373 -0.00402 0.184965 -0.001079 -0.018265 0.236091 -0.005434 0.00219 0.001124 -0.11789 0.04717
-0.032322 0.00239 -0.005739 0.402529 0.786688 -3.47516 0.438799 0.210976 -3.454498 0.472395 -0.004997 -0.032197 0.002051 0.146563 0.124316
-0.045423 0.058859 -0.004706 0.217027 0.530122 2.784922 -0.503989 -0.343639 2.739797 -0.53995 -0.013101 0.05647 0.001033 -0.185502 -0.256566
-0.006303 0.052287 -0.002575 0.388702 0.708812 -2.805793 0.488263 0.318019 -2.757825 0.524783 0.03912 -0.006572 0.002131 0.171675 0.178691
-0.061165 0.020909 0.001803 1.319209 1.034439 -0.006506 -0.007914 -0.011068 -0.005044 -0.007613 -0.054862 -0.031378 0.004378 0.930507 0.325626
-0.064515 -0.000742 0.00521 1.598126 0.939347 -0.003917 -0.007928 -0.009911 -0.002432 -0.007613 -0.00335 -0.021651 0.003407 0.278917 -0.095092
-0.074588 -0.045508 0.00706 1.52662 0.92697 -0.001351 -0.007927 -0.008756 0.000156 -0.0076 -0.010073 -0.044766 0.00185 -0.071506 -0.012377
-0.071314 -0.05099 0.007891 1.310121 1.004032 0.001191 -0.007912 -0.007604 0.002718 -0.007572 0.003274 -0.005482 0.000831 -0.216499 0.077063
-0.067107 -0.070091 0.007839 1.173376 0.954819 0.00371 -0.007882 -0.006454 0.005256 -0.007531 0.004206 -0.019101 -5.2e-05 -0.136745 -0.049214
-0.04953 -0.06672 0.007577 0.906577 0.836278 3.594346 0.266917 -0.159081 3.576708 0.279411 0.017577 0.003371 -0.000262 -0.266799 -0.118541
-0.04777 -0.062477 0.007672 0.803595 0.714597 -0.010419 -0.36846 0.088004 0.01761 -0.403483 0.00176 0.004243 9.5e-05 -0.102982 -0.12168
-0.040046 -0.055839 0.007271 0.677469 0.743053 0.297986 -0.338748 0.231472 0.327296 -0.407955 0.007724 0.006638 -0.000401 -0.126126 0.028456
-0.015357 -0.014885 0.006513 0.506674 0.593397 0.020744 0.071605 0.027901 0.006912 0.110737 0.024688 0.040953 -0.000758 -0.170795 -0.149656
-0.009962 -0.009792 0.006655 0.486409 0.564722 -3.84713 0.330237 -0.20342 -3.865069 0.384746 0.005395 0.005093 0.000142 -0.020265 -0.028675
-0.004506 -0.016269 0.006703 0.563746 0.588897 0.018337 -0.007395 0.000387 0.019951 -0.006988 0.005456 -0.006476 4.8e-05 0.077337 0.024176
-0.038743 -0.023164 0.006856 0.886731 0.410196 3.271349 0.16527 0.130197 3.225513 0.131234 -0.034238 -0.006896 0.000153 0.322985 -0.178702
-0.040621 -0.041119 0.006762 1.113102 0.086567 0.016088 -0.366851 0.248454 0.073722 -0.388602 -0.001878 -0.017955 -9.4e-05 0.22637 -0.323629
-0.032693 -0.04448 0.005937 1.322473 0.02041 0.285671 0.05604 0.185962 0.263001 0.09616 0.007929 -0.003361 -0.000825 0.209372 -0.066157
-0.052181 -0.045382 0.00597 1.368052 -0.091127 -3.476427 0.117435 -0.551785 -3.459073 0.134791 -0.019488 -0.000902 3.3e-05 0.045579 -0.111536
-0.051044 -0.045479 0.005682 1.499625 -0.230346 0.029887 -0.006584 0.006015 0.031505 -0.00615 0.001137 -9.7e-05 -0.000288 0.131572 -0.139219
-0.049952 -0.051206 0.005631 1.575531 -0.452504 0.032128 -0.006378 0.007132 0.03374 -0.005941 0.001092 -0.005727 -5.2e-05 0.075907 -0.222158
-0.030131 -0.032144 0.004116 1.543877 -0.941995 0.034345 -0.006158 0.008247 0.03595 -0.005717 0.019821 0.019062 -0.001514 -0.031654 -0.489492
0.019243 -0.019308 0.003685 1.606283 -1.367286 0.036538 -0.005922 0.009359 0.038135 -0.00548 0.049374 0.012836 -0.000431 0.062405 -0.425291
0.037718 -0.015821 0.003584 1.540546 -2.108998 0.038709 -0.005672 0.010469 0.040295 -0.005228 0.018474 0.003487 -0.000101 -0.065736 -0.741712
0.026226 0.017258 0.00255 1.407863 -2.470782 0.171205 -0.052834 0.612071 -0.006282 -0.068395 -0.011491 0.033079 -0.001034 -0.132683 -0.361784
0.051847 0.019338 0.001787 1.265675 -3.177493 -0.351036 0.025559 -0.293079 -0.24754 0.098734 0.025621 0.00208 -0.000762 -0.142188 -0.706711
0.043678 0.02654 0.001238 1.193745 -3.579373 -0.45111 0.036048 -0.008529 -0.387694 -0.009843 -0.008169 0.007202 -0.000549 -0.071931 -0.40188
0.04663 0.026664 0.000908 1.206692 -3.902128 -0.243738 0.208124 -0.027386 -0.322275 0.199505 0.002952 0.000123 -0.00033 0.012947 -0.322755
0.054759 0.014714 0.000577 1.175433 -4.110535 -0.108489 -0.149678 -0.099214 -0.001748 -0.185335 0.008128 -0.01195 -0.000331 -0.031259 -0.208407
0.079154 0.053047 4.4e-05 1.150159 -4.137871 -0.050301 0.161347 0.013177 0.011115 0.194082 0.024396 0.038333 -0.000533 -0.025274 -0.027336
0.127386 0.150664 -0.000585 1.199154 -3.999868 0.134028 -0.043163 0.009811 0.099459 -0.020737 0.048231 0.097617 -0.000629 0.048995 0.138003
0.089263 0.183544 -0.000678 1.155007 -4.055495 0.151777 0.001717 0.014127 0.063266 0.020161 -0.038123 0.03288 -9.3e-05 -0.044146 -0.055626
0.103197 0.231742 -0.000719 1.125399 -3.766643 -0.003238 0.0071 -0.049573 0.02333 0.020668 0.013934 0.048197 -4e-05 -0.029608 0.288852
0.075214 0.196347 -0.000827 1.017884 -3.717943 -0.035506 0.015006 -0.028574 -0.000489 -0.018554 -0.027983 -0.035395 -0.000109 -0.107515 0.0487
0.095233 0.14172 -0.000859 1.020181 -3.908271 -0.025307 -0.010959 -0.081481 -0.000819 -0.016943 0.020019 -0.054626 -3.2e-05 0.002297 -0.190328
0.083463 0.141282 -0.000927 1.031456 -3.883006 -0.041013 0.033964 -0.017466 -0.042643 0.024806 -0.01177 -0.000439 -6.7e-05 0.011275 0.025266
0.081764 0.088634 -0.00114 1.024383 -4.072461 -0.074249 -0.006316 0.01591 -0.064107 0.014923 -0.001699 -0.052648 -0.000213 -0.007073 -0.189456
0.073362 0.125309 -0.001235 1.064831 -4.085293 0.041375 0.006065 0.088524 0.020743 0.018735 -0.008402 0.036675 -9.5e-05 0.040448 -0.012831
0.076121 0.137793 -0.001267 1.090994 -4.059548 0.055705 -0.010668 0.04075 0.03735 -0.010105 0.002759 0.012484 -3.2e-05 0.026163 0.025745
0.06006 0.122395 -0.001305 1.116458 -4.13999 0.018291 0.020667 0.008286 0.01551 0.032447 -0.01606 -0.015398 -3.8e-05 0.025464 -0.080442
0.067206 0.121332 -0.001331 1.113016 -4.113864 -0.002099 0.037049 -0.009542 0.012104 0.035377 0.007146 -0.001063 -2.7e-05 -0.003442 0.026126
0.071075 0.052429 -0.001356 1.187022 -4.086681 0.035833 -0.032158 0.033411 0.04464 -0.040764 0.003868 -0.068903 -2.5e-05 0.074006 0.027183
0.060013 0.032381 -0.001381 1.202718 -4.029444 0.068183 -0.019308 0.06115 0.069421 -0.039492 -0.011061 -0.020048 -2.5e-05 0.015697 0.057237
0.055605 0.05307 -0.001418 1.217804 -3.851827 0.137499 -0.165134 0.086003 0.100535 -0.195691 -0.004408 0.020688 -3.7e-05 0.015085 0.177617
0.047495 0.036281 -0.001424 1.224437 -3.519318 0.257488 -0.184335 0.025859 0.359266 -0.16363 -0.00811 -0.016789 -6e-06 0.006633 0.332509
0.035073 0.03648 -0.0015 1.148972 -3.376409 0.550635 -0.063889 0.075781 0.522358 -0.079638 -0.012422 0.000199 -7.6e-05 -0.075465 0.142909
0.045112 0.039018 -0.001527 1.203513 -2.391202 0.421407 0.156602 0.100494 0.392198 0.143342 0.010039 0.002538 -2.7e-05 0.054541 0.985206
0.020714 0.038928 -0.001481 1.062554 -1.780147 0.477194 -0.164769 0.012503 0.472836 -0.15829 -0.024399 -9e-05 4.6e-05 -0.140959 0.611055
0.033084 0.030454 -0.001486 1.062877 -0.96095 0.470654 0.176424 0.03158 0.465183 0.196684 0.01237 -0.008474 -6e-06 0.000323 0.819197
0.062623 0.020914 -0.001431 0.959672 -0.340797 0.086987 0.005987 0.038387 0.087618 0.006231 0.029539 -0.009541 5.5e-05 -0.103205 0.620153
0.049609 0.017533 -0.001292 1.026748 0.01532 0.970396 -0.286927 -0.193567 1.015581 -0.268183 -0.013013 -0.00338 0.000139 0.067075 0.356117
0.046659 -0.002129 -0.00125 1.040459 -0.00816 -0.038286 0.036475 -0.048582 -0.039359 0.039892 -0.00295 -0.019662 4.2e-05 0.013712 -0.023481
0.051986 -0.013972 -0.001214 1.011836 -0.134185 -0.202964 0.033709 0.061115 -0.215694 0.030662 0.005326 -0.011843 3.6e-05 -0.028623 -0.126024
0.057503 -0.015197 -0.001136 1.020607 -0.21611 -0.231872 0.061741 -0.01343 -0.257359 0.064647 0.005517 -0.001225 7.8e-05 0.008771 -0.081925
0.047054 -0.013002 -0.001123 1.020057 -0.303517 -0.141887 -0.087422 -0.025511 -0.1156 -0.108216 -0.010449 0.002194 1.3e-05 -0.00055 -0.087407
0.061161 0.010755 -0.000936 1.011135 -0.288471 -0.004463 -0.013679 0.010582 0.001485 -0.028592 0.014107 0.023758 0.000187 -0.008922 0.015046
0.076681 0.016416 -0.000941 0.993078 -0.292397 0.29989 0.316941 0.507017 0.264316 0.331825 0.01552 0.005661 -5e-06 -0.018057 -0.003926
0.085758 0.036957 -0.000942 0.85818 -0.097694 0.249926 -0.492797 -0.456447 0.388099 -0.490778 0.009077 0.020541 -1e-06 -0.134898 0.194703
0.07905 0.057128 -0.000864 0.932323 0.122094 0.281291 -0.110177 0.002234 0.223181 -0.085824 -0.006708 0.020171 7.7e-05 0.074143 0.219789
0.057876 0.048503 -0.000692 0.933153 0.162041 0.028001 0.214164 0.108474 -0.185348 0.169212 -0.021174 -0.008625 0.000172 0.000831 0.039946
0.073012 0.057577 -0.00069 1.040664 0.139176 0.004601 0.282783 0.023492 -0.070852 0.317944 0.015136 0.009073 2e-06 0.10751 -0.022865
0.060839 0.051156 -0.000634 0.991208 0.106008 -0.01587 0.411365 -0.07705 0.089111 0.39214 -0.012173 -0.00642 5.5e-05 -0.049456 -0.033168
0.019007 0.013099 -0.000561 1.254281 -0.066511 -0.088986 -0.440721 0.402136 0.029693 -0.478448 -0.041833 -0.038058 7.3e-05 0.263073 -0.172519
-0.000304 0.001093 -0.000164 1.464872 -0.13866 0.259492 0.232946 0.344731 0.243397 0.273457 -0.01931 -0.012006 0.000397 0.210591 -0.072149
0.020767 -0.018222 -0.000161 1.708198 -0.163681 0.107693 0.017229 0.053677 0.107183 0.017149 0.021071 -0.019314 3e-06 0.243326 -0.025021
0.015645 -0.008392 0.000241 1.852339 -0.003315 0.812833 0.035593 0.460363 0.817143 -0.004427 -0.005122 0.00983 0.000402 0.144141 0.160366
0.001164 -0.019985 0.001445 2.134437 0.233578 0.492063 -0.031103 0.286417 0.522347 -0.051809 -0.014481 -0.011594 0.001205 0.282098 0.236893
-0.00251 -0.039637 0.001861 2.340173 0.2782 0.395437 -0.051438 0.175102 0.332767 -0.0655 -0.003674 -0.019652 0.000416 0.205736 0.044622
-0.007943 -0.079047 0.002256 2.38192 0.276911 -0.137034 0.280265 -0.021474 -0.094547 0.351223 -0.005433 -0.03941 0.000394 0.041747 -0.001289
0.006299 -0.077965 0.002289 2.348856 0.225683 -0.030172 0.047443 -0.019382 -0.037358 0.054161 0.014242 0.001082 3.3e-05 -0.033064 -0.051227
0.017872 -0.072553 0.002281 2.361501 0.261977 0.031096 0.030753 0.011177 0.017907 0.017765 0.011573 0.005412 -8e-06 0.012645 0.036294
0.018225 -0.059007 0.002294 2.381731 0.243121 0.018867 0.032532 -0.012233 0.014406 0.03505 0.000353 0.013546 1.3e-05 0.02023 -0.018856
0.017035 -0.051933 0.002443 2.402674 0.26455 -0.005208 0.067604 -0.016158 -0.012817 0.073878 -0.00119 0.007074 0.000149 0.020943 0.021428
0.035954 -0.044794 0.002446 2.372982 0.239728 -0.001835 -0.086241 -0.006498 0.000888 -0.0938 0.018919 0.007139 3e-06 -0.029692 -0.024822
0.053714 -0.019603 0.002514 2.362922 0.284805 0.007343 0.004975 -0.01495 0.017303 0.008687 0.01776 0.025191 6.8e-05 -0.01006 0.045077
0.054028 -0.020666 0.00253 2.358001 0.279238 -0.022767 0.052016 -0.056806 -0.027105 0.062596 0.000314 -0.001062 1.6e-05 -0.004921 -0.005568
0.059125 -0.027722 0.002589 2.38564 0.322744 -0.045589 0.002072 0.032114 -0.043553 0.013696 0.005096 -0.007056 5.9e-05 0.027639 0.043506
0.039273 -0.02761 0.002793 2.393467 0.269621 -0.04527 -0.021567 0.037385 -0.042278 -0.030876 -0.019852 0.000112 0.000204 0.007827 -0.053123
0.026348 -0.044491 0.002814 2.360912 0.274594 -0.034853 0.084031 -0.032127 -0.046215 0.096967 -0.012925 -0.01688 2.2e-05 -0.032554 0.004973
0.034998 -0.03231 0.002805 2.330661 0.270306 0.029473 -0.062012 -0.002119 0.033781 -0.073253 0.00865 0.012181 -9e-06 -0.030252 -0.004288
0.062157 -0.028764 0.002843 2.32812 0.260009 0.041577 0.007126 -0.028073 0.029917 -0.002132 0.027159 0.003546 3.8e-05 -0.002541 -0.010298
0.068304 -0.027838 0.002846 2.372745 0.252873 0.011691 0.003384 -0.064517 0.001376 0.001529 0.006146 0.000926 4e-06 0.044626 -0.007135
0.071614 -0.028796 0.002849 2.393142 0.261897 0.005912 -0.017319 0.072518 0.015742 -0.023561 0.00331 -0.000957 3e-06 0.020397 0.009024
0.105846 -0.044887 0.002882 2.425527 0.239491 -0.011809 -0.035696 0.007998 -0.011771 -0.034455 0.034232 -0.016091 3.3e-05 0.032384 -0.022407
]