11-04-20_Kanksha_4KDepth.monkey_above_white_wall.0000000000 [ 2.777982 14.129102 3.129172 33.445448 6.497753 48.815888 7.993209 52.823561 8.345443 53.126228 7.150644 51.978368 -10.31037 11.167598 -12.714767 32.467186 -8.863366 49.666333 -8.824354 55.310321 -6.451821 54.75632 -6.304157 52.798724 14.797264 -1.630092 0.0 0.0 0.0 0.0 0.0 0.0 0.0 0.0 0.0 0.0 0.0 0.0 0.0 0.0 0.0 0.0 0.0 0.0 0.0 0.0 0.0 0.0 0.0 0.0 0.0 0.0
3.079784 13.093191 2.925199 32.020009 5.8438 45.860761 7.184607 50.05793 7.627726 49.703074 6.50807 48.328328 -9.734985 10.823223 -11.913151 31.972992 -8.241767 48.520666 -8.139843 54.173625 -6.072217 53.445458 -5.894989 51.370746 13.699943 -3.742385 0.301802 -1.035911 -0.203973 -1.425439 -0.653952 -2.955127 -0.808603 -2.765632 -0.717717 -3.423154 -0.642574 -3.650039 0.575384 -0.344375 0.801617 -0.494194 0.621599 -1.145667 0.684512 -1.136696 0.379604 -1.310861 0.409168 -1.427978 -1.097322 -2.112293
2.920789 13.190374 2.944756 32.219157 6.286758 46.735808 7.67737 50.797138 8.339751 50.795707 7.161677 49.563244 -9.839115 11.080101 -12.049979 32.87935 -7.890558 48.983034 -7.665467 54.707405 -5.512625 53.624794 -5.429268 51.495907 13.852376 -2.829087 -0.158995 0.097182 0.019556 0.199148 0.442958 0.875047 0.492764 0.739208 0.712025 1.092634 0.653607 1.234916 -0.104129 0.256878 -0.136828 0.906357 0.351208 0.462368 0.474375 0.53378 0.559592 0.179335 0.465721 0.125161 0.152433 0.913298
3.129935 13.187137 3.196067 32.224098 6.504053 46.753547 7.8924 50.716433 8.474427 50.781968 7.311642 49.590942 -9.931889 11.084899 -11.866707 32.71037 -7.774144 49.012223 -7.685542 54.749444 -5.401242 53.655806 -5.281639 51.58374 13.875669 -2.873838 0.209147 -0.003237 0.251311 0.004941 0.217295 0.017738 0.21503 -0.080705 0.134677 -0.013739 0.149965 0.027698 -0.092775 0.004798 0.183272 -0.168979 0.116414 0.029188 -0.020075 0.042039 0.111383 0.031012 0.147629 0.087833 0.023293 -0.044751
3.254825 13.017955 3.391868 32.287538 6.749916 47.107387 8.116537 51.069582 8.697772 51.219863 7.528031 50.03224 -9.929547 11.085021 -11.878166 32.817173 -7.808167 49.276268 -7.720596 55.100757 -5.400729 53.971624 -5.27218 51.800525 14.098501 -2.751762 0.12489 -0.169182 0.195801 0.06344 0.245863 0.35384 0.224137 0.353149 0.223345 0.437894 0.216389 0.441298 0.002342 0.000122 -0.011459 0.106803 -0.034022 0.264046 -0.035053 0.351313 0.000513 0.315818 0.009459 0.216785 0.222832 0.122076
3.342783 13.390917 3.467518 32.696772 6.832659 47.436106 8.228296 51.473624 8.769161 51.445633 7.595402 50.19365 -9.877923 11.26762 -11.83705 33.112901 -7.737875 49.501473 -7.632321 55.284423 -5.319476 54.340768 -5.19101 52.231437 14.088637 -2.895135 0.087959 0.372961 0.07565 0.409234 0.082743 0.32872 0.111759 0.404042 0.071388 0.22577 0.067371 0.161409 0.051624 0.182599 0.041115 0.295728 0.070292 0.225204 0.088274 0.183666 0.081253 0.369143 0.08117 0.430912 -0.009865 -0.143373
3.254592 13.481617 3.435862 32.688338 6.837493 47.448987 8.236229 51.501024 8.765614 51.559013 7.589465 50.286847 -9.872732 11.288148 -11.917827 33.102149 -7.863131 49.061567 -7.740027 54.621696 -5.469799 53.616512 -5.340981 51.634532 14.235413 -2.057499 -0.088191 0.0907 -0.031656 -0.008434 0.004834 0.012881 0.007933 0.0274 -0.003546 0.11338 -0.005937 0.093198 0.005192 0.020528 -0.080776 -0.010753 -0.125256 -0.439906 -0.107706 -0.662726 -0.150323 -0.724256 -0.149971 -0.596905 0.146776 0.837636
3.400314 13.604641 3.662807 33.014086 7.032251 47.773233 8.441347 51.821682 9.043103 51.87591 7.85259 50.565651 -9.592414 11.251721 -11.939573 32.736942 -7.918674 48.18565 -7.773885 53.702649 -5.579954 52.651402 -5.444402 50.836471 14.623058 -0.775492 0.145721 0.123024 0.226945 0.325748 0.194758 0.324246 0.205117 0.320658 0.277489 0.316897 0.263125 0.278804 0.280318 -0.036427 -0.021747 -0.365207 -0.055543 -0.875917 -0.033858 -0.919047 -0.110155 -0.965109 -0.10342 -0.798061 0.387645 1.282007
3.361088 13.633892 3.639448 32.914925 7.011825 47.587037 8.429164 51.648039 9.030944 51.586872 7.842571 50.304782 -9.610373 11.265969 -11.998841 32.330042 -8.170968 47.308582 -8.027413 52.543694 -5.9771 51.536989 -5.818856 49.815691 15.008044 0.049883 -0.039226 0.029251 -0.023359 -0.099161 -0.020427 -0.186196 -0.012183 -0.173643 -0.012159 -0.289038 -0.01002 -0.260869 -0.017959 0.014248 -0.059268 -0.4069 -0.252295 -0.877067 -0.253528 -1.158956 -0.397146 -1.114413 -0.374454 -1.02078 0.384986 0.825375
3.303772 13.872442 3.679979 33.111128 7.033241 47.788242 8.457667 51.844719 8.976734 51.785079 7.769388 50.504866 -9.638706 11.469755 -12.112331 32.257465 -8.430323 46.716598 -8.259106 51.819208 -6.293982 50.730434 -6.13212 49.073932 15.270716 1.054645 -0.057316 0.23855 0.040531 0.196204 0.021416 0.201204 0.028503 0.19668 -0.05421 0.198206 -0.073183 0.200084 -0.028333 0.203785 -0.11349 -0.072578 -0.259355 -0.591984 -0.231692 -0.724486 -0.316882 -0.806555 -0.313264 -0.741759 0.262672 1.004761
3.134578 14.103827 3.59717 33.29182 7.003015 47.993705 8.461004 51.981911 8.966041 51.945928 7.74821 50.724337 -9.639439 11.577651 -12.21267 31.821552 -8.550951 46.000484 -8.348459 50.936905 -6.436777 49.912283 -6.285667 48.325112 15.402818 2.033645 -0.169194 0.231385 -0.082809 0.180691 -0.030226 0.205463 0.003338 0.137192 -0.010693 0.160849 -0.021178 0.21947 -0.000733 0.107896 -0.100338 -0.435913 -0.120628 -0.716114 -0.089353 -0.882304 -0.142795 -0.818151 -0.153548 -0.748819 0.132102 0.979
3.041089 14.606708 3.717798 33.557686 7.310843 48.129234 8.687031 51.943824 9.185261 51.910231 7.997578 50.846449 -9.651846 11.626565 -12.694943 30.907461 -8.977595 44.835576 -8.652529 49.714413 -6.718755 48.485824 -6.628388 47.029021 15.904015 3.424406 -0.09349 0.502881 0.120628 0.265867 0.307828 0.135529 0.226027 -0.038087 0.21922 -0.035697 0.249368 0.122112 -0.012407 0.048915 -0.482273 -0.914091 -0.426644 -1.164907 -0.30407 -1.222491 -0.281978 -1.426458 -0.342721 -1.296091 0.501198 1.390761
3.208846 14.852899 3.946137 33.512446 7.548732 48.29776 8.938634 51.904044 9.423149 52.010539 8.233577 51.041391 -9.469965 11.667663 -13.249341 30.013278 -9.416518 43.70499 -9.000981 48.478308 -7.08037 47.29574 -7.048637 45.923778 16.503519 4.714799 0.167757 0.246191 0.228339 -0.04524 0.237888 0.168526 0.251603 -0.03978 0.237888 0.100309 0.235999 0.194943 0.181881 0.041097 -0.554398 -0.894183 -0.438923 -1.130587 -0.348452 -1.236105 -0.361615 -1.190084 -0.420249 -1.105243 0.599504 1.290393
3.344125 14.893743 4.067028 32.852542 7.632023 47.187328 9.081286 50.45464 9.579396 50.70824 8.399636 49.911124 -9.297761 11.809319 -13.448083 29.28226 -9.853479 42.476368 -9.464648 47.036022 -7.58951 45.847744 -7.571572 44.578511 17.168906 4.860497 0.135279 0.040844 0.12089 -0.659904 0.083292 -1.110432 0.142652 -1.449403 0.156248 -1.302299 0.166059 -1.130268 0.172204 0.141656 -0.198743 -0.731018 -0.436962 -1.228622 -0.463668 -1.442286 -0.50914 -1.447996 -0.522935 -1.345268 0.665388 0.145698
3.572387 15.288892 4.297918 32.998362 8.155459 46.572933 9.690177 49.869099 10.227859 49.915823 9.034961 49.074867 -8.866096 12.144119 -13.513279 28.645656 -10.279697 40.142408 -9.765083 44.250569 -8.077985 42.701367 -8.052465 41.650108 18.305844 7.214457 0.228262 0.395149 0.230891 0.14582 0.523436 -0.614396 0.608891 -0.585541 0.648463 -0.792417 0.635326 -0.836256 0.431666 0.334799 -0.065196 -0.636604 -0.426218 -2.33396 -0.300434 -2.785453 -0.488475 -3.146377 -0.480893 -2.928403 1.136938 2.35396
3.527862 15.503022 4.187268 32.910529 8.006233 45.204839 9.572756 48.467711 10.13363 48.204741 8.91307 47.35463 -9.007055 12.359005 -14.615878 28.373453 -11.071742 38.488367 -10.091007 42.392692 -8.720225 40.010563 -8.800444 39.048859 18.853855 8.194178 -0.044525 0.21413 -0.11065 -0.087833 -0.149226 -1.368093 -0.117421 -1.401389 -0.094229 -1.711082 -0.121891 -1.720238 -0.140959 0.214887 -1.1026 -0.272202 -0.792044 -1.654041 -0.325924 -1.857877 -0.64224 -2.690804 -0.747979 -2.601248 0.548011 0.979722
4.496861 15.156221 5.256492 31.902862 9.159392 43.608052 10.740554 46.666706 11.274821 46.366793 10.036439 45.694911 -8.125931 12.343812 -12.890971 28.039694 -11.489019 35.42608 -11.176494 38.016677 -10.188332 35.655063 -9.82925 35.195976 21.463153 10.71173 0.968999 -0.346801 1.069224 -1.007667 1.153159 -1.596788 1.167798 -1.801005 1.141191 -1.837948 1.123369 -1.659718 0.881124 -0.015193 1.724908 -0.333759 -0.417277 -3.062287 -1.085487 -4.376015 -1.468107 -4.355499 -1.028806 -3.852883 2.609298 2.517551
4.857332 14.930511 5.655372 31.395185 9.769487 43.255544 11.418974 46.200073 12.145042 46.022147 10.87274 45.423698 -7.863656 12.406173 -12.663284 28.07191 -11.763042 33.067656 -11.47213 34.740525 -10.718647 32.158756 -10.306263 32.107562 22.863689 13.863391 0.360471 -0.225711 0.39888 -0.507677 0.610095 -0.352508 0.67842 -0.466633 0.870222 -0.344646 0.836301 -0.271213 0.262275 0.062361 0.227687 0.032216 -0.274023 -2.358425 -0.295636 -3.276151 -0.530314 -3.496307 -0.477013 -3.088415 1.400536 3.151661
4.867548 14.83126 6.04046 30.31874 10.347646 41.408578 11.978513 44.267961 12.661457 44.026384 11.403722 43.504891 -7.701579 12.570652 -12.21219 27.678749 -12.518051 29.583016 -12.504917 30.284682 -11.950603 27.458248 -11.371347 27.787623 24.61206 16.568136 0.010216 -0.099251 0.385088 -1.076445 0.578159 -1.846966 0.559539 -1.932111 0.516415 -1.995763 0.530982 -1.918808 0.162077 0.164479 0.451094 -0.393161 -0.755009 -3.48464 -1.032788 -4.455844 -1.231956 -4.700509 -1.065084 -4.319939 1.748371 2.704746
4.997003 14.41184 6.589431 28.648037 10.71431 39.427161 12.307924 42.62237 12.711048 42.313015 11.488968 41.67496 -7.675713 12.700656 -11.922795 27.783632 -12.870082 27.602506 -13.131258 27.54246 -12.753829 24.54502 -12.067801 25.233614 25.464877 17.767996 0.129455 -0.41942 0.548971 -1.670703 0.366664 -1.981416 0.329411 -1.645592 0.049591 -1.713368 0.085247 -1.829931 0.025865 0.130004 0.289395 0.104883 -0.352031 -1.98051 -0.626341 -2.742222 -0.803226 -2.913228 -0.696453 -2.554008 0.852817 1.199859
5.1943 13.845283 7.131326 27.302063 11.093384 36.674702 12.64531 39.721233 12.929153 39.140099 11.808008 38.553452 -7.610369 12.623435 -12.354878 27.379537 -13.126588 24.423856 -13.138995 23.695153 -12.807125 20.479637 -12.164745 21.352524 25.736278 18.660462 0.197297 -0.566557 0.541896 -1.345974 0.379074 -2.752459 0.337386 -2.901137 0.218105 -3.172916 0.31904 -3.121507 0.065345 -0.077221 -0.432083 -0.404096 -0.256506 -3.17865 -0.007737 -3.847307 -0.053295 -4.065382 -0.096944 -3.881091 0.271401 0.892466
5.358458 13.84939 7.748538 26.603496 11.179787 34.541827 12.438697 37.439656 12.173527 36.634499 11.219233 36.136895 -7.523382 12.753174 -12.309402 27.161551 -13.937274 22.421467 -14.336151 21.095145 -14.055064 17.981604 -13.310757 19.150081 26.228592 18.652895 0.164157 0.004107 0.617212 -0.698566 0.086403 -2.132875 -0.206614 -2.281576 -0.755626 -2.5056 -0.588775 -2.416557 0.086987 0.129738 0.045475 -0.217986 -0.810686 -2.002388 -1.197156 -2.600008 -1.247939 -2.498034 -1.146013 -2.202442 0.492314 -0.007567
5.655223 13.892242 8.24644 26.827124 11.346322 34.032837 12.46078 36.722085 11.927444 35.526147 11.039966 35.129198 -7.211414 12.839186 -11.963031 26.294842 -14.143473 21.612039 -14.947215 20.149615 -14.576453 17.191339 -13.780686 18.56136 26.503897 18.334809 0.296766 0.042853 0.497901 0.223628 0.166535 -0.508991 0.022084 -0.717571 -0.246084 -1.108351 -0.179267 -1.007697 0.311968 0.086012 0.346372 -0.866708 -0.206199 -0.809428 -0.611064 -0.945529 -0.521389 -0.790265 -0.469929 -0.588721 0.275305 -0.318086
5.935895 13.888827 9.120291 26.434454 11.91898 33.947679 12.964064 36.827263 12.08092 35.587594 11.149216 35.202655 -7.326743 12.683588 -12.23982 26.310751 -15.088201 22.024962 -16.108719 20.476648 -15.819615 17.556956 -14.894819 19.042113 27.900535 18.030638 0.280672 -0.003415 0.873852 -0.392669 0.572658 -0.085157 0.503284 0.105178 0.153476 0.061446 0.109249 0.073457 -0.115329 -0.155598 -0.276789 0.015908 -0.944728 0.412923 -1.161504 0.327033 -1.243162 0.365618 -1.114133 0.480753 1.396638 -0.304171
5.94151 13.505512 10.522264 23.531786 13.028264 33.605853 14.169294 36.819324 12.912017 36.311576 12.035108 35.944858 -6.928205 11.581227 -11.242223 18.452314 -15.794349 23.47742 -18.334022 24.383208 -17.401102 23.368844 -16.301325 24.072245 30.313119 12.942731 0.005615 -0.383314 1.401973 -2.902669 1.109284 -0.341827 1.20523 -0.007939 0.831097 0.723982 0.885892 0.742203 0.398538 -1.102361 0.997597 -7.858437 -0.706148 1.452458 -2.225304 3.90656 -1.581487 5.811888 -1.406506 5.030131 2.412584 -5.087906
5.821145 13.18399 11.126077 23.513207 13.836014 34.931883 15.183353 38.50278 13.74265 38.561168 12.797678 38.100007 -7.047957 11.165431 -12.16405 18.724301 -18.196175 26.589438 -21.179566 28.234872 -20.373821 27.44194 -19.05911 28.086719 34.116471 11.119229 -0.120366 -0.321522 0.603813 -0.018579 0.80775 1.32603 1.01406 1.683456 0.830632 2.249593 0.76257 2.155149 -0.119752 -0.415796 -0.921828 0.271988 -2.401826 3.112018 -2.845544 3.851664 -2.972719 4.073095 -2.757785 4.014474 3.803352 -1.823503
6.118155 13.553822 11.581695 24.947369 15.118074 37.042803 16.875887 40.902781 15.389431 41.295207 14.188939 40.756011 -7.284781 11.794445 -13.382894 19.881281 -20.3428 28.794843 -23.663059 30.537927 -22.825468 29.716992 -21.365824 29.690236 38.214898 11.578214 0.29701 0.369832 0.455618 1.434162 1.28206 2.110919 1.692533 2.400002 1.646781 2.734038 1.391262 2.656004 -0.236824 0.629014 -1.218843 1.15698 -2.146626 2.205405 -2.483493 2.303055 -2.451646 2.275053 -2.306715 1.603517 4.098427 0.458986
6.326598 13.787723 12.011003 25.06589 15.481871 37.574908 17.274022 41.486719 15.765762 42.087963 14.572215 41.54056 -7.320508 12.104791 -13.842389 20.588231 -21.139106 30.286971 -24.410778 32.720348 -23.591819 33.886424 -22.107729 34.022799 39.357582 8.20154 0.208443 0.233901 0.429308 0.118521 0.363797 0.532106 0.398135 0.583938 0.376332 0.792757 0.383276 0.784549 -0.035727 0.310346 -0.459495 0.70695 -0.796306 1.492128 -0.747719 2.182421 -0.766352 4.169431 -0.741905 4.332563 1.142684 -3.376675
6.395411 13.849944 12.622756 24.247837 15.246147 37.088633 16.751224 40.68138 15.431315 41.044062 14.421242 40.62444 -7.199675 12.226269 -14.44976 20.983213 -21.636909 31.536967 -24.678385 34.90234 -23.901567 35.956854 -22.49701 36.179584 39.332882 5.087209 0.068814 0.062221 0.611752 -0.818053 -0.235724 -0.486276 -0.522798 -0.805339 -0.334448 -1.043901 -0.150973 -0.91612 0.120834 0.121477 -0.607371 0.394982 -0.497803 1.249996 -0.267607 2.181992 -0.309747 2.07043 -0.389281 2.156785 -0.0247 -3.114331
6.374329 13.499469 12.640071 23.113537 13.965565 35.755342 15.029186 39.19844 13.653016 39.483732 12.919843 39.112216 -7.04135 11.925673 -14.147106 20.327759 -21.270502 30.875003 -24.19576 33.060557 -23.535624 33.438712 -22.134814 33.864111 37.18864 6.04502 -0.021082 -0.350475 0.017315 -1.1343 -1.280582 -1.33329 -1.722038 -1.48294 -1.778299 -1.56033 -1.501399 -1.512223 0.158325 -0.300595 0.302655 -0.655454 0.366408 -0.661963 0.482625 -1.841784 0.365943 -2.518141 0.362197 -2.315474 -2.144241 0.957811
6.566292 13.168117 13.05154 22.359246 13.174158 35.159183 13.778627 38.794106 12.123525 38.610488 11.683214 38.265693 -6.954706 12.021264 -13.707346 20.261228 -19.999287 30.095088 -22.684428 32.3277 -21.660054 32.533371 -20.321089 32.906514 33.783579 6.077117 0.191963 -0.331351 0.411469 -0.754291 -0.791407 -0.59616 -1.250559 -0.404334 -1.529491 -0.873244 -1.236629 -0.846523 0.086644 0.095591 0.43976 -0.066531 1.271215 -0.779915 1.511332 -0.732857 1.87557 -0.905341 1.813725 -0.957596 -3.405061 0.032097
6.952006 13.575622 13.343805 22.600994 13.04965 35.026017 13.140577 38.193634 11.056608 37.90755 11.014074 37.33885 -7.044598 12.421343 -15.446386 20.751277 -18.349665 30.495992 -19.401279 34.051719 -17.503271 33.148929 -16.821095 32.960317 28.559878 4.75862 0.385714 0.407505 0.292265 0.241747 -0.124508 -0.133166 -0.63805 -0.600472 -1.066917 -0.702938 -0.66914 -0.926843 -0.089893 0.400078 -1.73904 0.490049 1.649621 0.400904 3.283149 1.72402 4.156783 0.615558 3.499994 0.053802 -5.2237 -1.318496
6.341636 13.677379 12.849665 22.589481 13.016689 34.440333 11.090219 37.60643 9.153885 35.015583 9.534568 34.819394 -7.397777 12.357047 -15.530607 20.512971 -16.895524 28.688848 -17.693222 31.579041 -15.82889 31.48343 -15.314296 31.71981 24.982774 3.532153 -0.610369 0.101757 -0.49414 -0.011513 -0.032961 -0.585684 -2.050358 -0.587204 -1.902723 -2.891967 -1.479506 -2.519456 -0.353178 -0.064296 -0.084221 -0.238305 1.454142 -1.807144 1.708058 -2.472678 1.674381 -1.6655 1.506799 -1.240507 -3.577104 -1.226467
6.321108 12.801617 12.579715 21.62872 11.738396 33.111519 11.179358 36.364383 9.263468 33.335799 9.507275 33.128875 -7.277891 12.040183 -14.773428 21.799791 -16.083673 27.682126 -16.819131 28.251719 -15.67868 25.236684 -15.08657 25.914216 24.942148 8.099115 -0.020528 -0.875762 -0.269949 -0.960761 -1.278293 -1.328814 0.089139 -1.242048 0.109583 -1.679784 -0.027293 -1.690519 0.119886 -0.316864 0.757179 1.28682 0.811851 -1.006722 0.87409 -3.327322 0.15021 -6.246746 0.227726 -5.805594 -0.040627 4.566962
6.462008 12.790179 12.702608 22.117227 11.768848 32.764232 11.429065 36.183113 9.658509 33.104801 9.607297 32.898045 -7.207438 11.95958 -13.094082 21.202427 -15.919915 24.861592 -17.502213 25.467432 -16.378114 23.179114 -15.537792 23.98026 26.036623 9.925687 0.140899 -0.011438 0.122893 0.488508 0.030452 -0.347286 0.249708 -0.18127 0.395042 -0.230998 0.100023 -0.230831 0.070453 -0.080603 1.679346 -0.597364 0.163758 -2.820534 -0.683081 -2.784288 -0.699434 -2.05757 -0.451222 -1.933956 1.094475 1.826572
6.17643 12.576082 12.454897 21.476537 12.488025 31.528467 12.576157 35.42245 10.424405 33.381104 10.363299 33.111471 -7.189626 11.915001 -12.453362 21.137643 -15.96292 24.564815 -17.921245 25.497574 -16.84514 23.742849 -15.822956 24.480122 27.269545 9.638256 -0.285578 -0.214097 -0.247711 -0.64069 0.719178 -1.235765 1.147091 -0.760663 0.765896 0.276303 0.756001 0.213426 0.017813 -0.044578 0.64072 -0.064784 -0.043005 -0.296777 -0.419033 0.030142 -0.467026 0.563735 -0.285164 0.499862 1.232922 -0.287431
6.1903 12.465379 12.454575 20.889422 12.993258 31.356886 13.64674 34.94769 11.892444 33.883157 11.44287 33.656999 -7.059178 11.882144 -12.426957 21.027526 -16.394737 25.681719 -18.629771 27.421579 -17.36306 26.495346 -16.264609 26.940593 29.255503 7.387811 0.01387 -0.110704 -0.000322 -0.587115 0.505233 -0.171581 1.070583 -0.47476 1.468039 0.502053 1.079571 0.545529 0.130448 -0.032857 0.026405 -0.110117 -0.431818 1.116905 -0.708526 1.924005 -0.51792 2.752498 -0.441653 2.460471 1.985958 -2.250445
6.526721 12.658349 12.921703 21.384183 13.456029 31.652173 14.47534 35.305837 12.713426 34.110883 12.039644 33.968762 -7.400858 11.975992 -14.618844 21.631303 -15.076631 27.946332 -15.563905 30.209336 -13.792089 26.626298 -13.462383 27.389959 26.505515 7.484585 0.336421 0.19297 0.467128 0.49476 0.46277 0.295287 0.8286 0.358146 0.820982 0.227726 0.596774 0.311762 -0.341681 0.093848 -2.191886 0.603777 1.318106 2.264613 3.065866 2.787757 3.570971 0.130951 2.802226 0.449365 -2.749988 0.096774
6.610292 12.646022 13.00658 21.442986 13.38321 33.720255 13.903981 37.292254 12.446594 36.246997 11.97235 35.964024 -7.353675 11.787146 -14.088416 21.489578 -14.646688 30.186659 -15.520203 33.158988 -13.838586 31.443465 -13.267878 31.332457 26.28518 4.803532 0.083572 -0.012326 0.084877 0.058803 -0.072819 2.068081 -0.571358 1.986417 -0.266832 2.136114 -0.067294 1.995263 0.047183 -0.188845 0.530428 -0.141725 0.429943 2.240327 0.043702 2.949652 -0.046498 4.817167 0.194505 3.942499 -0.220335 -2.681053
6.743222 12.684914 13.302243 21.521762 12.692988 34.307781 13.301438 38.110438 11.907464 36.748561 11.361152 36.418465 -7.106611 11.630073 -12.505719 20.458338 -14.168167 30.754504 -15.45344 34.085569 -13.839543 33.296177 -13.064706 33.058313 25.747007 3.452384 0.13293 0.038892 0.295663 0.078776 -0.690222 0.587526 -0.602543 0.818184 -0.53913 0.501564 -0.611198 0.454441 0.247064 -0.157073 1.582697 -1.031241 0.478521 0.567845 0.066763 0.926581 -0.000957 1.852712 0.203171 1.725855 -0.538173 -1.351148
6.883079 13.069326 13.590848 22.012863 12.411165 33.906749 12.140101 37.521097 10.783708 35.740677 10.912579 35.49206 -7.171583 11.895391 -12.661278 20.665264 -13.841 31.06108 -15.179467 34.519705 -13.228515 33.508638 -12.409204 33.21245 24.012223 2.232039 0.139856 0.384411 0.288606 0.491101 -0.281823 -0.401032 -1.161337 -0.589341 -1.123756 -1.007885 -0.448573 -0.926405 -0.064972 0.265318 -0.155559 0.206926 0.327167 0.306576 0.273973 0.434136 0.611028 0.212461 0.655502 0.154138 -1.734784 -1.220345
6.979358 13.322318 13.947845 22.604716 11.247993 33.322871 10.231388 36.665165 8.865541 34.920901 9.248245 34.656584 -6.968725 12.119475 -12.569022 20.962679 -13.159397 31.993294 -14.322335 35.500818 -12.343478 34.453249 -11.572018 34.032059 21.209019 0.467652 0.096279 0.252992 0.356996 0.591853 -1.163173 -0.583878 -1.908714 -0.855932 -1.918167 -0.819775 -1.664335 -0.835475 0.202858 0.224084 0.092256 0.297415 0.681603 0.932214 0.857133 0.981113 0.885037 0.944611 0.837186 0.819609 -2.803203 -1.764387
6.928951 13.2626 13.620973 22.826147 10.000837 32.522255 8.703721 35.814798 7.236767 33.976263 7.575971 33.763874 -7.051361 12.164792 -12.669179 22.01553 -11.500502 32.275575 -11.783484 35.883623 -9.997025 34.00147 -9.547174 33.411145 17.233792 -0.025207 -0.050408 -0.059718 -0.326872 0.221431 -1.247156 -0.800616 -1.527667 -0.850368 -1.628774 -0.944638 -1.672274 -0.892711 -0.082636 0.045317 -0.100157 1.05285 1.658896 0.282282 2.538851 0.382805 2.346453 -0.451779 2.024844 -0.620914 -3.975227 -0.492859
6.842148 13.241601 13.42355 23.141158 8.023608 31.109744 6.576163 34.285128 5.148077 31.866533 5.453563 31.578851 -6.957757 12.173399 -13.116479 23.680687 -10.529399 31.855911 -9.93517 34.918892 -8.655912 32.183588 -8.549979 31.681097 13.803989 -0.317055 -0.086802 -0.020999 -0.197423 0.315011 -1.977229 -1.412511 -2.127558 -1.52967 -2.08869 -2.10973 -2.122408 -2.185023 0.093603 0.008607 -0.4473 1.665157 0.971103 -0.419664 1.848313 -0.964731 1.341113 -1.817882 0.997195 -1.730049 -3.429803 -0.291848
6.747973 13.352108 13.119656 25.407985 6.685644 28.655705 4.463702 31.437889 3.326154 28.531381 3.781277 28.326616 -7.088947 12.705067 -12.544742 26.029179 -8.72739 31.51342 -7.542023 34.78612 -6.302789 30.14538 -6.370395 29.584572 9.628943 -1.613998 -0.094175 0.110507 -0.303894 2.266827 -1.337963 -2.454039 -2.11246 -2.847239 -1.821923 -3.335151 -1.672286 -3.252235 -0.13119 0.531667 0.571737 2.348492 1.802009 -0.342491 2.393147 -0.132772 2.353123 -2.038208 2.179584 -2.096525 -4.175046 -1.296943
6.657875 13.435334 12.728965 27.038535 5.343884 24.501577 2.722967 25.196823 2.210879 22.180095 2.774775 22.819927 -7.053074 13.158393 -12.317333 28.531817 -6.178114 31.088808 -4.314616 32.626244 -3.421211 27.784714 -3.817198 27.729174 5.632091 -5.604619 -0.090098 0.083226 -0.390691 1.630551 -1.34176 -4.154128 -1.740736 -6.241065 -1.115274 -6.351286 -1.006502 -5.506688 0.035873 0.453326 0.22741 2.502638 2.549276 -0.424612 3.227407 -2.159876 2.881578 -2.360666 2.553198 -1.855397 -3.996852 -3.99062
6.661379 13.928282 12.508595 27.449277 2.851468 21.451339 -0.070482 21.18431 -0.379038 18.429384 0.273132 19.424304 -7.155892 14.17723 -11.953717 31.515005 -5.28518 31.249365 -3.355592 31.485406 -2.47317 27.15182 -2.884281 27.330878 2.094132 -8.722436 0.003505 0.492948 -0.22037 0.410742 -2.492416 -3.050238 -2.793449 -4.012513 -2.589917 -3.750712 -2.501643 -3.395623 -0.102818 1.018837 0.363615 2.983189 0.892934 0.160557 0.959024 -1.140839 0.948042 -0.632894 0.932917 -0.398296 -3.537959 -3.117818
6.573725 13.742217 11.006564 26.572266 0.677192 19.064492 -2.100766 17.736891 -2.143767 15.675923 -1.553926 17.047495 -7.040423 13.992092 -12.029868 30.974028 -3.477174 28.201875 -1.170659 27.737162 -0.393063 24.43147 -1.037121 25.144228 -1.750705 -8.755547 -0.087655 -0.186065 -1.502031 -0.877011 -2.174276 -2.386847 -2.030283 -3.447419 -1.76473 -2.75346 -1.827058 -2.37681 0.115469 -0.185138 -0.076151 -0.540978 1.808006 -3.04749 2.184933 -3.748244 2.080107 -2.72035 1.84716 -2.18665 -3.844836 -0.03311
6.417781 13.573733 10.480905 26.599926 1.002413 17.177293 -1.492199 15.030605 -1.597098 13.242456 -1.1884 14.830002 -6.94963 13.747066 -11.121741 30.296987 -2.103779 26.003861 0.136042 25.50332 0.837749 22.704107 0.219661 23.611987 -2.434847 -9.46165 -0.155944 -0.168484 -0.525659 0.02766 0.325221 -1.887199 0.608566 -2.706286 0.54667 -2.433467 0.365525 -2.217492 0.090793 -0.245026 0.908127 -0.67704 1.373395 -2.198014 1.306701 -2.233842 1.230812 -1.727363 1.256782 -1.532242 -0.684142 -0.706103
6.237495 13.408867 10.11731 25.73736 0.345248 13.943499 -2.161318 10.889453 -2.131194 9.587783 -1.751971 11.528319 -6.928149 13.664675 -10.571611 29.696462 -0.680691 24.818769 1.699972 24.199972 2.413011 21.876028 1.654291 22.984186 -4.544204 -12.288246 -0.180286 -0.164866 -0.363594 -0.862566 -0.657165 -3.233793 -0.669119 -4.141152 -0.534096 -3.654674 -0.563571 -3.301683 0.021482 -0.082392 0.55013 -0.600526 1.423088 -1.185092 1.563931 -1.303348 1.575261 -0.828078 1.43463 -0.627801 -2.109358 -2.826595
6.283474 13.346455 9.593779 24.320397 -0.209016 11.430144 -2.709866 8.30833 -2.625653 7.195497 -2.253649 9.229103 -6.814167 13.659352 -10.610479 29.627731 -1.36354 23.768756 0.816387 22.983494 1.612484 20.634207 0.970787 21.851817 -4.238138 -13.438711 0.045979 -0.062412 -0.523531 -1.416963 -0.554264 -2.513355 -0.548548 -2.581123 -0.494459 -2.392286 -0.501677 -2.299216 0.113982 -0.005323 -0.038868 -0.06873 -0.682849 -1.050013 -0.883585 -1.216477 -0.800526 -1.241821 -0.683504 -1.132369 0.306067 -1.150465
6.655711 13.265896 9.961629 24.141487 0.444001 10.639545 -2.031711 6.914482 -1.988482 6.06482 -1.644683 8.325407 -6.838664 13.686529 -10.446522 29.775509 -0.318789 23.241308 1.960689 22.103474 2.71402 19.986272 2.045476 21.397975 -4.702502 -13.921452 0.372237 -0.080559 0.36785 -0.178909 0.653017 -0.790599 0.678155 -1.393849 0.637171 -1.130676 0.608966 -0.903696 -0.024498 0.027177 0.163957 0.147778 1.04475 -0.527447 1.144302 -0.880021 1.101536 -0.647935 1.07469 -0.453842 -0.464365 -0.482741
6.715608 12.46241 11.236751 24.077985 3.501201 10.469991 1.748347 6.348875 1.666021 5.465752 1.580769 7.799166 -6.764996 12.664244 -10.678375 28.516856 -1.487246 22.491607 0.782466 21.611771 1.374912 19.397983 0.757027 20.697492 0.291109 -13.932231 0.059897 -0.803486 1.275122 -0.063503 3.0572 -0.169554 3.780058 -0.565606 3.654504 -0.599068 3.225452 -0.52624 0.073668 -1.022285 -0.231853 -1.258653 -1.168457 -0.749701 -1.178223 -0.491703 -1.339108 -0.588289 -1.28845 -0.700483 4.993612 -0.01078
6.673509 12.619686 12.278593 23.971558 5.00139 9.394693 3.219593 5.061483 2.88384 4.252198 2.832514 6.699491 -6.868955 12.765795 -11.04643 28.420013 -1.848298 22.301924 0.41157 21.323293 1.009494 19.164658 0.402373 20.538932 1.874346 -14.912459 -0.042099 0.157276 1.041842 -0.106427 1.500189 -1.075298 1.471245 -1.287392 1.217818 -1.213554 1.251745 -1.099676 -0.103959 0.101551 -0.368056 -0.096843 -0.361052 -0.189683 -0.370896 -0.288478 -0.365418 -0.233325 -0.354654 -0.15856 1.583236 -0.980228
6.503808 12.641013 12.291974 24.476409 6.799191 11.709201 5.551225 8.00887 5.051261 6.776798 4.845089 8.941188 -6.655917 12.604085 -10.875332 27.511418 -1.879045 21.940076 0.496429 21.001059 0.961602 18.846732 0.346309 20.194221 4.089659 -12.069935 -0.1697 0.021327 0.013381 0.504851 1.797801 2.314508 2.331632 2.947387 2.167422 2.524599 2.012575 2.241698 0.213039 -0.16171 0.171098 -0.908595 -0.030747 -0.361848 0.084859 -0.322235 -0.047892 -0.317925 -0.056064 -0.344712 2.215314 2.842525
6.29214 13.387156 12.147164 25.724867 6.19095 16.264069 4.646665 13.499689 4.160136 12.212804 4.193288 13.941035 -6.859446 12.871781 -10.891658 27.786186 -1.729271 22.199711 0.800425 21.188417 1.182765 19.046217 0.491321 20.383468 2.977371 -6.833413 -0.211668 0.746143 -0.144809 1.248458 -0.608242 4.554868 -0.90456 5.490819 -0.891125 5.436006 -0.651801 4.999846 -0.203529 0.267696 -0.016326 0.274768 0.149775 0.259635 0.303996 0.187358 0.221163 0.199485 0.145012 0.189248 -1.112288 5.236521
6.623244 13.012421 12.731868 25.098047 5.358088 18.480995 3.255236 17.270267 2.728641 15.377289 3.069556 16.721734 -6.805477 12.964711 -11.200526 28.139916 -2.37039 23.229071 -0.041842 22.672597 0.519359 20.3107 -0.114131 21.448132 2.209282 -4.933411 0.331104 -0.374734 0.584704 -0.62682 -0.832862 2.216926 -1.391429 3.770578 -1.431495 3.164485 -1.123732 2.7807 0.053969 0.09293 -0.308868 0.35373 -0.641119 1.02936 -0.842267 1.484179 -0.663406 1.264483 -0.605452 1.064664 -0.768089 1.900002
6.660122 12.993836 12.184113 25.340497 3.44739 19.699875 1.026583 18.67393 0.740248 16.893899 1.260227 18.112031 -6.901574 13.044116 -11.263821 28.143328 -2.282721 23.699903 0.024199 23.25626 0.645781 21.161255 0.001496 22.187161 0.094467 -4.267356 0.036877 -0.018585 -0.547755 0.242451 -1.910698 1.218879 -2.228653 1.403663 -1.988393 1.51661 -1.809329 1.390296 -0.096098 0.079405 -0.063294 0.003412 0.087669 0.470832 0.066042 0.583664 0.126421 0.850555 0.115627 0.739029 -2.114815 0.666055
6.335217 12.995687 10.963529 25.372368 2.285177 18.073317 -0.80291 16.329476 -0.987002 14.796516 -0.086457 16.218001 -7.026848 13.031423 -11.706054 27.695322 -2.140358 24.140716 0.283551 24.042344 1.10203 22.081941 0.280172 22.99459 -2.089033 -7.285425 -0.324905 0.001851 -1.220584 0.031871 -1.162213 -1.626557 -1.829493 -2.344453 -1.72725 -2.097383 -1.346684 -1.89403 -0.125274 -0.012693 -0.442234 -0.448006 0.142363 0.440812 0.259352 0.786084 0.45625 0.920686 0.278676 0.807428 -2.1835 -3.018069
6.153703 12.787619 10.517567 25.248942 1.067609 18.468294 -1.65033 16.956517 -1.818204 15.367132 -1.137158 16.785067 -6.981945 12.803042 -11.661509 27.244285 -1.992366 24.512157 0.409257 24.832186 1.268458 22.91567 0.446016 23.671165 -3.086662 -7.548538 -0.181514 -0.208068 -0.445962 -0.123426 -1.217568 0.394976 -0.84742 0.627041 -0.831202 0.570616 -1.050702 0.567067 0.044903 -0.228381 0.044546 -0.451037 0.147992 0.371441 0.125706 0.789842 0.166428 0.833729 0.165844 0.676575 -0.99763 -0.263113
6.22986 13.025454 9.598774 25.039649 -0.714421 17.50837 -3.377348 13.773119 -3.289893 12.294158 -2.770525 14.270893 -6.958738 13.021338 -11.636299 27.534974 -0.770891 24.818671 1.82789 24.941629 2.757603 22.846746 1.755834 23.750877 -6.047496 -10.552588 0.076157 0.237834 -0.918794 -0.209293 -1.78203 -0.959924 -1.727018 -3.183398 -1.471689 -3.072974 -1.633367 -2.514175 0.023207 0.218296 0.02521 0.290689 1.221475 0.306514 1.418632 0.109443 1.489145 -0.068924 1.309818 0.079712 -2.960834 -3.00405
6.328267 12.94831 10.046029 24.551502 0.925756 13.379267 -1.333633 9.713551 -1.293701 8.771336 -1.025841 10.807845 -6.933376 12.852204 -11.471847 27.248117 -0.823152 24.110314 1.779288 23.819545 2.554178 21.78686 1.625437 22.835156 -3.847879 -13.015524 0.098407 -0.077143 0.447255 -0.488147 1.640177 -4.129103 2.043715 -4.059568 1.996192 -3.522822 1.744685 -3.463048 0.025362 -0.169134 0.164452 -0.286856 -0.052261 -0.708356 -0.048602 -1.122084 -0.203425 -1.059887 -0.130397 -0.915721 2.199617 -2.462935
6.749088 12.771448 11.249954 24.682575 2.837825 12.633154 0.73961 8.868074 0.622231 8.000502 0.813323 10.137177 -6.788334 12.58786 -11.639801 26.659489 -1.140946 23.729062 1.351136 23.527509 2.346551 21.689069 1.329893 22.743624 -1.724321 -13.688567 0.420821 -0.176862 1.203924 0.131074 1.912069 -0.746113 2.073243 -0.845477 1.915932 -0.770834 1.839164 -0.670668 0.145042 -0.264344 -0.167954 -0.588629 -0.317794 -0.381252 -0.428152 -0.292036 -0.207627 -0.09779 -0.295544 -0.091532 2.123559 -0.673044
6.790203 12.564474 11.353779 24.618176 4.174912 12.191162 2.490294 8.184737 2.242762 7.334948 2.190107 9.533653 -6.691435 12.252185 -11.475694 26.48035 -1.267657 23.266551 1.182371 22.997466 2.059454 21.157625 1.158571 22.261277 0.183308 -13.822678 0.041115 -0.206974 0.103825 -0.0644 1.337087 -0.441992 1.750684 -0.683337 1.620531 -0.665554 1.376784 -0.603524 0.096899 -0.335675 0.164106 -0.179139 -0.126711 -0.462511 -0.168765 -0.530043 -0.287098 -0.531444 -0.171322 -0.482348 1.907629 -0.13411
6.607747 12.304291 11.861569 24.593019 5.48619 12.93821 3.897512 9.337607 3.400755 8.33585 3.360468 10.544631 -6.553662 12.153253 -11.401436 26.396763 -1.775625 22.51026 0.594234 21.952379 1.28566 20.138466 0.555956 21.371192 2.115095 -11.802617 -0.182456 -0.260183 0.50779 -0.025156 1.311278 0.747049 1.407218 1.15287 1.157993 1.000902 1.170361 1.010978 0.137773 -0.098932 0.074258 -0.083587 -0.507969 -0.756291 -0.588137 -1.045087 -0.773793 -1.019159 -0.602615 -0.890085 1.931787 2.020061
6.113225 12.770995 12.604272 25.173053 5.948949 13.821995 4.18582 10.816687 3.674835 9.49029 3.81856 11.060274 -6.859317 12.169838 -11.986214 26.574346 -2.65266 22.991344 -0.200963 22.573885 0.448674 20.582268 -0.31752 21.697143 3.226161 -11.091977 -0.494522 0.466704 0.742704 0.580034 0.462759 0.883785 0.288308 1.47908 0.27408 1.154441 0.458091 0.515643 -0.305656 0.016585 -0.584778 0.177583 -0.877035 0.481084 -0.795197 0.621507 -0.836986 0.443801 -0.873476 0.325951 1.111066 0.710639
6.289279 12.80129 12.975413 24.934119 5.436629 16.525847 3.278279 14.869022 2.684444 13.228604 3.01829 14.769647 -6.805187 12.261841 -11.923003 26.633793 -2.969095 22.978407 -0.62958 22.628927 0.076485 20.54354 -0.57745 21.652257 2.60796 -7.314935 0.176054 0.030294 0.37114 -0.238934 -0.51232 2.703851 -0.90754 4.052335 -0.990391 3.738314 -0.80027 3.709373 0.05413 0.092003 0.063211 0.059447 -0.316435 -0.012937 -0.428617 0.055042 -0.372189 -0.038728 -0.25993 -0.044885 -0.618201 3.777042
6.494451 12.967691 13.335776 25.319672 5.924326 17.448783 3.799158 15.921921 3.072703 14.132369 3.347409 15.749997 -6.788617 12.395883 -11.911619 26.866674 -2.736953 23.349386 -0.35125 23.263121 0.425142 21.0388 -0.264764 22.126347 2.647561 -6.906432 0.205171 0.166401 0.360364 0.385553 0.487697 0.922936 0.520879 1.052898 0.388259 0.903764 0.329119 0.98035 0.01657 0.134042 0.011384 0.232881 0.232142 0.370979 0.27833 0.634193 0.348657 0.495261 0.312686 0.474089 0.039601 0.408503
6.698984 12.87258 13.613874 25.538173 5.879712 18.428272 3.617662 17.154199 2.978581 15.101096 3.329355 16.592017 -6.77506 12.386543 -11.904472 27.267119 -2.890709 24.246332 -0.502235 24.543485 0.281143 21.984336 -0.386691 22.928277 2.697438 -6.88324 0.204533 -0.095111 0.278097 0.218502 -0.044614 0.979489 -0.181496 1.232278 -0.094122 0.968727 -0.018054 0.84202 0.013557 -0.00934 0.007147 0.400445 -0.153756 0.896946 -0.150985 1.280364 -0.143999 0.945535 -0.121927 0.80193 0.049877 0.023192
6.911337 12.75371 13.829398 25.431624 5.838978 18.463016 3.343236 17.505473 2.639616 15.351212 3.111672 16.774979 -6.751537 12.307355 -11.899367 27.927229 -2.974752 25.993791 -0.591597 27.069983 0.318557 24.198034 -0.364512 24.77012 2.321059 -8.846822 0.212353 -0.11887 0.215524 -0.106549 -0.040734 0.034744 -0.274426 0.351274 -0.338966 0.250116 -0.217682 0.182962 0.023523 -0.079188 0.005105 0.66011 -0.084043 1.747459 -0.089362 2.526498 0.037414 2.213699 0.022179 1.841843 -0.376379 -1.963583
7.159722 12.698239 13.942271 25.248244 5.888265 17.922872 2.950305 17.128679 2.261376 14.930257 2.865005 16.271827 -6.733337 12.635899 -11.83427 29.799405 -3.005216 28.501436 -0.659853 30.184612 0.351554 26.939186 -0.326318 27.187559 1.909822 -12.008929 0.248384 -0.055471 0.112873 -0.18338 0.049287 -0.540143 -0.392932 -0.376794 -0.378239 -0.420955 -0.246668 -0.503153 0.0182 0.328544 0.065097 1.872176 -0.030464 2.507645 -0.068256 3.114629 0.032997 2.741152 0.038195 2.417439 -0.411236 -3.162107
7.203531 12.797412 13.915569 25.4612 5.305171 17.882729 2.644247 16.911516 2.066582 14.73324 2.546662 16.135883 -6.763053 12.651744 -11.616078 31.181964 -2.688232 31.076899 -0.301349 33.125636 0.68118 29.749361 -0.0301 29.805204 1.385403 -15.016121 0.043809 0.099173 -0.026703 0.212955 -0.583094 -0.040144 -0.306058 -0.217164 -0.194794 -0.197017 -0.318342 -0.135943 -0.029716 0.015846 0.218192 1.38256 0.316983 2.575463 0.358504 2.941024 0.329626 2.810174 0.296217 2.617645 -0.52442 -3.007191
7.325172 12.869114 13.819736 25.562996 5.365193 17.834309 2.835178 16.75503 2.350515 14.497828 2.769089 15.939024 -6.54541 12.884101 -11.356273 32.074243 -2.522013 32.925349 -0.205326 35.066301 0.813079 31.75171 0.130296 31.696856 1.537436 -17.253882 0.121641 0.071701 -0.095832 0.101796 0.060022 -0.04842 0.190932 -0.156486 0.283933 -0.235412 0.222427 -0.196859 0.217643 0.232357 0.259805 0.892279 0.166219 1.84845 0.096023 1.940665 0.131899 2.002349 0.160396 1.891652 0.152034 -2.237761
7.36146 13.18092 13.495708 27.721649 5.330527 18.186435 2.750635 16.741934 2.34856 14.404327 2.761859 15.896538 -6.514853 13.585341 -10.648227 32.378083 -2.441561 35.274458 -0.212169 38.182372 0.876462 34.882176 0.203609 34.487027 1.472098 -20.477849 0.036287 0.311807 -0.324029 2.158654 -0.034666 0.352126 -0.084543 -0.013095 -0.001955 -0.093502 -0.00723 -0.042486 0.030556 0.70124 0.708047 0.303841 0.080451 2.349108 -0.006843 3.116071 0.063384 3.130466 0.073314 2.790171 -0.065339 -3.223968
7.423323 13.155043 12.6643 29.081672 5.019772 18.226254 2.51947 16.648653 2.399343 13.896263 2.683651 15.455773 -6.443524 13.627446 -9.903285 32.052869 -2.535751 36.686516 -0.690714 40.241921 0.617111 37.052447 0.090802 36.296123 1.782233 -23.156184 0.061864 -0.025877 -0.831407 1.360023 -0.310755 0.039819 -0.231165 -0.093281 0.050783 -0.508064 -0.078207 -0.440764 0.071329 0.042105 0.744942 -0.325215 -0.09419 1.412058 -0.478545 2.059549 -0.259352 2.170271 -0.112808 1.809096 0.310135 -2.678335
7.298219 13.228303 12.013924 29.208553 4.875839 18.200749 2.443671 16.411179 2.385199 13.54264 2.648914 15.176734 -6.458455 13.536119 -9.418646 31.523365 -2.554977 38.265228 -0.926712 42.636693 0.583941 39.660293 0.069386 38.634306 1.801258 -26.117653 -0.125104 0.07326 -0.650376 0.12688 -0.143933 -0.025505 -0.075799 -0.237474 -0.014144 -0.353622 -0.034738 -0.279039 -0.014931 -0.091326 0.484639 -0.529504 -0.019225 1.578712 -0.235999 2.394772 -0.03317 2.607846 -0.021416 2.338183 0.019026 -2.961469
7.305044 13.05716 11.822808 28.397137 4.756677 18.042043 2.380329 16.161525 2.387971 13.351917 2.606696 14.949849 -6.389856 13.514265 -8.870518 31.483251 -2.491084 39.473557 -0.864038 44.06926 0.665152 41.192365 0.164157 39.973336 1.722819 -27.840447 0.006825 -0.171143 -0.191116 -0.811416 -0.119162 -0.158706 -0.063342 -0.249654 0.002772 -0.190723 -0.042218 -0.226885 0.068599 -0.021854 0.548127 -0.040114 0.063893 1.208329 0.062674 1.432568 0.081211 1.532072 0.094771 1.33903 -0.07844 -1.722795
7.043666 13.126755 11.384499 27.78936 4.574978 17.690367 2.250272 15.501148 2.360803 12.973177 2.570063 14.545983 -6.364959 13.541844 -8.527449 31.638831 -2.6023 40.761572 -1.146308 45.442361 0.412941 42.642868 0.001895 41.212505 1.947862 -29.66969 -0.261378 0.069594 -0.438309 -0.607777 -0.181699 -0.351676 -0.130057 -0.660378 -0.027168 -0.37874 -0.036633 -0.403866 0.024897 0.027579 0.343069 0.15558 -0.111216 1.288015 -0.28227 1.3731 -0.252211 1.450503 -0.162262 1.239169 0.225043 -1.829243
7.033175 13.072482 11.442101 27.296504 4.60695 17.430928 2.260154 15.005422 2.293438 12.543854 2.548426 14.170954 -6.377894 13.54982 -8.262751 31.860986 -2.839574 41.594407 -1.43826 46.517226 0.220311 43.888858 -0.225228 42.403409 2.073127 -31.345004 -0.01049 -0.054273 0.057602 -0.492856 0.031972 -0.259438 0.009882 -0.495726 -0.067365 -0.429323 -0.021636 -0.375029 -0.012934 0.007975 0.264698 0.222155 -0.237274 0.832835 -0.291952 1.074865 -0.19263 1.24599 -0.227123 1.190904 0.125265 -1.675314
6.985486 13.048241 11.650366 26.621124 4.600686 15.823722 2.245951 13.44485 2.300018 11.275539 2.557212 12.902927 -6.307212 13.54067 -8.290258 31.868204 -2.957684 42.016527 -1.695171 47.015235 -0.024039 44.484666 -0.356966 42.9629 2.324057 -33.209127 -0.04769 -0.024241 0.208265 -0.67538 -0.006264 -1.607206 -0.014204 -1.560572 0.00658 -1.268315 0.008786 -1.268026 0.070682 -0.009149 -0.027508 0.007218 -0.11811 0.42212 -0.256911 0.498009 -0.244349 0.595808 -0.131738 0.559491 0.25093 -1.864123
7.172459 13.589856 11.879861 26.884341 4.915249 14.678952 2.619922 12.054795 2.545005 10.080686 2.794766 11.955038 -6.392056 14.400548 -8.388332 32.85861 -3.003362 42.749 -1.782206 47.808826 -0.041151 45.19192 -0.360876 43.764699 2.586156 -35.111234 0.186974 0.541615 0.229496 0.263217 0.314564 -1.14477 0.373971 -1.390055 0.244987 -1.194853 0.237554 -0.94789 -0.084844 0.859877 -0.098073 0.990406 -0.045678 0.732473 -0.087035 0.793591 -0.017112 0.707254 -0.00391 0.801799 0.2621 -1.902106
7.397825 12.941885 12.259775 25.409719 5.242079 13.058183 2.906978 10.515407 2.843279 8.578441 3.077507 10.508522 -6.287321 14.114752 -8.277306 32.688168 -2.915162 43.163773 -1.85293 48.404041 -0.012255 45.986715 -0.212407 44.515935 2.855533 -37.408274 0.225365 -0.647971 0.379914 -1.474622 0.32683 -1.62077 0.287056 -1.539388 0.298274 -1.502246 0.282741 -1.446515 0.104734 -0.285795 0.111026 -0.170442 0.0882 0.414774 -0.070724 0.595215 0.028896 0.794795 0.148469 0.751236 0.269377 -2.297041
7.346469 12.530357 12.373841 23.433104 5.935836 11.043039 3.916603 8.397418 3.658473 6.716433 3.792661 8.710539 -6.289777 13.898426 -8.273572 32.700965 -2.910486 43.714032 -1.867297 49.011651 -0.015247 46.552488 -0.195235 45.039305 3.67372 -39.836055 -0.051355 -0.411528 0.114065 -1.976615 0.693756 -2.015144 1.009625 -2.117988 0.815195 -1.862007 0.715154 -1.797983 -0.002456 -0.216326 0.003734 0.012797 0.004676 0.550258 -0.014368 0.60761 -0.002992 0.565773 0.017172 0.523371 0.818187 -2.427781
6.823242 12.159535 12.251782 21.634153 6.412554 9.246567 4.651874 6.405765 4.235798 5.103648 4.268211 7.158124 -6.528211 13.709953 -8.635917 32.722351 -3.487292 43.994346 -2.467021 49.370036 -0.609678 46.93729 -0.749958 45.407447 4.845476 -41.833642 -0.523227 -0.370821 -0.122058 -1.798952 0.476718 -1.796472 0.735271 -1.991653 0.577325 -1.612785 0.47555 -1.552415 -0.238433 -0.188473 -0.362346 0.021386 -0.576806 0.280315 -0.599724 0.358385 -0.594431 0.384802 -0.554723 0.368142 1.171756 -1.997587
6.42575 11.939415 12.390673 21.514881 7.324672 8.985871 5.836165 5.899099 5.331558 4.623717 5.2463 6.726494 -6.651637 13.678613 -8.83939 32.893842 -3.8461 44.883567 -2.875006 50.260615 -1.070955 48.043686 -1.164371 46.485686 6.402513 -43.419969 -0.397491 -0.22012 0.138891 -0.119272 0.912118 -0.260696 1.184291 -0.506666 1.09576 -0.479931 0.978088 -0.43163 -0.123426 -0.03134 -0.203472 0.171492 -0.358808 0.889221 -0.407985 0.89058 -0.461277 1.106396 -0.414413 1.078239 1.557037 -1.586327
6.048828 11.840346 12.333977 21.545237 8.051425 9.606239 6.848252 6.691051 6.252575 5.30799 6.061357 7.27081 -7.146189 13.747174 -9.073988 33.174306 -4.273131 45.282936 -3.261632 50.681329 -1.537567 48.406023 -1.627308 46.756065 7.790142 -43.098032 -0.376922 -0.099069 -0.056696 0.030357 0.726753 0.620368 1.012087 0.791952 0.921017 0.684273 0.815058 0.544316 -0.494552 0.06856 -0.234598 0.280464 -0.427032 0.399369 -0.386626 0.420713 -0.466612 0.362337 -0.462937 0.270379 1.387629 0.321937
5.990404 12.297964 12.75351 21.847734 8.6631 10.060501 7.557225 6.994203 7.041347 5.553398 6.823277 7.572508 -7.022914 13.992283 -8.908269 33.882073 -3.812209 45.422831 -2.603611 50.938037 -1.003227 48.629937 -1.158714 46.878156 8.044574 -43.076539 -0.058424 0.457618 0.419533 0.302497 0.611675 0.454262 0.708973 0.303152 0.788772 0.245407 0.76192 0.301698 0.123274 0.245109 0.165719 0.707766 0.460923 0.139895 0.65802 0.256708 0.534341 0.223914 0.468594 0.122091 0.254431 0.021493
6.041008 12.30545 12.798733 22.732186 8.746129 10.581958 7.540822 7.533583 7.013416 5.948323 6.811392 7.967308 -7.026264 13.971737 -8.873668 33.709002 -3.751683 45.192468 -2.547055 50.560594 -0.928891 48.23755 -1.09348 46.580112 7.942307 -42.289227 0.050604 0.007486 0.045222 0.884452 0.083029 0.521457 -0.016403 0.53938 -0.027931 0.394925 -0.011885 0.3948 -0.00335 -0.020546 0.0346 -0.173071 0.060526 -0.230363 0.056556 -0.377443 0.074336 -0.392386 0.065234 -0.298044 -0.102267 0.787312
6.077647 12.35759 12.527072 25.047231 8.332688 11.518079 7.027757 8.012548 6.697321 6.127062 6.487989 8.179036 -6.995547 13.878447 -8.871627 33.508354 -3.732502 45.226121 -2.548888 50.563902 -0.901917 48.190737 -1.067412 46.51745 7.599238 -42.063674 0.036639 0.052139 -0.27166 2.315044 -0.413442 0.936121 -0.513065 0.478965 -0.316095 0.178739 -0.323403 0.211728 0.030717 -0.09329 0.002041 -0.200647 0.019181 0.033653 -0.001833 0.003308 0.026974 -0.046813 0.026068 -0.062662 -0.343069 0.225553
6.232291 12.925896 12.532943 26.199716 8.080506 12.030891 6.750405 8.496046 6.570846 6.495467 6.452477 8.648628 -6.940129 14.32423 -8.875918 33.783591 -3.686997 45.445162 -2.509275 50.767511 -0.880331 48.36154 -1.051772 46.68538 7.451177 -41.866073 0.154644 0.568306 0.005871 1.152486 -0.252181 0.512812 -0.277352 0.483498 -0.126475 0.368404 -0.035512 0.469592 0.055417 0.445783 -0.004292 0.275236 0.045505 0.219041 0.039613 0.203609 0.021586 0.170803 0.01564 0.16793 -0.148061 0.197601
6.593806 12.811565 12.427878 26.815215 6.023461 13.763002 3.881425 10.895506 3.88509 8.46186 4.039884 10.442334 -6.62612 14.220703 -8.723521 33.028588 -3.661439 43.676546 -2.610487 48.834869 -0.889835 46.414271 -1.014939 44.892541 4.774925 -37.952411 0.361514 -0.114331 -0.105065 0.615498 -2.057046 1.732111 -2.86898 2.399459 -2.685755 1.966393 -2.412593 1.793706 0.314009 -0.103527 0.152397 -0.755003 0.025558 -1.768616 -0.101212 -1.932642 -0.009504 -1.947269 0.036833 -1.792839 -2.676252 3.913662
7.07249 13.749003 12.386823 28.720054 5.946732 15.182549 3.868484 12.217739 3.799641 9.728724 3.916335 11.684769 -6.339481 14.609176 -8.363903 32.774362 -3.775692 41.510168 -2.789581 46.116188 -1.094303 43.406489 -1.182127 42.048636 4.893944 -33.677766 0.478685 0.937438 -0.041056 1.904839 -0.076729 1.419547 -0.01294 1.322234 -0.085449 1.266864 -0.123549 1.242435 0.286639 0.388473 0.359619 -0.254226 -0.114253 -2.166378 -0.179094 -2.718681 -0.204468 -3.007782 -0.167188 -2.843904 0.119019 4.274645
6.974131 13.326937 12.49575 28.970575 6.19247 16.518852 4.062515 13.83172 3.927499 11.009949 4.062474 12.726662 -6.544039 14.040115 -8.423299 32.628238 -4.407501 37.607038 -3.284615 40.692371 -2.274561 37.499326 -2.3406 36.641872 6.20206 -26.489377 -0.09836 -0.422066 0.108927 0.250521 0.245738 1.336303 0.194031 1.613981 0.127858 1.281226 0.146139 1.041892 -0.204557 -0.56906 -0.059396 -0.146124 -0.631809 -3.90313 -0.495034 -5.423817 -1.180258 -5.907163 -1.158473 -5.406764 1.308116 7.188389
7.080328 12.917179 12.174577 28.871429 5.470979 17.581731 3.309321 15.395731 3.243357 12.450343 3.356421 13.979709 -6.58401 14.08284 -8.328673 33.030427 -3.739867 32.800096 -2.41859 33.704579 -1.730368 29.839426 -1.825657 29.748303 4.973724 -17.389083 0.106198 -0.409758 -0.321174 -0.099146 -0.72149 1.062879 -0.753194 1.564011 -0.684142 1.440394 -0.706053 1.253048 -0.039971 0.042725 0.094625 0.402188 0.667635 -4.806942 0.866026 -6.987792 0.544193 -7.6599 0.514942 -6.893569 -1.228335 9.100294
7.04487 11.950561 12.263525 28.167847 4.969686 17.022097 2.688342 14.522278 2.678829 11.762467 2.865469 13.376519 -6.632578 13.152939 -8.500805 33.366254 -3.854162 27.226135 -2.482253 25.919017 -2.446595 22.452429 -2.435359 23.250917 5.125424 -10.689962 -0.035459 -0.966617 0.088948 -0.703582 -0.501293 -0.559634 -0.620979 -0.873452 -0.564528 -0.687876 -0.490952 -0.60319 -0.048569 -0.929901 -0.172132 0.335827 -0.114295 -5.573961 -0.063664 -7.785562 -0.716227 -7.386997 -0.609702 -6.497386 0.1517 6.699121
6.55722 10.758197 11.67779 27.139428 4.22228 15.78798 1.929522 12.864649 2.007848 10.538068 2.170378 12.330955 -7.051459 11.997548 -9.113625 32.249913 -4.319555 20.722839 -2.828261 17.544958 -2.938646 14.179662 -2.833274 15.742624 4.946494 -3.641593 -0.487649 -1.192364 -0.585735 -1.028419 -0.747406 -1.234117 -0.758821 -1.657629 -0.670981 -1.224399 -0.695091 -1.045564 -0.418881 -1.155391 -0.612819 -1.116341 -0.465393 -6.503296 -0.346008 -8.374059 -0.492051 -8.272767 -0.397915 -7.508293 -0.17893 7.048368
6.565559 11.506981 11.653042 27.010262 3.480136 16.093004 1.116633 13.289505 1.061583 11.33239 1.339275 13.060537 -6.931862 12.506017 -9.346229 31.797647 -3.823477 17.938533 -2.106556 14.162287 -2.623725 11.761191 -2.479911 13.587892 3.685308 -0.428802 0.008339 0.748783 -0.024748 -0.129166 -0.742143 0.305024 -0.812888 0.424856 -0.946265 0.794321 -0.831103 0.729582 0.119597 0.508469 -0.232604 -0.452265 0.496078 -2.784306 0.721705 -3.382671 0.314921 -2.41847 0.353363 -2.154732 -1.261187 3.212792
6.432259 12.273732 10.784775 26.223305 2.587426 14.531437 0.406688 11.111796 0.34045 10.000935 0.571632 11.818591 -7.141915 12.76404 -10.658577 29.273191 -4.167926 14.740381 -2.602315 10.483533 -2.60289 8.968985 -2.532628 11.067539 2.94334 1.03195 -0.1333 0.766751 -0.868267 -0.786957 -0.892711 -1.561567 -0.709945 -2.177709 -0.721133 -1.331455 -0.767642 -1.241946 -0.210053 0.258023 -1.312348 -2.524456 -0.344449 -3.198153 -0.495759 -3.678754 0.020835 -2.792206 -0.052717 -2.520353 -0.741968 1.460752
6.246042 11.87183 10.949171 25.114831 2.723718 11.685532 0.70886 7.500425 0.520223 6.877813 0.676262 9.056899 -7.238588 12.377906 -11.187312 27.066872 -4.369783 11.956728 -2.967304 7.305443 -2.813333 6.413266 -2.69084 8.761668 3.333557 0.464547 -0.186217 -0.401902 0.164396 -1.108474 0.136292 -2.845904 0.302172 -3.611371 0.179774 -3.123122 0.10463 -2.761692 -0.096673 -0.386134 -0.528735 -2.20632 -0.201857 -2.783653 -0.364989 -3.17809 -0.210443 -2.555719 -0.158212 -2.305871 0.390217 -0.567403
6.432647 12.418455 11.15731 24.398607 2.977675 10.155603 0.990885 5.596414 0.86832 5.19073 1.001954 7.439172 -7.264653 12.027904 -11.476091 24.763107 -4.884079 9.707066 -3.651547 5.029944 -3.3461 4.557562 -3.181246 6.894237 4.214421 0.633168 0.186604 0.546625 0.208139 -0.716224 0.253958 -1.529929 0.282025 -1.904011 0.348097 -1.687083 0.325692 -1.617727 -0.026065 -0.350001 -0.288779 -2.303764 -0.514296 -2.249661 -0.684243 -2.2755 -0.532767 -1.855704 -0.490406 -1.867431 0.880864 0.168622
7.220942 12.684527 11.712778 24.055269 4.432589 9.59962 2.271008 5.286652 2.054 4.460981 2.279401 6.911504 -7.032114 12.42339 -12.354648 23.135588 -4.525909 7.585531 -3.217968 2.613831 -2.759764 2.525771 -2.625558 5.351433 4.813763 1.935211 0.788295 0.266072 0.555468 -0.343338 1.454914 -0.555983 1.280123 -0.309762 1.185679 -0.729749 1.277447 -0.527668 0.232539 0.395486 -0.878558 -1.62752 0.35817 -2.121535 0.433579 -2.416113 0.586337 -2.031791 0.555688 -1.542804 0.599343 1.302043
7.097238 13.251069 12.277806 22.812206 4.817963 8.070233 2.414954 3.13395 2.85899 3.153622 3.009844 6.012946 -7.50345 12.85235 -13.81208 23.361671 -5.628058 6.98531 -4.140326 1.452053 -3.526339 1.863918 -3.469709 4.890543 6.385329 1.289704 -0.123703 0.566542 0.565028 -1.243064 0.385374 -1.529387 0.143945 -2.152702 0.804991 -1.307359 0.730443 -0.898558 -0.471336 0.42896 -1.457432 0.226083 -1.102149 -0.600222 -0.922358 -1.161778 -0.766575 -0.661853 -0.844151 -0.46089 1.571566 -0.645506
7.593012 12.263915 13.933831 22.319564 8.333093 7.393083 7.043505 2.369472 6.177026 2.078089 6.116921 5.044925 -6.986812 11.992091 -14.670509 22.164831 -8.201447 6.444821 -7.089913 1.233551 -6.040907 1.426241 -5.829263 4.376552 12.217933 0.651848 0.495774 -0.987154 1.656026 -0.492641 3.51513 -0.67715 4.628551 -0.764477 3.318036 -1.075533 3.107077 -0.968021 0.516638 -0.860259 -0.858429 -1.19684 -2.573389 -0.540489 -2.949587 -0.218502 -2.514568 -0.437677 -2.359554 -0.513992 5.832604 -0.637856
7.457453 12.165099 15.256786 22.434688 11.462289 8.284417 10.845149 3.784034 9.634572 3.27591 9.323233 5.91743 -6.777921 11.50282 -15.204877 19.240609 -11.324969 5.338058 -11.022112 1.035616 -9.480897 0.772882 -9.139046 3.345695 19.115469 2.503029 -0.135559 -0.098816 1.322955 0.115123 3.129196 0.891334 3.801644 1.414561 3.457546 1.197821 3.206313 0.872505 0.20889 -0.489271 -0.534368 -2.924222 -3.123522 -1.106763 -3.932199 -0.197935 -3.43999 -0.653359 -3.309783 -1.030856 6.897536 1.85118
6.932288 12.889245 15.241057 23.554268 14.191389 9.087947 14.440382 3.896266 12.922978 3.487527 12.352484 6.282446 -6.897393 12.312064 -16.77413 20.587501 -14.505294 7.469034 -14.624515 3.095442 -12.773067 2.545723 -12.345663 5.147538 25.696045 0.941804 -0.525165 0.724146 -0.01573 1.119581 2.7291 0.80353 3.595233 0.112233 3.288406 0.211617 3.029251 0.365016 -0.119472 0.809243 -1.569253 1.346892 -3.180325 2.130976 -3.602403 2.059826 -3.29217 1.772842 -3.206617 1.801842 6.580576 -1.561224
6.654894 14.341372 14.646417 25.362116 17.270488 10.76352 18.769741 5.549574 17.220098 4.31079 16.252553 6.84256 -7.278076 12.92232 -17.84834 22.025877 -17.210796 9.114987 -17.676091 4.936326 -15.870869 3.491619 -15.344685 5.943877 33.090967 0.81917 -0.277394 1.452127 -0.59464 1.807848 3.079098 1.675573 4.32936 1.653308 4.297119 0.823262 3.900069 0.560114 -0.380683 0.610256 -1.07421 1.438376 -2.705503 1.645952 -3.051576 1.840883 -3.097802 0.945896 -2.999023 0.796339 7.394922 -0.122634
6.49398 14.828536 14.363575 24.963427 19.095552 11.969197 21.429092 7.087865 20.293921 5.674145 19.093621 7.810384 -7.422617 13.672546 -16.571793 23.46285 -20.660284 11.816764 -22.593281 7.468256 -21.502185 6.427944 -20.415482 8.63913 41.796106 -0.753799 -0.160915 0.487164 -0.282842 -0.39869 1.825064 1.205677 2.659351 1.538292 3.073823 1.363355 2.841067 0.967824 -0.144541 0.750226 1.276547 1.436973 -3.449488 2.701777 -4.917189 2.531931 -5.631316 2.936324 -5.070797 2.695253 8.705139 -1.57297
6.585705 14.717838 14.786798 24.057895 21.051693 12.534183 23.882979 7.924825 23.037487 6.491664 21.687877 8.425811 -7.327694 13.924617 -15.47128 23.642612 -21.608135 12.747908 -24.125338 7.742965 -23.44929 7.346708 -22.143471 9.42646 46.486777 -0.855044 0.091726 -0.110698 0.423223 -0.905532 1.956141 0.564986 2.453887 0.836959 2.743566 0.817519 2.594256 0.615427 0.094923 0.252071 1.100513 0.179762 -0.947851 0.931144 -1.532057 0.274709 -1.947105 0.918764 -1.727989 0.78733 4.690671 -0.101244
6.501889 13.588685 14.756733 22.41019 22.174776 11.409348 25.547993 7.141456 25.148463 5.375692 23.651254 7.103637 -7.485208 13.035038 -15.884924 21.800214 -23.146993 11.747736 -25.940275 7.245025 -25.302035 6.203437 -23.941913 7.871631 50.450498 -0.827745 -0.083816 -1.129153 -0.030065 -1.647705 1.123083 -1.124835 1.665014 -0.783369 2.110976 -1.115972 1.963377 -1.322174 -0.157514 -0.889578 -0.413644 -1.842397 -1.538858 -1.000172 -1.814938 -0.49794 -1.852745 -1.143271 -1.798442 -1.554829 3.963721 0.027299
6.993437 13.343948 15.17368 22.124431 23.075747 12.14897 26.271218 8.142629 26.102287 6.319675 24.460256 8.074242 -7.281515 13.61725 -16.018766 22.573802 -23.861223 12.118712 -26.734927 7.852343 -26.215902 6.484485 -24.780723 8.14833 52.318189 -0.16481 0.491548 -0.244737 0.416946 -0.28576 0.900972 0.739622 0.723225 1.001173 0.953823 0.943983 0.809002 0.970605 0.203693 0.582212 -0.133842 0.773588 -0.714231 0.370976 -0.794652 0.607318 -0.913867 0.281048 -0.83881 0.2767 1.867691 0.662935
6.606692 13.862872 15.377617 21.977639 23.622489 11.628982 26.494247 7.730412 25.950801 5.733663 24.519634 7.424065 -7.555693 13.49912 -16.4067 21.87199 -24.146533 11.928698 -27.197646 7.991982 -26.561981 6.323063 -25.099656 8.016184 52.512783 -0.589401 -0.386745 0.518924 0.203937 -0.146791 0.546741 -0.519988 0.223029 -0.412217 -0.151485 -0.586012 0.059378 -0.650176 -0.274178 -0.11813 -0.387934 -0.701812 -0.28531 -0.190014 -0.462718 0.139639 -0.346079 -0.161421 -0.318933 -0.132146 0.194594 -0.424591
6.675029 14.194191 15.45313 22.738105 23.801965 12.0949 26.854473 8.07873 26.376754 6.040332 24.890155 7.757333 -7.614538 13.62901 -16.633412 21.969026 -24.516463 11.876374 -27.591765 8.202291 -26.999794 6.296122 -25.514266 7.979575 53.376548 -0.25579 0.068337 0.331318 0.075513 0.760466 0.179476 0.465918 0.360227 0.348318 0.425953 0.306669 0.37052 0.333267 -0.058845 0.12989 -0.226712 0.097036 -0.36993 -0.052324 -0.394119 0.210309 -0.437813 -0.026941 -0.41461 -0.036609 0.863765 0.33361
6.538171 14.539704 15.323257 23.504499 23.676521 12.79422 26.783365 8.675674 26.305807 6.672907 24.810153 8.401662 -7.878146 13.804623 -16.849655 22.408631 -24.563217 11.463973 -27.579704 7.668868 -26.980239 5.618361 -25.52675 7.321939 53.286046 1.054546 -0.136858 0.345513 -0.129873 0.766394 -0.125444 0.69932 -0.071108 0.596943 -0.070947 0.632575 -0.080001 0.644329 -0.263608 0.175613 -0.216243 0.439605 -0.046754 -0.412402 0.012061 -0.533423 0.019555 -0.677761 -0.012484 -0.657636 -0.090502 1.310337
6.413919 14.450815 14.649862 23.900738 23.156488 12.776977 26.342416 9.427378 25.843334 7.283452 24.289584 8.790961 -7.961392 13.763955 -16.713905 22.79816 -23.856959 11.354354 -26.800057 7.398212 -25.894907 5.509326 -24.416941 7.350278 51.738241 1.774126 -0.124252 -0.088888 -0.673395 0.39624 -0.520033 -0.017244 -0.440949 0.751704 -0.462472 0.610545 -0.520569 0.389299 -0.083247 -0.040668 0.13575 0.389528 0.706258 -0.109619 0.779647 -0.270656 1.085332 -0.109035 1.109809 0.028339 -1.547804 0.71958
6.448328 14.51076 14.655972 24.392647 23.020726 13.700771 26.199836 9.90552 25.634634 7.831469 24.049562 9.443918 -7.95016 13.790685 -16.606271 22.961587 -23.793122 11.449948 -26.701286 7.43874 -25.924253 5.642888 -24.397552 7.496381 51.558888 2.188581 0.03441 0.059944 0.006109 0.491908 -0.135761 0.923795 -0.14258 0.478142 -0.2087 0.548017 -0.240022 0.652957 0.011232 0.02673 0.107634 0.163427 0.063837 0.095594 0.098771 0.040528 -0.029346 0.133562 0.019389 0.146103 -0.179353 0.414455
6.495887 14.42236 14.600134 25.659153 23.0169 15.273443 26.20278 11.133811 25.631797 9.161431 24.013728 10.865718 -7.886076 13.703883 -15.878308 24.836341 -22.294399 14.207122 -25.129706 10.225821 -24.197531 8.559921 -22.694954 10.462621 49.829328 0.601509 0.047559 -0.0884 -0.055838 1.266506 -0.003827 1.572672 0.002944 1.228291 -0.002837 1.329961 -0.035834 1.4218 0.064084 -0.086802 0.727963 1.874754 1.498723 2.757174 1.571581 2.78708 1.726723 2.917033 1.702598 2.96624 -1.72956 -1.587072
6.509954 14.463568 14.571124 27.197093 22.646141 18.249971 25.833654 14.557207 25.342596 12.521413 23.727793 14.064232 -7.60617 13.555476 -14.79806 26.838666 -20.785573 16.590047 -23.431221 12.780616 -22.642714 11.058697 -21.180978 12.890354 47.985309 1.462716 0.014067 0.041208 -0.02901 1.53794 -0.370759 2.976528 -0.369126 3.423396 -0.289202 3.359982 -0.285935 3.198513 0.279906 -0.148407 1.080248 2.002326 1.508826 2.382925 1.698485 2.554795 1.554817 2.498776 1.513976 2.427733 -1.844019 0.861207
5.961961 14.349476 13.532937 27.861676 21.349365 23.0795 24.536216 20.784447 24.328446 18.750808 22.6973 19.859657 -7.427767 12.995595 -13.695577 27.025351 -19.428459 18.183792 -21.867332 14.82577 -21.510935 12.882438 -20.143545 14.654329 45.839381 5.868369 -0.547993 -0.114092 -1.038188 0.664583 -1.296777 4.829529 -1.297438 6.22724 -1.014149 6.229395 -1.030493 5.795425 0.178403 -0.559881 1.102483 0.186685 1.357114 1.593745 1.563889 2.045155 1.131779 1.823741 1.037434 1.763976 -2.145928 4.405653
5.940694 14.410341 13.096398 29.300117 20.45607 27.902609 23.537248 26.614982 23.573613 25.089782 21.974003 25.905412 -6.872514 12.998438 -13.472566 27.054185 -19.112006 18.269092 -21.432239 14.89414 -21.138439 13.028052 -19.821623 14.778188 44.712052 12.06173 -0.021267 0.060865 -0.436538 1.438442 -0.893295 4.82311 -0.998968 5.830535 -0.754833 6.338975 -0.723296 6.045756 0.555253 0.002843 0.223011 0.028834 0.316453 0.0853 0.435093 0.06837 0.372496 0.145614 0.321922 0.123858 -1.127329 6.193361
5.559266 15.1398 10.382926 28.9713 18.611068 32.041904 21.45502 32.331094 22.031903 31.165901 20.485586 31.740078 -7.199332 13.50728 -13.041025 28.21705 -15.009382 28.565875 -15.814397 28.723487 -15.23163 26.173219 -14.503726 26.755056 37.263533 4.992682 -0.381428 0.72946 -2.713472 -0.328818 -1.845002 4.139295 -2.082229 5.716112 -1.54171 6.076118 -1.488417 5.834666 -0.326818 0.508842 0.431541 1.162866 4.102623 10.296783 5.617842 13.829347 5.906808 13.145167 5.317897 11.976868 -7.448518 -7.069048
5.285561 14.8249 9.69435 28.560317 17.290926 35.861176 19.830173 37.764871 20.505309 36.888778 19.026315 36.901426 -7.296997 13.110429 -11.832452 27.429801 -12.551653 31.59138 -13.001761 33.329159 -12.203607 30.822581 -11.517999 30.833739 32.708916 6.066197 -0.273705 -0.3149 -0.688577 -0.410983 -1.320142 3.819272 -1.624846 5.433777 -1.526594 5.722877 -1.459271 5.161348 -0.097665 -0.396851 1.208574 -0.787249 2.457729 3.025505 2.812636 4.605672 3.028023 4.649362 2.985728 4.078683 -4.554617 1.073515
5.334717 14.033467 8.903366 28.620207 15.871906 38.09787 18.238688 40.359193 19.000709 39.722329 17.540443 39.631617 -7.480827 12.875742 -13.055184 27.843046 -10.736075 35.185891 -10.060346 38.348079 -8.824557 35.602039 -8.684191 35.132653 27.825266 4.12029 0.049156 -0.791433 -0.790983 0.059891 -1.41902 2.236694 -1.591486 2.594322 -1.5046 2.833551 -1.485872 2.730191 -0.18383 -0.234687 -1.222733 0.413245 1.815578 3.594512 2.941415 5.01892 3.37905 4.779458 2.833807 4.298913 -4.88365 -1.945907
5.581599 13.66348 8.572727 29.545057 14.945066 41.559583 17.157531 43.942106 18.006843 44.197351 16.610271 43.900633 -7.218724 13.103309 -12.54155 28.697246 -9.040499 38.240302 -8.25552 42.066222 -6.790388 39.835906 -6.82061 38.95359 24.797231 4.361445 0.246882 -0.369987 -0.330639 0.92485 -0.92684 3.461713 -1.081157 3.582913 -0.993866 4.475021 -0.930172 4.269016 0.262102 0.227568 0.513634 0.8542 1.695576 3.05441 1.804826 3.718144 2.034169 4.233867 1.863581 3.820938 -3.028035 0.241154
5.402726 13.77866 7.78321 30.151048 13.497603 42.465189 15.58392 44.940987 16.227162 45.166621 14.947563 44.80938 -7.177424 12.784091 -10.846022 28.598043 -7.762825 39.783373 -7.467413 43.987754 -5.683514 42.482892 -5.505398 41.334286 21.910676 2.683729 -0.178874 0.11518 -0.789517 0.605991 -1.447463 0.905606 -1.57361 0.998881 -1.779681 0.96927 -1.662707 0.908747 0.0413 -0.319219 1.695529 -0.099203 1.277673 1.543072 0.788108 1.921532 1.106873 2.646986 1.315212 2.380696 -2.886555 -1.677716
5.391663 13.359961 7.652831 30.247712 12.657636 43.134463 14.610171 45.894456 15.160376 46.145022 13.876039 45.610452 -7.327279 12.967038 -10.219377 30.368549 -6.937617 43.129021 -6.704313 47.681898 -4.850033 46.361095 -4.627973 44.937211 20.010409 -0.216073 -0.011063 -0.418699 -0.130379 0.096664 -0.839967 0.669274 -0.973749 0.953469 -1.066786 0.978401 -1.071525 0.801072 -0.149855 0.182948 0.626644 1.770505 0.825208 3.345647 0.7631 3.694144 0.833482 3.878203 0.877425 3.602925 -1.900268 -2.899802
5.383343 13.575637 7.480639 30.812326 12.442607 44.007161 14.420533 46.419421 15.029299 46.947417 13.746423 46.593657 -7.255948 13.223007 -9.857365 31.096509 -6.019744 44.00731 -5.68718 48.469016 -3.765994 47.438201 -3.659946 46.059844 18.795294 -0.490785 -0.008321 0.215676 -0.172192 0.564614 -0.21503 0.872698 -0.189638 0.524965 -0.131077 0.802395 -0.129616 0.983205 0.071332 0.255969 0.362012 0.72796 0.917873 0.878289 1.017132 0.787118 1.084039 1.077107 0.968027 1.122633 -1.215115 -0.274712
4.857135 13.855693 6.744689 31.328803 11.5987 44.789565 13.577473 47.5438 14.151168 48.022413 12.856013 47.457391 -7.707351 13.499951 -9.736297 32.512623 -5.518562 46.217954 -5.126506 50.81228 -3.215724 49.830133 -3.189248 48.305464 17.366892 -1.807719 -0.526208 0.280055 -0.73595 0.516477 -0.843906 0.782403 -0.84306 1.124379 -0.878131 1.074997 -0.89041 0.863734 -0.451404 0.276944 0.121069 1.416114 0.501183 2.210644 0.560674 2.343264 0.55027 2.391931 0.470698 2.24562 -1.428401 -1.316935
4.805434 13.911575 6.501728 31.760755 11.158586 45.66209 13.186467 48.706368 13.857621 49.162236 12.581831 48.451987 -8.167443 13.723257 -9.736502 33.43229 -5.679968 47.975662 -5.404213 52.910057 -3.403169 52.017173 -3.304714 50.330761 17.26079 -2.854937 -0.051701 0.055882 -0.24296 0.431952 -0.440115 0.872526 -0.391006 1.162568 -0.293547 1.139823 -0.274181 0.994596 -0.460091 0.223306 -0.000206 0.919667 -0.161406 1.757708 -0.277707 2.097777 -0.187445 2.18704 -0.115466 2.025297 -0.106102 -1.047218
4.567057 13.939491 6.153798 32.048824 10.702157 46.118262 12.70296 49.530056 13.253558 49.949339 11.953211 49.038163 -8.55296 13.749236 -9.589341 34.421393 -5.212045 50.636503 -4.959399 55.927989 -2.814579 55.21771 -2.683246 53.275844 16.068137 -5.268371 -0.238377 0.027916 -0.34793 0.288069 -0.456429 0.456172 -0.483507 0.823689 -0.604063 0.787103 -0.62862 0.586176 -0.385517 0.025979 0.147161 0.989103 0.467923 2.660841 0.444815 3.017932 0.58859 3.200537 0.621468 2.945083 -1.192653 -2.413434
4.403543 14.098796 5.973041 32.194978 10.431212 46.292263 12.311083 49.759436 12.750053 49.986494 11.412549 48.951852 -8.802524 14.121446 -9.739283 35.084832 -5.287433 51.164991 -4.957324 56.465161 -2.821374 55.5668 -2.810699 53.561735 15.571427 -5.580306 -0.163513 0.159305 -0.180757 0.146154 -0.270945 0.174001 -0.391877 0.22938 -0.503504 0.037155 -0.540662 -0.086311 -0.249565 0.37221 -0.149941 0.663438 -0.075388 0.528488 0.002074 0.537172 -0.006795 0.34909 -0.127453 0.285891 -0.496709 -0.311935
4.396927 14.156136 5.805725 32.241318 10.094994 46.596977 11.919314 50.120839 12.325698 50.387427 10.99723 49.351266 -8.903596 14.194474 -10.066885 35.096905 -5.882478 50.983587 -5.641884 56.271014 -3.512627 55.381867 -3.464258 53.403512 15.838325 -4.99444 -0.006616 0.05734 -0.167316 0.04634 -0.336218 0.304714 -0.391769 0.361404 -0.424355 0.400934 -0.415319 0.399414 -0.101072 0.073028 -0.327602 0.012073 -0.595045 -0.181404 -0.684559 -0.194147 -0.691253 -0.184932 -0.653559 -0.158224 0.266898 0.585866
3.916061 13.852379 5.270636 32.205987 9.471065 47.015059 11.28341 50.516456 11.693484 50.956988 10.366362 49.926788 -9.268728 13.500166 -10.724699 34.500295 -6.668115 50.486827 -6.441379 55.668449 -4.358774 54.904306 -4.281247 52.937186 16.052258 -3.947318 -0.480866 -0.303757 -0.535089 -0.035331 -0.62393 0.418082 -0.635904 0.395617 -0.632215 0.569561 -0.630867 0.575522 -0.365132 -0.694308 -0.657815 -0.59661 -0.785637 -0.49676 -0.799495 -0.602564 -0.846148 -0.477561 -0.816989 -0.466326 0.213933 1.047122
3.990144 14.603859 4.758 33.374324 8.739531 47.740915 10.455406 51.045921 11.003006 51.286051 9.730399 50.360683 -9.420234 13.878268 -11.117995 35.07674 -6.896618 51.050881 -6.63152 56.439462 -4.515201 55.580595 -4.453385 53.599903 15.518206 -4.294544 0.074083 0.75148 -0.512636 1.168337 -0.731534 0.725856 -0.828004 0.529465 -0.690478 0.329062 -0.635964 0.433895 -0.151506 0.378102 -0.393295 0.576445 -0.228503 0.564054 -0.190142 0.771013 -0.156426 0.676289 -0.172138 0.662717 -0.534052 -0.347227
3.78235 15.022457 4.956752 33.767131 9.232831 47.980389 11.028636 51.740387 11.388224 51.717296 10.04765 50.627699 -9.485427 13.567692 -10.760236 35.082695 -6.56909 51.759067 -6.494501 57.44333 -4.147214 56.804976 -4.028261 54.768184 15.535438 -5.08768 -0.207794 0.418597 0.198752 0.392807 0.4933 0.239474 0.57323 0.694466 0.385219 0.431246 0.317252 0.267017 -0.065193 -0.310576 0.357759 0.005955 0.327528 0.708187 0.137019 1.003867 0.367987 1.224381 0.425124 1.168281 0.017232 -0.793135
3.902942 14.505357 4.906529 33.385336 9.018719 47.863185 10.754186 51.451576 11.149198 51.549459 9.838098 50.514072 -9.593132 13.27382 -10.820356 34.894168 -6.711143 51.765847 -6.676978 57.444113 -4.257697 56.822371 -4.138982 54.765654 15.406895 -5.272913 0.120592 -0.5171 -0.050223 -0.381795 -0.214112 -0.117204 -0.27445 -0.288811 -0.239027 -0.167838 -0.209552 -0.113627 -0.107706 -0.293872 -0.06012 -0.188527 -0.142053 0.00678 -0.182477 0.000784 -0.110483 0.017396 -0.110722 -0.00253 -0.128543 -0.185233
3.705549 14.127788 4.656667 33.151346 8.693719 47.893882 10.393149 51.36804 10.831195 51.622659 9.541368 50.667268 -9.737557 12.820971 -10.889459 34.441876 -7.098264 51.526922 -7.395121 57.104939 -4.944485 56.633073 -4.612762 54.611623 15.775681 -5.010414 -0.197393 -0.377569 -0.249863 -0.23399 -0.325 0.030696 -0.361037 -0.083536 -0.318003 0.0732 -0.29673 0.153196 -0.144425 -0.452849 -0.069103 -0.452292 -0.38712 -0.238925 -0.718144 -0.339174 -0.686789 -0.189298 -0.473779 -0.15403 0.368786 0.262499
3.827149 13.900742 4.640388 33.242071 8.685511 48.189217 10.344517 51.549649 10.922348 51.779455 9.653258 50.901371 -9.511277 12.802964 -11.030462 34.204388 -7.196504 51.121151 -7.371324 56.795084 -4.93713 56.226093 -4.691774 54.207951 15.859479 -4.446638 0.121599 -0.227046 -0.016278 0.090724 -0.008208 0.295335 -0.048631 0.181609 0.091153 0.156796 0.11189 0.234103 0.22628 -0.018007 -0.141004 -0.237489 -0.09824 -0.405771 0.023797 -0.309855 0.007355 -0.406981 -0.079012 -0.403672 0.083798 0.563776
3.611302 13.704336 4.354817 32.93235 8.334172 47.842857 9.93917 51.218095 10.555863 51.501349 9.307754 50.58842 -9.826362 12.65558 -11.215037 34.159741 -7.56726 51.191011 -7.756624 56.827816 -5.327493 56.311533 -5.062848 54.227307 15.883356 -4.810184 -0.215846 -0.196406 -0.285572 -0.309721 -0.35134 -0.34636 -0.405347 -0.331554 -0.366485 -0.278106 -0.345504 -0.312951 -0.315085 -0.147384 -0.184575 -0.044647 -0.370756 0.06986 -0.385299 0.032732 -0.390363 0.08544 -0.371075 0.019357 0.023878 -0.363547
3.320879 14.283109 4.006541 33.551338 7.799941 48.454812 9.385484 52.037749 9.953141 52.328846 8.696133 51.269707 -10.065982 12.804186 -11.648065 34.325525 -8.121872 51.214555 -8.2358 56.711146 -5.899662 56.253329 -5.656022 54.22301 15.852803 -3.924483 -0.290424 0.578773 -0.348276 0.618988 -0.53423 0.611955 -0.553685 0.819653 -0.602722 0.827497 -0.611621 0.681287 -0.23962 0.148606 -0.433028 0.165784 -0.554612 0.023544 -0.479177 -0.11667 -0.572169 -0.058204 -0.593174 -0.004297 -0.030553 0.885701
3.288358 14.033201 4.062706 33.290276 7.772785 48.230037 9.344125 51.759079 9.92195 52.024081 8.670396 51.061156 -9.844741 12.553391 -11.640519 34.056029 -8.145204 50.626829 -8.253318 56.127194 -5.918813 55.588987 -5.684322 53.625748 15.840763 -3.564906 -0.03252 -0.249907 0.056165 -0.261062 -0.027156 -0.224775 -0.04136 -0.27867 -0.031191 -0.304765 -0.025737 -0.208551 0.221241 -0.250795 0.007546 -0.269496 -0.023332 -0.587726 -0.017518 -0.583953 -0.019151 -0.664341 -0.0283 -0.597262 -0.01204 0.359577
3.271902 13.986897 3.983456 33.181584 7.8062 48.232609 9.430307 51.752347 10.019225 52.093846 8.75892 51.145524 -9.746331 12.602097 -11.568949 34.150505 -8.131108 50.669742 -8.22778 56.177932 -5.948311 55.649978 -5.715483 53.668207 15.967536 -3.556132 -0.016457 -0.046304 -0.07925 -0.108692 0.033414 0.002572 0.086182 -0.006732 0.097275 0.069764 0.088525 0.084367 0.09841 0.048706 0.07157 0.094476 0.014096 0.042912 0.025538 0.050738 -0.029498 0.06099 -0.031161 0.042459 0.126773 0.008774
3.277028 14.05136 4.026932 33.30549 7.863134 48.215818 9.489387 51.711249 10.065538 51.900119 8.80506 50.902653 -9.726253 12.384972 -11.291197 34.1075 -7.863429 50.682408 -7.989076 56.192696 -5.731148 55.679715 -5.492735 53.695333 15.796685 -3.779596 0.005126 0.064462 0.043476 0.123906 0.056934 -0.016791 0.05908 -0.041097 0.046313 -0.193727 0.04614 -0.242871 0.020078 -0.217125 0.277752 -0.043005 0.267678 0.012666 0.238705 0.014764 0.217164 0.029737 0.222749 0.027126 -0.170851 -0.223464
3.197581 13.972956 3.652763 33.246347 7.218593 48.498538 8.786488 52.093443 9.381366 52.54626 8.149236 51.524505 -9.833968 12.238967 -11.797509 33.714619 -8.175108 50.449029 -8.248764 56.044915 -5.916423 55.531892 -5.739772 53.528127 15.297788 -2.985632 -0.079447 -0.078404 -0.374168 -0.059143 -0.644541 0.28272 -0.7029 0.382194 -0.684172 0.646141 -0.655824 0.621852 -0.107715 -0.146005 -0.506312 -0.392881 -0.311679 -0.233379 -0.259688 -0.147781 -0.185275 -0.147822 -0.247037 -0.167206 -0.498897 0.793964
3.082168 14.538056 3.630024 33.647448 7.228333 49.036515 8.789873 52.961719 9.281993 53.299588 8.043116 52.124208 -9.937584 12.378022 -11.850497 33.910006 -8.25071 50.484383 -8.325738 56.009668 -5.99823 55.502617 -5.827332 53.543282 15.280223 -2.203029 -0.115412 0.5651 -0.022739 0.401101 0.009739 0.537977 0.003386 0.868276 -0.099373 0.753328 -0.10612 0.599703 -0.103617 0.139055 -0.052989 0.195387 -0.075603 0.035354 -0.076973 -0.035247 -0.081807 -0.029275 -0.087559 0.015154 -0.017565 0.782603
3.048253 14.678237 3.665257 33.906367 7.121384 49.181679 8.608067 53.077897 9.006929 53.344265 7.804561 52.194211 -10.086071 12.532046 -12.131381 34.024546 -8.393517 50.45813 -8.447897 56.06021 -6.132871 55.455711 -5.970216 53.501961 15.1398 -2.111447 -0.033915 0.140181 0.035232 0.25892 -0.106949 0.145164 -0.181806 0.116178 -0.275064 0.044677 -0.238556 0.070003 -0.148487 0.154024 -0.280884 0.114539 -0.142807 -0.026253 -0.12216 0.050542 -0.134641 -0.046906 -0.142884 -0.041321 -0.140423 0.091583
3.044313 14.86766 3.656012 34.005713 7.15434 49.001408 8.660179 52.757597 9.081113 53.022105 7.886642 51.953328 -9.991631 12.517831 -12.086755 33.892953 -8.363941 50.435615 -8.419362 56.026822 -6.092429 55.437416 -5.925822 53.44671 15.173542 -2.415311 -0.00394 0.189424 -0.009245 0.099346 0.032955 -0.180271 0.052112 -0.3203 0.074184 -0.32216 0.082082 -0.240883 0.094441 -0.014216 0.044626 -0.131592 0.029576 -0.022516 0.028536 -0.033388 0.040442 -0.018296 0.044394 -0.055251 0.033742 -0.303864
2.951217 15.093008 3.640157 34.168527 7.239205 48.928186 8.76559 52.6472 9.262365 52.865443 8.033061 51.733688 -10.028836 12.447456 -11.908859 33.875075 -8.320335 50.399873 -8.397987 55.975035 -6.078774 55.374321 -5.902141 53.384855 15.341139 -2.508879 -0.093096 0.225347 -0.015855 0.162813 0.084865 -0.073221 0.105411 -0.110397 0.181252 -0.156662 0.146419 -0.21964 -0.037205 -0.070375 0.177896 -0.017878 0.043607 -0.035742 0.021374 -0.051787 0.013655 -0.063094 0.023681 -0.061855 0.167596 -0.093567
2.961689 15.047055 3.618842 34.148219 7.227725 48.808935 8.777797 52.477708 9.27422 52.626517 8.040619 51.532069 -10.00877 12.425849 -11.790213 33.87588 -8.256572 50.422153 -8.362409 55.960867 -6.043029 55.303237 -5.853426 53.343269 15.317249 -2.676719 0.010473 -0.045952 -0.021315 -0.020307 -0.01148 -0.119251 0.012207 -0.169492 0.011855 -0.238925 0.007558 -0.201619 0.020066 -0.021607 0.118646 0.000805 0.063762 0.02228 0.035578 -0.014168 0.035745 -0.071084 0.048715 -0.041586 -0.02389 -0.167841
3.018814 15.012404 3.623843 34.12855 7.325047 48.481444 8.861065 52.173468 9.369212 52.102283 8.140934 51.071522 -9.985504 12.388119 -11.775747 33.859798 -8.166203 50.398979 -8.244556 55.939671 -5.906153 55.252311 -5.720347 53.322235 15.275365 -3.150028 0.057125 -0.034651 0.005001 -0.01967 0.097322 -0.327492 0.083268 -0.30424 0.094992 -0.524235 0.100315 -0.460547 0.023267 -0.03773 0.014466 -0.016081 0.09037 -0.023174 0.117853 -0.021195 0.136876 -0.050926 0.133079 -0.021034 -0.041884 -0.473309
3.276044 14.687639 3.735751 33.977941 7.417011 48.544946 8.955014 52.193865 9.463906 52.273515 8.244503 51.25936 -9.826297 12.103036 -11.647233 33.366886 -8.141395 50.07737 -8.317319 55.63108 -5.899757 55.007949 -5.667943 53.119698 15.363663 -2.734435 0.25723 -0.324765 0.111908 -0.150609 0.091964 0.063503 0.093949 0.020397 0.094694 0.171232 0.103569 0.187838 0.159207 -0.285083 0.128514 -0.492913 0.024807 -0.321609 -0.072762 -0.308591 0.006396 -0.244361 0.052404 -0.202537 0.088298 0.415593
]