11-07-20_Kanksha_4KDepth.lion_below_chair.0000000003 [ 5.426925 17.388624 8.279932 35.538647 13.340676 49.658623 15.747952 53.309485 15.59487 53.325501 14.109796 52.502003 -8.177659 16.114262 -10.546064 36.068943 -13.362598 52.017477 -15.372115 55.946758 -14.166003 56.238934 -13.110346 55.211267 29.760873 -2.913433 0.0 0.0 0.0 0.0 0.0 0.0 0.0 0.0 0.0 0.0 0.0 0.0 0.0 0.0 0.0 0.0 0.0 0.0 0.0 0.0 0.0 0.0 0.0 0.0 0.0 0.0
5.781478 17.262539 8.324069 35.630026 13.071144 49.773291 15.408456 53.339896 15.287799 53.473857 13.851762 52.723941 -7.95114 15.406942 -10.302532 35.44412 -12.756002 51.893833 -14.685252 55.914274 -13.44445 56.460544 -12.280521 55.367801 28.732249 -2.986687 0.354552 -0.126085 0.044137 0.09138 -0.269532 0.114667 -0.339496 0.03041 -0.307071 0.148356 -0.258034 0.221938 0.226519 -0.707319 0.243533 -0.624824 0.606596 -0.123644 0.686863 -0.032485 0.721553 0.22161 0.829825 0.156534 -1.028624 -0.073254
5.712616 17.136985 8.446389 35.568509 13.281214 50.065258 15.583783 53.710029 15.498918 53.88163 14.052415 53.157452 -8.047557 15.205595 -10.366321 35.337338 -12.683985 52.284524 -14.578763 56.484708 -13.276061 56.990573 -12.162355 55.872491 28.77498 -3.108943 -0.068861 -0.125554 0.122321 -0.061518 0.210071 0.291967 0.175327 0.370133 0.21112 0.407773 0.200653 0.433511 -0.096416 -0.201347 -0.063789 -0.106782 0.072017 0.390691 0.10649 0.570434 0.168389 0.530028 0.118166 0.50469 0.042731 -0.122255
5.789965 17.087528 8.513492 35.532248 13.286734 49.900371 15.550631 53.572112 15.421838 53.639239 13.965356 52.894002 -8.038276 15.201721 -10.327333 35.412323 -12.605017 52.308196 -14.492175 56.505573 -13.11686 56.903422 -12.0013 55.77088 28.538698 -3.264183 0.077349 -0.049457 0.067103 -0.03626 0.005519 -0.164887 -0.033152 -0.137916 -0.077081 -0.242391 -0.087059 -0.26345 0.00928 -0.003874 0.038987 0.074986 0.078967 0.023672 0.086588 0.020865 0.159201 -0.087151 0.161055 -0.101611 -0.236282 -0.15524
5.687612 17.02936 8.374947 35.475528 13.08651 49.889177 15.342581 53.525275 15.221059 53.667504 13.783211 52.918112 -8.01056 15.155622 -10.189968 35.191214 -12.471014 51.952291 -14.335629 56.091189 -13.089794 56.696898 -11.958292 55.592901 28.310853 -3.029394 -0.102353 -0.058168 -0.138545 -0.05672 -0.200224 -0.011194 -0.20805 -0.046837 -0.200778 0.028265 -0.182146 0.02411 0.027716 -0.046098 0.137365 -0.221109 0.134003 -0.355905 0.156546 -0.414383 0.027066 -0.206524 0.043008 -0.177979 -0.227845 0.234789
5.630624 16.984683 8.345205 35.432741 13.109154 49.759004 15.374225 53.403106 15.251565 53.496858 13.809597 52.729258 -8.038223 15.095526 -10.244611 35.18149 -12.62531 51.881263 -14.516994 55.97423 -13.27754 56.488553 -12.163797 55.404112 28.529105 -2.991694 -0.056988 -0.044677 -0.029743 -0.042787 0.022644 -0.130174 0.031644 -0.122169 0.030506 -0.170645 0.026387 -0.188854 -0.027663 -0.060096 -0.054643 -0.009724 -0.154296 -0.071028 -0.181365 -0.116959 -0.187746 -0.208345 -0.205505 -0.188789 0.218251 0.0377
5.79688 16.903704 8.603829 35.273808 13.317251 49.671972 15.560532 53.357959 15.41999 53.473943 13.967258 52.699316 -7.978067 15.013632 -10.060608 35.078037 -12.149417 51.674432 -13.966474 55.751556 -12.746868 56.218773 -11.652327 55.131954 28.166857 -2.74483 0.166255 -0.080979 0.258625 -0.158933 0.208098 -0.087032 0.186306 -0.045148 0.168425 -0.022915 0.15766 -0.029942 0.060156 -0.081894 0.184003 -0.103453 0.475892 -0.206831 0.55052 -0.222674 0.530672 -0.26978 0.51147 -0.272158 -0.362247 0.246865
5.840772 16.982409 8.672816 35.372737 13.379979 49.81257 15.618622 53.503975 15.514427 53.623912 14.075857 52.857283 -8.113065 15.092111 -10.266858 35.152814 -12.363961 51.833567 -14.224458 55.947986 -12.936088 56.385079 -11.857867 55.294856 28.450516 -2.761167 0.043893 0.078705 0.068986 0.098929 0.062728 0.140598 0.058091 0.146016 0.094438 0.149968 0.1086 0.157967 -0.134999 0.078478 -0.20625 0.074777 -0.214544 0.159135 -0.257984 0.19643 -0.189221 0.166306 -0.205541 0.162902 0.283659 -0.016338
5.834317 16.942832 8.691937 35.355696 13.466215 49.812582 15.743887 53.500035 15.617692 53.625003 14.167196 52.860281 -8.104005 15.115869 -10.26831 35.255232 -12.387821 51.833197 -14.245218 55.971268 -12.957236 56.416884 -11.877719 55.324611 28.574929 -2.791882 -0.006455 -0.039577 0.019121 -0.017041 0.086236 1.2e-05 0.125265 -0.00394 0.103265 0.001091 0.091338 0.002998 0.00906 0.023758 -0.001451 0.102419 -0.02386 -0.00037 -0.02076 0.023282 -0.021148 0.031805 -0.019851 0.029755 0.124413 -0.030714
5.939597 16.957286 8.810264 35.352758 13.617504 49.66388 15.947485 53.264591 15.866774 53.356776 14.402676 52.647397 -8.020645 15.175903 -10.230294 35.352215 -12.330961 52.000156 -14.161316 56.15662 -12.856328 56.585714 -11.788508 55.480883 28.723103 -3.228939 0.10528 0.014454 0.118327 -0.002939 0.151289 -0.148702 0.203598 -0.235444 0.249082 -0.268227 0.23548 -0.212884 0.08336 0.060034 0.038016 0.096983 0.05686 0.166959 0.083902 0.185353 0.100908 0.16883 0.08921 0.156271 0.148174 -0.437057
5.959845 16.909331 8.812398 35.345477 13.609391 49.659401 15.930933 53.241533 15.852135 53.328478 14.406925 52.646762 -7.994181 15.173891 -10.233226 35.450774 -12.320977 52.439636 -14.136684 56.664789 -12.842759 57.029164 -11.76888 55.901313 28.694895 -3.700686 0.020248 -0.047955 0.002134 -0.007281 -0.008112 -0.004479 -0.016552 -0.023058 -0.014639 -0.028297 0.00425 -0.000635 0.026464 -0.002012 -0.002933 0.098559 0.009984 0.43948 0.024632 0.508168 0.013569 0.44345 0.019628 0.42043 -0.028208 -0.471747
6.028646 16.988593 9.025329 35.417086 13.823199 49.799484 16.129142 53.376228 15.990019 53.458136 14.552414 52.794087 -7.914543 15.316692 -10.183027 35.583365 -12.255305 52.880555 -14.088824 57.203293 -12.820747 57.491785 -11.740971 56.347704 28.810766 -4.033649 0.068802 0.079262 0.212932 0.071609 0.213808 0.140083 0.198209 0.134695 0.137883 0.129658 0.145489 0.147325 0.079638 0.142801 0.050199 0.132591 0.065672 0.440919 0.04786 0.538504 0.022012 0.462621 0.02791 0.446391 0.115871 -0.332963
6.01877 16.786182 9.164619 35.294721 13.940597 49.642858 16.237319 53.23979 16.091245 53.273287 14.646184 52.611062 -7.850003 15.292263 -10.069737 35.537872 -12.096077 52.75242 -13.915008 57.106599 -12.646711 57.37417 -11.566105 56.21092 28.737956 -4.100883 -0.009876 -0.202411 0.13929 -0.122365 0.117397 -0.156626 0.108176 -0.136438 0.101227 -0.184849 0.09377 -0.183025 0.06454 -0.024429 0.113291 -0.045493 0.159228 -0.128135 0.173816 -0.096694 0.174037 -0.117615 0.174865 -0.136784 -0.07281 -0.067234
6.050533 16.732109 9.286547 35.148087 14.207011 49.244252 16.509843 52.835396 16.410172 52.913472 14.948851 52.211431 -7.766896 15.400276 -9.94058 35.640022 -11.903369 52.682647 -13.676742 57.041875 -12.327227 57.288954 -11.24427 56.127355 28.737399 -4.375482 0.031763 -0.054073 0.121927 -0.146633 0.266415 -0.398606 0.272524 -0.404394 0.318927 -0.359815 0.302666 -0.399631 0.083107 0.108013 0.129157 0.10215 0.192708 -0.069773 0.238267 -0.064725 0.319484 -0.085217 0.321835 -0.083566 -0.000557 -0.274599
6.211656 16.782361 9.507865 34.951183 14.627969 47.721127 17.017847 50.645813 17.087823 50.569329 15.605283 50.127348 -7.588187 15.689364 -9.809208 35.91567 -11.855274 52.740327 -13.616151 56.98283 -12.289855 57.228008 -11.228773 56.090149 29.377678 -6.658679 0.161123 0.050253 0.221318 -0.196904 0.420958 -1.523125 0.508004 -2.189583 0.677651 -2.344143 0.656432 -2.084082 0.17871 0.289088 0.131372 0.275648 0.048095 0.057679 0.060591 -0.059044 0.037372 -0.060946 0.015497 -0.037205 0.640279 -2.283198
6.213969 16.445899 9.561414 33.810171 15.22125 45.83663 17.646009 48.43404 17.645252 48.314759 16.157597 47.975513 -7.329527 15.703702 -9.47088 35.744467 -11.572254 52.304026 -13.357684 56.291369 -12.162116 56.672516 -11.089858 55.586478 29.807368 -8.357757 0.002313 -0.336462 0.053549 -1.141012 0.593281 -1.884496 0.628161 -2.211773 0.557429 -2.25457 0.552315 -2.151835 0.25866 0.014338 0.338328 -0.171202 0.283021 -0.4363 0.258467 -0.691462 0.127739 -0.555491 0.138915 -0.503671 0.42969 -1.699078
6.395292 16.229609 9.785688 32.943827 15.737069 44.351178 18.216544 46.849847 18.269408 46.791679 16.778713 46.496356 -7.06673 15.872222 -9.009063 35.652339 -11.106953 51.846576 -12.930956 55.718386 -11.737329 55.95299 -10.657641 54.888946 30.006737 -9.161311 0.181323 -0.21629 0.224274 -0.866345 0.515819 -1.485452 0.570536 -1.584193 0.624156 -1.52308 0.621116 -1.479158 0.262797 0.16852 0.461817 -0.092128 0.465301 -0.457451 0.426728 -0.572982 0.424787 -0.719526 0.432217 -0.697532 0.199369 -0.803554
6.416589 15.906879 9.941792 32.026419 16.182745 41.777959 18.766433 43.913457 18.94573 43.648115 17.420614 43.52226 -6.969079 15.849993 -8.797559 35.411403 -10.857403 50.720665 -12.623116 54.505697 -11.480179 54.535481 -10.400593 53.447792 30.425909 -10.887367 0.021297 -0.322729 0.156105 -0.917408 0.445676 -2.573219 0.549889 -2.93639 0.676322 -3.143564 0.6419 -2.974096 0.09765 -0.02223 0.211504 -0.240937 0.24955 -1.125911 0.30784 -1.212689 0.257149 -1.417509 0.257048 -1.441154 0.419173 -1.726055
6.249577 15.411681 9.479403 30.987781 16.188514 38.446474 18.627429 40.296787 18.658662 39.692897 17.17748 39.61544 -6.944436 15.821505 -8.643582 35.112619 -10.712245 50.349611 -12.464675 54.280812 -11.379927 54.371548 -10.301942 53.143656 30.038589 -14.678651 -0.167012 -0.495198 -0.462389 -1.038638 0.00577 -3.331485 -0.139004 -3.61667 -0.287068 -3.955218 -0.243133 -3.906819 0.024644 -0.028488 0.153977 -0.298783 0.145158 -0.371054 0.158441 -0.224885 0.100252 -0.163934 0.098652 -0.304136 -0.38732 -3.791285
6.195098 15.389335 9.46973 30.297348 15.958142 34.925523 18.126279 36.314276 18.183982 35.276529 16.854554 35.413918 -7.021955 15.830609 -8.4317 35.125932 -10.311899 50.441626 -11.85196 54.625639 -10.953918 54.547378 -9.940511 53.188428 29.1379 -19.270849 -0.054479 -0.022346 -0.009674 -0.690433 -0.230372 -3.520951 -0.50115 -3.982511 -0.474679 -4.416367 -0.322926 -4.201522 -0.077519 0.009105 0.211883 0.013313 0.400347 0.092015 0.612715 0.344828 0.426009 0.175831 0.361431 0.044772 -0.900689 -4.592198
6.371015 15.225568 9.668475 29.631811 15.14349 31.403375 16.647619 32.150531 16.328627 30.507094 15.188485 30.905235 -6.848055 15.769702 -7.980973 35.078067 -9.620526 50.3842 -11.076802 54.515457 -10.26333 54.48035 -9.241921 53.211325 26.591957 -23.973256 0.175917 -0.163767 0.198746 -0.665537 -0.814652 -3.522149 -1.47866 -4.163745 -1.855356 -4.769436 -1.666069 -4.508683 0.1739 -0.060907 0.450727 -0.047866 0.691372 -0.057426 0.775158 -0.110182 0.690588 -0.067028 0.69859 0.022897 -2.545944 -4.702407
6.506449 14.853084 10.806841 28.910464 14.221281 27.341014 15.506923 27.834964 14.377207 25.501221 13.878524 25.949502 -7.003421 15.932646 -7.73955 36.021096 -9.514111 50.677019 -10.764298 55.242473 -10.232559 55.053991 -9.234682 53.455406 24.609765 -29.55277 0.135434 -0.372484 1.138365 -0.721347 -0.922209 -4.062361 -1.140696 -4.315567 -1.95142 -5.005872 -1.309961 -4.955733 -0.155365 0.162944 0.241423 0.943029 0.106415 0.29282 0.312504 0.727016 0.030771 0.573641 0.007239 0.244081 -1.982191 -5.579513
6.544465 14.575842 12.715423 28.044021 12.892926 22.735143 15.641809 21.909589 12.696844 19.299841 13.530105 20.227641 -6.819838 15.813702 -7.425845 36.451936 -9.211564 51.106322 -10.357156 56.097335 -9.886941 55.968535 -8.943704 54.250306 22.583786 -36.668694 0.038016 -0.277242 1.908582 -0.866443 -1.328355 -4.605871 0.134885 -5.925375 -1.680362 -6.20138 -0.348419 -5.721861 0.183582 -0.118944 0.313705 0.43084 0.302547 0.429302 0.407141 0.854862 0.345618 0.914544 0.290978 0.794899 -2.02598 -7.115924
6.911957 14.36941 15.048778 24.95164 10.535181 17.318195 9.101343 16.10885 7.963771 14.365193 8.180732 15.834218 -6.547102 15.690029 -7.424271 36.364278 -9.237608 52.071467 -10.550684 57.351664 -9.931272 57.732907 -8.906171 56.059822 17.895043 -43.367714 0.367492 -0.206432 2.333355 -3.092381 -2.357745 -5.416948 -6.540465 -5.800739 -4.733074 -4.934648 -5.349374 -4.393423 0.272736 -0.123674 0.001574 -0.087658 -0.026044 0.965145 -0.193527 1.254329 -0.044331 1.764372 0.037533 1.809517 -4.688743 -6.69902
6.920746 14.307883 15.216377 22.220817 8.718035 12.840083 6.61827 10.845366 5.697128 9.860629 5.935213 11.712655 -6.555438 15.729275 -7.528707 35.668799 -9.174418 51.740643 -10.485968 56.944832 -9.758496 57.489929 -8.733764 55.901375 15.455624 -47.6293 0.008789 -0.061527 0.167599 -2.730823 -1.817146 -4.478112 -2.483073 -5.263484 -2.266642 -4.504564 -2.245519 -4.121563 -0.008336 0.039247 -0.104436 -0.695479 0.06319 -0.330824 0.064716 -0.406832 0.172776 -0.242978 0.172406 -0.158447 -2.439418 -4.261586
7.28848 13.473681 14.822078 18.343037 6.52976 7.88891 3.993958 5.471563 3.450674 5.044299 3.827518 7.115045 -6.219608 15.73593 -7.37766 35.590264 -9.011537 51.396844 -10.372373 56.348404 -9.627458 56.849506 -8.56137 55.271158 13.078132 -51.805207 0.367734 -0.834203 -0.3943 -3.87778 -2.188274 -4.951173 -2.624312 -5.373803 -2.246454 -4.816329 -2.107695 -4.59761 0.33583 0.006655 0.151047 -0.078535 0.162882 -0.3438 0.113595 -0.596428 0.131038 -0.640422 0.172395 -0.630218 -2.377492 -4.175907
7.297596 12.484097 15.35463 15.076467 5.62602 4.547676 2.802518 1.950061 2.407929 2.036947 2.866039 4.121652 -6.366783 15.396625 -7.53966 36.192816 -9.142184 52.106148 -10.496503 56.935686 -9.73646 57.53268 -8.689645 55.905575 12.14439 -55.495733 0.009117 -0.989583 0.532553 -3.26657 -0.903741 -3.341234 -1.19144 -3.521502 -1.042745 -3.007352 -0.96148 -2.993393 -0.147176 -0.339305 -0.161999 0.602552 -0.130647 0.709304 -0.12413 0.587282 -0.109002 0.683174 -0.128275 0.634417 -0.933743 -3.690526
7.099599 12.722448 14.59077 13.676751 5.106181 1.708269 2.339411 -1.617214 2.074492 -0.85662 2.499276 1.389363 -6.464466 15.798584 -7.650098 36.181682 -9.228557 52.316022 -10.584477 56.988806 -9.824577 57.483047 -8.803973 55.928922 11.899069 -58.339667 -0.197998 0.23835 -0.76386 -1.399717 -0.519839 -2.839407 -0.463107 -3.567275 -0.333437 -2.893567 -0.366762 -2.732289 -0.097683 0.401959 -0.110438 -0.011134 -0.086373 0.209874 -0.087973 0.05312 -0.088117 -0.049633 -0.114328 0.023347 -0.245321 -2.843934
6.553966 11.881986 13.85386 9.577483 4.905522 -2.251801 2.484953 -5.870284 2.073783 -4.530028 2.432954 -2.245784 -6.635737 15.413761 -7.722843 35.61686 -9.443396 51.995668 -10.658947 56.531975 -10.032564 57.013938 -9.065703 55.482712 12.106347 -61.543965 -0.545633 -0.840461 -0.73691 -4.099268 -0.200659 -3.96007 0.145543 -4.25307 -0.000709 -3.673407 -0.066322 -3.635147 -0.171271 -0.384822 -0.072744 -0.564823 -0.214839 -0.320354 -0.07447 -0.456831 -0.207987 -0.469109 -0.26173 -0.446209 0.207278 -3.204298
6.010437 11.164829 13.626069 4.738113 3.588659 -6.96345 0.7577 -10.052045 0.374204 -8.521977 0.967461 -6.354225 -6.990853 15.207216 -8.033791 35.923788 -9.424606 52.161524 -10.646886 56.851622 -9.998482 57.295987 -8.997259 55.689433 10.372686 -65.817964 -0.543529 -0.717157 -0.227791 -4.83937 -1.316863 -4.711649 -1.727253 -4.181761 -1.699579 -3.99195 -1.465493 -4.108441 -0.355116 -0.206545 -0.310948 0.306928 0.01879 0.165856 0.012061 0.319648 0.034082 0.282049 0.068444 0.206721 -1.733661 -4.273999
5.477178 10.485807 13.513815 1.967236 3.294247 -9.847637 0.615573 -13.135318 -0.028127 -11.273865 0.598061 -9.062509 -7.102206 15.458456 -8.115342 36.239812 -9.331197 51.995566 -10.441399 56.223902 -9.757543 56.919369 -8.867136 55.390039 9.729415 -68.193235 -0.533259 -0.679022 -0.112253 -2.770877 -0.294411 -2.884187 -0.142127 -3.083274 -0.402331 -2.751888 -0.3694 -2.708285 -0.111353 0.25124 -0.081551 0.316024 0.093409 -0.165957 0.205487 -0.62772 0.24094 -0.376618 0.130123 -0.299394 -0.643271 -2.37527
5.145633 10.557207 12.08961 0.408638 2.128094 -11.659862 -0.580952 -14.565738 -1.028585 -12.964751 -0.366133 -10.878868 -7.077247 15.348136 -8.069164 35.746416 -8.990201 51.310059 -10.000122 55.463758 -9.269986 56.071779 -8.431652 54.575601 8.2414 -69.03653 -0.331545 0.0714 -1.424205 -1.558599 -1.166153 -1.812226 -1.196525 -1.430419 -1.000458 -1.690885 -0.964195 -1.816359 0.024959 -0.110319 0.046179 -0.493395 0.340995 -0.685507 0.441277 -0.760144 0.487557 -0.84759 0.435483 -0.814438 -1.488015 -0.843295
5.422276 11.015093 12.33412 0.640565 2.802038 -11.999112 0.094181 -14.902806 -0.368765 -13.524322 0.307816 -11.423226 -6.826028 15.383786 -7.728899 35.780999 -8.598348 51.245162 -9.62013 55.726573 -8.923626 56.051782 -8.021057 54.50215 8.554861 -69.576104 0.276643 0.457886 0.24451 0.231928 0.673944 -0.33925 0.675133 -0.337069 0.65982 -0.559571 0.67395 -0.544357 0.251219 0.03565 0.340265 0.034583 0.391853 -0.064898 0.379992 0.262815 0.34636 -0.019997 0.410596 -0.073451 0.313461 -0.539574
5.081129 11.366695 11.856663 -0.580469 2.858448 -12.450948 0.464511 -15.233874 -0.070459 -13.777682 0.581312 -11.807966 -6.697851 15.535942 -7.792208 35.696742 -8.74514 50.79594 -9.768009 55.075946 -9.015563 55.478725 -8.126983 53.936908 8.945104 -69.256407 -0.341147 0.351602 -0.477457 -1.221034 0.05641 -0.451836 0.37033 -0.331068 0.298306 -0.25336 0.273496 -0.384741 0.128177 0.152156 -0.063309 -0.084257 -0.146791 -0.449222 -0.147879 -0.650626 -0.091937 -0.573057 -0.105926 -0.565243 0.390244 0.319697
4.971272 11.342794 11.888254 -0.496161 3.227293 -12.360851 0.917876 -15.173693 0.357836 -13.700968 0.973713 -11.766514 -6.744596 15.232426 -8.173195 35.605294 -9.302312 50.8959 -10.307857 55.259359 -9.64264 55.656838 -8.748472 54.083467 10.000476 -69.357806 -0.109857 -0.023901 0.03159 0.084308 0.368845 0.090097 0.453365 0.060181 0.428295 0.076714 0.392401 0.041452 -0.046745 -0.303516 -0.380987 -0.091448 -0.557172 0.09996 -0.539848 0.183412 -0.627077 0.178114 -0.621489 0.146559 1.055372 -0.101399
5.169427 11.12794 12.174511 -0.074595 4.087472 -11.518696 1.772857 -14.143655 1.285726 -12.863603 1.874363 -11.010148 -6.790441 14.223617 -8.065116 34.459916 -9.231779 50.415912 -10.29081 55.199137 -9.657905 55.448106 -8.658877 53.808627 10.94363 -68.311709 0.198156 -0.214854 0.286257 0.421566 0.860178 0.842156 0.854981 1.030038 0.927889 0.837365 0.90065 0.756367 -0.045845 -1.008809 0.108078 -1.145378 0.070533 -0.479987 0.017047 -0.060222 -0.015265 -0.208732 0.089595 -0.27484 0.943154 1.046097
5.191487 11.210385 12.158251 0.577012 4.298723 -10.884835 1.949418 -12.630275 1.368928 -11.769807 2.011883 -10.682598 -6.699789 14.783016 -8.028275 35.262686 -9.277478 51.124156 -10.273996 55.696392 -9.596002 56.022704 -8.640045 54.427332 10.96493 -67.792511 0.02206 0.082445 -0.01626 0.651607 0.211251 0.633861 0.176561 1.51338 0.083202 1.093796 0.13752 0.32755 0.090653 0.559399 0.036842 0.80277 -0.045699 0.708243 0.016814 0.497255 0.061902 0.574598 0.018832 0.618705 0.0213 0.519198
5.294326 11.32015 12.41298 2.028781 4.872045 -7.435735 2.700213 -9.561345 2.355102 -8.408351 2.878305 -6.887649 -6.608108 14.855847 -7.976305 35.251614 -9.353033 51.044658 -10.354599 55.639103 -9.786904 55.935469 -8.766103 54.32581 12.142006 -64.343821 0.102839 0.109765 0.254729 1.451769 0.573322 3.4491 0.750795 3.06893 0.986174 3.361456 0.866422 3.794949 0.091681 0.072831 0.051969 -0.011072 -0.075555 -0.079498 -0.080603 -0.057289 -0.190902 -0.087234 -0.126058 -0.101522 1.177076 3.44869
5.624732 11.693034 12.848166 3.741232 4.743204 -5.538115 2.440336 -7.77989 2.187869 -6.5909 2.699712 -4.900455 -6.741792 15.178767 -7.968375 35.566697 -9.278828 51.035789 -10.250711 55.612734 -9.695375 55.79969 -8.681464 54.200438 11.883244 -62.39059 0.330406 0.372884 0.435185 1.71245 -0.128841 1.89762 -0.259876 1.781455 -0.167233 1.817451 -0.178593 1.987194 -0.133684 0.32292 0.00793 0.315082 0.074205 -0.008869 0.103888 -0.026369 0.091529 -0.135779 0.084639 -0.125372 -0.258762 1.953231
6.103322 11.942571 13.98389 4.26459 5.148003 -4.099461 2.713487 -6.013641 2.330628 -4.715934 2.906218 -2.998957 -6.694409 15.683731 -7.94487 36.120692 -9.211487 51.884714 -10.197628 56.485406 -9.595725 56.739929 -8.58053 55.178156 11.926353 -61.455864 0.47859 0.249538 1.135725 0.523359 0.404799 1.438653 0.27315 1.76625 0.142759 1.874965 0.206506 1.901498 0.047383 0.504965 0.023505 0.553995 0.067341 0.848925 0.053084 0.872672 0.09965 0.940239 0.100935 0.977719 0.043109 0.934726
6.494081 11.867288 14.414394 4.463345 5.71599 -2.485391 3.193676 -3.75081 2.87956 -2.671489 3.497839 -1.079813 -6.679985 15.738115 -7.704332 36.200148 -8.84676 51.980484 -9.930268 56.830817 -9.179378 56.938547 -8.058241 55.287153 12.058938 -59.610036 0.390759 -0.075284 0.430503 0.198755 0.567988 1.61407 0.48019 2.262831 0.548932 2.044445 0.591621 1.919144 0.014424 0.054383 0.240538 0.079456 0.364727 0.09577 0.26736 0.345412 0.416347 0.198618 0.522289 0.108996 0.132585 1.845828
6.660724 11.692613 15.006936 5.336696 6.166327 -1.974446 3.666919 -3.429776 3.183794 -2.319154 3.773147 -0.564179 -6.558385 15.32883 -7.785913 35.658553 -9.045401 51.729259 -10.228744 56.633952 -9.471744 56.849071 -8.321765 55.219772 12.655538 -59.168226 0.166643 -0.174674 0.592542 0.873351 0.450337 0.510946 0.473243 0.321034 0.304234 0.352335 0.275308 0.515634 0.121599 -0.409284 -0.081581 -0.541595 -0.198641 -0.251225 -0.298476 -0.196865 -0.292367 -0.089476 -0.263524 -0.06738 0.596601 0.44181
6.79855 11.623499 15.092453 6.997761 6.332275 -1.248395 3.933641 -3.229856 3.402439 -2.199161 3.90186 -0.244507 -6.254485 15.201324 -7.817164 35.292566 -9.227321 51.527613 -10.405996 56.406802 -9.628144 56.833881 -8.500475 55.26852 13.030583 -59.033042 0.137827 -0.069115 0.085518 1.661065 0.165948 0.72605 0.266722 0.19992 0.218645 0.119993 0.128713 0.319672 0.3039 -0.127506 -0.031251 -0.365987 -0.181919 -0.201645 -0.177252 -0.22715 -0.1564 -0.01519 -0.17871 0.048748 0.375044 0.135183
6.958553 12.067983 15.688279 7.914588 7.246378 -0.199261 4.982218 -2.061346 4.383495 -1.178545 4.838249 0.802967 -6.095925 15.900859 -7.786214 35.823441 -9.479794 52.35343 -10.64153 57.368779 -9.95453 58.019179 -8.829236 56.51412 14.338025 -59.197724 0.160003 0.444484 0.595826 0.916827 0.914103 1.049134 1.048577 1.16851 0.981057 1.020616 0.936389 1.047474 0.15856 0.699535 0.03095 0.530875 -0.252473 0.825816 -0.235534 0.961977 -0.326386 1.185298 -0.328761 1.2456 1.307443 -0.164682
6.791124 12.686014 15.59889 10.174832 7.538691 0.114167 5.443951 -2.467546 4.621688 -1.371786 4.936484 0.876069 -6.333378 16.345334 -8.43274 36.058637 -10.782257 53.04465 -12.41647 57.974419 -11.52941 58.783397 -10.287154 57.508603 16.151097 -60.155183 -0.167429 0.618032 -0.089389 2.260244 0.292313 0.313428 0.461733 -0.4062 0.238192 -0.193241 0.098234 0.073102 -0.237453 0.444475 -0.646526 0.235197 -1.302463 0.69122 -1.77494 0.60564 -1.57488 0.764218 -1.457918 0.994483 1.813072 -0.957459
6.745318 12.909684 15.423039 11.18333 7.96285 0.001439 6.036565 -2.824792 5.210194 -1.799974 5.419752 0.505239 -6.384927 16.310287 -8.628142 36.12189 -11.041778 53.569713 -12.654582 58.601633 -11.754805 59.466419 -10.533887 58.125964 16.964999 -61.266392 -0.045806 0.223669 -0.175852 1.008499 0.424159 -0.112727 0.592613 -0.357246 0.588506 -0.428188 0.483268 -0.37083 -0.051549 -0.035048 -0.195402 0.063252 -0.259522 0.525063 -0.238112 0.627214 -0.225395 0.683022 -0.246733 0.617361 0.813901 -1.111209
6.827834 12.650552 15.331981 13.694277 8.248672 0.150505 6.668612 -3.486961 5.96877 -2.648082 5.944857 0.012338 -6.152788 15.228233 -8.663234 34.461659 -11.484653 51.667553 -13.160092 56.44592 -12.352589 57.427078 -11.112219 56.090641 18.321359 -60.075161 0.082517 -0.259131 -0.091058 2.510947 0.285822 0.149065 0.632048 -0.662169 0.758576 -0.848109 0.525105 -0.492901 0.232139 -1.082054 -0.035092 -1.660231 -0.442874 -1.90216 -0.50551 -2.155712 -0.597784 -2.03934 -0.578332 -2.035323 1.35636 1.191232
6.808865 12.75062 14.905143 16.89449 8.9715 0.993568 7.662183 -3.254181 7.117671 -2.742505 6.897229 -0.013465 -6.297508 14.511082 -8.698562 32.925662 -11.541864 49.549869 -13.332215 54.539397 -12.489313 54.992768 -11.26498 53.640226 19.606984 -57.735273 -0.018969 0.100067 -0.426838 3.200212 0.722829 0.843063 0.993571 0.23278 1.1489 -0.094423 0.952372 -0.025803 -0.14472 -0.717151 -0.035328 -1.535997 -0.057212 -2.117684 -0.172123 -1.906523 -0.136724 -2.43431 -0.152761 -2.450415 1.285625 2.339888
6.774664 13.054585 14.695334 20.420247 9.770685 3.11332 8.639491 -2.046242 8.050907 -2.253693 7.721978 0.386813 -6.410238 14.499363 -8.51227 32.508317 -11.819425 47.582927 -13.780776 52.160284 -13.157973 52.294114 -11.936668 51.1291 21.208879 -54.547808 -0.034201 0.303966 -0.209808 3.525758 0.799185 2.119753 0.977308 1.207939 0.933236 0.488812 0.824749 0.400278 -0.11273 -0.011718 0.186291 -0.417346 -0.277561 -1.966941 -0.448561 -2.379113 -0.66866 -2.698654 -0.671688 -2.511126 1.601896 3.187466
6.738752 13.234779 14.52744 21.142012 10.096121 4.309332 8.859605 -2.130181 8.256388 -1.111826 8.01723 1.276198 -6.266215 14.403427 -8.157429 31.024504 -11.784804 42.810994 -13.696516 46.62748 -13.156739 46.243954 -12.028936 45.362318 21.413127 -47.35578 -0.035912 0.180194 -0.167894 0.721765 0.325435 1.196012 0.220114 -0.083938 0.205481 1.141867 0.295252 0.889385 0.144023 -0.095937 0.354841 -1.483813 0.034621 -4.771933 0.08426 -5.532804 0.001234 -6.050161 -0.092268 -5.766782 0.204247 7.192028
6.644192 13.376316 14.493945 25.312465 10.943595 8.346021 10.133728 3.352815 9.435305 2.110308 9.01818 4.616377 -6.268021 14.16311 -8.275497 30.822819 -11.028773 38.368946 -12.271321 41.398197 -12.032941 39.952892 -11.221659 39.380914 21.468246 -37.842584 -0.09456 0.141537 -0.033495 4.170454 0.847474 4.036689 1.274124 5.482996 1.178917 3.222135 1.00095 3.340179 -0.001806 -0.240317 -0.118068 -0.201684 0.756031 -4.442048 1.425195 -5.229282 1.123798 -6.291062 0.807276 -5.981404 0.055119 9.513196
6.912145 13.32657 13.58507 27.800035 10.304859 14.137873 9.358284 10.519618 8.833149 8.105096 8.498535 10.09593 -6.234187 13.912597 -9.77675 31.786638 -9.160915 29.580146 -8.427 29.651552 -8.057791 26.487595 -7.890859 26.99877 16.89094 -18.382499 0.267953 -0.049746 -0.908875 2.48757 -0.638735 5.791852 -0.775445 7.166803 -0.602156 5.994788 -0.519645 5.479553 0.033835 -0.250512 -1.501253 0.963819 1.867858 -8.7888 3.844321 -11.746645 3.97515 -13.465297 3.3308 -12.382144 -4.577306 19.460085
6.68318 13.292903 12.503281 28.984815 9.763613 20.499498 9.104976 18.544978 8.641937 15.926492 8.343229 17.269897 -6.463677 13.798657 -10.798767 30.940259 -7.350725 25.836247 -5.710465 25.211638 -5.372542 21.769339 -5.549482 22.601479 14.01448 -5.842847 -0.228965 -0.033668 -1.081789 1.184779 -0.541246 6.361625 -0.253308 8.02536 -0.191212 7.821396 -0.155306 7.173967 -0.22949 -0.11394 -1.022017 -0.84638 1.81019 -3.743899 2.716535 -4.439914 2.685249 -4.718256 2.341378 -4.397291 -2.876461 12.539652
6.562233 13.712326 11.925119 29.604468 8.415198 24.839327 7.053947 24.584892 6.70476 21.429166 6.6374 22.165057 -6.71438 14.039683 -11.245397 30.829152 -6.265125 23.850021 -4.288402 22.815928 -4.04537 19.145781 -4.259309 20.219553 10.75013 2.283385 -0.120947 0.419423 -0.578162 0.619653 -1.348415 4.339829 -2.051029 6.039914 -1.937178 5.502674 -1.705828 4.89516 -0.250703 0.241026 -0.44663 -0.111106 1.0856 -1.986226 1.422063 -2.39571 1.327172 -2.623558 1.290172 -2.381927 -3.26435 8.126232
6.53919 13.86773 11.341357 29.298082 6.203008 27.354583 4.228365 28.338084 3.637606 25.43892 3.928798 25.770935 -6.725636 13.900051 -11.590672 29.534748 -6.020817 22.744122 -3.913257 22.009793 -3.613567 18.430158 -3.942499 19.474113 7.251173 7.008761 -0.023043 0.155404 -0.583762 -0.306386 -2.212191 2.515256 -2.825582 3.753191 -3.067154 4.009753 -2.708602 3.605878 -0.011256 -0.139633 -0.345275 -1.294404 0.244308 -1.105899 0.375146 -0.806135 0.431803 -0.715622 0.316811 -0.74544 -3.498957 4.725376
6.313926 14.135537 10.969847 29.563481 4.386377 27.84667 2.133358 28.696221 1.548195 25.97996 2.012193 26.37915 -6.779933 13.921109 -12.12489 28.282666 -5.175012 20.640463 -2.873796 19.483286 -2.590695 16.733131 -3.035781 18.081123 4.13889 9.246829 -0.225264 0.267807 -0.37151 0.265399 -1.81663 0.492087 -2.095008 0.358137 -2.089411 0.54104 -1.916605 0.608215 -0.054297 0.021058 -0.534219 -1.252082 0.845805 -2.10366 1.03946 -2.526507 1.022872 -1.697028 0.906718 -1.39299 -3.112283 2.238068
6.332344 14.496329 10.783863 29.993701 3.220922 26.379657 0.780761 26.278186 0.334108 23.777246 0.86208 24.551857 -6.874087 13.620457 -12.553993 26.725459 -4.492518 18.976846 -2.121872 17.250711 -1.852104 15.240154 -2.353245 16.801438 2.186212 8.537093 0.018418 0.360793 -0.185984 0.43022 -1.165456 -1.467013 -1.352596 -2.418035 -1.214087 -2.202713 -1.150113 -1.827294 -0.094154 -0.300652 -0.429103 -1.557207 0.682494 -1.663616 0.751925 -2.232575 0.738591 -1.492977 0.682536 -1.279685 -1.952678 -0.709736
6.124508 14.534459 9.80593 29.638779 0.717849 24.261874 -2.017835 23.341286 -2.136004 21.066281 -1.429686 22.112775 -6.853041 13.477197 -12.363419 26.670796 -4.004839 20.027339 -1.691112 18.430513 -1.31408 16.473526 -1.860464 17.962241 -0.821924 4.592755 -0.207835 0.038129 -0.977933 -0.354922 -2.503073 -2.117783 -2.798596 -2.9369 -2.470112 -2.710965 -2.291766 -2.439082 0.021046 -0.14326 0.190574 -0.054663 0.487679 1.050493 0.43076 1.179802 0.538024 1.233372 0.492781 1.160803 -3.008136 -3.944337
6.085306 14.308006 9.740204 29.33647 1.551741 23.883247 -0.887936 22.505289 -0.938493 20.018166 -0.404373 21.192515 -6.850961 13.147831 -12.44559 26.086402 -4.098967 19.805786 -1.802269 18.314245 -1.384291 16.442034 -1.955429 17.881188 0.445798 3.576133 -0.039202 -0.226453 -0.065726 -0.302309 0.833893 -0.378627 1.129898 -0.835997 1.197511 -1.048115 1.025313 -0.92026 0.00208 -0.329366 -0.082171 -0.584394 -0.094128 -0.221553 -0.111157 -0.116268 -0.070211 -0.031492 -0.094965 -0.081053 1.267722 -1.016623
6.046635 14.209029 9.682435 28.877884 0.979704 22.591871 -1.607859 21.150112 -1.659054 19.031534 -1.049241 20.278153 -6.769261 13.049504 -12.412614 25.23123 -3.613415 19.697487 -1.379514 18.419033 -0.835866 16.634208 -1.434934 18.033552 -0.823188 2.397326 -0.038671 -0.098976 -0.057769 -0.458586 -0.572038 -1.291376 -0.719923 -1.355177 -0.720561 -0.986633 -0.644869 -0.914362 0.0817 -0.098327 0.032976 -0.855172 0.485551 -0.108299 0.422755 0.104788 0.548425 0.192174 0.520495 0.152364 -1.268986 -1.178807
5.967259 14.284134 9.619504 28.915495 2.162105 21.976388 -0.155789 20.224431 -0.279582 18.342516 0.187522 19.60915 -6.755528 12.875223 -12.461248 24.46962 -4.22717 18.93101 -2.02575 17.555985 -1.570746 16.037229 -2.136311 17.43989 1.291165 2.305287 -0.079376 0.075105 -0.062931 0.037611 1.182401 -0.615484 1.45207 -0.925681 1.379472 -0.689018 1.236764 -0.669003 0.013733 -0.174281 -0.048634 -0.76161 -0.613755 -0.766477 -0.646237 -0.863048 -0.734881 -0.596979 -0.701377 -0.593662 2.114353 -0.092039
5.995446 14.436665 9.50774 29.435745 2.415055 22.542855 0.173151 20.758355 0.487924 18.595263 0.834543 19.863698 -6.874266 12.897369 -12.452981 24.326786 -4.151714 18.044963 -1.884574 16.360024 -1.494628 14.970544 -2.064782 16.474432 1.982552 3.624719 0.028187 0.152531 -0.111765 0.52025 0.25295 0.566468 0.32894 0.533924 0.767505 0.252748 0.64702 0.254548 -0.118738 0.022146 0.008267 -0.142834 0.075457 -0.886047 0.141177 -1.195961 0.076118 -1.066685 0.071529 -0.965458 0.691387 1.319432
5.964482 14.724624 9.674883 30.369124 4.382336 23.428211 2.467817 22.059146 2.460033 19.777229 2.706569 20.932615 -6.989539 12.894657 -12.436086 23.656014 -3.891426 17.095983 -1.59198 15.365154 -1.174328 14.166552 -1.771268 15.707234 3.63436 5.610678 -0.030965 0.287959 0.167143 0.933379 1.967281 0.885355 2.294666 1.300791 1.972109 1.181966 1.872027 1.068917 -0.115272 -0.002712 0.016895 -0.670773 0.260288 -0.94898 0.292593 -0.99487 0.3203 -0.803992 0.293514 -0.767198 1.651809 1.985958
5.948347 14.780778 9.80565 30.98056 6.449777 25.568369 5.116361 24.653187 4.86415 21.869287 4.813075 22.843 -6.99887 12.875918 -12.510148 23.376241 -3.70079 16.860858 -1.317063 15.297356 -0.903937 13.919324 -1.493552 15.49072 5.768088 7.949963 -0.016135 0.056154 0.130767 0.611436 2.067441 2.140158 2.648544 2.594042 2.404118 2.092057 2.106506 1.910385 -0.009331 -0.01874 -0.074062 -0.279772 0.190637 -0.235125 0.274917 -0.067797 0.270391 -0.247228 0.277716 -0.216514 2.133727 2.339286
5.968302 14.751557 9.71213 30.916059 7.445014 28.038675 6.482434 28.001732 6.066394 25.093991 5.903965 25.67203 -6.910509 12.700328 -12.772876 23.430389 -4.265043 16.90951 -1.872775 15.33967 -1.511312 13.67605 -2.073875 15.25127 7.577705 11.41794 0.019956 -0.029221 -0.09352 -0.064501 0.995237 2.470306 1.366073 3.348544 1.202244 3.224704 1.09089 2.82903 0.088361 -0.175589 -0.262728 0.054148 -0.564253 0.048652 -0.555712 0.042313 -0.607374 -0.243273 -0.580323 -0.23945 1.809618 3.467977
5.856687 14.914951 9.67471 30.721432 5.942971 29.385775 4.507011 29.8356 3.860527 27.32529 3.991264 27.756524 -6.959632 12.710592 -12.749469 23.090327 -4.211536 16.461319 -1.825857 14.889416 -1.454768 13.266522 -2.033368 14.863428 5.315295 14.058769 -0.111616 0.163394 -0.03742 -0.194627 -1.502043 1.347101 -1.975423 1.833868 -2.205867 2.2313 -1.912701 2.084494 -0.049123 0.010264 0.023407 -0.340062 0.053507 -0.448191 0.046918 -0.450253 0.056544 -0.409529 0.040507 -0.387841 -2.262411 2.640828
5.93949 14.954785 9.759098 30.82096 4.417324 29.202187 2.492666 29.580188 2.006668 27.185756 2.335989 27.673566 -6.879404 12.729138 -12.722605 23.053014 -3.969109 16.569534 -1.556611 15.090898 -1.144853 13.519257 -1.754373 15.050122 3.151521 13.666499 0.082803 0.039834 0.084388 0.099528 -1.525646 -0.183588 -2.014345 -0.255412 -1.853859 -0.139534 -1.655275 -0.082958 0.080228 0.018546 0.026864 -0.037313 0.242427 0.108215 0.269246 0.201482 0.309914 0.252736 0.278994 0.186694 -2.163774 -0.39227
5.881011 14.996845 9.779102 30.831522 4.089761 28.468913 2.136737 28.298885 1.551247 26.132488 1.968551 26.789027 -6.891793 12.812427 -12.818363 23.172194 -3.938043 16.90295 -1.540625 15.146232 -1.138338 13.62735 -1.742524 15.044758 2.689585 12.505138 -0.058478 0.04206 0.020003 0.010562 -0.327563 -0.733274 -0.355929 -1.281303 -0.455421 -1.053268 -0.367439 -0.884539 -0.012389 0.083289 -0.095758 0.119179 0.031066 0.333416 0.015986 0.055334 0.006515 0.108093 0.011849 -0.005364 -0.461936 -1.161361
5.884939 14.890349 9.704453 30.822927 2.000505 27.141815 -0.528711 26.44791 -0.801942 24.267143 -0.14053 25.167769 -6.821758 12.863162 -12.700725 23.492122 -3.724116 18.509877 -1.407048 17.278224 -0.904474 15.937483 -1.519799 17.305622 0.102532 8.32966 0.003928 -0.106496 -0.074649 -0.008595 -2.089256 -1.327097 -2.665448 -1.850975 -2.353188 -1.865345 -2.109081 -1.621258 0.070035 0.050735 0.117639 0.319928 0.213927 1.606926 0.133577 2.131993 0.233865 2.310133 0.222725 2.260864 -2.587053 -4.175478
5.802333 14.861 9.409457 31.077415 1.559395 25.158638 -0.883025 23.421705 -0.923169 21.667415 -0.357419 22.881216 -6.80863 12.869751 -12.431246 23.649138 -3.438881 18.665141 -1.103744 17.37648 -0.615329 16.115707 -1.253885 17.526487 -0.30784 5.551708 -0.082606 -0.029349 -0.294995 0.254488 -0.44111 -1.983178 -0.354314 -3.026205 -0.121227 -2.599728 -0.216889 -2.286553 0.013128 0.006589 0.269479 0.157017 0.285235 0.155264 0.303304 0.098255 0.289145 0.178224 0.265914 0.220865 -0.410372 -2.777952
5.722499 14.856431 8.706617 31.133181 1.113182 23.539495 -1.226488 21.216679 -1.064074 19.420657 -0.583583 20.816639 -6.769341 12.85249 -12.009218 23.776203 -2.959311 19.267225 -0.676519 17.97519 -0.210685 16.758338 -0.923648 18.119657 -0.85339 2.662319 -0.079834 -0.004569 -0.70284 0.055766 -0.446212 -1.619142 -0.343463 -2.205026 -0.140905 -2.246758 -0.226164 -2.064577 0.039288 -0.017262 0.422028 0.127065 0.47957 0.602084 0.427225 0.598711 0.404644 0.64263 0.330237 0.593171 -0.545549 -2.889389
5.723852 14.753249 8.690715 30.976778 1.862943 23.250091 -0.279623 21.227002 -0.247204 19.21002 0.125098 20.542106 -6.790021 12.737733 -11.779302 23.937076 -2.870616 20.068982 -0.621504 19.229358 -0.054562 17.799243 -0.748533 18.988937 -0.192642 1.410776 0.001353 -0.103182 -0.015903 -0.156403 0.749761 -0.289404 0.946864 0.010324 0.81687 -0.210637 0.708681 -0.274533 -0.02068 -0.114757 0.229916 0.160873 0.088695 0.801757 0.055015 1.254168 0.156122 1.040906 0.175115 0.86928 0.660747 -1.251543
5.699718 14.803073 8.601123 31.240433 2.179384 23.630959 -0.243324 21.698755 0.684589 19.390303 0.774521 20.616126 -6.817374 12.654722 -11.830071 24.265808 -3.129354 19.519958 -0.835416 18.498993 -0.335348 16.850594 -0.99768 18.108532 1.019937 2.539709 -0.024134 0.049824 -0.089592 0.263655 0.316441 0.380868 0.036299 0.471753 0.931793 0.180283 0.649422 0.07402 -0.027353 -0.083011 -0.050768 0.328732 -0.258738 -0.549024 -0.213912 -0.730366 -0.280786 -0.94865 -0.249147 -0.880405 1.212579 1.128933
5.888045 15.070286 8.751655 32.049701 3.598195 23.788092 1.724064 22.82314 2.077043 20.557678 2.155614 21.567306 -6.803381 12.651268 -12.000692 24.100551 -3.326011 19.469544 -0.932065 18.626186 -0.513464 16.795114 -1.19178 18.007079 2.590507 3.762564 0.188327 0.267214 0.150532 0.809267 1.418811 0.157133 1.967388 1.124385 1.392454 1.167375 1.381093 0.95118 0.013992 -0.003454 -0.170621 -0.165257 -0.196657 -0.050414 -0.096649 0.127193 -0.178117 -0.05548 -0.1941 -0.101453 1.57057 1.222855
5.950874 15.353841 8.920854 32.724902 4.379725 26.405093 2.657717 25.465992 2.631438 22.534457 2.748466 23.37034 -6.891048 12.700287 -12.1566 24.140355 -3.32762 19.258106 -0.881049 18.357903 -0.510478 16.667321 -1.176283 17.880568 3.141916 5.867136 0.062829 0.283554 0.1692 0.675201 0.78153 2.617002 0.933653 2.642852 0.554395 1.976779 0.592852 1.803035 -0.087667 0.049019 -0.155908 0.039804 -0.001609 -0.211439 0.051016 -0.268283 0.002986 -0.127792 0.015497 -0.126511 0.551409 2.104571
5.963218 15.456727 9.025699 32.350561 4.435331 27.525541 2.688491 26.995036 2.538943 24.188623 2.716416 24.87205 -6.860882 12.866709 -12.365681 24.078074 -3.654903 18.986061 -1.272014 17.951638 -0.871065 16.400406 -1.527682 17.687595 3.410009 7.788217 0.012344 0.102887 0.104845 -0.374341 0.055605 1.120448 0.030774 1.529044 -0.092494 1.654166 -0.032049 1.501709 0.030166 0.166422 -0.209081 -0.062281 -0.327283 -0.272045 -0.390965 -0.406265 -0.360587 -0.266916 -0.351399 -0.192973 0.268093 1.921082
5.878299 15.288669 9.201586 31.984413 4.382443 27.868456 2.621043 27.598703 2.302742 25.017077 2.513754 25.665206 -6.897113 12.836739 -12.476656 24.070179 -3.67493 19.219437 -1.281786 18.604949 -0.87758 16.807157 -1.537731 17.986974 3.180322 8.20992 -0.084919 -0.168058 0.175887 -0.366148 -0.052887 0.342914 -0.067449 0.603667 -0.236201 0.828454 -0.202662 0.793156 -0.036231 -0.029969 -0.110975 -0.007895 -0.020027 0.233376 -0.009772 0.653312 -0.006515 0.406751 -0.010049 0.299379 -0.229686 0.421703
5.86955 15.185472 9.246546 31.95813 3.747928 27.549383 1.81393 27.200744 1.580763 24.729881 1.866722 25.433132 -6.887832 12.794435 -12.466696 24.264774 -3.619406 19.766861 -1.239151 19.510338 -0.778019 17.482716 -1.439723 18.553579 2.358782 7.247165 -0.00875 -0.103197 0.04496 -0.026283 -0.634515 -0.319073 -0.807112 -0.397959 -0.721979 -0.287196 -0.647032 -0.232074 0.00928 -0.042304 0.00996 0.194594 0.055525 0.547424 0.042635 0.905389 0.099561 0.675559 0.098008 0.566605 -0.82154 -0.962755
5.883557 14.787874 9.225792 31.220126 3.384638 27.462918 1.300561 27.387816 0.893748 24.86859 1.308203 25.507182 -6.864175 12.699699 -12.400138 24.305451 -3.580189 20.567322 -1.206017 20.49748 -0.75869 18.51179 -1.414266 19.477081 1.652437 6.3568 0.014007 -0.397599 -0.020754 -0.738004 -0.36329 -0.086465 -0.513369 0.187072 -0.687015 0.138709 -0.558519 0.07405 0.023657 -0.094736 0.066558 0.040677 0.039217 0.800461 0.033134 0.987142 0.01933 1.029074 0.025457 0.923502 -0.706345 -0.890365
5.896688 14.717752 9.25777 30.943102 3.078675 27.429658 0.953233 26.841068 0.743121 24.234492 1.143956 25.012159 -6.806594 12.72586 -12.391776 24.38544 -3.481805 20.963091 -1.084894 20.804965 -0.634128 18.928427 -1.301315 19.947138 1.377249 5.306065 0.013131 -0.070122 0.031978 -0.277025 -0.305963 -0.033259 -0.347328 -0.546747 -0.150627 -0.634098 -0.164247 -0.495023 0.057581 0.02616 0.008363 0.079989 0.098383 0.395769 0.121123 0.307485 0.124562 0.416636 0.112951 0.470057 -0.275189 -1.050735
5.817401 14.610326 9.042937 30.595252 1.827604 24.610969 -0.453162 23.054537 -0.462413 20.942533 -0.000817 22.087994 -6.805617 12.77599 -12.295857 24.458697 -3.315639 20.654285 -0.900003 20.212772 -0.460929 18.281394 -1.128051 19.422594 -0.001484 2.661139 -0.079286 -0.107425 -0.214833 -0.34785 -1.251072 -2.818689 -1.406395 -3.786531 -1.205534 -3.291959 -1.144773 -2.924165 0.000978 0.05013 0.095919 0.073257 0.166166 -0.308806 0.184891 -0.592193 0.173199 -0.647032 0.173265 -0.524545 -1.378733 -2.644926
5.818731 14.635587 9.02828 30.732116 2.539402 23.833385 0.462997 21.833983 0.428611 19.7142 0.752413 21.034408 -6.868479 12.735426 -12.154526 24.355051 -3.397515 19.628221 -1.035628 18.12866 -0.608313 16.950744 -1.244307 18.396598 1.036924 2.763456 0.001329 0.02526 -0.014657 0.136864 0.711799 -0.777584 0.916159 -1.220554 0.891024 -1.228333 0.75323 -1.053587 -0.062862 -0.040564 0.141332 -0.103647 -0.081876 -1.026064 -0.135624 -2.084112 -0.147384 -1.33065 -0.116256 -1.025996 1.038408 0.102317
5.882645 14.887965 9.091026 32.017273 2.624285 23.789191 0.491428 21.486735 0.96581 19.10336 1.160127 20.488504 -6.956249 12.769598 -12.329519 24.627262 -3.542244 17.724326 -1.128408 15.252382 -0.719595 13.967004 -1.308078 15.716031 1.685405 5.136356 0.063914 0.252378 0.062746 1.285157 0.084883 -0.044194 0.028431 -0.347248 0.537199 -0.61084 0.407714 -0.545904 -0.087771 0.034171 -0.174993 0.272211 -0.144729 -1.903895 -0.092781 -2.876279 -0.111282 -2.98374 -0.063771 -2.680567 0.648481 2.3729
5.878925 15.407196 9.31018 32.442084 3.876925 23.074147 2.133846 20.460337 2.282172 18.1429 2.33174 19.64539 -7.075974 12.973723 -12.58097 24.618825 -4.321861 15.915322 -2.147767 13.151452 -1.727641 11.895564 -2.171147 13.714689 4.009813 6.247336 -0.003719 0.519231 0.219154 0.424811 1.252639 -0.715044 1.642418 -1.026398 1.316363 -0.96046 1.171613 -0.843114 -0.119725 0.204125 -0.251451 -0.008437 -0.779617 -1.809004 -1.019359 -2.10093 -1.008046 -2.07144 -0.863069 -2.001342 2.324408 1.11098
5.953509 15.371779 9.422439 32.292438 4.935461 22.661167 3.423733 20.085049 3.476852 17.653868 3.397751 19.124401 -7.060748 12.942767 -12.792411 24.069053 -4.868516 13.974419 -2.881908 11.099958 -2.403563 10.200882 -2.737471 12.113196 5.880415 7.452986 0.074583 -0.035417 0.112259 -0.149646 1.058537 -0.41298 1.289886 -0.375289 1.19468 -0.489032 1.066011 -0.520989 0.015226 -0.030956 -0.211442 -0.549772 -0.546655 -1.940903 -0.734141 -2.051494 -0.675923 -1.694682 -0.566325 -1.601493 1.870602 1.20565
6.158727 15.074921 9.397674 32.030189 5.388921 21.406382 4.123157 18.39397 4.094988 16.04721 3.94274 17.579523 -6.950548 12.74817 -12.773961 24.403572 -6.033778 14.004308 -4.348174 10.975835 -3.80111 9.856549 -3.942215 11.720788 7.896098 6.190661 0.205219 -0.296858 -0.024766 -0.262249 0.45346 -1.254785 0.699425 -1.691079 0.618136 -1.606658 0.544989 -1.544878 0.1102 -0.194597 0.018451 0.334519 -1.165262 0.029889 -1.466265 -0.124124 -1.397547 -0.344333 -1.204744 -0.392407 2.015683 -1.262325
6.206965 14.941898 9.386474 32.037914 5.676818 20.713082 4.533446 17.309192 4.474467 15.116814 4.306573 16.764432 -6.927651 12.662959 -12.929913 24.862206 -6.594682 14.122644 -4.989612 10.852027 -4.401699 9.665763 -4.531723 11.578265 8.876166 5.45105 0.048238 -0.133023 -0.0112 0.007725 0.287896 -0.6933 0.410289 -1.084778 0.379479 -0.930396 0.363833 -0.815091 0.022897 -0.085211 -0.155953 0.458634 -0.560904 0.118336 -0.641438 -0.123808 -0.600588 -0.190786 -0.589508 -0.142524 0.980067 -0.73961
6.268364 14.896768 9.403044 32.067832 6.076002 20.177606 5.120045 16.602796 5.079323 14.469212 4.828012 16.135588 -6.874007 12.63198 -13.208452 25.217029 -6.994966 14.629614 -5.340871 11.708713 -4.709172 10.374862 -4.88354 12.144673 9.788495 4.09435 0.061399 -0.04513 0.01657 0.029919 0.399184 -0.535476 0.586599 -0.706396 0.604856 -0.647601 0.521439 -0.628844 0.053644 -0.03098 -0.278538 0.354823 -0.400284 0.50697 -0.351259 0.856686 -0.307474 0.709099 -0.351816 0.566408 0.91233 -1.3567
6.283271 14.878878 9.426457 32.007006 6.45504 19.743133 5.661541 15.987897 5.578524 13.9727 5.289763 15.697527 -6.823882 12.626719 -13.214493 25.369284 -6.527212 14.801922 -4.663011 12.098593 -4.112256 10.735098 -4.395097 12.477684 9.690779 3.237602 0.014907 -0.01789 0.023413 -0.060827 0.379038 -0.434473 0.541496 -0.614899 0.499201 -0.496513 0.461751 -0.438061 0.050125 -0.00526 -0.006041 0.152254 0.467753 0.172308 0.67786 0.38988 0.596917 0.360236 0.488442 0.333011 -0.097716 -0.856748
6.242537 14.845052 9.384453 31.950238 6.547201 19.343728 5.783534 15.502304 5.661881 13.628155 5.360663 15.415585 -6.878445 12.589231 -13.295442 25.927261 -6.268477 15.819979 -4.2817 13.106826 -3.766048 11.552069 -4.106703 13.213602 9.427929 2.076086 -0.040734 -0.033826 -0.042003 -0.056767 0.092161 -0.399405 0.121993 -0.485593 0.083357 -0.344545 0.0709 -0.281942 -0.054562 -0.037488 -0.080949 0.557977 0.258735 1.018056 0.381312 1.008233 0.346208 0.816971 0.288394 0.735918 -0.262851 -1.161516
6.228298 14.748505 9.429449 31.830847 6.720263 19.062558 5.97747 15.152881 5.911088 13.220569 5.548573 15.041336 -6.794226 12.47898 -13.284335 26.261085 -6.447259 17.818084 -4.36388 15.904239 -3.851017 13.750306 -4.253623 15.16175 9.762105 -0.529736 -0.01424 -0.096548 0.044996 -0.119391 0.173062 -0.28117 0.193936 -0.349423 0.249207 -0.407586 0.18791 -0.374249 0.084218 -0.110251 0.011107 0.333825 -0.178781 1.998106 -0.08218 2.797413 -0.084969 2.198237 -0.146919 1.948148 0.334176 -2.605823
6.268167 14.590985 9.406281 31.67125 6.700146 18.871716 5.905116 15.091997 5.840838 13.057375 5.477464 14.84991 -6.742272 12.462351 -13.203612 27.322483 -6.515044 20.272788 -4.352427 18.959725 -3.871557 16.007203 -4.331544 17.169678 9.712395 -2.949828 0.03987 -0.15752 -0.023168 -0.159597 -0.020117 -0.190842 -0.072354 -0.060883 -0.07025 -0.163195 -0.071108 -0.191426 0.051954 -0.01663 0.080723 1.061398 -0.067785 2.454704 0.011453 3.055486 -0.02054 2.256897 -0.077921 2.007928 -0.04971 -2.420092
6.204915 14.430526 9.358525 31.514648 6.688261 18.83547 5.850536 15.080956 5.777818 13.016236 5.415761 14.803118 -6.755242 12.352026 -12.703994 27.981439 -6.275481 21.023175 -4.125699 19.770649 -3.705364 16.729629 -4.130486 17.841876 9.483182 -3.713393 -0.063252 -0.160459 -0.047755 -0.156602 -0.011885 -0.036246 -0.05458 -0.011042 -0.06302 -0.041139 -0.061703 -0.046793 -0.01297 -0.110325 0.499618 0.658956 0.239563 0.750387 0.226727 0.810924 0.166193 0.722426 0.201058 0.672197 -0.229213 -0.763565
6.110734 13.990611 9.508479 30.949822 6.20293 18.444943 5.193913 14.606157 5.120462 12.595001 4.823911 14.450204 -6.69232 12.443516 -11.949605 28.649178 -6.022221 21.738628 -4.001406 20.458642 -3.655609 17.449731 -4.011765 18.533987 8.776072 -4.85473 -0.094181 -0.439915 0.149953 -0.564826 -0.485331 -0.390527 -0.656623 -0.474799 -0.657356 -0.421235 -0.59185 -0.352913 0.062922 0.09149 0.754389 0.667739 0.25326 0.715452 0.124294 0.687993 0.049755 0.720102 0.118721 0.692111 -0.707111 -1.141337
6.178558 13.898918 9.95841 30.493906 5.885333 17.876169 4.743451 13.695049 4.642451 11.799583 4.400635 13.928342 -6.63251 12.810305 -11.445326 29.143217 -5.869412 22.722629 -3.983846 21.632674 -3.58896 18.610597 -3.917125 19.617349 8.23141 -6.811014 0.067824 -0.091693 0.449932 -0.455916 -0.317597 -0.568774 -0.450462 -0.911108 -0.478011 -0.795418 -0.423276 -0.521863 0.05981 0.366789 0.504279 0.494039 0.152808 0.984001 0.01756 1.174033 0.06665 1.160866 0.09464 1.083362 -0.544661 -1.956284
6.406868 14.002743 10.374981 30.255595 5.931664 16.849154 4.758537 12.931511 4.604512 10.99208 4.431254 13.044015 -6.47583 13.138047 -11.014023 29.605612 -5.357432 23.092547 -3.470254 22.117618 -3.076044 19.024664 -3.400853 20.013526 7.680556 -8.032584 0.22831 0.103825 0.416571 -0.238311 0.046331 -1.027015 0.015086 -0.763538 -0.037938 -0.807503 0.030619 -0.884327 0.15668 0.327742 0.431302 0.462395 0.51198 0.369918 0.513592 0.484943 0.512916 0.414068 0.516272 0.396177 -0.550854 -1.22157
6.443304 13.992089 10.634565 28.997454 5.582923 16.197389 3.808635 12.627205 3.58187 10.888344 3.633904 12.876588 -6.479022 13.422921 -10.56827 29.80611 -4.920012 23.31408 -3.083411 22.305098 -2.705815 19.44375 -3.04023 20.440254 6.287685 -8.555406 0.036436 -0.010654 0.259584 -1.258141 -0.348741 -0.651765 -0.949901 -0.304306 -1.022643 -0.103736 -0.797349 -0.167426 -0.003192 0.284874 0.445753 0.200498 0.437421 0.221533 0.386843 0.18748 0.370228 0.419086 0.360623 0.426728 -1.392871 -0.522822
6.38929 13.888627 10.830563 27.597177 5.471486 16.368693 3.557765 13.34742 3.21781 11.705142 3.321856 13.440469 -6.478313 13.287395 -10.249433 29.75111 -3.831223 22.493136 -1.89155 21.190226 -1.696798 18.441647 -1.995721 19.545016 4.914609 -6.736505 -0.054014 -0.103462 0.195998 -1.400277 -0.111437 0.171304 -0.25087 0.720215 -0.364059 0.816798 -0.312048 0.563881 0.000709 -0.135526 0.318837 -0.055 1.088789 -0.820944 1.19186 -1.114872 1.009017 -1.002103 1.044509 -0.895238 -1.373076 1.818901
6.508791 13.14218 11.21912 24.953976 4.634839 16.66708 2.584618 16.587701 2.166313 14.881831 2.500242 15.946421 -6.366643 13.33043 -9.966868 29.596087 -3.16444 22.357181 -1.128036 20.707735 -1.011667 18.527064 -1.324812 19.551843 3.17798 -3.645232 0.119501 -0.746447 0.388557 -2.643201 -0.836647 0.298387 -0.973147 3.240281 -1.051497 3.176689 -0.821614 2.505952 0.111669 0.043035 0.282565 -0.155023 0.666782 -0.135955 0.763515 -0.482491 0.685132 0.085416 0.67091 0.006828 -1.736629 3.091273
6.709385 12.793046 11.569256 25.613105 4.360253 18.375295 2.085954 18.806401 1.751149 16.707143 2.19937 17.608368 -6.296664 13.441417 -9.897232 29.676092 -3.431109 22.502881 -1.4368 20.962489 -1.237494 18.61822 -1.537451 19.637322 2.988642 -1.911077 0.200593 -0.349134 0.350136 0.659129 -0.274587 1.708215 -0.498664 2.218699 -0.415164 1.825312 -0.300872 1.661947 0.069979 0.110987 0.069636 0.080004 -0.266668 0.145701 -0.308764 0.254753 -0.225827 0.091156 -0.21264 0.085479 -0.189337 1.734155
6.720376 12.513119 11.552298 26.015577 4.198611 19.70762 1.859987 19.592169 1.572633 17.212054 2.017552 18.167225 -6.387657 13.398731 -9.778774 29.813609 -3.567731 22.949174 -1.624107 21.536615 -1.390684 18.946293 -1.674962 19.923052 2.963316 -1.734239 0.010991 -0.279927 -0.016958 0.402471 -0.161642 1.332325 -0.225967 0.785768 -0.178516 0.504911 -0.181818 0.558856 -0.090992 -0.042686 0.118458 0.137517 -0.136623 0.446293 -0.187308 0.574127 -0.15319 0.328073 -0.137511 0.28573 -0.025326 0.176838
6.73039 12.377286 11.612356 26.132685 4.495639 20.097563 2.318788 19.431663 1.996773 17.210388 2.374691 18.279505 -6.399426 13.408369 -9.671608 29.918307 -3.803989 23.619634 -1.885378 22.625101 -1.593879 19.577989 -1.881281 20.368326 3.590652 -2.367601 0.010014 -0.135833 0.060058 0.117108 0.297028 0.389943 0.458801 -0.160506 0.424141 -0.001666 0.357139 0.11228 -0.011769 0.009638 0.107166 0.104699 -0.236258 0.67046 -0.261271 1.088485 -0.203195 0.631696 -0.206318 0.445274 0.627336 -0.633362
6.742692 12.343186 11.872506 25.44806 4.527271 19.449541 2.296203 18.585202 1.947069 16.514209 2.357787 17.656925 -6.396759 13.286084 -9.66582 29.766673 -3.687584 23.517078 -1.754978 22.664869 -1.433751 19.533813 -1.737967 20.28563 3.38082 -3.019604 0.012302 -0.0341 0.26015 -0.684625 0.031632 -0.648022 -0.022584 -0.84646 -0.049704 -0.696179 -0.016904 -0.622579 0.002667 -0.122285 0.005788 -0.151634 0.116405 -0.102556 0.1304 0.039768 0.160128 -0.044176 0.143313 -0.082695 -0.209832 -0.652003
6.777841 12.443992 11.935264 24.991375 4.714584 19.20976 2.482468 17.78211 2.061993 15.797228 2.462196 17.108893 -6.344751 13.314599 -9.692615 29.627019 -3.780338 23.755556 -1.899239 23.296535 -1.469743 20.064119 -1.77339 20.760196 3.531736 -4.266891 0.035149 0.100806 0.062758 -0.456685 0.187314 -0.239781 0.186265 -0.803092 0.114924 -0.716981 0.104409 -0.548032 0.052008 0.028515 -0.026795 -0.139654 -0.092754 0.238478 -0.144261 0.631666 -0.035992 0.530306 -0.035423 0.474566 0.150916 -1.247287
6.780082 12.445754 11.918724 25.445542 4.826105 18.177047 2.602637 16.453034 2.214003 14.376676 2.54842 15.846145 -6.327197 13.288113 -9.691918 29.662958 -3.970584 24.287829 -2.17233 24.061325 -1.683408 20.698664 -1.95592 21.408179 3.897411 -6.321988 0.002241 0.001761 -0.01654 0.454167 0.11152 -1.032713 0.120169 -1.329076 0.15201 -1.420552 0.086224 -1.262748 0.017554 -0.026485 0.000697 0.035939 -0.190246 0.532272 -0.273091 0.76479 -0.213665 0.634545 -0.18253 0.647983 0.365674 -2.055097
6.888855 12.457135 11.943078 25.534567 4.931486 16.945362 2.743125 14.955649 2.336001 13.004529 2.665412 14.552453 -6.263754 13.333452 -9.796372 29.657075 -4.055685 24.265 -2.246737 24.006543 -1.729515 20.730248 -2.019289 21.487454 4.065517 -7.725719 0.108773 0.011382 0.024354 0.089025 0.105381 -1.231685 0.140488 -1.497385 0.121999 -1.372147 0.116992 -1.293692 0.063443 0.045338 -0.104454 -0.005883 -0.085101 -0.022829 -0.074407 -0.054783 -0.046107 0.031585 -0.063369 0.079274 0.168106 -1.403731
6.767631 12.449273 11.896527 25.601563 4.941106 16.014034 2.951157 13.61925 2.542108 11.968517 2.749217 13.694 -6.292573 13.334429 -9.862077 29.693946 -4.101294 24.032244 -2.290434 23.589471 -1.837942 20.569655 -2.129817 21.442464 4.38005 -8.601138 -0.121224 -0.007862 -0.046551 0.066996 0.00962 -0.931329 0.208032 -1.336399 0.206107 -1.036012 0.083804 -0.858453 -0.028819 0.000978 -0.065705 0.036871 -0.045609 -0.232756 -0.043696 -0.417072 -0.108427 -0.160593 -0.110528 -0.04499 0.314534 -0.875419
6.728953 12.544972 11.907005 24.879339 4.923111 16.276848 2.883166 14.533743 2.406365 12.886977 2.645832 14.409173 -6.429553 13.389471 -9.951809 29.797617 -4.02917 23.252097 -2.194208 22.310743 -1.778454 19.548169 -2.06531 20.658419 4.184818 -6.661192 -0.038677 0.095698 0.010478 -0.722224 -0.017995 0.262815 -0.067991 0.914493 -0.135744 0.91846 -0.103384 0.715172 -0.13698 0.055042 -0.089732 0.10367 0.072125 -0.780147 0.096226 -1.278728 0.059488 -1.021487 0.064507 -0.784045 -0.195232 1.939946
6.857783 12.464151 12.050545 22.430533 4.790103 16.862836 2.752095 16.003996 2.047211 14.181492 2.434731 15.516511 -6.343299 13.631427 -9.912136 29.915887 -4.011354 22.799003 -2.20769 21.706051 -1.719868 18.871865 -1.987445 20.001879 3.767079 -4.690373 0.128829 -0.080821 0.14354 -2.448806 -0.133008 0.585988 -0.131071 1.470253 -0.359154 1.294515 -0.211102 1.107338 0.086254 0.241956 0.039673 0.118271 0.017816 -0.453094 -0.013483 -0.604692 0.058585 -0.676304 0.077865 -0.656539 -0.417739 1.970819
6.946313 12.385359 12.260693 22.565591 4.693162 17.986777 2.539176 18.40094 1.853579 16.594365 2.365661 17.491615 -6.295913 13.706756 -9.904295 29.490924 -3.558418 21.863502 -1.628855 20.599908 -1.130828 18.152893 -1.44251 19.388178 2.984408 -1.558527 0.088531 -0.078791 0.210148 0.135058 -0.096941 1.123941 -0.21292 2.396944 -0.193632 2.412874 -0.06907 1.975104 0.047386 0.075328 0.007841 -0.424963 0.452936 -0.935501 0.578836 -1.106143 0.58904 -0.718972 0.544935 -0.613701 -0.782672 3.131846
6.919539 12.398717 12.185615 23.642311 4.553789 19.226661 2.322263 19.557595 1.761353 17.533681 2.264184 18.388247 -6.316409 13.729361 -9.909415 29.545906 -3.103092 22.688803 -1.006284 21.854481 -0.540501 19.008946 -0.943488 20.057783 2.301854 -1.475266 -0.026774 0.013357 -0.075078 1.076719 -0.139374 1.239884 -0.216913 1.156655 -0.092226 0.939316 -0.101477 0.896633 -0.020495 0.022605 -0.00512 0.054982 0.455326 0.825301 0.622571 1.254573 0.590327 0.856054 0.499022 0.669605 -0.682554 0.083262
6.865704 12.23225 12.088728 24.237695 4.528797 20.793125 2.310926 21.024725 1.812553 18.784231 2.288824 19.55654 -6.357846 13.603774 -9.84655 29.546121 -2.933225 23.075345 -0.834993 22.460422 -0.463635 19.462669 -0.848421 20.416346 2.276188 -0.678438 -0.053835 -0.166467 -0.096887 0.595385 -0.024992 1.566464 -0.011337 1.46713 0.0512 1.25055 0.024641 1.168293 -0.041437 -0.125587 0.062865 0.000215 0.169867 0.386542 0.171292 0.605941 0.076866 0.453722 0.095066 0.358564 -0.025666 0.796828
6.627595 13.063249 11.705399 25.729844 4.592121 22.480759 2.347237 22.694948 1.933914 20.268291 2.39706 20.966843 -6.520969 14.077485 -9.916237 30.436334 -3.100085 23.85439 -0.948206 23.687848 -0.648814 20.102021 -1.052228 21.373561 2.582729 0.16627 -0.238109 0.830999 -0.383329 1.492149 0.063324 1.687634 0.036311 1.670223 0.121361 1.48406 0.108236 1.410303 -0.163123 0.473711 -0.069687 0.890213 -0.16686 0.779045 -0.113213 1.227427 -0.18518 0.639352 -0.203806 0.957215 0.306541 0.844708
6.540734 13.171479 11.573863 26.007199 4.693931 22.837692 2.438319 23.084664 2.029407 20.516828 2.474111 21.200585 -6.535515 14.125797 -9.770456 30.799478 -3.334054 24.854392 -1.234725 24.94024 -1.047802 21.043622 -1.399657 21.789837 3.077209 -0.526795 -0.086862 0.10823 -0.131536 0.277355 0.101811 0.356933 0.091082 0.389716 0.095493 0.248536 0.077051 0.233743 -0.014547 0.048313 0.145781 0.363144 -0.233969 1.000002 -0.28652 1.252392 -0.398988 0.941601 -0.34743 0.416276 0.49448 -0.693065
6.489533 13.219765 11.424619 27.015117 4.705894 22.579232 2.466041 22.515878 2.080786 20.076394 2.476823 20.847341 -6.597236 14.264858 -9.68951 30.885509 -3.449455 25.675771 -1.315448 25.517043 -1.261568 21.674058 -1.616749 22.245535 3.342354 -1.597664 -0.0512 0.048286 -0.149244 1.007918 0.011963 -0.258461 0.027722 -0.568786 0.051379 -0.440434 0.002712 -0.353244 -0.061721 0.139061 0.080946 0.08603 -0.115401 0.821379 -0.080723 0.576803 -0.213766 0.630435 -0.217092 0.455698 0.265145 -1.070869
6.521422 13.22951 11.224282 27.880618 4.935253 22.54599 2.847803 22.35367 2.614391 20.057446 2.879578 20.819393 -6.593671 14.180186 -9.420317 31.04609 -3.652605 26.158825 -1.641482 26.02267 -1.516423 22.082654 -1.826549 22.552267 4.130813 -2.025208 0.031888 0.009745 -0.200337 0.865501 0.229359 -0.033242 0.381762 -0.162208 0.533605 -0.018948 0.402755 -0.027949 0.003564 -0.084671 0.269192 0.160581 -0.203151 0.483054 -0.326034 0.505626 -0.254855 0.408596 -0.209799 0.306731 0.788459 -0.427544
6.594944 13.635182 11.149895 29.768655 5.568242 23.599902 3.556633 23.117539 3.471011 20.127606 3.62879 20.941722 -6.70445 14.251378 -9.414604 32.052174 -3.773946 26.419309 -1.784483 26.110116 -1.731774 22.069904 -1.967949 22.583494 5.202785 -1.942298 0.073522 0.405672 -0.074387 1.888037 0.632989 1.053911 0.70883 0.763869 0.85662 0.070161 0.749213 0.12233 -0.110778 0.071192 0.005713 1.006085 -0.12134 0.260484 -0.143 0.087446 -0.215352 -0.012749 -0.1414 0.031227 1.071972 0.08291
6.5584 13.864109 10.750556 30.339023 6.057388 23.692355 4.285562 23.016283 4.290074 20.04683 4.289109 20.866093 -6.737533 14.183176 -9.489599 31.853607 -4.157445 26.702175 -2.221134 26.659611 -2.097091 22.582242 -2.313161 22.961012 6.387165 -2.535412 -0.036544 0.228927 -0.399339 0.570369 0.489146 0.092453 0.728929 -0.101256 0.819063 -0.080776 0.660318 -0.075629 -0.033084 -0.068203 -0.074995 -0.198567 -0.383499 0.282866 -0.436652 0.549495 -0.365317 0.512338 -0.345212 0.377518 1.18438 -0.593114
6.43115 13.989714 10.265303 30.624306 6.535065 24.429792 4.978257 23.613518 5.001318 20.313799 4.900253 21.153677 -6.905136 14.150178 -9.608835 31.965989 -4.628843 27.619737 -2.769116 27.770513 -2.624458 23.659503 -2.777231 23.926556 7.625777 -3.345704 -0.12725 0.125605 -0.485253 0.285283 0.477678 0.737438 0.692695 0.597236 0.711244 0.266969 0.611144 0.287583 -0.167602 -0.032997 -0.119236 0.112382 -0.471398 0.917563 -0.547981 1.110902 -0.527367 1.077262 -0.46407 0.965545 1.238611 -0.810292
6.110597 13.964155 9.87367 30.325195 7.546961 25.393519 6.538481 24.930844 6.331933 21.363971 6.048369 21.988288 -7.419762 14.111045 -10.317111 32.022151 -5.427775 28.610018 -3.473684 29.119399 -3.217903 24.745122 -3.386208 24.868068 9.549835 -3.381151 -0.320554 -0.025558 -0.391632 -0.299111 1.011896 0.963727 1.560223 1.317325 1.330614 1.050171 1.148117 0.834611 -0.514627 -0.039133 -0.708276 0.056162 -0.798932 0.990281 -0.704569 1.348886 -0.593445 1.085618 -0.608978 0.941512 1.924059 -0.035447
5.994833 14.975235 9.521365 33.005232 8.709586 27.317297 8.15894 26.316124 8.072144 22.781652 7.644033 23.532605 -7.63728 14.566344 -10.508725 33.039922 -6.504247 30.451119 -4.880971 30.881071 -4.579258 26.87825 -4.624519 27.027279 12.651402 -4.096597 -0.115764 1.01108 -0.352305 2.680036 1.162624 1.923779 1.62046 1.38528 1.740211 1.417682 1.595664 1.544318 -0.217518 0.455299 -0.191614 1.01777 -1.076472 1.841101 -1.407287 1.761672 -1.361355 2.133128 -1.23831 2.159211 3.101566 -0.715446
5.935299 14.85976 8.780652 31.763098 10.324788 29.809216 10.570538 30.252436 10.436529 26.912197 9.666431 27.142861 -7.695314 14.434692 -10.296905 32.782289 -7.836273 32.986757 -6.869084 34.414431 -6.401387 30.564246 -6.141365 30.297312 16.837916 -3.652048 -0.059533 -0.115475 -0.740713 -1.242134 1.615202 2.491918 2.411598 3.936312 2.364385 4.130545 2.022398 3.610256 -0.058034 -0.131652 0.21182 -0.257632 -1.332027 2.535638 -1.988113 3.53336 -1.822129 3.685996 -1.516846 3.270033 4.186514 0.444549
5.763745 14.760038 8.483523 29.156217 11.439496 32.921788 12.58769 35.076442 12.161207 33.469668 11.133844 33.13534 -8.015433 14.579433 -10.025674 32.623997 -9.219876 35.390475 -8.927298 37.067786 -8.662015 33.91259 -8.117196 33.558735 20.823222 -0.442922 -0.171554 -0.099722 -0.297129 -2.606881 1.114708 3.112572 2.017152 4.824007 1.724678 6.557471 1.467413 5.992478 -0.320119 0.144741 0.271231 -0.158292 -1.383603 2.403718 -2.058214 2.653354 -2.260628 3.348345 -1.975831 3.261423 3.985307 3.209126
5.490959 14.794022 8.103794 29.404804 12.702006 36.126831 14.36342 38.424441 14.591354 37.311539 13.329655 36.932829 -8.09325 14.721221 -10.225415 33.504245 -10.792613 36.990264 -11.022532 38.085589 -11.146423 35.073963 -10.389978 34.937224 25.737777 2.237576 -0.272787 0.033984 -0.379729 0.248587 1.26251 3.205043 1.77573 3.347999 2.430147 3.841871 2.195811 3.797489 -0.077817 0.141788 -0.199741 0.880247 -1.572737 1.599789 -2.095234 1.017803 -2.484408 1.161373 -2.272782 1.378489 4.914555 2.680498
5.164742 14.818671 7.577229 29.419899 12.892294 37.589395 14.798802 39.731824 15.196478 39.128494 14.032197 38.866025 -7.738292 14.511895 -9.732047 31.462514 -12.265339 39.593244 -13.85605 42.573994 -13.28983 41.512024 -12.308133 40.748984 28.486308 -2.38353 -0.326216 0.02465 -0.526565 0.015095 0.190288 1.462564 0.435382 1.307383 0.605124 1.816955 0.702542 1.933196 0.354958 -0.209326 0.493369 -2.04173 -1.472726 2.60298 -2.833518 4.488406 -2.143407 6.438062 -1.918155 5.81176 2.748531 -4.621106
4.994816 14.541277 7.459188 29.272613 13.211548 39.292863 15.362489 41.517517 15.78126 41.594371 14.598632 41.300175 -7.515556 14.290774 -9.982529 30.981776 -14.053604 44.098774 -16.393766 47.179696 -15.939289 47.615436 -14.673051 46.861669 31.720549 -6.021065 -0.169927 -0.277394 -0.118041 -0.147286 0.319254 1.703468 0.563687 1.785693 0.584781 2.465877 0.566435 2.434149 0.222737 -0.221121 -0.250483 -0.480738 -1.788265 4.50553 -2.537715 4.605702 -2.649459 6.103411 -2.364919 6.112686 3.23424 -3.637534
5.128235 14.878684 8.0248 30.280349 13.69372 41.065076 15.892917 43.828687 16.115785 43.731239 14.839321 43.300882 -7.600906 14.217842 -10.407406 30.415431 -14.878625 44.591531 -17.350098 47.987965 -16.471165 48.58366 -15.107831 47.820112 32.58695 -4.85242 0.133419 0.337407 0.565612 1.007736 0.482172 1.772213 0.530428 2.31117 0.334525 2.136868 0.24069 2.000707 -0.085351 -0.072932 -0.424877 -0.566345 -0.825021 0.492758 -0.956333 0.808269 -0.531876 0.968224 -0.43478 0.958443 0.866401 1.168644
5.08166 15.005538 7.93069 30.56528 13.637424 42.437488 15.801316 45.26875 16.136342 45.362735 14.850104 44.879317 -7.531032 14.130515 -10.691783 30.283731 -14.941227 45.774943 -17.304623 49.449617 -16.252977 50.335485 -14.899132 49.44315 32.389319 -4.97275 -0.046575 0.126854 -0.09411 0.284931 -0.056297 1.372412 -0.0916 1.440063 0.020558 1.631495 0.010782 1.578435 0.069875 -0.087327 -0.284377 -0.131699 -0.062603 1.183411 0.045475 1.461652 0.218189 1.751825 0.2087 1.623037 -0.197631 -0.12033
5.300766 15.349543 8.134663 31.78699 14.671373 44.422096 17.157394 47.024363 17.71394 47.319221 16.348529 46.931553 -7.622549 14.415655 -11.598456 31.325042 -15.749136 48.301423 -18.077448 52.073681 -16.84742 53.043979 -15.478918 52.114034 34.56136 -5.724758 0.219107 0.344005 0.203973 1.22171 1.03395 1.984608 1.356077 1.755613 1.577598 1.956487 1.498425 2.052236 -0.091517 0.28514 -0.906673 1.041311 -0.807908 2.52648 -0.772825 2.624065 -0.594443 2.708495 -0.579786 2.670884 2.172041 -0.752008
5.110067 15.563968 7.89901 32.095906 14.336413 44.671604 16.664344 47.311524 17.180657 47.570834 15.820718 47.172245 -7.884935 14.498794 -11.90851 32.127365 -15.63994 49.752375 -17.892259 53.707597 -16.612729 54.793522 -15.269294 53.767845 33.793387 -7.222688 -0.190699 0.214425 -0.235653 0.308916 -0.33496 0.249508 -0.49305 0.28716 -0.533283 0.251612 -0.527811 0.240692 -0.262386 0.08314 -0.310054 0.802323 0.109196 1.450953 0.185189 1.633915 0.23469 1.749542 0.209624 1.653811 -0.767973 -1.49793
5.065054 15.529647 7.808346 32.091817 14.211786 44.44271 16.457319 47.126445 16.943407 47.428486 15.607446 47.079292 -7.869628 14.530116 -11.846969 33.064249 -15.382481 52.094039 -17.672703 56.365332 -16.274485 57.523695 -14.930338 56.372294 33.217892 -10.095209 -0.045013 -0.03432 -0.090665 -0.004089 -0.124627 -0.228894 -0.207025 -0.185078 -0.23725 -0.142348 -0.213271 -0.092953 0.015306 0.031322 0.061542 0.936884 0.257459 2.341664 0.219557 2.657735 0.338244 2.730173 0.338957 2.604449 -0.575495 -2.872521
4.807061 15.606901 7.27005 32.314229 13.250834 44.778687 15.505499 47.581869 15.926081 48.114806 14.613974 47.617179 -8.343023 14.79705 -12.217686 34.088039 -15.77574 53.378582 -18.011135 57.74911 -16.450006 58.86696 -15.140978 57.572746 32.376087 -10.752153 -0.257993 0.077254 -0.538296 0.222412 -0.960952 0.335976 -0.951821 0.455424 -1.017326 0.686321 -0.993472 0.537887 -0.473395 0.266933 -0.370717 1.02379 -0.39326 1.284543 -0.338432 1.383778 -0.175521 1.343265 -0.21064 1.200452 -0.841805 -0.656945
4.736799 15.897125 7.297659 32.984933 13.067424 46.119311 15.331179 49.015847 15.693772 49.683139 14.348906 49.048027 -8.445603 15.02049 -12.250835 34.46984 -15.508473 53.547397 -17.577797 57.833293 -16.211146 58.840939 -14.985341 57.578906 31.904918 -9.157801 -0.070262 0.290224 0.027609 0.670704 -0.183409 1.340625 -0.17432 1.433977 -0.232309 1.568332 -0.265068 1.430848 -0.10258 0.22344 -0.033149 0.381801 0.267267 0.168815 0.433338 0.084183 0.23886 -0.02602 0.155637 0.00616 -0.471169 1.594353
4.602563 15.802437 6.944323 32.95452 12.451112 46.353823 14.666712 49.405473 14.985603 50.103652 13.671541 49.369991 -8.603126 14.86631 -12.189367 34.05059 -15.5586 52.71858 -17.65618 56.848973 -16.49473 57.967687 -15.263808 56.74811 31.480333 -7.864034 -0.134236 -0.094688 -0.353336 -0.030413 -0.616312 0.234511 -0.664467 0.389627 -0.708169 0.420514 -0.677365 0.321963 -0.157523 -0.154179 0.061467 -0.41925 -0.050128 -0.828817 -0.078383 -0.98432 -0.283584 -0.873253 -0.278467 -0.830796 -0.424585 1.293766
4.693371 16.109663 7.149088 33.720821 12.294507 47.174096 14.448804 50.189942 14.736056 50.610828 13.448864 49.915743 -8.404398 14.718789 -11.751157 33.765757 -15.329275 51.192719 -17.342472 55.045164 -16.57905 55.96531 -15.356395 54.876363 31.315106 -5.354482 0.090808 0.307226 0.204766 0.766301 -0.156605 0.820273 -0.217909 0.784469 -0.249547 0.507176 -0.222677 0.545752 0.198728 -0.147521 0.43821 -0.284833 0.229326 -1.525861 0.313708 -1.803809 -0.08432 -2.002376 -0.092587 -1.871747 -0.165227 2.509552
4.876047 16.077903 7.008034 33.726579 11.920434 47.043395 14.04525 50.218856 14.297301 50.540841 12.994862 49.84234 -8.031112 14.667168 -11.081824 33.935249 -14.322254 51.327777 -16.417003 55.322963 -15.401113 56.202823 -14.173475 55.062932 29.698414 -5.661982 0.182676 -0.03176 -0.141054 0.005758 -0.374073 -0.130701 -0.403553 0.028914 -0.438756 -0.069988 -0.454003 -0.073403 0.373286 -0.051621 0.669333 0.169492 1.00702 0.135058 0.925469 0.277799 1.177937 0.237513 1.18292 0.186568 -1.616693 -0.3075
5.351919 16.062871 7.079166 34.08618 11.951035 47.263217 14.07578 50.350302 14.34598 50.491011 13.007593 49.849844 -7.668856 14.515832 -10.204288 34.052408 -13.033372 50.732315 -15.031615 54.605341 -13.983506 55.284625 -12.790981 54.176235 28.329486 -4.793614 0.475872 -0.015032 0.071132 0.359601 0.030601 0.219822 0.030529 0.131446 0.048679 -0.049829 0.012732 0.007504 0.362256 -0.151336 0.877535 0.117159 1.288882 -0.595462 1.385388 -0.717622 1.417607 -0.918198 1.382494 -0.886697 -1.368928 0.868368
5.058581 16.20912 7.20855 34.085417 11.895275 47.410494 13.968313 50.695854 14.141667 50.797963 12.782323 50.085133 -7.999527 14.538977 -10.249639 33.854836 -12.75593 49.786991 -14.64124 53.639036 -13.585603 54.302585 -12.44089 53.176928 27.72727 -3.504622 -0.293338 0.146249 0.129384 -0.000763 -0.05576 0.147277 -0.107467 0.345552 -0.204313 0.306952 -0.22527 0.235289 -0.330672 0.023144 -0.04535 -0.197572 0.277442 -0.945324 0.390375 -0.966305 0.397903 -0.98204 0.350091 -0.999308 -0.602216 1.288992
4.878283 15.844476 6.84163 33.696562 11.632305 47.065079 13.736856 50.203186 13.969219 50.407094 12.622088 49.747509 -8.005428 14.46397 -10.273072 34.003353 -12.700042 49.728346 -14.518151 53.507954 -13.476357 54.038775 -12.365776 52.913642 27.445576 -3.631681 -0.180298 -0.364643 -0.36692 -0.388855 -0.26297 -0.345415 -0.231457 -0.492668 -0.172448 -0.390869 -0.160235 -0.337625 -0.005901 -0.075006 -0.023434 0.148517 0.055888 -0.058645 0.12309 -0.131083 0.109246 -0.26381 0.075114 -0.263286 -0.281695 -0.127059
5.123204 16.156417 7.148707 34.049475 12.178659 47.550547 14.33993 50.779051 14.563346 50.945455 13.175452 50.269479 -7.887229 14.501858 -10.236332 33.97733 -12.544882 49.998367 -14.3841 53.858769 -13.165411 54.323268 -12.077788 53.210348 27.728757 -3.377813 0.244921 0.311941 0.307077 0.352913 0.546354 0.485468 0.603074 0.575864 0.594127 0.538361 0.553364 0.52197 0.118199 0.037888 0.03674 -0.026023 0.15516 0.270021 0.134051 0.350815 0.310946 0.284493 0.287989 0.296706 0.283182 0.253868
5.109853 15.718123 7.250142 33.554435 12.145501 47.488469 14.293438 50.779796 14.412868 51.195168 13.054621 50.453621 -7.814884 14.231473 -10.400742 33.706874 -12.911835 50.312459 -14.774635 54.245251 -13.555506 54.784679 -12.448084 53.621691 27.968374 -3.589511 -0.013351 -0.438294 0.101435 -0.49504 -0.033158 -0.062078 -0.046492 0.000745 -0.150478 0.249714 -0.120831 0.184143 0.072345 -0.270385 -0.16441 -0.270456 -0.366953 0.314093 -0.390536 0.386482 -0.390095 0.461411 -0.370297 0.411344 0.239617 -0.211698
5.155951 15.435004 7.185525 33.281946 12.081277 46.842688 14.203459 50.095946 14.446539 50.381792 13.099378 49.66563 -7.797164 13.982692 -10.372877 33.539581 -12.873247 49.989921 -14.723083 53.937906 -13.613877 54.553658 -12.500218 53.376818 28.060415 -4.171866 0.046098 -0.283119 -0.064617 -0.272489 -0.064224 -0.645781 -0.089979 -0.68385 0.033671 -0.813377 0.044757 -0.787991 0.01772 -0.248781 0.027865 -0.167292 0.038588 -0.322539 0.051552 -0.307345 -0.058371 -0.231022 -0.052133 -0.244874 0.092041 -0.582355
5.110103 15.471265 7.240897 33.368149 12.262642 46.867213 14.43119 50.088015 14.652485 50.391361 13.287044 49.663261 -7.832831 14.002138 -10.449582 33.576587 -13.002229 50.023755 -14.87802 53.917274 -13.716075 54.566982 -12.616795 53.404263 28.368559 -4.175621 -0.045848 0.03626 0.055373 0.086203 0.181365 0.024524 0.227731 -0.00793 0.205946 0.00957 0.187665 -0.002369 -0.035667 0.019446 -0.076705 0.037006 -0.128981 0.033835 -0.154936 -0.020632 -0.102198 0.013325 -0.116578 0.027445 0.308144 -0.003755
5.230707 15.341935 7.433838 33.29477 12.54341 46.7356 14.787358 49.998167 14.968121 50.23056 13.57919 49.522749 -7.742801 13.893434 -10.402414 33.430645 -13.020444 49.843881 -14.890009 53.716215 -13.800392 54.310831 -12.685293 53.17246 28.768513 -4.080272 0.120604 -0.12933 0.19294 -0.073379 0.280768 -0.131613 0.356168 -0.089848 0.315636 -0.160801 0.292146 -0.140512 0.09003 -0.108704 0.047168 -0.145942 -0.018215 -0.179875 -0.011989 -0.201058 -0.084317 -0.256151 -0.068498 -0.231802 0.399953 0.09535
5.267459 15.208676 7.510722 33.268911 12.513405 46.839464 14.720637 50.05368 14.879239 50.276268 13.503355 49.580973 -7.707432 13.693029 -10.617384 33.187503 -13.433042 49.550378 -15.247062 53.401071 -14.258811 53.909492 -13.110548 52.779752 29.138049 -3.633225 0.036752 -0.133258 0.076884 -0.025859 -0.030005 0.103864 -0.066721 0.055513 -0.088882 0.045708 -0.075835 0.058225 0.035369 -0.200406 -0.21497 -0.243142 -0.412598 -0.293502 -0.357053 -0.315145 -0.458419 -0.401339 -0.425255 -0.392708 0.369537 0.447047
5.316609 15.386367 7.653928 33.553511 12.663084 47.08997 14.934188 50.313258 15.079558 50.489902 13.672376 49.804211 -7.764825 13.871858 -10.64975 33.559877 -13.405836 49.932724 -15.273371 53.770167 -14.141417 54.262626 -13.016126 53.156817 29.220974 -3.772724 0.04915 0.17769 0.143206 0.2846 0.149679 0.250506 0.213552 0.259578 0.200319 0.213635 0.169021 0.223237 -0.057393 0.178829 -0.032365 0.372374 0.027207 0.382346 -0.026309 0.369096 0.117394 0.353134 0.094423 0.377065 0.082925 -0.139499
5.370009 15.499279 7.683903 33.880419 12.618399 47.368258 14.851791 50.612772 14.995915 50.647867 13.599449 49.97806 -7.775843 13.87935 -10.653409 33.776522 -13.403621 50.210822 -15.254396 54.093474 -14.109501 54.568642 -12.996829 53.452015 29.105416 -3.920776 0.0534 0.112912 0.029975 0.326908 -0.044686 0.278288 -0.082397 0.299513 -0.083643 0.157964 -0.072926 0.173849 -0.011018 0.007492 -0.00366 0.216645 0.002214 0.278097 0.018975 0.323308 0.031915 0.306016 0.019297 0.295198 -0.115559 -0.148052
5.438977 15.578851 7.749772 33.939892 12.785494 47.501338 15.094697 50.754052 15.244627 50.856531 13.806015 50.205326 -7.798448 13.888615 -10.577181 33.837491 -13.170359 50.338036 -15.019527 54.251814 -13.891372 54.735518 -12.773147 53.618741 29.135999 -3.878987 0.068969 0.079572 0.065869 0.059474 0.167096 0.133079 0.242907 0.141281 0.248712 0.208664 0.206566 0.227267 -0.022605 0.009266 0.076228 0.06097 0.233263 0.127214 0.234869 0.15834 0.218129 0.166875 0.223681 0.166726 0.030583 0.041789
5.287296 15.789109 7.811832 34.310582 12.831926 48.0634 15.20161 51.253662 15.253276 51.398239 13.804841 50.770202 -7.996488 13.9359 -10.751677 34.033242 -13.461542 50.778612 -15.32554 54.634187 -14.249307 55.243292 -13.11169 54.182252 29.502583 -3.845054 -0.151682 0.210258 0.06206 0.37069 0.046432 0.562063 0.106913 0.499609 0.008649 0.541708 -0.001174 0.564876 -0.198039 0.047284 -0.174496 0.195751 -0.291184 0.440577 -0.306013 0.382373 -0.357935 0.507775 -0.338542 0.563511 0.366583 0.033933
5.402166 16.187239 7.872474 34.601697 12.890786 48.331317 15.230262 51.564339 15.275359 51.674202 13.831198 51.044807 -8.129427 14.266798 -10.645479 34.312448 -13.370803 51.04486 -15.308157 54.908445 -14.178175 55.536035 -13.030806 54.481843 29.453534 -3.861833 0.11487 0.398129 0.060642 0.291115 0.05886 0.267917 0.028652 0.310677 0.022084 0.275964 0.026357 0.274605 -0.132939 0.330898 0.106198 0.279206 0.090739 0.266248 0.017384 0.274259 0.071132 0.292742 0.080884 0.299591 -0.049049 -0.016779
]