11-07-20_Kanksha_4KDepth.monkey_in_box.0000000003 [ 5.594075 15.605867 8.982128 33.472911 14.840996 47.560373 17.380667 50.741091 17.427373 51.237014 15.923965 50.642368 -7.285851 14.888838 -9.39723 35.407904 -11.651233 52.556345 -13.396603 56.753126 -12.271932 57.21235 -11.226198 55.964151 29.699305 -5.975336 0.0 0.0 0.0 0.0 0.0 0.0 0.0 0.0 0.0 0.0 0.0 0.0 0.0 0.0 0.0 0.0 0.0 0.0 0.0 0.0 0.0 0.0 0.0 0.0 0.0 0.0
5.320096 15.761226 8.934855 33.737889 15.001613 47.391841 17.623317 50.625995 17.60214 50.939623 16.008002 50.344029 -7.795188 14.66192 -9.784311 35.925838 -11.862731 53.62657 -13.654771 57.780591 -12.685576 58.322731 -11.478895 57.024041 30.287716 -7.383108 -0.273979 0.15536 -0.047272 0.264978 0.160617 -0.168532 0.242651 -0.115097 0.174767 -0.297391 0.084037 -0.298339 -0.509337 -0.226918 -0.387082 0.517935 -0.211498 1.070225 -0.258169 1.027465 -0.413644 1.110381 -0.252697 1.05989 0.588411 -1.407772
5.263287 15.980324 8.928353 33.625907 14.828193 47.150552 17.367882 50.364214 17.378801 50.826269 15.844458 50.202405 -7.824919 15.276679 -9.85437 35.868186 -12.062833 53.459138 -13.903627 57.500499 -12.901306 58.121115 -11.738726 56.890899 30.280107 -7.294846 -0.056809 0.219098 -0.006503 -0.111982 -0.17342 -0.241289 -0.255436 -0.261781 -0.223339 -0.113353 -0.163543 -0.141624 -0.029731 0.614759 -0.070059 -0.057653 -0.200102 -0.167432 -0.248855 -0.280091 -0.21573 -0.201616 -0.259832 -0.133142 -0.007609 0.088263
5.256271 15.887138 8.988547 33.487386 14.770472 47.067708 17.24292 50.335377 17.247993 50.950468 15.747213 50.287652 -7.804617 15.125248 -9.834737 35.57272 -12.023139 53.005958 -13.881126 57.073945 -12.861773 57.762611 -11.716479 56.539494 30.109766 -6.812143 -0.007015 -0.093186 0.060195 -0.138521 -0.057721 -0.082844 -0.124961 -0.028837 -0.130808 0.124198 -0.097245 0.085247 0.020301 -0.151432 0.019634 -0.295466 0.039694 -0.45318 0.022501 -0.426555 0.039533 -0.358504 0.022247 -0.351405 -0.170341 0.482702
5.157524 15.304908 8.704239 32.881424 14.683521 46.396497 17.222995 49.526253 17.248857 50.092724 15.733945 49.46467 -7.676619 14.846778 -9.844056 35.627767 -12.18836 53.559801 -14.043283 57.346269 -13.063398 58.031955 -11.904123 56.897959 30.312255 -7.939231 -0.098747 -0.58223 -0.284308 -0.605962 -0.086951 -0.671211 -0.019926 -0.809124 0.000864 -0.857744 -0.013268 -0.822982 0.127998 -0.27847 -0.009319 0.055048 -0.165221 0.553843 -0.162157 0.272325 -0.201625 0.269344 -0.187644 0.358465 0.202489 -1.127088
5.181855 15.39759 8.801103 32.8302 14.733803 46.404263 17.23597 49.534252 17.261511 50.0864 15.754825 49.469826 -7.71423 14.769116 -9.846875 35.332927 -12.141144 53.371581 -13.967368 56.993696 -12.956125 57.946035 -11.826956 56.742492 30.217636 -7.859635 0.024331 0.092682 0.096864 -0.051224 0.050282 0.007766 0.012976 0.007999 0.012654 -0.006324 0.02088 0.005156 -0.037611 -0.077662 -0.002819 -0.29484 0.047216 -0.18822 0.075915 -0.352573 0.107273 -0.08592 0.077167 -0.155467 -0.094619 0.079596
5.173117 15.41245 8.813399 32.768887 14.707613 46.423155 17.189217 49.581045 17.217529 50.139648 15.723437 49.51399 -7.79961 14.748541 -9.879562 35.112232 -12.132651 53.228587 -13.946608 56.938523 -12.908202 57.762581 -11.79831 56.547296 30.125731 -7.622933 -0.008738 0.014859 0.012296 -0.061312 -0.02619 0.018892 -0.046754 0.046793 -0.043982 0.053248 -0.031388 0.044164 -0.085381 -0.020576 -0.032687 -0.220695 0.008494 -0.142995 0.02076 -0.055173 0.047922 -0.183454 0.028646 -0.195196 -0.091904 0.236702
5.08914 15.442896 8.793271 32.77629 14.655292 46.460986 17.095453 49.646854 17.06748 50.137401 15.598887 49.498177 -7.788828 14.774394 -9.889907 35.148215 -12.086955 53.243339 -13.889539 57.104599 -12.872866 57.824689 -11.737794 56.609219 29.940346 -7.687289 -0.083977 0.030446 -0.020128 0.007403 -0.052321 0.037831 -0.093764 0.065809 -0.150049 -0.002247 -0.12455 -0.015813 0.010782 0.025854 -0.010344 0.035983 0.045696 0.014752 0.057068 0.166076 0.035337 0.062108 0.060517 0.061923 -0.185385 -0.064355
5.227071 15.815994 8.865499 33.208072 14.791816 46.71821 17.319256 49.777329 17.323005 50.249344 15.825444 49.669075 -7.731551 15.15891 -9.764799 35.823667 -12.004858 53.557724 -13.789055 57.386798 -12.84039 57.983828 -11.713901 56.799322 30.163395 -7.734483 0.137931 0.373098 0.072229 0.431782 0.136524 0.257224 0.223804 0.130475 0.255525 0.111943 0.226557 0.170898 0.057277 0.384516 0.125107 0.675452 0.082096 0.314385 0.100484 0.282198 0.032476 0.159138 0.023893 0.190103 0.22305 -0.047195
5.231881 15.792409 8.878678 33.109516 14.729375 46.707535 17.201364 49.85081 17.221969 50.41737 15.748882 49.803418 -7.760674 15.09771 -9.864354 35.60859 -12.179983 53.467995 -14.022464 57.345223 -12.995058 57.982516 -11.870933 56.793529 30.217028 -7.565147 0.00481 -0.023586 0.013179 -0.098556 -0.062442 -0.010675 -0.117892 0.073481 -0.101036 0.168025 -0.076562 0.134343 -0.029123 -0.061199 -0.099555 -0.215077 -0.175124 -0.089729 -0.233409 -0.041574 -0.154668 -0.001311 -0.157031 -0.005794 0.053632 0.169337
5.312067 15.953034 8.937758 33.009019 14.809591 46.516815 17.246103 49.743745 17.258114 50.335464 15.799654 49.685815 -7.840347 14.982215 -9.914139 35.137537 -12.06705 52.97552 -13.906047 57.089707 -12.799349 57.783285 -11.680543 56.530407 30.057463 -7.447821 0.080186 0.160626 0.05908 -0.100496 0.080216 -0.19072 0.044739 -0.107065 0.036144 -0.081906 0.050771 -0.117603 -0.079674 -0.115496 -0.049785 -0.471053 0.112933 -0.492474 0.116417 -0.255516 0.195709 -0.199232 0.190389 -0.263122 -0.159565 0.117326
5.47514 15.787053 9.127414 33.059773 15.06983 46.462438 17.582643 49.627045 17.602891 50.117788 16.113615 49.49697 -7.730144 14.788073 -9.784749 35.367271 -11.88336 53.450504 -13.684374 57.583705 -12.651196 58.256158 -11.520591 56.985375 30.254087 -8.138371 0.163072 -0.165981 0.189656 0.050753 0.26024 -0.054377 0.33654 -0.1167 0.344777 -0.217676 0.313962 -0.188845 0.110203 -0.194141 0.12939 0.229734 0.18369 0.474983 0.221673 0.493997 0.148153 0.472873 0.159952 0.454968 0.196624 -0.69055
5.433655 15.933979 9.112626 33.291245 15.107083 46.553093 17.62737 49.665809 17.653197 50.119776 16.176748 49.507976 -7.766539 14.934355 -9.794497 35.74571 -11.919805 53.92468 -13.717011 57.964081 -12.729183 58.580524 -11.597267 57.340485 30.38238 -8.460748 -0.041485 0.146925 -0.014788 0.231472 0.037253 0.090656 0.044727 0.038764 0.050306 0.001988 0.063133 0.011006 -0.036395 0.146282 -0.009748 0.378439 -0.036445 0.474176 -0.032637 0.380376 -0.077987 0.324365 -0.076675 0.35511 0.128293 -0.322378
5.419284 16.271242 9.113991 33.467096 15.02558 46.863437 17.503721 50.008672 17.519802 50.552857 16.066378 49.928784 -7.757139 15.349019 -9.811601 36.048532 -11.960956 54.132766 -13.769063 58.208424 -12.723842 58.79007 -11.615303 57.540715 30.243644 -8.237213 -0.014371 0.337264 0.001365 0.175852 -0.081503 0.310344 -0.12365 0.342864 -0.133395 0.433081 -0.11037 0.420809 0.0094 0.414664 -0.017104 0.302821 -0.041151 0.208086 -0.052053 0.244343 0.005341 0.209546 -0.018036 0.20023 -0.138736 0.223535
5.35773 15.889075 9.002405 32.982925 14.848584 46.446231 17.344522 49.649146 17.331851 50.261149 15.86169 49.646327 -7.66452 15.327555 -9.82554 35.789201 -12.190273 53.662732 -14.054725 57.736221 -13.008839 58.337155 -11.881489 57.130185 30.340689 -8.076006 -0.061554 -0.382167 -0.111586 -0.484172 -0.176996 -0.417206 -0.159198 -0.359526 -0.187951 -0.291708 -0.204688 -0.282457 0.09262 -0.021464 -0.013939 -0.259331 -0.229317 -0.470033 -0.285661 -0.472203 -0.284997 -0.452915 -0.266185 -0.41053 0.097045 0.161207
5.376899 15.684667 9.000134 32.884994 14.998621 46.307632 17.630196 49.404547 17.582983 49.930051 16.059917 49.371204 -7.503667 15.172431 -9.75706 35.689661 -12.142637 53.566858 -14.016685 57.47669 -13.057458 58.075592 -11.877123 56.896868 30.640441 -8.145541 0.019169 -0.204408 -0.002271 -0.09793 0.150037 -0.138599 0.285673 -0.2446 0.251132 -0.331098 0.198227 -0.275123 0.160852 -0.155124 0.06848 -0.09954 0.047636 -0.095874 0.03804 -0.259531 -0.04862 -0.261563 0.004366 -0.233316 0.299752 -0.069535
5.492175 16.00599 9.21905 33.06447 15.194517 46.448436 17.730433 49.53489 17.731458 50.070152 16.259736 49.509767 -7.510495 15.31193 -9.682685 35.618511 -12.07329 53.464761 -13.956323 57.440606 -12.990668 58.088186 -11.840338 56.914064 30.722126 -8.018035 0.115275 0.321323 0.218916 0.179476 0.195897 0.140804 0.100237 0.130343 0.148475 0.140101 0.199819 0.138563 -0.006828 0.139499 0.074375 -0.07115 0.069347 -0.102097 0.060362 -0.036085 0.06679 0.012594 0.036785 0.017196 0.081685 0.127506
5.405807 15.991503 9.184605 33.084089 15.215755 46.442807 17.757422 49.50974 17.762685 50.033283 16.281468 49.47198 -7.534155 15.288413 -9.768274 35.605699 -12.153891 53.530025 -14.044309 57.529241 -13.034609 58.174044 -11.868873 56.990993 30.797294 -8.140761 -0.086367 -0.014487 -0.034446 0.019619 0.021237 -0.00563 0.026989 -0.02515 0.031227 -0.036868 0.021732 -0.037786 -0.02366 -0.023517 -0.085589 -0.012812 -0.0806 0.065264 -0.087985 0.088635 -0.043941 0.085858 -0.028536 0.076929 0.075167 -0.122726
5.533874 16.090846 9.357345 33.033657 15.37689 46.329099 17.944765 49.40064 17.948663 50.029856 16.457158 49.407756 -7.394132 15.548882 -9.814575 35.838854 -12.301955 54.057002 -14.243725 58.037335 -13.165274 58.677965 -11.986977 57.515758 31.113937 -8.648109 0.128067 0.099343 0.17274 -0.050431 0.161135 -0.113708 0.187343 -0.1091 0.185978 -0.003427 0.175691 -0.064224 0.140023 0.260469 -0.046301 0.233155 -0.148064 0.526977 -0.199416 0.508094 -0.130665 0.503922 -0.118104 0.524765 0.316644 -0.507349
5.6925 16.000178 9.407759 32.886854 15.586585 45.75862 18.173152 48.63787 18.301141 49.214414 16.809922 48.651043 -7.095635 15.583977 -9.733865 35.704508 -12.379086 53.951213 -14.284036 57.969609 -13.175252 58.592215 -12.013978 57.437816 31.476393 -9.377801 0.158626 -0.090668 0.050414 -0.146803 0.209695 -0.570479 0.228387 -0.76277 0.352478 -0.815442 0.352764 -0.756714 0.298497 0.035095 0.080711 -0.134346 -0.077131 -0.105789 -0.040311 -0.067726 -0.009978 -0.08575 -0.027001 -0.077942 0.362456 -0.729692
5.726761 16.097805 9.573901 32.759953 15.772605 45.619434 18.358701 48.524368 18.458337 49.072015 16.961855 48.524183 -7.103997 15.582967 -9.985983 35.102999 -12.501699 53.064585 -14.40376 57.133323 -13.18855 57.813698 -12.005067 56.656069 31.646886 -8.741683 0.034261 0.097626 0.166142 -0.126901 0.18602 -0.139186 0.185549 -0.113502 0.157195 -0.142398 0.151932 -0.12686 -0.008363 -0.00101 -0.252119 -0.601509 -0.122613 -0.886628 -0.119725 -0.836286 -0.013298 -0.778517 0.008911 -0.781748 0.170493 0.636119
5.716032 15.518218 9.37888 32.153925 15.72184 45.096597 18.368423 47.882608 18.633372 48.52412 17.111665 48.0939 -6.981829 15.052256 -10.08077 33.935216 -12.739331 50.87333 -14.596766 54.881641 -13.365781 55.551073 -12.15314 54.393026 31.999153 -7.026953 -0.010729 -0.579587 -0.19502 -0.606027 -0.050765 -0.522837 0.009722 -0.64176 0.175035 -0.547895 0.14981 -0.430283 0.122169 -0.530711 -0.094786 -1.167783 -0.237632 -2.191254 -0.193006 -2.251682 -0.177231 -2.262625 -0.148073 -2.263042 0.352266 1.71473
5.852777 15.104908 9.244192 31.101525 15.014088 43.524641 17.422587 46.382332 17.683685 46.703303 16.220742 46.289265 -6.944504 14.831927 -10.127032 32.089931 -12.935951 47.791153 -14.900869 51.770586 -13.605991 52.468294 -12.33837 51.398385 31.289676 -5.764991 0.136745 -0.413311 -0.134689 -1.0524 -0.707752 -1.571956 -0.945836 -1.500276 -0.949687 -1.820818 -0.890923 -1.804635 0.037324 -0.220329 -0.046262 -1.845285 -0.196621 -3.082177 -0.304103 -3.111055 -0.24021 -3.082779 -0.18523 -2.994642 -0.709477 1.261961
5.919087 14.198688 9.634387 29.470205 14.916134 41.779381 17.169815 44.797146 17.25319 45.092529 15.843254 44.577736 -6.781799 14.082092 -10.023239 30.161488 -13.073245 45.061612 -15.070847 48.863685 -14.017037 49.521089 -12.738514 48.538971 31.270227 -4.42856 0.06631 -0.90622 0.390196 -1.63132 -0.097954 -1.74526 -0.252771 -1.585186 -0.430495 -1.610774 -0.377488 -1.711529 0.162706 -0.749835 0.103793 -1.928443 -0.137293 -2.729541 -0.169978 -2.906901 -0.411046 -2.947205 -0.400144 -2.859414 -0.019449 1.336432
6.045735 13.676625 9.583557 28.468347 14.034992 39.723372 16.030842 42.823309 15.929282 42.827362 14.672124 42.20711 -6.715426 13.446796 -10.000327 28.389859 -13.3286 42.056674 -15.337288 45.564592 -14.418849 46.015835 -13.129339 45.128095 30.348131 -3.188473 0.126648 -0.522062 -0.050831 -1.001859 -0.881141 -2.056009 -1.138973 -1.973838 -1.323909 -2.265167 -1.17113 -2.370626 0.066373 -0.635296 0.022912 -1.771629 -0.255355 -3.004938 -0.266442 -3.299093 -0.401813 -3.505254 -0.390825 -3.410876 -0.922096 1.240087
6.072921 13.460362 9.615958 27.327302 13.408142 38.128307 15.172201 41.301748 14.636588 41.319135 13.475174 40.770283 -6.684107 12.902287 -9.992728 25.885364 -13.315961 38.315079 -15.321198 41.693428 -14.260954 41.99768 -13.00526 41.252068 28.897542 -0.678545 0.027186 -0.216264 0.032401 -1.141044 -0.62685 -1.595065 -0.858641 -1.521561 -1.292694 -1.508227 -1.196951 -1.436827 0.031319 -0.544509 0.0076 -2.504495 0.012639 -3.741595 0.01609 -3.871164 0.157896 -4.018155 0.124079 -3.876027 -1.450589 2.509928
6.077647 13.254029 9.819847 25.28874 12.890804 36.114195 14.329123 39.58967 13.220334 39.676353 12.243408 39.149246 -6.686437 12.744057 -9.990484 23.38331 -13.258615 34.451494 -15.277749 37.451491 -14.138415 37.52887 -12.931412 37.066862 27.35875 2.147484 0.004727 -0.206333 0.20389 -2.038562 -0.517339 -2.014112 -0.843078 -1.712078 -1.416254 -1.642781 -1.231766 -1.621038 -0.002331 -0.158229 0.002244 -2.502054 0.057346 -3.863585 0.043449 -4.241937 0.122538 -4.468811 0.073847 -4.185206 -1.538792 2.826029
6.148398 13.141927 10.172713 24.061546 12.485659 34.284613 13.607848 37.919167 12.134546 37.917981 11.296731 37.368611 -6.646857 12.641031 -10.056323 21.768233 -13.205168 30.74545 -15.223503 33.366916 -14.048252 32.957348 -12.871107 32.716313 26.182798 4.960632 0.070751 -0.112101 0.352865 -1.227194 -0.405145 -1.829582 -0.721276 -1.670504 -1.085788 -1.758373 -0.946677 -1.780635 0.03958 -0.103027 -0.065839 -1.615077 0.053447 -3.706044 0.054246 -4.084575 0.090164 -4.571521 0.060305 -4.350549 -1.175952 2.813148
6.112093 12.756854 10.392672 22.490016 12.055331 33.004084 12.966532 36.468312 11.424935 36.520246 10.677928 35.957542 -6.520543 12.170315 -10.052288 19.863561 -13.048232 27.840158 -14.887515 29.898426 -13.776612 29.503193 -12.81659 29.451945 25.201547 7.017052 -0.036305 -0.385073 0.219959 -1.57153 -0.430328 -1.280528 -0.641316 -1.450855 -0.709611 -1.397735 -0.618804 -1.411068 0.126314 -0.470716 0.004035 -1.904672 0.156936 -2.905291 0.335988 -3.46849 0.271639 -3.454155 0.054517 -3.264368 -0.98125 2.05642
5.934322 12.146688 10.556078 20.916933 12.071818 31.595361 12.922323 34.887791 11.551243 34.611017 10.835463 34.120697 -6.32706 11.419791 -9.768274 18.764675 -12.936392 25.368011 -14.850968 26.902241 -13.837019 26.312733 -12.829742 26.525211 25.388262 8.298284 -0.177771 -0.610167 0.163406 -1.573083 0.016487 -1.408723 -0.044209 -1.580521 0.126308 -1.909229 0.157535 -1.836845 0.193483 -0.750524 0.284013 -1.098886 0.111839 -2.472147 0.036547 -2.996185 -0.060406 -3.190461 -0.013152 -2.926734 0.186715 1.281232
5.997169 12.077588 11.138874 21.348691 12.308377 31.599259 13.174498 34.99884 11.793709 34.504682 11.092973 34.049064 -6.397009 11.499721 -9.925333 21.145767 -12.997371 26.821578 -14.888626 28.044438 -13.960668 26.839805 -12.868378 27.16592 25.754377 7.664877 0.062847 -0.0691 0.582796 0.431758 0.236559 0.003898 0.252175 0.111049 0.242466 -0.106335 0.25751 -0.071633 -0.069949 0.07993 -0.157058 2.381092 -0.060979 1.453567 -0.037658 1.142198 -0.12365 0.527072 -0.038636 0.640708 0.366116 -0.633407
6.077516 12.157902 11.512858 21.79386 13.230693 32.304329 14.178628 35.377157 12.882924 34.906077 12.178922 34.498405 -6.531799 11.791086 -10.738257 21.536857 -14.703283 28.622669 -16.750196 29.998571 -16.09557 29.2238 -15.042904 29.488003 28.978494 5.682278 0.080347 0.080314 0.373983 0.445169 0.922316 0.705069 1.00413 0.378317 1.089215 0.401396 1.085949 0.449342 -0.13479 0.291365 -0.812924 0.39109 -1.705912 1.801091 -1.861569 1.954132 -2.134901 2.383995 -2.174526 2.322084 3.224117 -1.982599
6.776476 12.384963 11.537343 22.960213 13.988298 33.253458 15.345067 36.587307 14.088708 36.700156 13.190413 36.253408 -6.254297 12.353286 -11.312205 22.493634 -16.961923 32.867214 -19.591692 35.470173 -18.893075 35.598436 -17.529637 35.496011 32.981783 1.10172 0.69896 0.227061 0.024486 1.166353 0.757605 0.949129 1.166439 1.21015 1.205784 1.794079 1.011491 1.755002 0.277501 0.5622 -0.573948 0.956777 -2.258641 4.244545 -2.841496 5.471602 -2.797505 6.374636 -2.486733 6.008008 4.003289 -4.580557
6.806481 12.246698 11.832678 22.889319 15.066719 34.348032 16.757625 38.034096 15.447116 38.500276 14.359528 37.898979 -6.316665 11.894682 -11.810145 21.35298 -18.104163 33.191839 -21.000934 36.184004 -20.192721 36.59198 -18.788886 36.459067 35.639837 1.908296 0.030005 -0.138265 0.295335 -0.070894 1.078421 1.094574 1.412559 1.44679 1.358408 1.80012 1.169115 1.645571 -0.062367 -0.458604 -0.49794 -1.140654 -1.14224 0.324625 -1.409242 0.713831 -1.299646 0.993544 -1.259249 0.963056 2.658054 0.806576
6.710094 12.083346 11.80954 23.265463 15.432203 35.165006 17.22452 38.992912 16.049236 39.477253 14.966249 38.795328 -6.350747 12.201291 -12.371382 22.253883 -18.73419 33.956343 -21.416402 37.822443 -20.49962 38.398409 -19.182983 38.129395 36.548856 1.078844 -0.096387 -0.163352 -0.023139 0.376144 0.365484 0.816974 0.466895 0.958815 0.60212 0.976977 0.606722 0.89635 -0.034082 0.306609 -0.561237 0.900903 -0.630027 0.764504 -0.415468 1.638439 -0.306898 1.806429 -0.394097 1.670328 0.909019 -0.829452
7.013112 12.347889 12.19939 24.330232 16.307187 36.659858 18.177527 40.540949 17.125428 40.745088 15.936995 40.107247 -6.271115 12.486795 -12.54513 23.009339 -18.311915 35.813156 -20.843253 39.83452 -19.673154 40.342841 -18.38513 39.956078 36.798581 0.402248 0.303018 0.264543 0.38985 1.064768 0.874984 1.494852 0.953007 1.548037 1.076192 1.267835 0.970745 1.311919 0.079632 0.285503 -0.173748 0.755456 0.422275 1.856813 0.573149 2.012077 0.826466 1.944432 0.797853 1.826683 0.249726 -0.676596
7.34759 12.969175 12.556118 24.974519 16.035235 37.019074 17.784345 40.832573 16.608787 40.990633 15.437263 40.192103 -6.124666 12.615195 -13.220114 22.341293 -17.987731 35.330999 -20.150954 38.775057 -18.855864 39.003187 -17.726919 38.703263 35.46465 1.987445 0.334477 0.621286 0.356728 0.644287 -0.271952 0.359216 -0.393182 0.291625 -0.516641 0.245544 -0.499731 0.084856 0.146449 0.1284 -0.674984 -0.668046 0.324184 -0.482157 0.692299 -1.059464 0.81729 -1.339653 0.658211 -1.252815 -1.333931 1.585197
7.411849 13.192388 12.923288 24.981925 15.186447 37.02493 16.611809 41.030756 14.953351 40.982702 13.93261 40.240714 -6.472597 12.952685 -13.584197 22.71423 -17.338094 35.326162 -19.400078 39.083847 -17.759952 39.491048 -16.643921 39.180228 32.713303 1.491654 0.06426 0.223213 0.367171 0.007406 -0.848788 0.005856 -1.172537 0.198182 -1.655436 -0.00793 -1.504654 0.048611 -0.34793 0.33749 -0.364083 0.372937 0.649637 -0.004837 0.750875 0.308791 1.095912 0.487861 1.082999 0.476965 -2.751347 -0.495791
7.445532 13.181475 12.923187 24.875459 14.866996 36.471817 16.280437 40.684697 14.123708 40.161684 13.381463 39.506462 -6.488159 12.976211 -14.32665 22.684661 -16.77117 35.12952 -18.17719 39.003184 -16.048571 39.023796 -15.259948 38.697395 30.172279 1.137888 0.033683 -0.010914 -0.000101 -0.106466 -0.319451 -0.553113 -0.331372 -0.346059 -0.829643 -0.821018 -0.551146 -0.734252 -0.015563 0.023526 -0.742453 -0.02957 0.566924 -0.196642 1.222888 -0.080663 1.71138 -0.467253 1.383972 -0.482833 -2.541023 -0.353765
7.229799 13.029253 12.380517 23.961833 13.437134 35.556981 14.563191 40.053198 12.915254 39.586684 12.001908 38.899854 -6.544992 13.10122 -14.131483 21.955159 -15.738645 33.191904 -17.090806 36.79162 -15.030921 36.553004 -14.300597 36.296633 27.946174 3.03368 -0.215733 -0.152221 -0.54267 -0.913626 -1.429862 -0.914836 -1.717246 -0.631499 -1.208454 -0.575 -1.379555 -0.606608 -0.056833 0.125009 0.195166 -0.729501 1.032525 -1.937616 1.086384 -2.211565 1.017651 -2.470791 0.959352 -2.400762 -2.226105 1.895791
7.172734 12.683558 12.084168 23.131615 12.739956 34.456378 13.801867 38.672549 12.751055 38.192523 11.503005 37.56845 -6.474209 12.754822 -13.586369 21.258962 -15.161297 32.2047 -16.527465 35.671502 -14.68474 36.234897 -13.910103 36.004186 27.435794 1.957625 -0.057065 -0.345695 -0.296348 -0.830218 -0.697178 -1.100603 -0.761324 -1.380649 -0.164199 -1.394162 -0.498903 -1.331404 0.070783 -0.346398 0.545114 -0.696197 0.577348 -0.987205 0.563341 -1.120117 0.346181 -0.318107 0.390494 -0.292447 -0.51038 -1.076055
7.120407 12.159932 12.234336 22.521722 12.564683 34.02527 13.147956 38.015121 11.374497 37.525898 10.795641 37.082738 -6.277081 12.359488 -12.82925 20.800912 -15.185681 30.06922 -16.850254 32.953537 -15.107587 32.31495 -14.225206 32.226366 26.482084 5.210948 -0.052327 -0.523627 0.150168 -0.609893 -0.175273 -0.431108 -0.653911 -0.657427 -1.376557 -0.666624 -0.707364 -0.485712 0.197127 -0.395334 0.757119 -0.45805 -0.024384 -2.135479 -0.322789 -2.717966 -0.422847 -3.919947 -0.315103 -3.77782 -0.95371 3.253323
7.071877 11.268595 11.882597 21.826118 12.329161 32.654732 12.925524 36.894238 11.022609 35.970908 10.539436 35.619652 -6.078637 11.575052 -11.6404 19.654059 -14.91856 28.749388 -16.94198 31.458789 -15.349135 30.894023 -14.32249 30.852789 26.371744 5.076885 -0.04853 -0.891337 -0.351739 -0.695604 -0.235522 -1.370537 -0.222433 -1.120883 -0.351888 -1.55499 -0.256205 -1.463085 0.198445 -0.784436 1.18885 -1.146853 0.267121 -1.319832 -0.091726 -1.494747 -0.241548 -1.420927 -0.097284 -1.373577 -0.11034 -0.134063
7.112181 11.25178 11.695766 22.069898 12.588799 32.578847 13.309526 36.627576 11.552817 35.790494 10.962534 35.424444 -6.08446 11.285555 -11.121744 19.560418 -15.2951 28.938875 -17.620128 31.640622 -16.200957 31.579921 -15.030634 31.551877 27.753773 4.210573 0.040305 -0.016814 -0.186831 0.24378 0.259638 -0.075886 0.384003 -0.266662 0.530207 -0.180414 0.423098 -0.195208 -0.005823 -0.289497 0.518656 -0.093642 -0.37654 0.189486 -0.678149 0.181833 -0.851822 0.685897 -0.708145 0.699088 1.382029 -0.866312
7.08434 11.017478 11.586946 21.297476 12.688798 31.567356 13.70067 35.434976 11.964512 35.111102 11.122596 34.755477 -5.863503 10.938361 -10.662842 18.332449 -15.380511 28.059056 -17.763516 30.972543 -16.454348 31.266215 -15.135956 31.248841 28.41886 3.844887 -0.027841 -0.234303 -0.10882 -0.772423 0.099999 -1.011491 0.391144 -1.1926 0.411695 -0.679392 0.160062 -0.668967 0.220957 -0.347194 0.458902 -1.227969 -0.08541 -0.879818 -0.143388 -0.668079 -0.253391 -0.313705 -0.105321 -0.303036 0.665087 -0.365686
6.65772 11.413541 11.445737 21.137938 13.319218 31.101719 14.126611 34.90577 12.075984 34.781787 11.393476 34.397611 -6.27079 11.289528 -11.350319 18.70729 -15.463063 29.426983 -17.747864 32.790503 -16.065097 32.929328 -14.853689 32.7126 28.141081 1.852459 -0.42662 0.396064 -0.141209 -0.159538 0.63042 -0.465637 0.425941 -0.529206 0.111473 -0.329316 0.270879 -0.357866 -0.407287 0.351167 -0.687477 0.374842 -0.082552 1.367927 0.015652 1.81796 0.389251 1.663113 0.282267 1.463759 -0.277779 -1.992428
6.932247 11.197585 11.722499 21.029949 13.933289 31.624538 15.405548 35.441321 13.673639 35.502291 12.652934 35.079259 -6.18535 11.10093 -11.257902 18.679404 -15.251249 29.922199 -17.133957 33.316541 -15.381277 33.003443 -14.320812 32.768536 29.054916 2.498847 0.274527 -0.215957 0.276762 -0.107989 0.614071 0.522819 1.278937 0.535551 1.597655 0.720504 1.259458 0.681648 0.08544 -0.188598 0.092417 -0.027886 0.211814 0.495216 0.613907 0.526038 0.68382 0.074115 0.532877 0.055936 0.913835 0.646389
6.9965 11.631602 11.831564 21.609974 14.287269 32.256311 15.709013 36.011797 14.118743 36.113888 13.125676 35.68399 -6.326571 11.007482 -11.71155 18.574139 -13.998476 30.554098 -15.653872 34.334195 -13.780567 34.204102 -12.761036 33.705497 27.89931 1.909786 0.064254 0.434017 0.109065 0.580025 0.35398 0.631773 0.303465 0.570476 0.445104 0.611597 0.472742 0.604731 -0.141221 -0.093448 -0.453648 -0.105265 1.252773 0.631899 1.480085 1.017654 1.60071 1.200658 1.559776 0.936961 -1.155606 -0.589061
7.099909 11.783209 11.891413 22.38642 14.156079 32.702869 15.402192 36.312133 13.92042 36.136472 12.959099 35.763782 -6.297842 11.153141 -11.67832 18.770248 -12.762645 29.830104 -14.018875 33.168006 -12.12208 32.888657 -11.291352 32.622445 26.0425 3.247815 0.103408 0.151607 0.059849 0.776446 -0.13119 0.446558 -0.306821 0.300336 -0.198323 0.022584 -0.166577 0.079793 0.028729 0.145659 0.03323 0.196108 1.235831 -0.723994 1.634997 -1.166189 1.658487 -1.315445 1.469684 -1.083052 -1.85681 1.338029
7.23542 12.056357 12.162286 22.326085 13.520712 32.881144 14.492446 36.705908 12.881887 36.364082 12.056035 35.844615 -6.343704 11.565542 -11.702421 18.942794 -12.075925 29.39963 -12.998527 32.49872 -11.140364 32.449588 -10.488388 32.615593 24.022251 3.914493 0.135511 0.273147 0.270873 -0.060335 -0.635368 0.178275 -0.909746 0.393775 -1.038533 0.227609 -0.903064 0.080833 -0.045863 0.412402 -0.024101 0.172547 0.68672 -0.430474 1.020348 -0.669286 0.981715 -0.439069 0.802964 -0.006852 -2.020249 0.666678
7.015932 11.85244 12.641966 21.32104 12.442571 33.441782 13.206339 37.726367 11.54452 36.973947 10.817772 36.325133 -6.483918 11.761546 -11.902502 19.607317 -11.291316 29.144096 -11.815491 32.196379 -10.016254 31.289321 -9.556139 31.185675 21.560773 5.684626 -0.219488 -0.203916 0.47968 -1.005045 -1.078141 0.560638 -1.286107 1.020458 -1.337367 0.609866 -1.238263 0.480518 -0.140214 0.196004 -0.200081 0.664523 0.784609 -0.255534 1.183036 -0.302342 1.124111 -1.160267 0.932249 -1.429918 -2.461478 1.770133
6.999338 11.981526 12.358236 20.987585 11.69768 31.795689 11.127174 35.455719 9.806281 35.725275 9.699631 35.073867 -6.551015 11.812317 -12.190235 20.22489 -10.988933 29.484531 -11.302406 32.274875 -9.721926 31.203076 -9.38471 31.047627 19.528207 4.522198 -0.016594 0.129086 -0.28373 -0.333455 -0.744891 -1.646093 -2.079165 -2.270648 -1.738238 -1.248673 -1.118141 -1.251265 -0.067097 0.050771 -0.287732 0.617573 0.302383 0.340435 0.513086 0.078496 0.294328 -0.086245 0.171429 -0.138047 -2.032566 -1.162428
7.046592 11.617801 12.631238 20.660067 10.95385 31.643832 10.600084 35.277534 9.093291 35.208941 9.005582 34.626991 -6.345633 11.497 -12.179038 19.632131 -11.019281 29.308873 -11.382091 32.155114 -9.626925 30.653411 -9.27428 30.406052 18.720216 4.555529 0.047255 -0.363725 0.273001 -0.327519 -0.74383 -0.151858 -0.52709 -0.178185 -0.712991 -0.516334 -0.694048 -0.446877 0.205383 -0.315318 0.011197 -0.592759 -0.030348 -0.175658 -0.079685 -0.119761 0.095001 -0.549665 0.11043 -0.641575 -0.807992 0.033331
6.996679 11.815271 12.858212 20.627671 10.178113 31.535047 9.469694 35.066456 7.9849 33.373642 8.095682 32.889944 -6.323504 11.830932 -12.275103 20.54953 -11.166152 28.91348 -11.164895 31.330669 -9.664363 29.029751 -9.425807 28.856367 17.649263 4.343891 -0.049913 0.19747 0.226974 -0.032395 -0.775737 -0.108784 -1.13039 -0.211078 -1.10839 -1.835299 -0.909901 -1.737046 0.022128 0.333932 -0.096065 0.917399 -0.146872 -0.395393 0.217196 -0.824445 -0.037438 -1.62366 -0.151527 -1.549685 -1.070952 -0.211638
7.011992 11.67964 13.026398 20.806307 9.119809 31.501818 7.965565 34.675384 6.789976 32.01251 7.049787 31.718528 -6.30379 11.543185 -12.594599 20.590878 -10.525441 28.605479 -10.108945 30.689919 -8.789286 27.939391 -8.712092 27.802622 15.579262 4.073119 0.015312 -0.13563 0.168186 0.178635 -1.058304 -0.03323 -1.504129 -0.391072 -1.194924 -1.361132 -1.045895 -1.171416 0.019714 -0.287747 -0.319496 0.041348 0.640711 -0.308001 1.05595 -0.64075 0.875077 -1.09036 0.713715 -1.053745 -2.070001 -0.270772
6.867403 11.543861 12.847817 20.869893 8.80627 29.030848 7.526147 31.73784 6.374967 28.765601 6.626046 28.572768 -6.338775 11.402601 -12.607813 21.693844 -9.889925 27.879596 -9.131256 29.87693 -7.968453 26.862949 -7.962707 26.725382 14.34342 1.902652 -0.144589 -0.135779 -0.178581 0.063586 -0.313538 -2.47097 -0.439417 -2.937543 -0.415009 -3.246909 -0.423741 -3.14576 -0.034985 -0.140584 -0.013214 1.102966 0.635517 -0.725883 0.977689 -0.812989 0.820833 -1.076442 0.749385 -1.077241 -1.235843 -2.170467
6.814831 11.515111 12.896657 21.780697 8.50786 24.677637 6.922108 26.609781 5.741262 24.007669 5.994886 24.188742 -6.354243 11.222416 -12.542653 21.505973 -8.740261 26.340517 -7.624444 28.908983 -6.17778 26.186368 -6.38904 25.918689 11.919042 -2.178699 -0.052571 -0.02875 0.04884 0.910804 -0.298411 -4.35321 -0.604039 -5.128059 -0.633705 -4.757932 -0.63116 -4.384026 -0.015467 -0.180185 0.06516 -0.187871 1.149663 -1.539078 1.506811 -0.967947 1.790673 -0.676581 1.573667 -0.806692 -2.424377 -4.081351
6.86726 11.644021 13.152504 23.414347 7.923931 21.961716 5.969352 22.684214 5.119884 19.993261 5.485612 20.621958 -6.29122 11.580539 -12.484816 23.724058 -7.164687 25.74552 -5.441102 27.839556 -4.259032 25.026563 -4.706976 24.988076 9.378916 -5.033302 0.052428 0.12891 0.255847 1.63365 -0.583929 -2.715921 -0.952756 -3.925568 -0.621378 -4.014409 -0.509274 -3.566784 0.063023 0.358123 0.057837 2.218086 1.575574 -0.594997 2.183342 -1.069427 1.918748 -1.159805 1.682064 -0.930613 -2.540126 -2.854604
6.999093 12.065151 12.749535 25.915185 7.152009 19.236466 5.01467 17.873716 4.619461 15.518719 4.956585 16.773006 -6.1317 12.098691 -12.345397 25.397113 -6.712857 25.997075 -4.909977 27.945271 -3.854042 25.154886 -4.348382 25.20276 8.473504 -9.636167 0.131834 0.421131 -0.402969 2.500838 -0.771922 -2.72525 -0.954682 -4.810497 -0.500423 -4.474542 -0.529027 -3.848952 0.15952 0.518152 0.139418 1.673055 0.45183 0.251555 0.531125 0.105715 0.40499 0.128323 0.358593 0.214684 -0.905412 -4.602864
6.875437 12.193882 13.107991 25.924149 6.721532 17.041606 4.888153 14.741623 4.443622 12.844032 4.661709 14.384234 -5.975744 12.18726 -12.111139 26.765969 -4.567906 25.574324 -2.19439 27.369425 -1.639792 25.126001 -2.316016 24.738368 6.083414 -12.281969 -0.123656 0.128731 0.358456 0.008965 -0.430477 -2.194861 -0.126517 -3.132093 -0.17584 -2.674687 -0.294876 -2.388772 0.155956 0.08857 0.234258 1.368856 2.144951 -0.422752 2.715588 -0.575846 2.21425 -0.028884 2.032366 -0.464392 -2.39009 -2.645802
6.960994 11.961317 13.218939 23.944354 6.591767 13.125381 4.865909 10.37479 4.309708 9.090742 4.550159 10.947916 -6.141055 12.129083 -11.40669 27.00358 -4.230058 25.063163 -2.371898 25.546718 -1.508301 23.379427 -1.976767 23.913568 5.818009 -14.288685 0.085557 -0.232565 0.110948 -1.979795 -0.129765 -3.916225 -0.022244 -4.366833 -0.133914 -3.75329 -0.11155 -3.436318 -0.165311 -0.058177 0.704449 0.237611 0.337848 -0.51116 -0.177509 -1.822707 0.131491 -1.746574 0.339249 -0.8248 -0.265405 -2.006716
7.087106 11.676708 13.093442 23.193026 6.782472 11.995727 5.071616 9.005895 4.568464 7.783702 4.700899 9.721562 -5.755785 12.291422 -10.628343 27.732903 -3.870544 24.901009 -1.963079 24.887902 -1.281139 22.440481 -1.736358 23.221803 5.849603 -14.656779 0.126112 -0.284609 -0.125498 -0.751328 0.190705 -1.129654 0.205708 -1.368895 0.258756 -1.30704 0.15074 -1.226354 0.38527 0.162339 0.778347 0.729322 0.359514 -0.162154 0.408819 -0.658816 0.227162 -0.938946 0.240409 -0.691766 0.031593 -0.368094
7.039934 11.265847 13.469589 22.209626 6.694883 11.754984 4.975033 9.010795 4.394531 7.937706 4.568601 9.755433 -5.61589 12.142655 -10.208383 27.746195 -3.138769 23.925924 -0.967744 24.362671 -0.497305 21.693772 -1.016054 22.938478 4.891837 -13.756067 -0.047171 -0.410861 0.376147 -0.983399 -0.087589 -0.240743 -0.096583 0.0049 -0.173932 0.154004 -0.132298 0.03387 0.139895 -0.148767 0.419959 0.013292 0.731775 -0.975084 0.995335 -0.52523 0.783834 -0.746709 0.720304 -0.283325 -0.957766 0.900713
6.919003 11.176938 13.539606 21.314189 6.487083 12.163991 4.751986 9.99743 4.105628 9.057125 4.331523 10.751835 -5.715442 12.095135 -9.903643 27.433935 -2.537245 23.212543 -0.462532 22.889659 0.030452 20.47666 -0.486231 21.486327 4.075176 -11.419535 -0.120932 -0.088909 0.070018 -0.895438 -0.2078 0.409007 -0.223047 0.986636 -0.288904 1.11942 -0.237077 0.996402 -0.099552 -0.04752 0.304741 -0.31226 0.601524 -0.713381 0.505212 -1.473013 0.527757 -1.217112 0.529823 -1.452151 -0.816661 2.336532
6.90825 10.957173 13.511091 21.472207 6.116229 14.282799 4.266036 12.737992 3.599703 11.328906 3.967214 12.7891 -5.706343 12.097535 -9.512675 27.601042 -2.145359 22.223666 -0.027549 21.555731 0.302571 19.008628 -0.161076 19.921479 3.297132 -7.679722 -0.010753 -0.219765 -0.028515 0.158018 -0.370854 2.118808 -0.485951 2.740562 -0.505924 2.27178 -0.36431 2.037266 0.009099 0.002399 0.390968 0.167108 0.391886 -0.988877 0.434983 -1.333928 0.272119 -1.468033 0.325155 -1.564848 -0.778043 3.739813
7.125133 10.940677 13.749987 21.127054 5.882573 16.182697 3.827125 14.995229 3.158355 13.293472 3.658563 14.783227 -5.572221 12.32906 -9.2747 27.576008 -1.818112 21.943471 0.330549 21.400514 0.722778 18.840656 0.259948 19.734034 2.435577 -5.547184 0.216883 -0.016496 0.238895 -0.345153 -0.233656 1.899898 -0.438911 2.257237 -0.441349 1.964566 -0.308651 1.994127 0.134122 0.231525 0.237975 -0.025034 0.327247 -0.280195 0.358099 -0.155216 0.420207 -0.167972 0.421023 -0.187445 -0.861555 2.132538
7.290295 10.93592 13.875982 21.667123 6.046882 17.314419 3.928164 17.199323 3.298697 15.287161 3.805205 16.28139 -5.54862 12.380853 -9.175244 27.927196 -1.821119 23.255605 0.424239 23.212361 0.704542 20.445901 0.232264 21.124166 2.594155 -5.15874 0.165161 -0.004756 0.125995 0.540069 0.164309 1.131722 0.101039 2.204093 0.140342 1.993689 0.146642 1.498163 0.0236 0.051793 0.099456 0.351188 -0.003007 1.312134 0.09369 1.811847 -0.018236 1.605245 -0.027683 1.390132 0.158578 0.388443
7.165164 11.155993 13.967425 21.489543 5.88789 17.167595 3.663021 16.945389 3.053159 15.226179 3.628039 16.282344 -5.698436 12.641051 -9.56113 28.338575 -1.972586 23.935425 0.291145 23.985434 0.690812 21.155345 0.177693 21.811187 2.362347 -5.929166 -0.125131 0.220072 0.091442 -0.17758 -0.158992 -0.146824 -0.265142 -0.253934 -0.245538 -0.060982 -0.177166 0.000954 -0.149816 0.260198 -0.385886 0.411379 -0.151467 0.679821 -0.133094 0.773072 -0.01373 0.709444 -0.054571 0.687021 -0.231808 -0.770426
7.057348 11.610141 13.865885 22.255194 5.918089 16.809586 3.789136 15.948555 3.173742 14.344373 3.643408 15.633959 -5.856693 13.03688 -9.876454 28.247064 -2.250183 24.670136 -0.062287 24.930137 0.566915 22.137821 0.001183 22.758168 2.606827 -7.793447 -0.107816 0.454149 -0.101539 0.765651 0.030199 -0.358009 0.126114 -0.996834 0.120583 -0.881806 0.015369 -0.648385 -0.158256 0.395828 -0.315323 -0.091511 -0.277597 0.734711 -0.353432 0.944704 -0.123897 0.982475 -0.17651 0.946981 0.24448 -1.864281
7.041398 11.599788 13.781169 22.212785 6.17179 15.892631 4.132655 14.457509 3.523114 13.144848 3.932884 14.646277 -5.793384 12.899604 -9.968573 28.054136 -2.502626 24.80824 -0.326759 25.338155 0.338516 22.531557 -0.249606 23.032391 3.184599 -9.386709 -0.01595 -0.010353 -0.084716 -0.042409 0.253701 -0.916955 0.343519 -1.491046 0.349373 -1.199526 0.289476 -0.987682 0.063309 -0.137275 -0.092119 -0.192928 -0.252444 0.138104 -0.264472 0.408018 -0.228399 0.393736 -0.25079 0.274223 0.577772 -1.593262
6.951815 11.522147 13.710374 22.122225 6.333035 15.578857 4.400754 13.741249 3.863245 12.346858 4.240948 14.060333 -5.628076 12.782297 -9.729356 28.229591 -2.590558 24.863473 -0.448576 25.415638 0.105757 22.576037 -0.435114 22.986022 3.757489 -10.229179 -0.089583 -0.077641 -0.070795 -0.09056 0.161245 -0.313774 0.268099 -0.71626 0.340131 -0.79799 0.308064 -0.585943 0.165308 -0.117308 0.239217 0.175455 -0.087932 0.055233 -0.121817 0.077483 -0.232759 0.04448 -0.185508 -0.046369 0.57289 -0.84247
7.134908 10.906133 13.754737 21.657011 6.787604 12.527582 5.020839 9.827963 4.448456 8.539081 4.642117 10.386145 -5.544016 12.277278 -9.718469 27.915522 -2.846038 24.56207 -0.764075 24.947569 -0.140864 22.104958 -0.668424 22.627589 4.589319 -13.565877 0.183094 -0.616014 0.044364 -0.465214 0.454569 -3.051275 0.620085 -3.913286 0.58521 -3.807777 0.401169 -3.674188 0.08406 -0.505018 0.010887 -0.314069 -0.25548 -0.301403 -0.315499 -0.468069 -0.24662 -0.471079 -0.23331 -0.358433 0.831831 -3.336698
6.987032 11.337382 13.463739 22.602016 6.668183 12.535346 4.899409 9.696886 4.427132 8.440149 4.58754 10.278076 -5.625412 12.631375 -9.939271 28.313279 -3.011543 24.910969 -0.874406 25.163794 -0.342524 22.381431 -0.890383 22.917056 4.769656 -13.941282 -0.147876 0.431249 -0.290999 0.945005 -0.119421 0.007764 -0.12143 -0.131077 -0.021324 -0.098932 -0.054577 -0.108069 -0.081396 0.354096 -0.220802 0.397757 -0.165504 0.348899 -0.110331 0.216225 -0.20166 0.276473 -0.221959 0.289467 0.180337 -0.375405
6.98016 11.328951 13.514498 22.327492 6.64762 12.747356 4.840729 10.560814 4.293337 9.243929 4.541394 10.87873 -5.601659 12.589601 -9.922969 28.322068 -3.275481 24.867824 -1.216048 25.131729 -0.718004 22.246936 -1.208201 22.768643 5.011341 -13.003007 -0.006872 -0.008431 0.050759 -0.274524 -0.020564 0.212011 -0.058681 0.863928 -0.133795 0.803781 -0.046146 0.600654 0.023752 -0.041774 0.016302 0.008789 -0.263938 -0.043145 -0.341642 -0.032064 -0.375479 -0.134495 -0.317818 -0.148413 0.241685 0.938275
6.993425 11.346909 13.628936 22.435865 6.613839 13.258401 4.802382 11.813617 4.263455 10.559997 4.488778 12.048542 -5.673409 12.5853 -9.922525 28.131863 -3.007987 24.191943 -0.918284 24.327579 -0.366396 21.477702 -0.867894 22.114339 4.62985 -10.917705 0.013265 0.017959 0.114438 0.108373 -0.033781 0.511044 -0.038347 1.252803 -0.029883 1.316068 -0.052616 1.169813 -0.071749 -0.0043 0.000444 -0.190204 0.267494 -0.675881 0.297764 -0.80415 0.351608 -0.769234 0.340307 -0.654304 -0.381491 2.085301
7.005039 11.372918 13.661513 22.452548 6.227437 16.592106 4.147598 16.469085 3.521457 14.738122 3.956708 15.82287 -5.773309 12.693751 -9.95419 27.898267 -2.917373 23.579606 -0.849715 23.577228 -0.326341 20.919034 -0.765574 21.660134 3.847799 -6.180912 0.011614 0.026008 0.032577 0.016683 -0.386402 3.333706 -0.654784 4.655468 -0.741997 4.178125 -0.53207 3.774327 -0.0999 0.108451 -0.031665 -0.233597 0.090614 -0.612336 0.068569 -0.750351 0.040054 -0.558668 0.10232 -0.454205 -0.782052 4.736793
6.94676 11.62402 13.600999 22.742257 5.578089 18.278816 3.315341 18.360683 2.757955 16.404906 3.310156 17.335686 -6.039956 12.829435 -10.121554 27.414325 -2.372855 23.894456 -0.201288 24.140587 0.348073 21.517572 -0.17249 22.153589 2.409881 -5.112666 -0.058278 0.251102 -0.060514 0.289708 -0.649348 1.68671 -0.832257 1.891598 -0.763503 1.666784 -0.646552 1.512817 -0.266647 0.135684 -0.167364 -0.483942 0.544518 0.31485 0.648427 0.563359 0.674415 0.598538 0.593084 0.493455 -1.437917 1.068246
6.87561 11.612442 13.40639 23.190817 5.587292 20.112601 3.340554 20.311442 2.795833 18.196806 3.353322 18.929628 -6.039229 12.851083 -10.222873 28.0633 -2.570719 25.224301 -0.264898 25.643322 0.240403 22.669938 -0.339234 23.099461 2.55543 -4.473132 -0.07115 -0.011578 -0.194609 0.448561 0.009203 1.833785 0.025213 1.950759 0.037879 1.7919 0.043166 1.593941 0.000727 0.021648 -0.101319 0.648975 -0.197864 1.329845 -0.06361 1.502734 -0.10767 1.152366 -0.166744 0.945872 0.145549 0.639534
7.190603 11.774057 13.428521 23.661903 5.618221 20.973942 3.329813 21.599719 2.813387 19.280162 3.400189 19.937542 -6.027386 12.939724 -10.309896 28.270409 -2.700451 26.201341 -0.487697 26.936647 0.238049 23.961601 -0.340351 24.334309 2.575338 -4.681438 0.314993 0.161615 0.022131 0.471085 0.030929 0.861341 -0.010741 1.288277 0.017554 1.083356 0.046867 1.007915 0.011843 0.088641 -0.087023 0.207108 -0.129732 0.977039 -0.222799 1.293325 -0.002354 1.291662 -0.001118 1.234847 0.019908 -0.208306
7.291335 11.594996 13.540834 23.853126 5.638033 20.856509 3.388572 21.143988 2.887249 18.932727 3.447008 19.668534 -6.023774 12.887231 -10.365483 28.28131 -2.87137 26.566181 -0.646821 27.522412 0.06023 24.488005 -0.524324 24.738201 2.827018 -5.555278 0.100732 -0.179061 0.112313 0.191224 0.019813 -0.117433 0.058758 -0.455731 0.073862 -0.347435 0.046819 -0.269008 0.003612 -0.052494 -0.055587 0.010902 -0.170919 0.36484 -0.159124 0.585765 -0.177819 0.526404 -0.183973 0.403893 0.251681 -0.87384
7.256234 11.686328 13.515276 23.998755 5.682892 20.185864 3.423274 20.29478 2.933657 17.951539 3.495842 18.783641 -5.986544 12.874582 -10.333297 28.374648 -2.915612 26.033682 -0.71812 26.880294 -0.014132 23.76312 -0.575987 24.079221 2.947789 -5.811581 -0.035101 0.091332 -0.025558 0.145629 0.044858 -0.670645 0.034702 -0.849208 0.046408 -0.981188 0.048834 -0.884894 0.037229 -0.012648 0.032187 0.093338 -0.044242 -0.532499 -0.071299 -0.642118 -0.074363 -0.724885 -0.051662 -0.65898 0.120771 -0.256303
7.324988 11.716479 13.544816 24.491468 5.81944 19.627413 3.585285 19.523141 3.112757 17.34803 3.607833 18.273896 -6.026471 12.902942 -10.328272 28.14354 -2.890158 25.290623 -0.705317 25.976387 0.030643 23.009858 -0.52422 23.456863 3.082114 -5.661827 0.068754 0.030151 0.02954 0.492713 0.136548 -0.558451 0.162011 -0.771639 0.1791 -0.603509 0.111991 -0.509745 -0.039926 0.02836 0.005025 -0.231108 0.025454 -0.743058 0.012803 -0.903907 0.044775 -0.753263 0.051767 -0.622359 0.134325 0.149754
7.223374 11.849129 13.673502 24.550846 5.779707 19.66252 3.585637 18.249717 3.083664 16.264835 3.547788 17.642176 -6.100723 12.851393 -10.469466 27.654085 -2.733558 25.148258 -0.474036 25.513884 0.213468 22.767743 -0.381309 23.370519 2.870196 -6.502908 -0.101614 0.13265 0.128686 0.059378 -0.039732 0.035107 0.000352 -1.273423 -0.029093 -1.083195 -0.060046 -0.63172 -0.074252 -0.051549 -0.141194 -0.489455 0.156599 -0.142366 0.231281 -0.462502 0.182825 -0.242114 0.142911 -0.086343 -0.211918 -0.841081
7.239264 11.739692 13.741732 24.431396 6.001395 16.970554 3.961349 15.299401 3.340536 13.645139 3.724194 15.180272 -6.009489 12.749055 -10.444698 27.65168 -2.896395 22.299659 -0.720888 21.68684 -0.144434 19.121295 -0.635728 20.153737 3.48497 -5.476156 0.015891 -0.109437 0.068229 -0.119451 0.221688 -2.691966 0.375712 -2.950317 0.256872 -2.619696 0.176406 -2.461904 0.091234 -0.102338 0.024769 -0.002405 -0.162837 -2.848598 -0.246853 -3.827044 -0.357902 -3.646448 -0.254419 -3.216782 0.614774 1.026753
7.193512 11.641246 13.654238 24.344563 6.124479 13.794053 4.209572 10.950336 3.657568 9.617651 3.889078 11.56221 -6.031185 12.510619 -10.517436 27.692479 -3.313819 19.813377 -1.312482 17.875284 -1.003188 15.532547 -1.295164 17.090127 4.660755 -5.914897 -0.045753 -0.098446 -0.087494 -0.086832 0.123084 -3.176501 0.248224 -4.349065 0.317031 -4.027489 0.164884 -3.618062 -0.021696 -0.238436 -0.072739 0.040799 -0.417423 -2.486283 -0.591594 -3.811556 -0.858754 -3.588748 -0.659436 -3.06361 1.175785 -0.438741
6.932729 11.632475 13.277686 24.204892 5.949622 11.594263 4.120159 8.130792 3.713578 7.047918 3.90088 9.053734 -6.155154 12.473205 -10.715032 27.742213 -4.750136 17.489496 -3.279626 14.5877 -3.147233 12.417474 -3.140175 14.036968 6.860811 -5.369556 -0.260782 -0.008771 -0.376552 -0.139672 -0.174856 -2.19979 -0.089413 -2.819544 0.05601 -2.569732 0.011802 -2.508476 -0.123969 -0.037414 -0.197595 0.049734 -1.436317 -2.323881 -1.967144 -3.287584 -2.144045 -3.115073 -1.845011 -3.053159 2.200055 0.545341
6.990659 12.144077 12.563342 25.034013 6.428391 10.724315 5.108023 6.293881 4.682183 5.109408 4.582393 7.366902 -5.876559 13.116261 -10.785308 28.566447 -5.619845 15.996292 -3.807583 12.128678 -3.770095 10.186899 -3.739667 12.118351 8.452278 -5.07749 0.05793 0.511602 -0.714344 0.829121 0.478768 -0.869948 0.987864 -1.836911 0.968605 -1.93851 0.681514 -1.686832 0.278595 0.643057 -0.070277 0.824234 -0.869709 -1.493204 -0.527957 -2.459022 -0.622863 -2.230576 -0.599492 -1.918617 1.591468 0.292066
7.054126 12.425518 12.478787 25.116587 6.764501 8.897263 5.618674 3.672859 5.238348 2.964529 5.029064 5.350608 -5.926964 13.125488 -10.919243 28.533059 -6.80663 13.812035 -5.890158 9.231132 -5.436575 7.764471 -5.115649 9.846529 10.674924 -4.799941 0.063467 0.281441 -0.084555 0.082573 0.336111 -1.827052 0.510651 -2.621022 0.556165 -2.144879 0.446671 -2.016294 -0.050405 0.009227 -0.133935 -0.033388 -1.186785 -2.184257 -2.082574 -2.897546 -1.66648 -2.422428 -1.375982 -2.271822 2.222645 0.277549
7.065111 12.57748 12.425059 25.169852 7.673848 8.778006 6.910521 3.532022 6.514788 2.890623 6.19849 5.223462 -5.858865 13.090092 -10.836414 28.212902 -7.810903 11.915627 -7.396218 7.068223 -6.768486 6.147861 -6.300929 8.248451 13.283274 -3.257239 0.010985 0.151962 -0.053728 0.053266 0.909346 -0.119257 1.291847 -0.140837 1.276439 -0.073907 1.169425 -0.127146 0.068098 -0.035396 0.08283 -0.320157 -1.004273 -1.896408 -1.50606 -2.16291 -1.33191 -1.616609 -1.18528 -1.598078 2.60835 1.542702
7.043362 12.55458 11.893225 25.017303 8.148056 8.510542 7.690513 3.211734 7.295871 2.554694 6.89165 4.881868 -5.871508 12.998688 -11.148399 26.659185 -8.466798 10.648245 -8.16063 5.695212 -7.443359 4.937246 -6.925449 6.971917 14.73923 -2.382553 -0.02175 -0.0229 -0.531834 -0.152549 0.474209 -0.267464 0.779992 -0.320289 0.781083 -0.335929 0.69316 -0.341594 -0.012642 -0.091404 -0.311986 -1.553717 -0.655895 -1.267383 -0.764412 -1.373011 -0.674874 -1.210615 -0.62452 -1.276535 1.455957 0.874686
7.032281 12.579551 11.594272 26.453361 8.397269 9.322825 8.051944 4.683116 7.768422 3.706381 7.368827 5.91529 -5.758494 12.704274 -11.464223 26.530072 -8.80537 11.076239 -8.434609 6.317896 -7.662028 5.457908 -7.216924 7.394442 15.43045 -1.751527 -0.011081 0.024971 -0.298953 1.436058 0.249213 0.812283 0.361431 1.471382 0.472552 1.151687 0.477177 1.033422 0.113013 -0.294414 -0.315824 -0.129113 -0.338572 0.427994 -0.273979 0.622684 -0.218669 0.520661 -0.291476 0.422525 0.69122 0.631025
7.027864 12.495509 11.179143 27.031869 8.904713 11.031231 8.632052 5.100119 8.361673 4.248914 7.902718 6.457803 -5.764896 12.556988 -11.405158 26.312852 -8.821535 12.854856 -8.356586 8.942887 -7.611212 7.471332 -7.235712 9.239197 15.972885 -3.222418 -0.004417 -0.084043 -0.415128 0.578508 0.507444 1.708406 0.580108 0.417003 0.593251 0.542533 0.533891 0.542513 -0.006402 -0.147286 0.059065 -0.21722 -0.016165 1.778618 0.078022 2.624992 0.050816 2.013424 -0.018787 1.844755 0.542435 -1.470891
7.517493 11.50395 10.683978 27.360389 9.577209 14.730904 9.131527 10.821879 9.126788 8.420953 8.395439 9.939989 -5.209404 11.929685 -10.80685 26.783922 -8.627906 14.866346 -8.020669 11.054537 -7.373717 9.230393 -7.034028 11.044246 16.500506 -0.80944 0.489628 -0.991559 -0.495166 0.32852 0.672495 3.699672 0.499475 5.72176 0.765115 4.172039 0.492722 3.482187 0.555491 -0.627303 0.598308 0.47107 0.193629 2.01149 0.335917 2.11165 0.237495 1.759061 0.201684 1.805049 0.52762 2.412978
7.365638 11.381575 9.950602 29.475582 9.761107 20.138651 9.700251 17.340741 9.716755 14.355785 9.161764 15.547973 -5.421716 11.637777 -10.647613 27.376807 -8.777124 19.887316 -8.054569 17.889106 -7.640669 14.958775 -7.339481 16.075572 17.357424 -0.60299 -0.151855 -0.122374 -0.733376 2.115193 0.183898 5.407748 0.568724 6.518862 0.589967 5.934832 0.766325 5.607983 -0.212312 -0.291908 0.159237 0.592884 -0.149217 5.02097 -0.0339 6.83457 -0.266951 5.728382 -0.305453 5.031326 0.856918 0.20645
7.061273 12.102354 9.335351 30.702463 9.753263 25.473848 9.971851 24.357358 10.177714 20.774338 9.630257 21.371254 -5.841094 11.991912 -10.599202 28.154245 -8.898729 24.589768 -8.088285 23.911723 -7.82668 20.571306 -7.546046 21.154121 18.004394 0.203031 -0.304365 0.720778 -0.615251 1.226881 -0.007844 5.335197 0.2716 7.016617 0.460958 6.418553 0.468493 5.823281 -0.419378 0.354135 0.048411 0.777438 -0.121605 4.702452 -0.033715 6.022617 -0.186011 5.612531 -0.206566 5.078548 0.64697 0.806022
7.096934 12.513947 8.725286 30.49559 9.757924 30.337316 9.821868 30.698663 10.109001 27.475518 9.529126 27.502048 -6.097355 12.35863 -10.469609 28.322142 -9.254763 28.576976 -8.706552 28.8185 -8.604518 25.482351 -8.119741 25.68298 18.713519 1.993167 0.035661 0.411594 -0.610065 -0.206873 0.004661 4.863468 -0.149983 6.341305 -0.068712 6.70118 -0.101131 6.130794 -0.256261 0.366718 0.129592 0.167897 -0.356033 3.987208 -0.618267 4.906777 -0.777838 4.911044 -0.573695 4.528859 0.709125 1.790136
7.401735 13.056257 9.452903 29.416901 10.051459 31.725878 10.13326 33.377993 10.010821 30.974686 9.407377 30.829209 -6.149179 12.812558 -10.451236 26.78901 -9.21931 33.770365 -9.022218 36.461544 -8.069989 34.142768 -7.589674 33.4858 18.08081 -3.168082 0.3048 0.54231 0.727618 -1.078689 0.293535 1.388562 0.311393 2.67933 -0.098181 3.499168 -0.121748 3.327161 -0.051823 0.453928 0.018373 -1.533133 0.035453 5.193388 -0.315666 7.643044 0.534528 8.660418 0.530067 7.80282 -0.632709 -5.16125
7.370949 13.185433 9.440929 28.976944 9.908098 31.274751 10.01429 32.880971 9.747243 30.505982 9.162164 30.303743 -6.313983 12.78024 -11.00015 25.578907 -9.192798 33.115634 -8.810082 35.80049 -7.812971 33.317271 -7.433814 32.636669 17.560214 -2.811289 -0.030786 0.129175 -0.011975 -0.439957 -0.143361 -0.451127 -0.118971 -0.497022 -0.263578 -0.468704 -0.245214 -0.525466 -0.164804 -0.032318 -0.548914 -1.210102 0.026512 -0.65473 0.212136 -0.661054 0.257018 -0.825498 0.15586 -0.849131 -0.520596 0.356793
7.312024 13.089913 8.907288 29.074478 9.770232 29.679245 9.854341 30.029267 9.868145 27.153099 9.285808 27.346039 -6.163013 12.510127 -11.099994 24.69998 -9.567782 30.596375 -9.163812 32.65698 -8.221343 30.004174 -7.908085 29.596895 18.089488 -2.851075 -0.058925 -0.095519 -0.53364 0.097534 -0.137866 -1.595506 -0.159949 -2.851704 0.120902 -3.352883 0.123644 -2.957705 0.15097 -0.270113 -0.099844 -0.878927 -0.374985 -2.519259 -0.35373 -3.14351 -0.408372 -3.313097 -0.474271 -3.039774 0.529274 -0.039786
7.335192 13.306835 9.591883 29.095957 9.979075 27.127525 9.85015 26.707879 9.642267 23.45545 9.190828 23.908976 -6.074455 12.624007 -11.866322 23.994347 -9.870946 27.953234 -9.224004 29.483697 -8.154282 26.725331 -7.993451 26.605222 17.796549 -3.269881 0.023168 0.216922 0.684595 0.021479 0.208843 -2.55172 -0.00419 -3.321388 -0.225878 -3.697649 -0.09498 -3.437063 0.088558 0.113881 -0.766328 -0.705633 -0.303164 -2.643141 -0.060192 -3.173283 0.067061 -3.278843 -0.085366 -2.991673 -0.292939 -0.418806
7.041603 13.214192 11.118883 28.619847 9.973091 24.053535 9.640038 23.459229 9.338444 20.667681 9.053212 21.547547 -6.07776 12.517214 -12.020758 24.469337 -10.326159 26.345542 -9.794393 27.531931 -8.469915 24.230519 -8.355674 24.552491 17.80836 -3.562838 -0.293589 -0.092643 1.526999 -0.47611 -0.005984 -3.07399 -0.210112 -3.24865 -0.303823 -2.787769 -0.137615 -2.361429 -0.003305 -0.106794 -0.154436 0.474989 -0.455213 -1.607692 -0.57039 -1.951766 -0.315633 -2.494812 -0.362223 -2.05273 0.011811 -0.292957
7.097322 12.795547 12.255555 28.460985 9.788311 19.477755 9.006655 16.952023 8.56598 14.507505 8.337665 16.088676 -6.088787 12.048319 -13.602418 25.251627 -9.945834 20.384377 -9.21559 19.225702 -7.759875 16.682637 -8.056948 18.040404 16.325855 -2.175131 0.055718 -0.418645 1.136672 -0.158861 -0.18478 -4.57578 -0.633383 -6.507206 -0.772464 -6.160176 -0.715548 -5.458871 -0.011027 -0.468895 -1.58166 0.78229 0.380325 -5.961165 0.578803 -8.306229 0.71004 -7.547882 0.298727 -6.512088 -1.482505 1.387706
6.910974 12.780163 12.607402 27.355218 9.761018 14.541864 9.036893 10.597694 8.538455 9.171435 8.275867 11.189941 -6.127882 12.129813 -13.989952 24.187994 -9.365764 15.654644 -7.727966 13.322812 -6.756461 11.805487 -7.142186 13.480648 15.294915 -2.634051 -0.186348 -0.015384 0.351846 -1.105767 -0.027293 -4.93589 0.030237 -6.354329 -0.027525 -5.33607 -0.061798 -4.898736 -0.039095 0.081494 -0.387534 -1.063633 0.580069 -4.729733 1.487625 -5.902889 1.003414 -4.87715 0.914761 -4.559755 -1.03094 -0.45892
6.832296 12.130144 13.011706 25.252324 9.55658 10.37609 8.84558 5.466682 8.269602 4.605192 8.070642 7.022038 -6.347197 11.67233 -14.185679 23.569745 -8.592507 13.495138 -6.871909 10.445961 -6.103024 9.398523 -6.361103 11.241055 14.372626 -4.793331 -0.078678 -0.650018 0.404304 -2.102894 -0.204438 -4.165775 -0.191313 -5.131012 -0.268853 -4.566243 -0.205225 -4.167902 -0.219315 -0.457484 -0.195727 -0.618249 0.773257 -2.159506 0.856057 -2.876851 0.653437 -2.406964 0.781083 -2.239594 -0.922289 -2.15928
6.664407 10.96741 12.705594 22.87268 9.139806 6.71047 8.361304 1.265937 7.849842 0.703552 7.495558 3.360805 -6.570086 10.779288 -14.326966 23.178744 -7.599601 11.61432 -5.737561 8.069235 -5.127606 7.094759 -5.31832 9.121844 12.977448 -6.391206 -0.167888 -1.162735 -0.306112 -2.379644 -0.416774 -3.66562 -0.484276 -4.200745 -0.41976 -3.90164 -0.575083 -3.661233 -0.222889 -0.893041 -0.141287 -0.391001 0.992906 -1.880819 1.134348 -2.376726 0.975418 -2.303764 1.042783 -2.11921 -1.395178 -1.597875
6.317782 10.038635 12.390596 20.861804 8.465332 4.995599 7.614142 -0.548726 7.2936 -0.762284 6.930703 1.866305 -6.859332 10.322154 -14.207608 22.959405 -7.609588 10.927787 -5.871987 7.057124 -5.352747 6.143358 -5.484831 8.178815 12.646347 -6.905642 -0.346625 -0.928774 -0.314999 -2.010876 -0.674474 -1.71487 -0.747162 -1.814663 -0.556242 -1.465836 -0.564855 -1.4945 -0.289246 -0.457135 0.119358 -0.219339 -0.009987 -0.686532 -0.134426 -1.012111 -0.225142 -0.9514 -0.166512 -0.943029 -0.331101 -0.514436
6.318676 9.857365 12.24764 19.120976 7.930541 2.19956 7.137078 -3.568637 6.944436 -3.553966 6.54586 -0.778595 -6.889173 10.528973 -13.639054 22.909659 -6.845728 10.424218 -5.179307 6.548274 -4.713759 5.772164 -4.804769 7.790142 11.658195 -9.32613 0.000894 -0.18127 -0.142956 -1.740828 -0.534791 -2.796039 -0.477064 -3.019911 -0.349164 -2.791682 -0.384843 -2.644899 -0.029841 0.206819 0.568554 -0.049746 0.76386 -0.50357 0.69268 -0.508851 0.638989 -0.371194 0.680062 -0.388673 -0.988153 -2.420488
5.70159 10.069463 11.595982 19.336325 7.247937 2.081063 6.4098 -3.691518 6.290925 -3.462762 5.854642 -0.75416 -7.444185 10.690868 -13.817373 22.874734 -5.774111 9.898701 -3.85631 5.77952 -3.541216 5.156884 -3.75019 7.274809 9.832141 -8.619645 -0.617087 0.212097 -0.651658 0.215349 -0.682604 -0.118497 -0.727278 -0.122881 -0.653511 0.091204 -0.691217 0.024435 -0.555012 0.161895 -0.178319 -0.034925 1.071617 -0.525516 1.322997 -0.768754 1.172543 -0.615281 1.054579 -0.515333 -1.826054 0.706485
5.773157 10.697317 11.471051 19.220674 6.582761 2.229625 5.573529 -3.548017 5.614811 -3.453922 5.248582 -0.809389 -7.41502 10.962886 -13.508311 22.982684 -4.990506 11.146024 -2.87427 7.511744 -2.662203 6.778127 -3.004447 8.732557 8.277014 -10.232049 0.071567 0.627854 -0.124931 -0.115651 -0.665176 0.148562 -0.836271 0.143501 -0.676113 0.008839 -0.60606 -0.05523 0.029165 0.272018 0.309062 0.10795 0.783604 1.247323 0.98204 1.732224 0.879014 1.621243 0.745744 1.457748 -1.555127 -1.612404
5.911082 11.042041 10.590905 21.256542 5.778438 4.289874 4.732764 -1.481831 4.877084 -1.551595 4.517025 1.022008 -7.473114 11.326852 -12.925252 24.21003 -4.092959 12.10092 -1.94352 8.362773 -1.616913 7.107034 -2.059591 9.057167 6.493998 -8.65863 0.137925 0.344723 -0.880146 2.035868 -0.804323 2.060249 -0.840765 2.066186 -0.737727 1.902327 -0.731558 1.831397 -0.058094 0.363967 0.583059 1.227346 0.897548 0.954896 0.93075 0.851029 1.04529 0.328907 0.944856 0.32461 -1.783016 1.57342
6.11403 8.987269 9.982806 19.722897 5.16451 3.563759 3.675008 -1.866859 4.26386 -2.006865 3.798056 0.414968 -7.416087 9.165946 -13.248268 22.597933 -4.460397 13.360608 -2.228606 10.895956 -1.940426 9.213501 -2.40761 10.827431 6.204286 -11.220366 0.202948 -2.054772 -0.608099 -1.533645 -0.613928 -0.726116 -1.057756 -0.385028 -0.613225 -0.455269 -0.718969 -0.607041 0.057027 -2.160907 -0.323015 -1.612097 -0.367439 1.259688 -0.285086 2.533183 -0.323513 2.106467 -0.34802 1.770264 -0.289711 -2.561736
7.281709 11.498979 10.950726 20.517272 5.269021 6.403065 4.482406 1.963544 4.531956 1.721919 3.929913 3.780079 -6.532052 11.153477 -11.722711 23.650986 -2.021208 15.772551 0.32711 13.816005 0.746691 12.360626 0.086635 13.868394 3.785264 -10.638708 1.167679 2.51171 0.96792 0.794375 0.104511 2.839306 0.807399 3.830403 0.268096 3.728783 0.131857 3.365111 0.884035 1.987532 1.525557 1.053053 2.439189 2.411944 2.555716 2.920049 2.687117 3.147125 2.494246 3.040963 -2.419022 0.581658
7.098174 10.953724 10.867739 22.460964 4.046053 11.545482 2.426231 8.068186 2.312034 7.085204 2.321565 8.981279 -6.515113 11.027703 -11.478123 25.066593 -2.442017 18.019488 -0.032961 16.330841 0.232625 14.33956 -0.368935 15.819871 2.079409 -7.254356 -0.183535 -0.545254 -0.082988 1.943693 -1.222968 5.142418 -2.056175 6.104642 -2.219921 5.363286 -1.608348 5.2012 0.01694 -0.125775 0.244588 1.415607 -0.420809 2.246937 -0.360072 2.514836 -0.514066 1.978934 -0.45557 1.951477 -1.705855 3.384352
6.554723 11.467525 10.684371 25.135562 3.961974 20.359209 2.05602 19.448259 1.870197 17.299694 2.228135 18.222558 -6.694695 11.478761 -11.306137 26.650098 -2.892768 21.791103 -0.477916 21.088645 -0.305712 18.331975 -0.86906 19.139186 2.175909 -1.032281 -0.543451 0.513801 -0.183368 2.674598 -0.084078 8.813727 -0.37021 11.380073 -0.441837 10.21449 -0.09343 9.24128 -0.179583 0.451058 0.171986 1.583505 -0.450751 3.771615 -0.444955 4.757804 -0.538337 3.992414 -0.500125 3.319314 0.0965 6.222075
6.328815 11.898661 10.531569 26.321095 3.833419 23.528844 1.810384 23.742461 1.569927 21.195638 2.008265 21.715462 -6.747651 12.016562 -11.039749 27.88161 -2.787548 26.057476 -0.296754 26.740241 0.065333 23.856682 -0.645554 24.06565 1.504594 -2.661043 -0.225908 0.431135 -0.152802 1.185533 -0.128555 3.169635 -0.245637 4.294202 -0.30027 3.895944 -0.21987 3.492904 -0.052956 0.537801 0.266388 1.231512 0.10522 4.266372 0.181162 5.651596 0.371045 5.524707 0.223505 4.926464 -0.671315 -1.628762
6.282324 12.329811 10.416621 27.31089 4.401433 27.008706 2.700132 28.42741 2.28883 25.597948 2.518916 25.548446 -6.825349 12.165645 -11.086872 28.49493 -3.096122 27.173197 -0.449079 28.092742 -0.046974 24.686879 -0.786668 24.797738 2.335805 0.911069 -0.046492 0.43115 -0.114948 0.989795 0.568014 3.479862 0.889748 4.684949 0.718904 4.40231 0.510651 3.832984 -0.077698 0.149083 -0.047123 0.61332 -0.308573 1.115721 -0.152326 1.352501 -0.112307 0.830197 -0.141114 0.732088 0.831211 3.572112
6.044513 13.040158 10.41019 27.828923 4.990977 27.910993 3.28238 29.342833 2.702022 26.490042 2.916121 26.544258 -6.977972 12.564453 -11.163026 29.129931 -3.711987 26.471058 -1.26861 26.903257 -0.962943 23.499617 -1.548472 23.879603 3.664964 2.990425 -0.237811 0.710347 -0.006431 0.518033 0.589544 0.902286 0.582248 0.915423 0.413191 0.892094 0.397205 0.995812 -0.152624 0.398809 -0.076154 0.635001 -0.615865 -0.70214 -0.819531 -1.189485 -0.915968 -1.187262 -0.761804 -0.918135 1.32916 2.079356
6.24845 13.281569 10.390693 28.196856 4.797596 27.53568 2.973294 28.719649 2.416509 25.759646 2.689564 25.923511 -6.850812 12.725744 -11.242518 29.295364 -3.707403 26.629594 -1.233286 27.229109 -0.857538 23.712781 -1.461253 24.074563 3.274047 2.046865 0.203937 0.241411 -0.019497 0.367934 -0.193381 -0.375313 -0.309086 -0.623184 -0.285512 -0.730395 -0.226557 -0.620747 0.127161 0.16129 -0.079492 0.165433 0.004584 0.158536 0.035325 0.325853 0.105405 0.213164 0.087219 0.194961 -0.390917 -0.943559
6.133443 13.152063 10.525811 27.478299 3.93824 25.668272 1.991701 26.196131 1.563835 23.746952 1.94428 24.10135 -6.994674 12.621373 -11.689028 28.495172 -3.664449 25.20422 -1.119205 25.295708 -0.760585 22.417113 -1.44487 22.946826 2.32442 1.329839 -0.115007 -0.129506 0.135118 -0.718558 -0.859356 -1.867408 -0.981593 -2.523518 -0.852674 -2.012694 -0.745285 -1.822162 -0.143862 -0.104371 -0.44651 -0.800192 0.042954 -1.425374 0.11408 -1.933402 0.096953 -1.295668 0.016382 -1.127738 -0.949627 -0.717026
6.238699 13.13836 10.778022 27.44244 3.592813 24.040404 1.542938 23.792109 1.246977 21.538034 1.683772 22.195062 -6.870687 12.541527 -11.800057 28.226998 -3.333277 24.335364 -0.790054 24.156067 -0.327998 21.526477 -1.06914 22.165337 1.574975 0.011557 0.105256 -0.013703 0.252211 -0.035858 -0.345427 -1.627868 -0.448763 -2.404022 -0.316858 -2.208918 -0.260508 -1.906288 0.123987 -0.079846 -0.111029 -0.268173 0.331172 -0.868857 0.329152 -1.139641 0.432587 -0.890636 0.37573 -0.781488 -0.749445 -1.318282
6.21236 13.133788 10.777193 27.470648 4.044133 23.07989 2.071279 22.343993 1.795077 20.035037 2.149415 20.882505 -6.885445 12.410381 -11.919045 27.194506 -3.617764 22.572768 -1.098478 22.093213 -0.674856 19.600964 -1.381999 20.459527 2.469933 0.434074 -0.026339 -0.004572 -0.000829 0.028208 0.45132 -0.960514 0.528342 -1.448116 0.5481 -1.502997 0.465643 -1.312557 -0.014758 -0.131145 -0.118989 -1.032493 -0.284487 -1.762596 -0.308424 -2.062854 -0.346857 -1.925513 -0.312859 -1.70581 0.894958 0.422516
6.29766 13.158649 10.968685 27.500054 5.429143 22.024491 3.664583 20.988318 3.413433 18.603501 3.669268 19.58591 -6.731814 12.32833 -11.920077 26.400772 -3.794846 20.974925 -1.336816 20.185277 -0.906217 17.826438 -1.572818 18.844542 4.31965 0.777063 0.0853 0.024861 0.191492 0.029406 1.385009 -1.055399 1.593304 -1.355675 1.618356 -1.431537 1.519853 -1.296595 0.153631 -0.082052 -0.001031 -0.793734 -0.177082 -1.597843 -0.238338 -1.907936 -0.231361 -1.774526 -0.190818 -1.614985 1.849717 0.342989
6.345129 13.047519 11.159033 26.98994 5.907351 20.989886 4.266459 19.873431 4.049772 17.58399 4.218179 18.653977 -6.719604 12.193102 -12.422854 25.4823 -4.131424 20.301369 -1.65846 19.57134 -1.116464 17.261294 -1.805833 18.367955 5.166236 0.322697 0.047469 -0.11113 0.190347 -0.510114 0.478208 -1.034606 0.601876 -1.114887 0.636339 -1.019511 0.548911 -0.931934 0.01221 -0.135228 -0.502777 -0.918472 -0.336578 -0.673556 -0.321645 -0.613937 -0.210246 -0.565144 -0.233015 -0.476587 0.846586 -0.454366
6.438941 13.041356 11.749238 27.168638 7.255214 21.258056 5.797398 20.091903 5.447185 17.61356 5.482692 18.705213 -6.730103 12.127984 -12.92854 25.428045 -4.556584 20.345688 -2.043328 19.695136 -1.47258 17.315286 -2.164173 18.447247 6.919765 0.298274 0.093812 -0.006163 0.590205 0.178698 1.347864 0.26817 1.530939 0.218472 1.397413 0.02957 1.264513 0.051236 -0.010499 -0.065118 -0.505686 -0.054255 -0.42516 0.044319 -0.384867 0.123796 -0.356117 0.053993 -0.35834 0.079292 1.75353 -0.024423
6.252027 13.237691 11.73389 27.34032 8.489031 22.538224 7.353568 21.557561 6.82404 19.126773 6.699824 20.193568 -7.148689 12.040085 -13.748142 24.796405 -4.232314 21.214977 -1.524448 20.814541 -0.967425 18.639046 -1.762924 19.745061 7.791466 0.487727 -0.186914 0.196335 -0.015348 0.171682 1.233816 1.280168 1.55617 1.465657 1.376855 1.513213 1.217133 1.488355 -0.418586 -0.087899 -0.819603 -0.631639 0.32427 0.869289 0.518879 1.119405 0.505155 1.32376 0.40125 1.297814 0.8717 0.189453
6.126785 13.164759 11.65064 27.455181 8.307743 22.865683 7.000041 22.045767 6.579661 19.59751 6.557143 20.560378 -7.292047 11.867481 -14.313295 24.745488 -6.202701 22.304052 -3.693792 22.108948 -2.888957 19.829747 -3.599089 20.743883 9.468618 -0.232238 -0.125241 -0.072932 -0.08325 0.114861 -0.181288 0.327459 -0.353527 0.488207 -0.244379 0.470737 -0.142682 0.36681 -0.143358 -0.172603 -0.565153 -0.050917 -1.970387 1.089075 -2.169344 1.294407 -1.921532 1.190701 -1.836166 0.998822 1.677153 -0.719965
6.022137 13.377413 11.329204 27.426475 8.766574 23.943955 7.73499 24.198407 7.100594 21.343344 6.986767 22.02633 -7.350436 12.017286 -14.16983 25.309527 -7.283905 24.405074 -5.122405 25.890332 -4.120168 23.076588 -4.67979 23.433805 11.220762 -1.733243 -0.104648 0.212654 -0.321436 -0.028706 0.458831 1.078272 0.734949 2.15264 0.520933 1.745835 0.429624 1.465952 -0.058389 0.149804 0.143465 0.564039 -1.081204 2.101022 -1.428613 3.781384 -1.231211 3.246841 -1.080701 2.689922 1.752144 -1.501006
5.869615 13.60324 10.288131 27.787077 9.911352 27.490181 9.742743 28.957331 9.139448 26.026887 8.66338 26.058537 -7.572117 11.948487 -14.24782 25.305468 -8.839455 28.525192 -7.046044 31.323868 -5.902255 28.21489 -6.262621 27.848554 15.041703 -2.188003 -0.152522 0.225827 -1.041073 0.360602 1.144779 3.546226 2.007753 4.758924 2.038854 4.683542 1.676613 4.032207 -0.221682 -0.068799 -0.07799 -0.004059 -1.55555 4.120117 -1.923639 5.433536 -1.782086 5.138302 -1.582831 4.414749 3.820941 -0.45476
5.98436 13.827762 9.802586 27.181694 11.919814 31.543431 12.838542 34.137276 12.127066 32.627097 11.287075 32.200292 -7.833079 12.176707 -13.865259 25.356075 -10.889363 33.159074 -10.250416 36.517105 -8.958492 33.844212 -8.734277 32.989445 21.085557 -1.217115 0.114745 0.224522 -0.485545 -0.605384 2.008462 4.05325 3.0958 5.179945 2.987617 6.60021 2.623695 6.141755 -0.260961 0.22822 0.38256 0.050607 -2.049908 4.633883 -3.204373 5.193236 -3.056237 5.629322 -2.471656 5.140892 6.043854 0.970888
5.714971 13.802403 9.437668 26.61491 13.154179 33.768016 14.778662 36.540425 14.21116 35.918576 13.124353 35.672128 -7.644865 12.225503 -11.739898 24.961472 -12.608126 35.412568 -14.122373 38.789356 -12.759975 38.424468 -11.684409 37.642187 26.971135 -2.505893 -0.269389 -0.025359 -0.364918 -0.566784 1.234365 2.224585 1.940119 2.403149 2.084094 3.291479 1.837277 3.471836 0.188214 0.048795 2.125362 -0.394604 -1.718763 2.253494 -3.871956 2.272251 -3.801483 4.580256 -2.950132 4.652742 5.885577 -1.288778
4.941684 13.955712 8.78067 27.790901 13.554871 37.738678 15.697551 40.803394 15.675396 40.54251 14.372307 40.080538 -7.978398 12.824383 -11.918518 26.760218 -15.016437 43.377128 -17.265764 47.252831 -16.103548 47.86078 -14.722258 46.858296 31.778944 -7.31827 -0.773287 0.153309 -0.656998 1.175991 0.400692 3.970662 0.918889 4.262969 1.464236 4.623935 1.247954 4.40841 -0.333533 0.598881 -0.17862 1.798746 -2.408311 7.96456 -3.143391 8.463475 -3.343573 9.436312 -3.037849 9.216109 4.807809 -4.812378
5.092347 13.803047 9.051597 28.21658 14.122295 39.786699 16.2449 42.970172 16.306287 42.925599 14.956957 42.362407 -7.777077 12.736711 -11.615473 26.892355 -15.100694 43.620583 -17.295012 47.59182 -16.249412 48.315772 -14.882839 47.39382 32.555699 -5.390173 0.150663 -0.152665 0.270927 0.425678 0.567424 2.048022 0.547349 2.166778 0.630891 2.383089 0.58465 2.281868 0.201321 -0.087672 0.303045 0.132138 -0.084257 0.243455 -0.029248 0.338989 -0.145864 0.454992 -0.160581 0.535524 0.776756 1.928097
5.116892 13.967285 8.796751 28.706178 14.595407 41.714427 17.003417 44.408551 17.384332 44.876507 15.957141 44.314268 -7.859227 13.057831 -11.942622 29.721519 -15.47004 49.652365 -17.446879 53.844818 -16.303566 54.863468 -15.030789 53.641662 33.687899 -9.986961 0.024545 0.164238 -0.254846 0.489599 0.473112 1.927727 0.758517 1.438379 1.078045 1.950908 1.000184 1.951861 -0.08215 0.32112 -0.327149 2.829164 -0.369346 6.031781 -0.151867 6.252998 -0.054154 6.547695 -0.147951 6.247842 1.132199 -4.596788
4.932231 14.219758 8.61131 28.785947 14.433974 42.414328 16.72107 45.077428 17.007512 45.572194 15.589219 45.064059 -7.973745 13.400093 -11.899289 31.715408 -15.260634 50.649402 -17.263535 54.793683 -16.126007 55.746225 -14.852235 54.535791 33.133519 -10.17403 -0.184661 0.252473 -0.185442 0.079769 -0.161433 0.699902 -0.282347 0.668877 -0.376821 0.695688 -0.367922 0.749791 -0.114518 0.342262 0.043333 1.993889 0.209406 0.997037 0.183344 0.948864 0.177559 0.882757 0.178555 0.894129 -0.55438 -0.187069
4.957616 14.666757 8.375871 31.16639 14.486003 43.734637 16.974491 46.389273 17.466611 46.922329 16.003233 46.362677 -7.957363 13.612658 -11.692914 33.191004 -15.309498 52.124652 -17.462462 56.250271 -16.404083 57.344475 -15.049741 56.191739 33.870694 -10.422146 0.025386 0.446999 -0.235438 2.380443 0.052029 1.320308 0.253421 1.311845 0.459099 1.350135 0.414014 1.298618 0.016382 0.212565 0.206375 1.475596 -0.048864 1.475251 -0.198928 1.456589 -0.278077 1.598251 -0.197506 1.655948 0.737175 -0.248116
4.996157 14.934894 8.356357 32.154018 14.422262 44.596875 16.871047 47.296941 17.493111 47.900558 16.032779 47.277576 -8.111349 13.793275 -11.697295 33.913106 -15.222755 53.059196 -17.24844 57.30961 -16.201851 58.449531 -14.866698 57.190889 33.694962 -10.548973 0.03854 0.268137 -0.019515 0.987628 -0.063741 0.862238 -0.103444 0.907668 0.0265 0.978228 0.029546 0.914899 -0.153986 0.180617 -0.004381 0.722101 0.086743 0.934544 0.214022 1.059338 0.202233 1.105055 0.183043 0.99915 -0.175732 -0.126827
5.145186 15.565276 8.373362 33.190793 14.560413 45.15574 17.029798 47.642231 17.510754 48.149145 16.083282 47.59813 -8.103019 14.701512 -11.307293 35.055929 -14.812335 53.956223 -16.816044 57.982814 -15.94696 59.102619 -14.606059 57.89749 33.457714 -10.953474 0.149029 0.630382 0.017005 1.036775 0.138152 0.558865 0.158751 0.34529 0.017643 0.248587 0.050503 0.320554 0.00833 0.908238 0.390002 1.142824 0.41042 0.897026 0.432396 0.673205 0.25489 0.653088 0.260639 0.706601 -0.237247 -0.404501
5.373824 15.275824 8.606005 32.832709 14.868248 45.074275 17.383897 47.605005 17.865586 48.186836 16.434306 47.638795 -7.829428 14.730671 -10.721132 35.339764 -14.009079 54.638985 -16.036341 58.866593 -15.100697 59.930363 -13.819689 58.681211 32.966283 -11.743528 0.228637 -0.289452 0.232643 -0.358084 0.307834 -0.081465 0.354099 -0.037226 0.354832 0.037691 0.351024 0.040665 0.273591 0.029159 0.586161 0.283834 0.803256 0.682762 0.779703 0.883779 0.846264 0.827745 0.78637 0.783721 -0.491431 -0.790054
5.286479 15.362659 8.254158 32.862565 14.305425 44.893321 16.720879 47.636107 17.170101 48.169634 15.770358 47.501871 -7.76917 14.862853 -10.502729 35.831764 -13.72737 55.415115 -15.732411 59.813234 -14.699966 60.860774 -13.440761 59.479883 31.870067 -12.69114 -0.087345 0.086835 -0.351846 0.029856 -0.562823 -0.180954 -0.663018 0.031102 -0.695485 -0.017202 -0.663948 -0.136924 0.060257 0.132182 0.218403 0.492001 0.281709 0.77613 0.30393 0.946641 0.400731 0.930411 0.378928 0.798672 -1.096216 -0.947613
5.130148 15.427017 8.24374 32.903269 14.352095 45.557776 16.818142 48.473588 17.103189 49.108127 15.659469 48.440745 -7.619703 14.887321 -10.213843 35.890868 -13.196361 54.807445 -15.177143 58.861318 -14.201289 59.900019 -12.95369 58.663818 31.304479 -10.791892 -0.156331 0.064358 -0.010419 0.040704 0.04667 0.664455 0.097263 0.837481 -0.066912 0.938493 -0.110888 0.938874 0.149468 0.024468 0.288886 0.059104 0.531009 -0.607669 0.555268 -0.951916 0.498676 -0.960755 0.487071 -0.816065 -0.565588 1.899248
5.172694 15.317792 8.259499 32.873827 14.13542 45.474958 16.501325 48.321265 16.849244 48.922592 15.469307 48.248011 -7.640967 14.774567 -10.055476 35.570568 -12.740403 53.963393 -14.561343 57.882077 -13.701135 58.882338 -12.496239 57.635862 30.550379 -9.959745 0.042546 -0.109226 0.015759 -0.029442 -0.216675 -0.082818 -0.316817 -0.152323 -0.253946 -0.185534 -0.190163 -0.192735 -0.021264 -0.112754 0.158367 -0.3203 0.455958 -0.844052 0.615799 -0.979242 0.500154 -1.017681 0.457451 -1.027957 -0.7541 0.832146
5.330127 15.212038 8.222336 32.801226 13.599664 45.668963 15.862656 48.675033 16.113859 49.000171 14.687556 48.407188 -7.471272 14.76776 -9.172103 35.342416 -10.771012 52.361611 -12.402704 56.509724 -11.19765 56.997165 -10.112834 55.657789 27.31151 -7.996994 0.157434 -0.105754 -0.037163 -0.072601 -0.535756 0.194004 -0.63867 0.353768 -0.735384 0.077578 -0.781751 0.159177 0.169694 -0.006807 0.883374 -0.228152 1.969391 -1.601782 2.158639 -1.372352 2.503484 -1.885173 2.383405 -1.978073 -3.238869 1.962751
5.289316 15.259179 8.110952 32.932654 13.304162 46.034279 15.484405 49.185994 15.720904 49.584588 14.363492 48.852876 -7.53735 14.634115 -9.312257 34.99715 -10.930386 51.568338 -12.482232 55.611017 -11.420682 56.057778 -10.387161 54.703 27.141586 -6.47319 -0.040811 0.047141 -0.111383 0.131428 -0.295502 0.365317 -0.378251 0.510961 -0.392956 0.584418 -0.324064 0.445688 -0.066078 -0.133646 -0.140154 -0.345266 -0.159374 -0.793272 -0.079527 -0.898707 -0.223032 -0.939387 -0.274327 -0.954789 -0.169924 1.523805
5.146736 14.986834 7.913172 32.688868 13.051599 45.881176 15.23627 48.962581 15.504891 49.342364 14.129376 48.685831 -7.552373 14.216733 -9.212038 34.268153 -10.828859 50.591236 -12.399074 54.588032 -11.348453 55.160135 -10.307154 53.880143 26.853344 -5.817771 -0.14258 -0.272346 -0.19778 -0.243786 -0.252563 -0.153103 -0.248134 -0.223413 -0.216013 -0.242224 -0.234115 -0.167045 -0.015023 -0.417382 0.100219 -0.728998 0.101528 -0.977102 0.083157 -1.022986 0.072229 -0.897643 0.080007 -0.822857 -0.288242 0.655419
5.305058 15.801156 8.64355 33.765939 13.916498 47.685209 16.135103 50.738654 16.274917 51.208642 14.870888 50.55317 -7.649779 14.787644 -9.43692 34.973183 -11.015549 50.808796 -12.516472 54.804733 -11.462843 55.207363 -10.471293 53.956822 27.737761 -3.998721 0.158322 0.814322 0.730377 1.077071 0.864899 1.804033 0.898832 1.776072 0.770026 1.866278 0.741512 1.867339 -0.097406 0.570911 -0.224882 0.705031 -0.186691 0.21756 -0.117397 0.216702 -0.11439 0.047228 -0.164139 0.076678 0.884417 1.81905
5.48414 15.341672 8.592975 33.219594 13.684559 47.10955 15.865564 50.378245 15.985 50.870192 14.615309 50.120187 -7.412243 14.629307 -9.44027 34.795135 -11.286536 50.959712 -12.899244 55.139691 -11.749828 55.332416 -10.72697 53.977448 27.734828 -4.462224 0.179082 -0.459483 -0.050575 -0.546345 -0.23194 -0.575659 -0.269538 -0.360408 -0.289917 -0.33845 -0.255579 -0.432983 0.237536 -0.158337 -0.00335 -0.178048 -0.270987 0.150916 -0.382772 0.334957 -0.286984 0.125054 -0.255677 0.020626 -0.002933 -0.463504
5.576813 15.472957 8.800364 33.334631 13.728976 47.585332 15.929461 50.9377 16.160065 51.487041 14.790368 50.726444 -7.388276 14.699042 -9.486586 34.844863 -11.579964 51.421875 -13.267797 55.490351 -12.2201 55.917203 -11.142558 54.659945 28.380165 -4.430163 0.092673 0.131285 0.207388 0.115037 0.044417 0.475782 0.063896 0.559455 0.175065 0.616848 0.175059 0.606257 0.023967 0.069734 -0.046316 0.049728 -0.293428 0.462162 -0.368553 0.35066 -0.470272 0.584787 -0.415587 0.682497 0.645337 0.032061
5.533361 15.414664 8.758509 33.288935 13.756412 47.520426 15.957987 50.934723 16.154349 51.474336 14.787203 50.686696 -7.425758 14.653248 -9.755224 34.857211 -12.327799 51.592848 -14.191005 55.579951 -13.186353 56.385902 -12.022251 55.233654 29.340702 -4.911566 -0.043452 -0.058293 -0.041854 -0.045696 0.027436 -0.064906 0.028527 -0.002977 -0.005716 -0.012705 -0.003165 -0.039747 -0.037482 -0.045794 -0.268638 0.012347 -0.747836 0.170973 -0.923207 0.089601 -0.966254 0.468698 -0.879693 0.57371 0.960538 -0.481403
5.575979 15.481639 8.743453 33.421215 13.930726 47.517923 16.218752 50.915572 16.362917 51.451436 14.949161 50.661519 -7.558501 14.727196 -9.976861 35.117796 -12.64132 52.204439 -14.575139 56.168804 -13.54292 57.198396 -12.341875 56.132665 29.905838 -5.746961 0.042617 0.066975 -0.015056 0.132281 0.174314 -0.002503 0.260764 -0.019151 0.208569 -0.0229 0.161958 -0.025177 -0.132743 0.073949 -0.221637 0.260586 -0.31352 0.611591 -0.384134 0.588852 -0.356567 0.812495 -0.319624 0.899011 0.565135 -0.835395
5.584633 15.355259 8.760542 33.31112 13.960338 47.459212 16.260546 50.849852 16.353315 51.449606 14.958614 50.627688 -7.485354 14.607993 -9.940997 35.023698 -12.618834 52.731767 -14.478713 56.759337 -13.548455 57.626411 -12.389499 56.454256 29.90177 -6.176805 0.008655 -0.12638 0.017089 -0.110096 0.029612 -0.058711 0.041795 -0.06572 -0.009602 -0.00183 0.009453 -0.033832 0.073147 -0.119203 0.035864 -0.094098 0.022486 0.527328 0.096425 0.590533 -0.005534 0.428015 -0.047624 0.321591 -0.004068 -0.429845
5.565119 15.400806 8.731097 33.33329 13.889062 47.491992 16.160578 50.856733 16.250563 51.469129 14.844608 50.641561 -7.468206 14.833263 -9.916183 35.112464 -12.516704 52.994192 -14.372215 57.144165 -13.299364 57.86339 -12.166673 56.628323 29.549927 -6.394261 -0.019515 0.045547 -0.029445 0.02217 -0.071275 0.03278 -0.099969 0.006881 -0.102752 0.019524 -0.114006 0.013873 0.017148 0.22527 0.024813 0.088766 0.10213 0.262424 0.106499 0.384828 0.249091 0.236979 0.222826 0.174066 -0.351843 -0.217456
5.469674 15.586779 8.833033 33.998957 14.226812 48.288992 16.645366 51.659271 16.616517 52.064851 15.14774 51.373783 -7.562914 15.149373 -10.005507 36.083803 -12.611347 54.070964 -14.525601 58.174673 -13.511685 58.721802 -12.308934 57.50502 30.128202 -6.656951 -0.095445 0.185972 0.101936 0.665668 0.33775 0.797001 0.484788 0.802538 0.365955 0.595722 0.303131 0.732222 -0.094709 0.31611 -0.089324 0.971338 -0.094643 1.076773 -0.153387 1.030508 -0.212321 0.858411 -0.142261 0.876698 0.578275 -0.26269
5.511642 15.533265 8.642882 33.666354 13.917458 47.706336 16.250443 51.022118 16.305375 51.505256 14.87729 50.775015 -7.602382 15.232056 -9.827667 35.979497 -12.354311 53.925991 -14.247271 58.006239 -13.25933 58.649886 -12.093455 57.361531 29.564705 -7.14463 0.041968 -0.053513 -0.190151 -0.332603 -0.309354 -0.582656 -0.394922 -0.637153 -0.311142 -0.559595 -0.27045 -0.598767 -0.039467 0.082684 0.177839 -0.104305 0.257036 -0.144973 0.27833 -0.168434 0.252354 -0.071916 0.21548 -0.143489 -0.563496 -0.487679
5.551034 15.511855 8.757418 33.628532 14.056671 47.657362 16.375887 50.94429 16.43014 51.473013 15.007257 50.754562 -7.496932 15.204212 -9.722802 35.905227 -12.244913 53.807226 -14.135969 57.904771 -13.143075 58.572617 -11.981478 57.294092 29.573214 -7.099605 0.039393 -0.02141 0.114536 -0.037822 0.139213 -0.048974 0.125444 -0.077829 0.124764 -0.032243 0.129968 -0.020453 0.10545 -0.027844 0.104865 -0.07427 0.109398 -0.118765 0.111303 -0.101468 0.116256 -0.077268 0.111976 -0.06744 0.008509 0.045025
]