07-24-20_Matthew_4K.monkey_in_box.0000000000 [ 2599.564362 3822.761078 1651.107178 1668.811798 4773.327484 -93.448486 1262.327118 4884.756317 -900.92041 1284.70108 5737.762756 -338.260498 1461.387177 4954.962158 414.725342 -1974.787998 3405.900364 2951.726074 -2909.803314 5271.94046 2190.393066 -3490.171967 6062.301025 2171.82373 -4003.457947 6922.410278 2093.708496 -3445.201263 6254.426575 2045.633545
2609.621582 3919.376144 1634.547119 1625.466614 4848.842468 -130.198975 1281.751099 4846.622925 -987.236328 1065.800171 5680.388184 -411.153564 1303.884277 5047.520142 325.789795 -1971.704998 3490.968513 3032.193604 -2941.638031 5359.566803 2231.939697 -3464.303589 6182.193909 2035.43457 -4128.886108 6949.211121 1949.700928 -3364.865265 6420.45105 1754.084473
2609.539948 3919.709473 1631.719971 1625.201569 4846.716614 -134.35791 1285.469208 4842.790527 -993.024902 1063.179474 5677.645721 -420.85083 1291.295624 5046.29364 314.25415 -1972.249317 3491.729202 3031.008301 -2941.966782 5360.114441 2229.681396 -3466.540222 6181.081848 2031.079102 -4134.855957 6944.542542 1942.081299 -3364.716339 6421.292419 1751.660156
2609.61319 3919.699097 1631.512451 1625.290375 4846.558838 -134.664307 1285.928497 4842.470856 -993.482666 1063.213959 5677.460175 -421.661377 1290.480194 5046.469727 313.293457 -1972.216759 3491.777649 3030.963135 -2941.912537 5360.179291 2229.615479 -3466.66153 6181.011963 2030.893555 -4135.320892 6944.150391 1941.654053 -3364.600067 6421.444397 1751.740723
2616.435394 3915.541992 1639.382324 1636.51535 4850.532837 -125.646973 1299.508209 4851.329193 -985.643311 1072.042084 5688.996582 -419.173584 1286.30722 5058.063507 311.109619 -1971.396618 3491.838074 3030.413818 -2938.922043 5361.253357 2227.252197 -3472.820587 6173.743591 2017.69165 -4152.476807 6924.456177 1906.07666 -3357.124786 6426.159058 1751.921387
2634.669189 3913.580856 1627.830811 1665.544434 4707.956848 -234.174805 1287.890015 4818.074646 -1078.869629 944.198303 5680.035553 -596.984863 1120.78186 5075.571747 10.234375 -1959.241314 3495.7967 3105.526123 -2929.726334 5395.303345 2320.875244 -3495.489349 6133.871155 1945.344238 -4128.145294 6855.801086 1578.088379 -3325.952148 6519.01947 1888.336182
2634.354401 3913.893051 1626.464844 1664.858551 4707.319794 -235.772705 1288.667755 4816.110535 -1081.298828 941.663666 5678.756256 -603.010254 1117.25174 5074.836731 5.074463 -1959.119797 3495.888481 3105.622559 -2929.754028 5395.426941 2321.187744 -3495.813141 6133.997192 1946.086426 -4128.873291 6855.773621 1579.204102 -3326.299896 6519.025574 1888.630371
2634.988861 3915.221786 1632.962646 1667.641449 4716.164856 -227.337646 1288.099823 4827.610779 -1071.082764 922.753143 5698.67569 -622.495117 1119.101715 5085.777435 13.165283 -1961.619453 3494.41349 3105.800781 -2933.981857 5393.544006 2322.11792 -3502.345428 6129.40918 1945.029297 -4144.199524 6837.902222 1567.513428 -3328.468323 6520.518494 1887.602539
2634.988861 3915.221481 1632.969971 1667.642365 4716.170807 -227.327881 1288.093109 4827.622223 -1071.066895 922.744598 5698.688965 -622.485352 1119.111481 5085.782623 13.190918 -1961.622601 3494.410896 3105.803223 -2933.986053 5393.541718 2322.121582 -3502.351685 6129.406433 1945.0354 -4144.208374 6837.897949 1567.520752 -3328.473206 6520.517273 1887.607422
2607.953644 3923.050308 1604.367676 1592.459564 4781.303864 -201.072998 1314.492035 4782.613831 -1089.492798 650.812378 5475.572205 -1502.423706 1119.245758 5095.358582 101.51001 -1977.299118 3501.638756 3083.896484 -2963.194809 5387.22641 2291.367188 -3601.269684 6097.786865 1987.084961 -4295.186768 6787.812805 1676.296387 -3367.792816 6552.669067 1921.932373
2608.206177 3922.900696 1605.461426 1593.008423 4782.05307 -199.689941 1314.402161 4783.661652 -1087.89917 650.851135 5476.164703 -1501.772461 1121.373596 5096.128693 104.47998 -1977.542725 3501.513138 3083.848877 -2963.376083 5387.050476 2291.188965 -3601.308746 6097.538452 1986.472168 -4295.077209 6787.475891 1675.19043 -3367.76947 6552.305298 1921.195068
2613.908691 3919.137726 1612.080078 1589.250488 4803.031311 -176.820068 1283.405151 4815.880737 -1056.323853 610.468292 5447.174377 -1546.882935 1138.115845 5120.370941 152.012939 -1992.880821 3484.674416 3111.223145 -2979.177933 5373.28125 2323.865967 -3600.825806 6081.887512 1982.050781 -4277.546692 6766.021118 1622.7771 -3380.890808 6534.063416 1940.52002
2659.825134 3876.572723 1688.071289 1676.009521 4873.895264 -42.672119 1386.970215 4842.588348 -920.206299 742.836304 5299.721069 -1592.683716 1269.708252 5107.569122 345.471191 -2021.169701 3473.428345 3133.071289 -2998.875427 5357.04895 2371.230469 -3609.973297 6055.779114 2011.94458 -4280.652771 6731.912537 1647.636719 -3402.168427 6500.441284 1940.563965
2675.598602 3868.294525 1690.068359 1696.553802 4871.691742 -40.162354 1408.791046 4839.27948 -918.17688 775.045319 5284.661713 -1608.341064 1310.947418 5111.30249 359.901123 -2020.594749 3470.70961 3139.79126 -2998.505096 5356.047363 2381.784668 -3609.590912 6054.90509 2022.443848 -4280.29129 6731.072998 1657.945557 -3401.833954 6494.178772 1942.338867
2764.11499 3725.117798 1687.82959 2157.463074 4792.988739 -113.931885 1955.148621 4937.702484 -984.377441 1530.014648 5196.550598 -1869.950562 1905.544128 5404.022827 234.420166 -2115.735931 3379.610214 3237.36084 -3055.010681 5249.024963 2531.025391 -3642.304382 5879.385986 2075.112305 -4251.656799 6557.925415 1668.504639 -3311.089325 6096.401367 1822.738037
2808.482208 3706.711044 1802.059326 2237.849884 4853.826599 20.396729 2043.532867 4985.593719 -859.921265 1632.295685 5217.372284 -1766.785889 2090.638275 5394.161682 477.124023 -2134.903774 3347.943974 3355.616455 -3085.952148 5235.842133 2670.153809 -3636.901093 5883.074036 2180.377197 -4272.697906 6551.301575 1781.500244 -3372.56485 6089.53186 1878.006592
2872.160339 3650.599861 1862.672119 2566.220398 4853.836365 46.671143 2494.015808 4983.805237 -854.446411 2284.886475 5130.043335 -1847.020874 2672.854309 5544.417725 554.328613 -2222.68898 3164.306707 3523.033447 -3166.723328 5013.082733 2714.726562 -3621.031494 5607.177124 2076.234131 -4083.694153 6299.739075 1509.594727 -3396.266174 5971.031799 1932.353516
2975.114594 3611.114578 1870.161133 2855.608368 4976.920319 164.915771 2659.009857 5068.705444 -717.20459 2363.498688 5391.733856 -1637.767944 2881.036835 5832.497253 -201.929932 -2275.409203 3077.916174 3530.350342 -3206.992035 4919.808502 2724.660645 -3618.577423 5465.094299 2024.696045 -4051.170502 6093.35907 1375.009766 -3458.12973 5839.905701 1950.184326
3137.664185 3535.028229 1797.739258 3064.509583 5036.084595 172.969971 2809.076843 5293.828125 -671.207275 2523.346252 5964.309998 -1400.574951 2884.729614 5738.350525 -764.60083 -2500.306091 2952.000351 3667.558594 -3363.52005 4846.142883 2836.726074 -3627.041931 5341.324463 2021.748047 -3949.300842 5868.47168 1218.348389 -3294.773865 5724.685974 1899.425049
3269.1922 3424.357738 1725.517578 3306.596985 4939.977722 142.277832 2998.367615 5592.642059 -412.037354 2692.89856 6414.098511 -936.273804 2676.394653 5671.186829 -714.89502 -2645.098801 2770.546951 3693.153076 -3441.644287 4741.612396 3054.411621 -3645.157928 5124.20578 2175.545654 -4037.415619 5841.194153 1592.713623 -3553.05603 5493.385773 2084.13208
3437.130737 3243.311262 1687.41333 3271.924438 4872.601624 235.523682 3035.78186 5694.281311 -72.1875 2775.598755 6068.746033 -984.157715 2597.580872 5720.25116 -239.403076 -2824.233017 2468.115158 3787.403564 -3397.09259 4519.211731 3173.618164 -3531.669464 4945.171051 2303.217773 -3710.218506 5684.974365 1651.115723 -3413.32016 5511.862793 2386.206055
3804.657135 2678.641129 1471.192627 3363.071442 4698.445282 873.017578 2960.107269 5375.314178 451.192627 2351.287994 6001.426392 -41.512451 2572.488861 5515.351562 446.405029 -3014.128647 2146.131668 3771.263428 -3211.464233 4276.883698 3357.261963 -3211.717072 4507.888947 2423.278809 -3329.234161 5321.186218 1879.084473 -2978.615646 4986.515808 2340.736084
3917.46994 2346.090012 1589.876709 3166.391754 4111.591949 776.391602 2808.557892 4860.538788 1020.512695 2220.892792 5342.657013 416.522217 2466.569366 4971.266479 1098.798828 -3178.615265 1619.677582 3480.849609 -3217.291565 3622.381592 2816.618652 -2613.831253 4226.021271 2443.413086 -2445.073547 4916.746826 1806.928711 -2600.809631 4341.126328 2321.254883
4000.207214 2089.08699 1647.302246 3027.532654 3840.973587 1108.983154 3166.943359 4170.432358 1892.600098 2502.41333 4651.305237 1381.19873 2340.38147 4409.68605 1806.135254 -3202.543945 1329.844818 3556.733398 -2994.234467 3395.48111 3233.581543 -2421.06617 3798.374939 2625.788574 -2043.001995 4347.86171 1949.118652 -2312.844505 3995.171814 3886.561279
4054.677734 1958.644867 1816.278076 3087.633057 3669.699631 1139.42749 3311.968994 3985.415421 1910.654297 2538.181458 4536.472015 2098.901367 2429.396362 4085.967026 1984.023438 -3235.465088 1201.952515 3536.85791 -2877.30835 3260.03334 3277.770996 -2281.678047 3648.128929 2679.383545 -1812.272122 4156.697083 2025.836182 -2311.317253 3925.303879 4063.670654
4125.817566 1750.488281 2052.247314 3380.880432 3533.4412 1255.19043 3270.194702 4148.535233 1857.269287 3129.957275 4806.761017 2561.092529 2694.117126 4355.253983 1873.323975 -3227.950897 1118.338623 3602.667236 -2995.912552 3137.440761 3011.182861 -2296.66275 3588.945732 2586.5979 -2013.097134 4245.922623 1950.849609 -2329.635658 3928.617783 3518.128662
4114.309998 1693.30368 2174.503174 3743.960266 3613.506927 1375.471191 3656.028137 4207.182312 2015.040283 3637.416687 5043.50296 2533.538818 3353.544006 4541.271515 2072.935791 -3213.709106 1252.601471 3681.845703 -2943.595505 3179.932022 2793.62793 -2896.234436 3662.888947 3603.751221 -2446.442604 4096.142502 4342.545166 -2842.444382 3644.620285 2540.556641
4076.351013 1637.619171 2199.281006 4100.374451 3614.121819 1489.3396 3902.755432 4459.141998 1574.302979 4213.273621 5137.377472 2207.537842 3610.821228 4725.765381 1670.726318 -3164.20166 1447.251129 3662.468262 -3213.696136 3344.066143 2701.643066 -3149.442291 3763.319168 3539.240723 -3384.306335 4323.464203 4284.953613 -2987.092514 3592.391815 2368.846436
4060.789032 1616.891785 2244.79248 4152.316132 3596.10157 1582.593994 3832.492523 4399.678574 1517.735596 3944.95285 5060.503082 2223.338623 3982.654266 4423.43399 2547.370605 -3174.886169 1484.890747 3573.664551 -3183.354797 3325.962448 2531.682129 -3165.260925 3974.965134 3202.911377 -3392.037048 4722.917786 3754.541016 -3030.487061 3824.024963 2227.335205
4109.335327 1490.093689 2280.36499 4064.822388 3470.404625 1589.156494 3537.360229 4160.583344 1525.253906 3352.471313 4685.279236 2328.87207 3142.990723 4346.583252 1748.041992 -3204.763336 1583.874054 3514.837646 -2922.855911 3305.236263 2302.005615 -2856.354065 3868.90564 3048.580322 -2828.136444 4532.855072 3742.364502 -2713.682709 3861.572342 1967.053223
4080.80719 1427.329559 2316.273193 3775.783386 3285.703564 1445.865479 3045.697021 3741.453896 1479.940186 2954.005127 4395.141373 2185.974121 2845.479431 4024.37439 1518.492432 -3245.53772 1598.223419 3336.734619 -2754.29512 3118.653355 1972.609863 -2452.360916 3576.111755 2720.717773 -2096.870403 4235.185165 3305.38208 -2142.216644 3876.747131 1905.626221
4100.511322 1482.85553 2360.993652 3501.070404 3226.828288 1381.494141 2754.169464 3642.245445 1236.187744 2738.267059 4257.368164 1989.660645 2436.298065 3848.525429 1314.387207 -3298.420563 1746.658783 3206.18042 -2423.85952 2834.154396 1617.541504 -1965.696735 3282.240791 2296.210938 -1602.03867 3874.598465 2952.861328 -1986.696625 3382.629261 1538.220215
4062.754364 1640.72937 2487.205811 2941.743317 2899.56995 1253.138428 2693.163605 3515.340214 695.20874 2170.235443 4039.123383 1327.214355 2062.968903 3822.768021 926.120605 -3319.934387 1806.732788 3055.562744 -2292.494392 2568.817139 1370.614014 -1801.693814 2877.199821 2102.814941 -1391.641655 3383.376198 2803.399658 -1827.617216 2855.246239 1150.463867
4031.067963 1846.703796 2376.651611 2643.732452 2896.641998 1230.838623 2506.945343 3224.214704 442.142334 1809.315338 3874.748917 621.240234 1819.990997 3616.812325 534.272461 -3308.91037 1977.711716 2831.9104 -2237.843742 2322.572861 1047.418213 -1624.808102 2421.725464 1741.391602 -1059.450302 2785.736694 2418.110352 -1842.919569 2733.724022 736.845703
3835.493774 2188.164215 2262.940674 2421.900024 3109.87752 1066.577148 2246.463013 2956.479492 239.984131 1508.044739 3575.627632 228.084717 1519.048462 3449.602509 248.878174 -3286.87027 2159.959564 2605.515137 -2266.743126 2130.282822 776.152344 -1738.288612 1836.68457 1475.878906 -1832.364521 2126.180496 578.851318 -1652.624311 2487.742691 19.182129
3672.602386 2578.819656 2052.092285 2112.814789 3375.306578 960.032959 1906.517487 2927.745514 259.039307 1818.095856 3466.433964 -532.530518 1330.680695 3115.802813 -47.374268 -3293.921051 2389.617996 2205.303955 -2100.510311 2143.057861 507.237549 -1318.607025 1665.078278 400.39917 -1358.704567 2129.118423 -422.009277 -1214.139214 2149.756699 -342.633057
3371.329498 2878.980522 1754.626465 2014.707794 2903.834915 192.570801 1488.29483 3149.211054 -440.3479 972.990875 3740.830765 -1000.368042 1181.259613 3236.789756 -624.9646 -3306.113434 2519.361115 1971.166992 -1959.289827 2105.212021 420.465088 -1381.199341 1471.855469 73.843994 -1246.007805 2030.602722 -679.319458 -1098.935852 1995.571899 -470.750732
3036.385193 3180.745702 1502.407227 1631.383057 2930.846176 8.635254 1154.581909 3080.475063 -688.430176 416.98288 3357.3137 -1241.253052 744.192505 3071.283073 -857.658081 -3232.645721 2654.879112 1457.174072 -1663.698654 2045.377808 214.803467 -1194.186554 1327.103577 -126.478271 -836.684341 1910.650787 -779.641724 -820.980453 1876.525574 -644.830322
2983.640442 3283.065125 1527.857666 1518.273926 2839.739571 148.970947 1117.380066 3068.719444 -571.148682 249.292755 3356.601648 -862.581787 661.309662 2936.542854 -783.672485 -3076.209183 2640.488167 1327.868652 -1507.74395 2079.311905 71.556396 -720.461197 1601.414948 61.402588 -734.166794 1984.20578 -800.853882 -670.632401 1955.125885 -771.793213
2724.350433 3459.375725 1381.131592 1208.947296 2755.194817 160.609131 835.00412 2999.119072 -573.377686 -87.009735 3064.411945 -847.248535 391.846924 2700.951042 -840.64209 -3117.368546 2630.974579 1203.238525 -1490.365906 2144.606476 -24.523926 -633.337555 1814.51828 85.957031 -559.644012 2071.263962 -823.205566 -576.975555 2004.600677 -752.764893
2537.067413 3601.92524 1331.395264 832.141266 2754.052582 441.019287 737.565765 2881.784325 -417.073975 -216.969147 3083.682518 -332.861328 161.725616 2530.196686 -689.824219 -3014.675674 2635.915756 960.703125 -1223.323288 2331.554337 -148.09082 -540.780792 2259.469986 493.676758 -472.102661 2602.205887 -403.179932 -435.0177 2298.797989 -720.600586
2409.923096 3668.249283 1307.188721 606.934204 2858.987999 569.219971 679.789276 2985.869904 -294.300537 -79.599609 3091.398087 -909.193726 31.479187 2662.785873 -619.956055 -3104.804153 2628.431015 973.374023 -1233.337936 2330.012207 -12.635498 -331.425629 2512.286301 193.807373 -449.549561 2682.47345 -749.747314 -339.318695 2387.099457 -647.93335
2367.752228 3657.160263 1354.085693 671.126556 3120.427361 245.682373 547.252655 2925.390091 -593.479004 -395.859375 3149.253359 -713.352051 -142.544556 2796.014061 -735.915527 -3111.431351 2610.81398 973.75 -1289.906845 2358.827133 -87.244873 -364.453583 2300.943909 48.642578 -457.682037 2686.856003 -825.45105 -354.600525 2538.75267 -765.422363
2368.315887 3657.032776 1354.425049 671.168365 3120.916576 246.51123 546.104431 2927.294197 -592.805176 -397.629089 3151.659136 -706.726074 -143.662109 2797.592735 -734.486084 -3111.319733 2610.787811 973.922119 -1290.211258 2358.622589 -87.756348 -364.619904 2300.971985 47.305908 -458.574219 2686.013222 -827.097778 -355.996704 2537.868118 -767.44873
2384.859924 3639.43264 1366.73584 755.709839 3165.962362 122.7771 472.492371 3099.298668 -700.74585 -8.394928 3147.979221 151.870117 -146.397858 2801.155281 -773.768311 -3128.51181 2594.032745 1025.706787 -1432.967796 2314.314346 -233.414307 -555.447998 1984.421539 -159.143066 -472.661285 2524.146957 -952.8125 -421.829987 2396.176758 -869.716187
2406.053925 3614.169083 1349.931641 884.891205 3244.85508 -45.567627 486.743164 2998.4729 -779.592285 21.593628 2986.963596 79.47998 -132.710724 2739.047852 -661.331787 -3128.867722 2558.433685 1029.040527 -1441.958847 2294.280243 -233.635254 -604.541626 1872.960205 -237.386475 -450.865784 2473.411484 -970.898438 -496.812592 2409.79332 -951.089478
2402.333374 3605.926704 1308.717041 845.446472 3162.126713 -29.139404 463.975372 2937.630768 -780.36377 -212.549591 2855.206032 -78.339844 -20.180054 2707.225952 -857.667847 -3148.919296 2487.703323 945.014648 -1420.006866 2261.421432 -272.666016 -518.316956 2164.061813 -30.054932 -435.045319 2460.560074 -941.138306 -457.104034 2391.410904 -952.41333
2340.458679 3544.259853 1019.719238 659.914093 2926.388245 -104.415283 251.201782 2747.642136 -860.339355 778.628235 2937.21714 -50.404053 -128.860931 2622.330399 -1016.260376 -3180.629578 2341.829987 779.317627 -1353.17112 2249.29985 -332.160645 -458.388824 2158.921356 -41.710205 -433.202209 2451.46019 -964.243164 -358.766022 2388.225555 -983.201294
2293.171387 3471.443901 844.240723 689.67865 2881.845627 -413.856201 161.549072 2589.489517 -1055.363159 94.336548 2445.920639 -79.700928 -206.779175 2478.851242 -1157.407837 -3144.360809 2234.025879 598.529053 -1339.462433 2119.264679 -561.42334 -449.101562 1873.39035 -346.123047 -444.015656 2369.219208 -1181.652222 -326.681366 2299.986801 -1193.682251
2291.093903 3396.837463 585.991211 595.760498 2722.65564 -462.515869 204.756775 2529.485397 -1219.512329 35.787659 2244.138947 -296.959229 -177.381592 2370.2314 -1360.233154 -3114.27742 2151.6436 469.066162 -1406.90506 1866.697998 -773.729248 -519.605103 1556.177216 -740.230713 -385.496063 2085.143051 -1534.435425 -281.25946 2095.316696 -1287.937622
2301.172791 3280.155478 536.051025 714.851074 2411.171265 -437.260742 284.424591 2409.099503 -1173.411255 -112.749329 1785.544586 -565.864258 -23.244781 2092.27562 -1399.012451 -3151.148911 2040.988693 400.184326 -1324.606628 1753.51532 -552.431641 -622.573242 1284.389343 -913.154297 -486.021118 1268.305206 -1843.630981 -453.27179 1569.465027 -1386.139526
2270.082245 3212.365363 518.754883 831.380463 2333.670502 -623.33252 313.73703 2061.528854 -1233.797607 143.52066 1492.410736 -494.160156 -28.95752 2040.398636 -1309.738159 -3071.787262 2043.172302 433.757324 -1416.699181 1571.909943 -702.272949 -800.781021 905.536194 -630.556641 -437.137756 1150.94101 -1453.366699 -535.332031 1289.067993 -1436.953735
2357.940521 3331.481724 454.554443 933.483429 2210.584946 -536.264648 578.382416 1894.566345 -1250.095825 507.820892 1216.217804 -571.101074 309.17511 1707.415009 -1409.463501 -2936.0672 2093.405151 347.489014 -1363.225479 1348.080597 -812.937622 -717.972031 688.44162 -848.03833 -330.247955 1140.589294 -1582.924805 -396.158447 1189.407654 -1506.765747
2378.32962 3252.119398 495.462646 1005.35202 2063.966904 -456.453857 959.828033 1699.645386 -1224.331055 1140.870819 1040.981903 -556.796875 701.087799 1633.430176 -1425.245972 -2870.015488 2158.057175 416.741943 -1361.338921 1252.203674 -684.768066 -992.136383 427.208557 -836.204834 -554.538727 559.377136 -1656.194458 -605.983734 820.14328 -1521.487427
2476.076965 3347.049818 447.751465 1090.722961 2011.913681 -158.131104 1210.435181 1581.01593 -866.177979 1377.455444 729.527283 -505.350342 798.977051 1329.405212 -895.608521 -2804.426651 2222.746735 318.479004 -1387.539864 1337.276306 -856.651001 -901.978607 788.44101 -1382.091675 -573.754578 86.934814 -1885.476074 -1029.004898 815.408936 -1528.373413
2502.789001 3375.643806 538.859863 1091.05835 2329.871063 -421.182861 1360.921936 1757.032318 -959.627075 1660.670471 938.638153 -627.426758 1012.93457 1339.741058 -786.296387 -2674.596024 2491.614532 437.763672 -1438.300247 1585.005951 -888.909912 -1085.61058 764.227295 -835.029297 -639.16481 -36.452942 -823.591309 -842.557907 821.990356 -1049.573975
2553.432617 3427.49321 667.637939 1152.389832 2608.871269 -568.35083 1400.432739 2206.737366 -1271.152344 1823.715515 1493.36319 -807.484131 1025.71167 1707.958527 -1046.530762 -2568.6306 2681.342773 572.626953 -1437.878914 1948.208237 -992.82959 -1028.206253 1241.365204 -587.894287 -862.788925 384.485474 -254.888916 -812.425461 1360.898438 -1075.9375
2459.542847 3461.456642 847.840576 1346.218567 2979.449215 -839.398193 1613.641663 2631.906662 -1582.416992 1778.326111 2099.996567 -790.410156 1135.774231 2198.403091 -1478.690186 -2421.306229 3003.562431 1130.53833 -1492.672958 2575.522079 -708.768311 -1095.990295 1977.052155 -119.316406 -949.539566 1154.760742 336.744385 -845.742493 2181.627731 -797.995605
2534.451141 3524.364967 1778.59375 1607.725067 3246.091037 -92.265625 1405.688019 2491.497421 300.731201 575.725098 2585.449066 815.726318 1588.213043 2754.706955 763.366699 -2492.912941 3241.469702 1680.529785 -1275.490494 3294.614215 -70.030518 -1233.005829 2897.435341 782.58667 -620.958862 2190.975494 1020.52002 -362.451019 3089.40546 879.46167
2654.250641 3577.660484 1897.145996 1278.221283 3843.069 276.074219 1130.37674 2992.61528 60.821533 902.514191 3017.735348 1032.449951 1168.674164 3370.67831 908.912354 -2370.067711 3373.416958 1662.993164 -1284.598618 3854.880714 -153.243408 -1079.09996 3983.458099 773.4729 -572.372894 3213.162494 1109.268799 -462.782745 3812.070847 844.681396
2604.137268 3534.781322 1903.83667 1539.057312 3902.322006 112.481689 958.69812 3312.850504 408.511963 765.154114 3019.801483 1329.748535 1007.833557 3738.328629 987.076416 -2353.600502 3414.287996 1820.737305 -1389.082603 4071.404953 23.395996 -1026.066589 4621.278534 702.200928 -495.896454 3914.169998 1099.73877 -434.954376 4328.335495 827.423096
2663.04245 3499.997101 1988.393555 1465.492401 3755.721741 279.294434 1303.051605 3619.93515 1126.126709 754.837799 2831.487885 1319.156494 383.919983 3610.790825 1058.026123 -2321.422997 3436.226978 1805.670166 -1350.518837 4018.118515 2.365723 -850.243988 4314.15123 740.9021 -290.98587 3947.789764 1433.7146 -462.077026 4100.101852 813.583984
2634.949036 3571.201458 1830.905762 1571.018372 3516.630325 -1.436768 1840.336914 3807.898026 784.035645 1193.197632 3100.618572 1020.709229 586.11618 3417.079067 784.01123 -2291.978264 3486.056976 1700.397949 -1189.268341 3753.513947 -121.512451 -795.824127 3793.225403 739.493408 -323.190918 3516.052513 1540.644531 -256.212006 3448.505344 686.517334
2602.137451 3525.958405 1663.974609 1561.322021 3234.335432 -147.520752 1996.478577 2943.135986 554.506836 1117.598572 2847.047119 983.632812 938.370972 3018.669758 911.281738 -2388.168983 3442.822285 1565.118408 -1224.908905 3284.78564 -219.559326 -845.988312 3054.925175 612.779541 -71.848602 2531.004562 856.381836 -319.181976 2615.791779 137.327881
2670.841064 3540.053825 1390.141602 1452.770081 2991.134911 -279.857178 1931.590271 2705.511971 411.182861 1369.450989 2283.789825 1117.501221 1387.180786 2648.732071 1016.879883 -2366.643295 3309.58501 1026.739502 -1269.629517 2861.818657 -786.131592 -596.66687 2408.351288 -280.678711 -104.417877 1997.174225 459.432373 -532.589111 2459.72374 -1603.644409
2694.380646 3493.79343 993.630371 1129.670563 2656.973495 -165.112305 1868.916779 2386.334076 227.838135 1342.058258 2132.40921 1023.287354 1499.898224 2504.596558 1108.377686 -2314.392204 3158.624735 472.994385 -1154.548111 2514.156189 -1213.753052 -388.850555 2060.736618 -888.792725 56.365662 1513.992767 -221.960449 -560.896149 1954.190826 -1715.516357
2582.591553 3599.710541 793.509521 1343.105774 2308.631439 -253.668213 1437.5177 1806.254883 439.036865 1350.724487 1321.008453 1269.844971 994.527283 2045.958099 949.084473 -2258.3848 2992.439957 275.102539 -1097.213287 2241.622162 -1305.180664 -689.183197 1620.517578 -751.141357 -36.319427 1178.990784 -221.536865 -1021.94809 1873.813324 -1645.439453
2531.608734 3531.483831 701.80542 1362.956085 2333.042984 -470.882568 1128.157501 1686.770477 26.317139 776.334381 981.360474 560.406494 645.003204 1884.462585 -749.992676 -2266.566315 2976.238403 152.926025 -1014.616623 2153.317413 -1275.028687 -844.800339 1300.305786 -1554.771729 81.055908 1229.685516 -1672.056885 -721.345825 1786.542206 -1951.877441
2532.251892 3550.953207 724.803467 1365.146484 2338.890305 -438.890381 1084.239197 1738.516083 92.20459 822.205811 1005.741425 642.474365 654.425659 1902.30423 -725.588379 -2261.384583 2964.047127 92.857666 -981.388702 2140.677948 -1312.745972 -796.035385 1292.566071 -1600.345459 135.764923 1252.537842 -1688.777466 -655.446167 1768.058014 -1985.525513
2556.316986 3470.868182 669.084473 1245.102997 2235.372696 -312.684326 691.55014 2013.718719 295.623779 813.058624 1252.471924 860.782471 611.215363 1776.882629 -559.49707 -2124.113874 2861.634369 1.118164 -1076.143341 2197.448502 -1665.455322 -741.235962 1444.386139 -1263.050537 70.122528 1418.48938 -790.003662 -388.246155 2100.695953 -1921.310425
2508.09845 3415.044943 596.558838 772.835693 2463.652191 -181.856689 954.598389 2082.060852 593.271484 1315.617676 1497.028961 1306.657715 405.670624 1974.248199 -419.084473 -2032.086496 2902.647209 -31.932373 -975.634842 2365.741196 -1830.007324 -318.359528 1970.261536 -1268.535156 257.240448 1384.113312 -745.644531 -89.998932 2334.028015 -1940.692139
2595.187836 3544.34804 936.655273 835.480499 3128.273277 -116.268311 789.369659 2777.533379 677.160645 1085.439301 1918.545074 1030.389404 399.656525 2600.73082 -230.507812 -2287.44463 3119.221344 249.484863 -1056.587524 3227.892189 -1471.871338 -124.988251 3144.368553 -1479.633789 55.305939 2238.949432 -1223.042603 -439.303589 2851.475754 -885.083008
2705.544281 3606.42643 982.213135 780.23056 3396.967528 162.685547 693.4935 3032.571869 951.323242 603.934174 2062.628937 846.313477 498.799896 2623.549271 763.566895 -2166.616154 3247.638798 316.166992 -760.326538 3349.23789 -1279.77417 28.936005 3202.266674 -790.723877 385.841827 3025.785408 86.104736 -284.640045 3112.700901 -220.506592
2571.503296 3735.21698 1005.048828 817.991333 3645.725727 -202.930908 524.533386 3508.013935 620.357666 419.332886 2527.259674 733.803711 523.695374 3068.795204 706.094971 -2052.133498 3434.089241 471.384277 -749.610443 3781.795731 -1213.928833 -127.546387 3927.504158 -507.226562 440.87677 4068.57193 273.446045 -185.496216 3500.638065 -146.092529
2534.130402 3787.430038 1072.584229 841.618195 3681.416111 -242.333984 504.779663 3521.818018 566.854248 411.750336 2542.558441 745.308838 522.011414 3131.957302 718.795166 -2006.753302 3485.048952 612.192383 -911.919174 3830.637703 -1232.819214 -76.93512 3680.004158 -785.283203 562.219086 4005.219269 -113.461914 -611.400452 3467.032704 36.767578
2479.068604 3830.670776 1117.902832 865.004578 3593.712234 -303.743896 488.418427 3466.071458 501.850586 351.92276 2519.074402 819.42749 163.612976 3099.376755 115.550537 -2133.895187 3566.086483 845.220947 -943.028564 3810.870171 -977.866211 -152.161713 3845.735931 -421.993408 320.976105 4089.689636 413.78418 -808.515015 3483.45005 368.283691
2571.272888 3809.571114 1182.39624 810.72052 3417.789304 -10.670166 281.477203 3233.760805 690.822754 270.391235 2244.203568 879.619141 23.407898 3092.544708 -102.518311 -2289.757595 3519.615536 747.176514 -1163.95607 3573.466358 -1130.390625 -427.041626 3563.78149 -504.813232 41.465607 3582.333355 367.424316 -740.50827 3946.035194 -1254.314575
2432.277222 3822.541885 1075.092773 682.832947 3115.029774 1.784668 433.734283 3036.555862 864.437256 917.915649 2149.639664 908.016357 10.031281 2913.674164 -236.237793 -2355.763264 3473.601408 879.219971 -1516.450005 3469.713097 -1152.70874 -613.288879 3194.380741 -1376.99707 -187.493591 3244.299774 -480.0354 -723.994141 3540.165882 -1522.618408
2509.804535 3707.045822 1079.193115 876.745453 3122.718334 -200.128174 218.726807 2679.571838 213.71582 492.368927 2093.248444 981.51001 -85.56015 2833.802223 -746.209717 -2576.794395 3330.23242 987.961426 -1643.632278 3310.938482 -984.89502 -836.761703 3142.312832 -1483.616333 -6.814728 3018.983994 -963.979492 -697.015839 3268.297682 -1441.408691
2562.072601 3693.008518 1087.401123 997.031097 3165.734158 -295.43457 201.329651 2837.46891 -52.928467 261.661377 2340.968323 817.038574 -77.971497 2805.133553 -764.797363 -2731.620483 3251.546116 1024.541016 -1842.414589 3061.961861 -958.180542 -1124.11911 2928.221474 -1585.306396 -248.281097 2778.352089 -1157.096558 -1024.385605 2899.280548 -1653.919067
2606.079712 3714.885654 1084.370117 1097.352905 3199.448357 -375.262451 252.04071 2910.530357 -289.560547 217.793274 2502.496338 630.473633 -81.604919 2808.734818 -631.429443 -2854.507904 3213.888798 1082.598877 -2087.994708 3082.564583 -963.546753 -1345.545044 2906.086617 -1556.262817 -726.207581 2671.324387 -820.657959 -1240.81955 2782.795296 -1634.411621
2581.908417 3730.427055 1045.599365 999.508514 3277.645435 -365.41626 183.808899 2917.717514 -242.133789 204.338074 2616.458435 721.669922 9.714508 2911.842003 172.998047 -2989.32045 3223.773422 1313.641357 -2233.030634 3148.389359 -745.982666 -1712.949181 3018.496895 -1553.340454 -1032.342224 2907.372818 -839.197998 -1380.764999 2864.398193 -1534.865112
2571.399384 3752.003822 1147.39502 1144.857025 3526.348972 -480.545654 400.347748 3110.831699 -181.550293 227.612305 2850.026894 782.861328 160.934296 3247.310629 202.406006 -3132.403717 3250.653944 1721.18042 -2472.835503 3272.443619 -381.506348 -2183.569529 3203.190784 -1307.757568 -1516.666794 3039.671974 -585.496826 -1532.736359 3060.311012 -1157.335815
2617.094879 3850.592079 1330.447998 1340.568085 3805.6493 -450.211182 492.899933 3635.264244 -167.058105 416.394196 3409.304876 825.611572 478.592377 3473.066926 213.430176 -3205.14473 3220.102348 1914.639893 -2812.554474 3516.868124 -249.25415 -2590.351067 3561.012459 -1202.305298 -2046.373367 3949.552536 -453.869629 -1874.66507 3246.904488 -1186.356812
2591.177368 3839.045486 1367.874756 1338.838501 3873.974152 -397.182617 674.089966 4281.506958 49.537354 579.716492 3792.275238 926.231689 683.154297 4076.725769 486.45874 -3166.891708 3168.423786 2105.633545 -3096.379089 3803.27343 8.885498 -2981.187592 3879.413757 -948.782349 -2866.799469 4400.028152 -113.132324 -2568.698463 3792.91378 -1073.135986
2640.043793 3878.473854 1619.354248 1257.57431 4150.079346 -14.550781 1337.86026 4606.307983 752.070312 1438.274689 4756.858978 1740.760498 797.216339 4435.813828 847.629395 -3113.771133 3188.69091 2358.881836 -3170.858841 4034.672775 345.356445 -3229.139786 4215.264206 -600.220947 -3380.821457 5108.572845 -206.442871 -2817.953644 4517.228241 -759.500732
2528.043823 3861.884995 1504.429932 1222.807617 4313.427963 -175.245361 1459.02832 4768.469696 567.873535 1246.254883 5239.684906 1439.106445 834.633484 4792.193604 952.48291 -3030.856628 3206.090832 2713.087158 -3354.874039 4524.938202 979.60083 -3499.036713 4578.072052 19.732666 -3755.91629 5162.211609 -744.743652 -3179.337082 5038.562927 -199.213867
2496.003723 3871.669121 1630.457764 1276.959229 4452.197495 -53.520508 1642.599792 4928.056641 611.982422 1432.943115 5346.439972 1502.025146 849.64325 4949.080505 1061.055908 -2966.581345 3174.964428 2830.671387 -3497.498474 4734.394836 1394.055176 -3697.342529 4883.598633 461.975098 -3965.15976 5491.136169 -270.231934 -3467.605896 5466.758118 329.34082
2449.658661 3900.61264 1706.37085 1304.376373 4542.096176 -16.658936 1630.440521 5130.229187 580.43457 1750.520782 5676.053009 1420.686035 782.941742 5077.057037 1076.398926 -2929.235382 3228.021612 2903.135986 -3500.811157 4927.2995 1639.293213 -3855.518341 5177.526398 773.752441 -4198.185272 5789.641571 72.469482 -3617.829285 5753.59314 658.768311
2406.496277 3897.983398 1801.252441 1316.898499 4644.774628 66.888428 1583.08075 5149.95575 769.157715 1840.609131 5685.052338 1593.137207 847.097168 5167.00943 1130.003662 -2918.978119 3257.975531 2996.398926 -3572.081451 5051.638489 1887.227783 -4040.518494 5446.021729 1129.073486 -4434.786835 6098.071289 484.041748 -3774.5401 5944.955139 1003.477783
2358.009796 3922.234802 1805.266113 1310.471954 4729.365692 51.707764 1521.756134 5211.414948 796.313477 1961.747589 5709.216461 1574.49585 880.660858 5266.936493 1190.336914 -2877.928085 3282.995558 3101.495361 -3602.225647 5139.376068 2113.616943 -4172.820587 5640.240784 1491.140137 -4710.237885 6234.134216 882.857666 -3894.405518 6008.013 1296.561279
2302.770844 3943.392372 1781.025391 1307.796783 4735.065308 -9.296875 1480.843964 5228.119812 737.76001 2064.955292 5731.835175 1409.818115 752.04483 5363.341217 1055.97168 -2836.590004 3305.707774 3153.376465 -3611.532288 5196.744995 2276.867676 -4247.202454 5753.816223 1777.70874 -4801.356659 6451.540222 1311.605225 -3958.430328 6161.380615 1525.771484
2301.208191 3960.654182 1799.54834 1367.305908 4709.241638 -66.427002 1531.468201 5248.854828 660.859375 1795.506592 5733.710022 1533.695068 472.625122 5356.997528 301.046143 -2779.961662 3377.624059 3196.131592 -3613.36441 5311.053009 2417.077637 -4297.022247 5878.903961 1978.675537 -4763.275146 6631.35376 1481.710205 -4012.439117 6265.776062 1778.920898
2290.201874 3975.046158 1825.461426 1331.232452 4770.442505 -18.66333 1408.041229 5333.252563 710.092773 1460.405731 5933.791809 1553.681641 481.683502 5338.278656 256.343994 -2753.056145 3420.905323 3238.087158 -3588.935089 5364.328918 2461.119385 -4327.687225 5957.978516 2158.483887 -4726.362762 6675.501404 1554.439697 -3958.397827 6282.812805 1815.38208
2301.865997 3982.662659 1853.763428 1328.262177 4821.728821 37.207031 1474.453583 5245.852966 844.837646 1326.479645 6066.222839 1461.162109 565.836029 5308.742981 626.220703 -2699.337769 3439.974623 3272.141113 -3527.093048 5397.175446 2522.368164 -4262.558136 6010.202026 2252.553711 -4570.950165 6736.831665 1608.123779 -3897.266388 6331.434631 1898.079834
2294.333496 3993.903351 1860.556641 1309.860535 4854.532928 58.239746 1484.272461 5239.724274 880.32959 1289.035339 6083.923035 1450.732422 603.821411 5306.918335 762.998047 -2680.124969 3448.82308 3290.013428 -3506.078339 5411.951599 2549.42627 -4239.592438 6031.886292 2287.836914 -4519.025269 6763.237305 1634.559326 -3877.045288 6358.320312 1962.839355
2284.250793 4006.827011 1841.546631 1273.069153 4876.793518 48.54248 1426.569214 5220.856476 896.412354 1177.870789 6054.517517 1468.352051 650.709839 5274.739075 906.364746 -2659.028931 3470.377731 3296.553955 -3479.380798 5433.241882 2524.788818 -4210.989532 6075.674744 2301.16333 -4431.335602 6768.311157 1580.762939 -3830.336609 6381.160889 1942.541504
2293.577576 4014.799347 1799.620361 1249.996643 4871.802216 11.417236 1345.775452 5328.909302 816.003418 1054.374084 5991.075439 1568.623047 531.856384 5305.791168 885.358887 -2588.846169 3515.462227 3274.595947 -3419.831161 5468.517303 2472.003174 -4141.036072 6119.229126 2227.438965 -4401.969604 6819.067383 1523.824463 -3776.475525 6411.398926 1889.656982
2298.189392 4018.662491 1823.14209 1303.081055 4880.108185 11.746826 1398.057556 5344.565582 811.376953 1062.980347 5994.958801 1554.920654 574.429932 5308.801422 895.175781 -2552.270317 3543.251343 3259.561768 -3381.776199 5498.411255 2465.531006 -4086.727448 6144.797363 2170.467529 -4382.324524 6882.313538 1522.385254 -3783.591309 6438.470459 1912.438965
2297.153473 4019.34845 1814.980469 1302.035065 4885.898895 5.544434 1354.047394 5365.502319 800.356445 1041.817169 6060.345459 1513.258057 573.717804 5302.794495 849.189453 -2541.577644 3571.398392 3215.817871 -3389.013367 5529.465332 2447.160645 -4082.925262 6172.928772 2120.625 -4386.594543 6941.867065 1513.828125 -3777.348175 6485.437012 1905.380859
2291.550751 4021.182632 1822.003174 1298.906403 4890.291443 12.536621 1357.501068 5365.010376 809.780273 1053.327179 6055.014954 1530.761719 585.575714 5307.129517 871.989746 -2548.878708 3581.643562 3204.875488 -3391.272812 5540.437775 2432.781982 -4085.42923 6182.949219 2105.007324 -4393.783569 6950.443115 1498.808594 -3782.386322 6493.506165 1879.910889
2283.549347 4023.802872 1781.907959 1282.09671 4879.742279 -35.125732 1297.444305 5368.404541 758.098145 970.617218 6031.717529 1497.341309 571.971283 5305.659943 853.994141 -2553.249817 3606.218376 3176.938477 -3399.428711 5592.469177 2466.812744 -4073.726807 6201.418762 2041.291504 -4440.475616 6977.58667 1476.188965 -3777.415619 6544.723511 1851.104736
2299.197388 4021.819305 1810.876465 1282.328796 4884.56192 -0.444336 1381.629944 5388.258362 779.597168 1034.669495 6017.402954 1542.399902 625.361328 5303.833008 973.173828 -2535.313644 3622.946033 3171.264648 -3399.075928 5606.607208 2459.13208 -4084.594116 6207.775269 2035.294189 -4461.90094 6997.136841 1491.733398 -3774.857483 6581.687927 1862.82959
2281.994324 4021.997833 1791.467285 1281.008606 4887.869415 -23.074951 1275.18158 5408.266296 750.623779 1030.588684 5989.355469 1585.689697 618.905029 5304.094849 969.417725 -2542.420502 3633.254852 3146.845703 -3414.986343 5616.177063 2454.434814 -4088.843079 6206.208496 2000.820312 -4494.821472 7000.675964 1489.179688 -3785.706177 6611.958923 1869.552002
]