07-24-20_Matthew_4K.black_alligator_above_orange_wagon.0000000002 [ 2950.640182 3590.598068 2293.477402 4711.204071 2058.887558 4917.789764 0.0 0.0 1710.673752 5176.991119 0.0 0.0 1685.241928 5493.773651 0.0 0.0 -1704.233284 3310.031719 -2409.580383 5490.887299 -2788.714371 5989.660034 0.0 0.0 -2973.412399 6704.792175 0.0 0.0 -2419.23912 6295.393677 0.0 0.0
2986.754074 3614.877472 2286.857834 4751.084137 1981.990891 4963.640137 -77.059631 27.697601 1669.072189 5280.3125 -41.764526 85.16861 1485.200424 5193.521118 -200.204468 -318.405304 -1768.156891 3344.448948 -2365.894547 5483.683777 -2877.863388 6176.05011 -89.311981 168.237305 -3053.86055 7031.044006 -80.611115 308.09906 -2444.4384 6535.788574 -25.362244 222.242126
2977.449112 3626.093559 2277.632828 4767.612152 1973.425064 4984.620972 -6.087952 15.202332 1663.454971 5307.918854 -3.139343 21.82785 1483.368912 5190.255432 0.646362 -9.044189 -1768.515816 3351.575279 -2366.173706 5491.636047 -2882.32399 6186.40564 -1.982727 4.577026 -3047.090988 7044.56604 9.247437 7.74353 -2453.789597 6535.721436 -6.873322 -5.845642
2975.174255 3630.64518 2271.211243 4769.543915 1966.911011 4987.266541 -7.406006 0.449829 1659.283447 5313.105621 -5.063477 2.991028 1481.043091 5191.589203 -3.217773 -0.861969 -1766.147537 3354.499969 -2364.321136 5496.931763 -2886.540833 6199.378967 -5.108795 10.777588 -3063.265686 7063.711243 -17.06665 16.949463 -2455.880585 6544.983215 -2.982941 7.06604
2974.99939 3630.986748 2270.955811 4769.587555 1966.64978 4987.208862 -0.187683 -0.295715 1659.074707 5312.979736 -0.135193 -0.363922 1480.777893 5191.466217 -0.19165 -0.361023 -1766.233368 3355.012188 -2364.326935 5497.319183 -2886.316986 6199.671936 0.297394 0.054932 -3062.487335 7063.933105 0.851898 -0.016174 -2455.547638 6545.162354 0.406494 -0.058899
2973.468933 3632.496147 2269.369812 4770.014801 1965.00885 4987.217865 -0.895386 -0.812836 1657.397156 5312.540131 -0.932007 -1.261444 1479.165649 5191.3414 -0.866699 -0.946655 -1767.521172 3357.322502 -2365.099487 5498.564758 -2885.145264 6199.172058 1.917267 -1.321716 -3057.822418 7061.97113 5.410461 -2.783813 -2453.628235 6544.241333 2.664948 -1.742859
2973.368225 3632.623062 2269.278564 4770.06485 1964.91394 4987.234497 -0.03418 -0.06485 1657.291565 5312.51297 -0.044861 -0.108643 1479.074402 5191.366577 -0.030518 -0.056305 -1767.648048 3357.524681 -2365.189819 5498.670502 -2885.113983 6199.119263 0.09201 -0.134277 -3057.601166 7061.774902 0.281982 -0.27771 -2453.550262 6544.142151 0.138702 -0.180664
2973.368225 3632.623062 2269.278564 4770.06485 1964.91394 4987.234497 0.0 0.0 1657.291565 5312.51297 0.0 0.0 1479.074402 5191.366577 0.0 0.0 -1767.648048 3357.524681 -2365.189819 5498.670502 -2885.113983 6199.119263 0.0 0.0 -3057.601166 7061.774902 0.0 0.0 -2453.550262 6544.142151 0.0 0.0
2973.363647 3632.627296 2269.273987 4770.066986 1964.908752 4987.236023 -0.002136 -0.000305 1657.286377 5312.514343 -0.002136 -0.000458 1479.069519 5191.370392 -0.001831 0.001984 -1767.65213 3357.530842 -2365.192947 5498.673248 -2885.11261 6199.116211 0.004425 -0.004883 -3057.592773 7061.766357 0.011444 -0.010376 -2453.547821 6544.136963 0.005493 -0.007019
2973.363647 3632.627296 2269.273987 4770.066986 1964.908752 4987.236023 0.0 0.0 1657.286377 5312.514343 0.0 0.0 1479.069519 5191.370392 0.0 0.0 -1767.65213 3357.530842 -2365.192947 5498.673248 -2885.11261 6199.116211 0.0 0.0 -3057.592773 7061.766357 0.0 0.0 -2453.547821 6544.136963 0.0 0.0
2973.363647 3632.627296 2269.273987 4770.066986 1964.908752 4987.236023 0.0 0.0 1657.286377 5312.514343 0.0 0.0 1479.069519 5191.370392 0.0 0.0 -1767.65213 3357.530842 -2365.192947 5498.673248 -2885.11261 6199.116211 0.0 0.0 -3057.592773 7061.766357 0.0 0.0 -2453.547821 6544.136963 0.0 0.0
2973.363647 3632.627296 2269.273987 4770.066986 1964.908752 4987.236023 0.0 0.0 1657.286377 5312.514343 0.0 0.0 1479.069519 5191.370392 0.0 0.0 -1767.65213 3357.530842 -2365.192947 5498.673248 -2885.11261 6199.116211 0.0 0.0 -3057.592773 7061.766357 0.0 0.0 -2453.547821 6544.136963 0.0 0.0
2973.363647 3632.627296 2269.273987 4770.066986 1964.908752 4987.236023 0.0 0.0 1657.286377 5312.514343 0.0 0.0 1479.069519 5191.370392 0.0 0.0 -1767.65213 3357.530842 -2365.192947 5498.673248 -2885.11261 6199.116211 0.0 0.0 -3057.592773 7061.766357 0.0 0.0 -2453.547821 6544.136963 0.0 0.0
2873.942566 3657.486229 2130.049744 4782.067108 1852.991333 5013.479614 -15.352478 19.487915 1556.606445 5319.722443 -4.11499 0.452423 1330.361633 5235.98999 -52.142944 37.863922 -1891.081009 3348.674564 -2485.641327 5456.286316 -3018.639679 6212.050781 -36.962128 6.178894 -3213.698425 7147.102966 -59.54071 78.580933 -2553.16803 6589.373779 -3.055267 38.48114
2835.456467 3699.656296 2088.099289 4815.276184 1815.607224 5037.303009 -2.118225 2.171783 1515.399704 5333.743896 -5.940857 -7.630157 1280.916672 5265.147705 -14.179077 7.506104 -1932.964935 3365.843468 -2545.672913 5470.564575 -3031.427689 6224.381714 22.477875 -9.320679 -3292.044144 7170.031738 -43.079834 1.277161 -2569.657974 6636.802368 18.77594 25.776978
2785.613403 3706.680794 2037.723694 4824.685974 1767.201538 5047.761536 4.161072 0.861053 1464.033508 5347.020416 1.200562 3.679047 1213.283691 5273.957214 -15.066223 -0.787964 -1986.092072 3376.18988 -2602.178955 5478.06015 -3071.323853 6220.073853 12.670593 -13.905334 -3334.541626 7140.542603 10.069275 -39.086609 -2642.317657 6647.501526 -20.092926 1.101685
2775.980835 3708.277245 2024.774475 4817.43927 1751.310425 5046.038666 -8.812866 -4.365387 1456.98761 5350.90332 0.032349 1.240387 1198.456726 5263.378296 -7.748718 -13.221436 -2002.145233 3375.233612 -2582.747726 5477.268372 -3068.529053 6220.055237 9.873047 -2.661133 -3642.486877 6937.377319 -300.867004 -205.8078 -2609.547806 6636.716309 39.848099 -13.427734
2714.500427 3701.887054 1965.869141 4800.818634 1688.654785 5039.60022 -1.837769 -1.194 1390.232239 5353.942871 -5.9375 8.283997 1131.451263 5270.409393 -6.187592 12.275543 -2079.618988 3360.160503 -2650.369492 5443.41568 -3033.457489 6098.477173 95.889435 -116.333618 -3495.563965 6720.812683 207.740784 -211.32019 -2688.13736 6531.524658 -17.771683 -99.947205
2677.142639 3711.125717 1934.337463 4824.273987 1661.166687 5054.441681 2.507324 6.285248 1345.499878 5364.390869 -14.736938 1.891785 1096.734619 5296.596222 -4.721222 17.630615 -2128.241577 3304.492569 -2641.788025 5374.056396 -3018.360291 5882.90863 45.092621 -224.124756 -3498.805542 6543.320312 26.753845 -186.048584 -2558.665009 6342.644043 159.467773 -197.436829
2626.553345 3710.77877 1873.448181 4825.189209 1600.596008 5058.029633 -8.653259 -4.203491 1292.017517 5368.662109 -1.564941 -3.520203 1049.706879 5307.670288 4.889679 3.282623 -2191.851883 3239.566345 -2650.555878 5170.320129 -2904.062195 5726.6539 166.215515 -164.046173 -3299.211578 6454.71344 251.511383 -96.398315 -2639.644241 6288.273926 -29.061813 -62.16156
2597.323761 3719.302139 1847.144012 4842.990875 1577.319183 5071.425476 3.905334 1.930389 1236.806183 5396.386261 -28.029175 16.258698 1009.413147 5316.611328 -13.111572 -2.524414 -2282.532959 3184.968691 -2799.881897 4901.459656 -2733.043671 5382.024841 198.200684 -356.094513 -2930.550079 5900.710144 395.843658 -565.46875 -2561.11496 5810.090332 105.711441 -489.649048
2536.659088 3744.160385 1763.911896 4854.686127 1489.399261 5088.337402 -18.240051 -1.639099 1160.582428 5417.994385 -6.543884 3.057098 917.439728 5335.358887 -22.293549 0.196533 -2417.348175 3233.642563 -2699.694138 4344.44809 -2623.008194 4743.127136 179.715347 -657.44873 -2560.729294 5018.319397 439.500656 -900.941772 -2471.471634 4682.10495 159.323196 -1146.536407
2476.78299 3737.307472 1705.921783 4840.228119 1411.509552 5082.739868 -26.022644 -7.091064 1099.651031 5421.532135 -9.064331 2.04422 854.917908 5322.451019 -10.654755 -14.401398 -2573.475113 3130.386295 -2659.660568 3480.520287 -2325.203323 3351.20018 349.671936 -1393.420486 -2352.862854 3611.985321 259.733505 -1407.827606 -2607.515945 3531.235352 -84.177246 -1152.363129
2441.768951 3749.947662 1652.953949 4840.12085 1345.897369 5099.533997 -28.048706 4.516907 1016.294708 5455.157623 -45.792847 21.348267 801.069336 5332.542725 -16.285095 -2.185516 -2670.72731 3150.658283 -2344.906769 2811.527634 -2133.213234 3359.889736 229.553566 -3.587666 -2587.32132 4068.089066 -196.894989 443.826523 -2068.373566 2759.568672 576.705856 -783.943901
2396.211853 3725.792274 1571.399841 4850.267944 1277.286987 5111.134186 -17.381287 15.51712 944.452515 5451.382751 -20.613098 0.142059 708.888702 5294.017944 -40.951538 -34.607849 -2837.73941 2872.02713 -1626.820688 2198.75946 -1119.752769 1407.474976 1064.68956 -1948.497829 -920.250626 1870.103607 1718.299789 -2194.068527 -1391.28273 1862.341461 728.319931 -893.31028
2335.860748 3731.104927 1494.227753 4838.034668 1150.261383 5078.898315 -88.297424 -47.128754 1163.882599 6060.62439 258.158264 594.348755 782.103271 5298.845978 111.942749 -10.06485 -2812.115097 2596.478043 -1440.733032 1448.870544 -792.6828 729.072876 365.798149 -693.294983 -210.325928 595.673218 748.652878 -1289.323273 -428.723297 901.047516 1001.287613 -976.186829
2339.200287 3738.195114 1483.257599 4859.13147 1183.856354 5106.748047 10.011292 19.161377 1175.36911 5973.828735 -12.097168 -95.484009 777.631378 5299.607239 -28.055573 -7.927094 -2856.327744 2393.254776 -1329.127693 1160.808563 -842.941666 316.539917 -73.842545 -421.221313 96.604767 240.07843 283.347015 -364.283142 -414.473724 511.924744 -9.334106 -397.811127
2164.342651 3705.65876 1315.095825 4820.126343 1019.840698 5072.222595 -21.492004 8.198547 1119.880066 5913.06488 87.034607 -18.039856 601.337585 5261.112671 -33.770142 4.229431 -2728.722153 1817.402496 -1067.303925 412.275696 -359.133148 -273.540039 626.332169 -547.355957 33.06427 -130.209656 78.983154 -327.564087 -571.676788 -61.275024 -14.679413 -530.475769
2196.838074 3729.594193 1336.593323 4832.428589 1041.786194 5096.911774 7.38678 -11.843414 1156.967163 5923.012695 22.528381 -26.584778 617.358856 5273.764801 1.462555 -23.880463 -2623.999405 1623.848114 -911.743927 170.963745 -188.160858 -508.944702 156.413574 -271.937256 197.375946 -377.944641 149.75296 -284.267578 -609.53537 -154.301453 -52.417297 -129.559021
2123.36319 3796.951675 1304.48288 4906.062012 1009.428864 5150.415344 -3.873901 1.500397 1075.35141 5984.061584 -53.132324 9.045715 602.320251 5347.438202 13.444824 21.670227 -2710.896149 1407.510529 -947.923965 44.011536 -186.062775 -583.381958 30.581512 -126.44043 275.361023 -480.635376 106.468506 -154.693909 -562.348022 -150.240479 75.670776 -47.9422
2093.819122 3883.710709 1301.669159 4954.499969 1001.495209 5207.037201 4.758301 10.93399 1200.187531 6007.376099 137.528076 -22.373352 598.339386 5402.265625 8.71109 9.139557 -2807.92511 1207.011261 -975.154572 -80.080566 -218.379211 -716.252441 -19.624481 -178.55835 354.023285 -588.287048 91.354218 -153.339539 -365.909882 -230.398865 209.130096 -125.846252
2027.793427 3942.982445 1258.470306 4966.764832 970.92514 5199.855042 23.518372 -13.151703 1164.748688 6024.631348 18.649597 11.285706 573.428345 5398.786774 29.177399 -9.448395 -2964.318619 1036.116486 -1083.730392 -155.490723 -305.728455 -753.720703 -33.260803 -43.437805 413.780365 -652.03064 113.84552 -69.713135 -231.888123 -297.808533 188.110199 -73.379211
1960.630341 3971.78299 1224.173737 4968.567657 922.497406 5188.870544 25.402527 -8.728638 1112.390289 6022.209473 21.471863 -0.166016 543.862457 5405.897217 44.264374 9.366302 -3137.497406 894.066772 -1199.247055 -203.20343 -405.058441 -782.889709 -25.499725 -26.913147 305.272217 -660.720215 -34.677887 -6.433716 -226.539307 -417.798767 79.179077 -117.734375
1965.858459 3985.484467 1218.761902 4963.490295 939.75769 5191.732635 42.306519 9.538116 1145.387878 6009.329529 58.043823 -6.203918 561.038818 5413.527527 42.222595 14.306335 -3237.471313 817.024384 -1260.633926 -236.461792 -454.938049 -808.906555 -24.833374 -19.34082 282.46933 -696.977844 2.243347 -29.581604 -227.198944 -466.566162 24.386597 -42.09137
1980.78186 3987.201767 1239.911499 4967.606201 951.531067 5195.828705 15.90332 6.029968 1186.167603 5998.727112 44.909668 -8.668518 575.687256 5416.785889 18.778381 5.192261 -3324.829025 766.41449 -1338.115311 -281.791382 -509.996796 -827.872314 -50.928802 -17.03186 303.216248 -618.734436 24.876862 80.177307 -208.959808 -485.068054 22.36908 -16.567993
2020.881805 3996.267853 1267.310944 4949.01413 977.435455 5182.926788 21.757812 -12.878418 1169.950104 6010.364685 -20.364075 11.661072 612.776642 5405.138092 32.94281 -11.624298 -3365.007324 734.728394 -1371.486893 -318.218079 -511.923828 -811.93512 -6.073608 15.960693 303.370819 -615.420837 -3.992004 3.337097 -207.34024 -482.762146 -2.527008 2.329407
2101.532135 3982.936821 1268.200836 4953.995361 962.605438 5208.665466 -4.836731 18.854218 1193.604889 6016.028442 33.648071 -1.220703 564.240265 5395.555878 -38.543091 -16.466675 -3558.861084 787.492676 -1575.331726 -267.783508 -745.932922 -820.049133 -224.015808 -14.998474 85.431061 -492.365723 -207.946472 116.170654 -417.072296 -549.872131 -199.73877 -73.994446
2106.661835 3984.272614 1264.460602 4917.376709 961.753082 5205.780792 17.012329 -5.189667 1196.591034 5990.91156 20.85083 -27.421875 553.632355 5376.471252 7.256775 -21.389618 -3709.591827 882.218323 -1766.727448 -236.167908 -963.5392 -820.426331 -199.741592 -2.68219 -106.645813 -480.422668 -174.212189 9.638062 -567.695312 -547.530518 -132.758331 0.036621
2091.120453 3976.157837 1200.314178 4851.533661 882.717438 5153.400879 -26.779785 -47.424774 1050.491486 5960.311584 -93.843689 -25.644836 468.489227 5299.077911 -32.887268 -72.438202 -3888.210602 1066.980743 -2038.309622 -193.692322 -1348.985748 -812.28302 -333.190689 13.09845 -457.62558 -652.194214 -298.723907 -166.816406 -847.653809 -601.471252 -227.702637 -48.985596
2106.793518 3971.625404 1207.661743 4817.7565 871.943359 5109.64035 -9.865112 -56.027069 1138.520813 5916.3414 88.938293 -56.236725 491.957092 5346.685333 24.376831 35.340881 -3910.43808 1101.983032 -2079.838557 -189.127197 -1411.373291 -841.359558 -61.478577 -41.343079 -502.037048 -709.111023 -43.502502 -69.18335 -1010.673904 -691.029358 -162.11113 -101.824646
2081.343079 3952.178001 1068.247681 4529.966049 1019.332275 4940.158844 217.198181 -206.424866 862.339783 5472.753296 -206.371765 -480.531464 652.768555 4814.809265 230.620728 -568.819427 -3863.262482 1676.259308 -2294.938612 101.191101 -1890.634251 -791.938782 -409.451694 12.477417 -901.930237 -996.286316 -330.083923 -324.118652 -1465.860748 -758.612061 -385.377579 -104.526062
2018.20282 3914.957237 1166.791077 4240.894165 1283.83728 4824.295044 267.553101 -120.362396 955.001221 4743.937836 95.709534 -733.314056 1095.920105 4818.485107 446.199646 -0.822754 -3625.623474 2068.331757 -2231.309676 382.639771 -1958.692207 -563.435669 -65.009861 224.004517 -1258.492889 -1286.985168 -353.514557 -295.197449 -1484.835739 -629.303589 -15.926895 124.809875
1691.993561 4017.0578 554.078522 4111.529617 1170.822906 4530.273438 -81.543884 -303.592529 792.426605 4843.713074 -131.104126 90.204315 985.281219 4722.753601 -79.168396 -105.302429 -3223.995819 2466.321106 -1761.969566 805.906677 -1770.013885 -26.794128 220.148811 527.070618 -1720.213852 -1032.257385 -430.250473 245.15686 -1346.293182 78.255615 170.013046 697.988281
1396.113129 3986.485138 3.895264 4005.027428 833.830414 4245.037766 -388.273926 -286.827774 817.043304 5005.348206 -26.664734 160.04303 775.188751 4543.584137 -261.373901 -180.761566 -2771.426392 2723.429184 -1275.742645 1244.901428 -1470.670624 403.500671 248.061829 428.702698 -1574.276886 -562.41272 94.655533 468.252563 -911.502838 467.758179 383.508911 387.910461
1327.173004 3872.368774 -148.94516 3505.706749 227.401428 2996.974258 -753.177948 -1247.223969 881.75766 3529.177942 -82.034607 -1475.330725 -332.35672 2822.414093 -1254.294434 -1720.330505 -2356.991043 2901.495399 -955.014572 1506.758575 -535.315247 771.604309 788.606415 368.943176 -940.943527 -68.13385 486.584396 495.118408 -425.283813 1112.968445 339.470062 646.049805
1274.442139 3986.332932 -26.500397 3114.607468 17.957153 2206.79306 -400.780792 -848.662949 773.955688 2534.307022 -299.138489 -1053.352671 -23.027496 2760.036011 117.992706 -120.859833 -1938.867311 3024.549522 -483.83255 1899.530334 -288.400726 1100.899811 55.578003 270.813751 -302.858124 164.752197 446.748886 174.404297 -16.397247 1194.564514 217.550049 23.114319
1201.963959 3791.303024 -241.190033 2846.537285 265.085602 2484.73938 373.668823 305.866241 1132.250214 2289.025192 484.8349 -217.361908 -102.039642 2417.867508 47.528229 -314.248581 -1978.949399 3038.035622 -401.300507 2178.121643 -409.56665 1456.956024 5.374451 383.976135 -259.237366 574.683838 170.161133 437.851562 -227.910614 2196.856689 -84.972992 1030.212097
943.000488 3742.985992 -326.963654 2642.787323 519.129639 2582.775726 233.034058 79.675446 1140.81665 2187.513504 -12.443542 -119.872589 -66.567535 2116.472626 14.462128 -319.755783 -1807.092543 3096.711006 -155.726318 1988.943481 -237.029572 1569.133911 151.5271 93.816986 -170.780945 798.415222 67.446442 205.370483 -122.76062 1807.503052 84.140015 -407.714539
1098.311462 3862.786674 -46.402435 2704.756851 784.697571 2564.867554 -1.876526 -111.461945 1383.928833 2023.551025 -24.332275 -257.516251 228.070374 2291.52626 27.193451 81.499863 -1530.297909 3166.530533 40.374756 1969.651947 20.794373 1582.176971 -9.620514 -80.510712 81.895752 782.041016 -14.767761 -109.927979 160.445557 1823.892975 15.761719 -77.163849
1105.213928 3863.031883 57.51236 2642.023239 545.298309 2334.996643 -202.372894 -208.791809 967.958679 1937.921143 -378.943787 -64.550781 38.006134 2284.057007 -153.037872 13.609848 -1571.129618 3123.50708 -37.357941 1923.863373 -30.676575 1535.026855 -14.44458 -26.071014 -54.868927 777.89093 -99.738312 16.929016 103.3815 1788.597565 -20.037689 -14.216309
1102.513275 3862.731171 66.718597 2643.718338 556.096191 2347.364197 20.126038 17.02179 970.695953 1957.914429 12.06543 24.647522 45.968018 2286.959686 17.290039 7.556915 -1580.658178 3116.20163 -45.366974 1923.225861 -38.764038 1541.296997 1.240692 10.924377 -61.312256 794.062805 2.884827 20.826111 88.753204 1790.503693 -5.30014 6.560364
930.007324 3849.609528 19.309998 2652.164154 597.047424 2342.672806 91.678314 14.97963 910.977783 1890.311432 -8.991089 -47.931976 -4.325104 2238.201523 0.43396 -29.087143 -1691.051054 3105.305901 -184.264984 2044.77005 -174.374237 1526.609039 -84.883118 4.983063 -289.164734 795.601196 -177.125397 21.209412 -33.366547 1677.412262 -71.39267 -93.42041
913.681946 3847.764168 -17.456207 2660.713348 576.575012 2473.945236 -0.261536 110.793304 938.589172 2061.889954 47.822266 151.099396 -28.105927 2218.209991 -3.569946 -40.470657 -1708.017168 3113.540001 -278.395691 2106.205292 -272.752075 1556.776428 -78.166962 9.688263 -371.01593 856.647644 -61.64032 40.567322 -64.99054 1650.908203 -11.413116 -46.983185
854.600067 3722.876511 -94.701996 2573.355331 356.487274 2202.292023 -221.367493 -219.907913 868.958588 2038.743134 -70.910339 28.59848 -118.742065 2051.858673 -91.915894 -114.606018 -1750.281062 3054.505653 -416.642761 2196.47644 -477.422638 1583.40683 -205.950317 78.375702 -376.151428 903.093262 -6.415253 98.190918 -155.767975 1647.974243 -92.05719 48.81134
716.921082 3687.645149 -258.026733 2591.208572 224.341888 2204.532394 -31.733551 15.252762 767.904358 2019.742126 -0.642395 -5.988617 -216.103973 2043.006287 3.049927 4.160004 -1853.907638 2984.032898 -670.712509 2192.292328 -483.909607 1989.217529 93.924866 418.82309 -288.030548 1727.724609 188.532715 837.643738 -158.210449 2127.75177 97.96936 492.789917
714.696655 3681.076622 -296.328735 2614.150009 87.144012 2166.935349 -142.12616 -2.160339 861.933899 2619.4841 89.101257 635.17868 -261.96167 2187.782288 -50.78598 180.212708 -1842.704921 2969.88308 -717.624741 2125.257111 -484.788513 1975.90683 -5.80719 22.126007 -282.300262 1781.612396 0.802002 89.324493 -136.661835 2051.693115 16.620331 -40.621948
683.310547 3705.58157 -409.639893 2669.806137 42.340698 2069.927826 -33.079376 -86.580276 880.033264 2592.889481 29.823303 -16.167374 -285.798645 2215.594788 -12.113037 38.239746 -1898.774825 2993.392639 -599.192352 2216.342392 -470.247498 1900.005188 26.264954 -65.474396 -618.912048 1640.204926 -324.887848 -130.980225 -225.365906 1965.868073 -76.980133 -75.397797
677.193909 3698.444061 -420.617676 2660.311966 23.85849 2057.192535 -22.581329 0.494995 866.941833 2574.146194 -17.190552 -5.513 -301.877747 2204.147034 -20.178223 1.782532 -1896.171446 2990.337601 -601.469116 2190.75882 -476.856995 1819.523926 -10.708618 -67.250977 -580.319519 1475.26825 34.493408 -151.70639 -294.865265 1929.172821 -73.59848 -23.464966
732.201538 3735.919876 -410.900726 2615.394669 89.442902 2126.70578 44.562988 59.79248 855.961914 2134.240112 -32.001343 -449.626846 -323.625183 2175.135803 -42.76886 -38.731995 -1931.638088 3108.09864 -469.810181 2310.163956 -549.78363 1677.727814 -93.948059 -151.516876 -842.089462 1327.253113 -282.791367 -157.735901 -434.853058 2079.467773 -161.009216 140.574188
721.672211 3694.22308 -284.19281 2501.625443 -95.079803 1678.634796 -174.004974 -446.96167 87.763214 735.161438 -757.680969 -1397.96936 -45.446167 2000.139771 288.696747 -173.886719 -1944.047894 3212.820206 -662.228088 2152.146454 -698.831406 1846.267853 -138.530045 169.649353 -418.498077 1056.819916 434.109116 -269.323883 -577.651062 2058.578186 -132.280273 -19.780273
749.739532 3668.701859 -210.041962 2438.138885 48.828583 1760.570374 149.736633 79.157257 256.916046 977.808228 174.981079 239.868469 79.201355 1829.361877 130.475769 -173.556213 -1954.318213 3228.019981 -819.12468 2107.463379 -826.199417 1679.44458 -121.539764 -169.601593 -335.795288 936.850281 88.531036 -122.747955 -677.386475 1948.787842 -93.907166 -112.568665
838.951874 3683.639069 -146.292267 2471.724777 10.745392 1680.078888 -25.670776 -108.777008 18.205872 788.484497 -226.29776 -217.609253 -384.799194 1810.653534 -451.588135 -46.993866 -2013.458214 3237.680988 -985.498276 2157.961121 -932.584991 1902.693787 -93.97316 194.963684 -562.992706 1160.864716 -214.785004 195.728912 -605.585327 1802.171478 84.213562 -174.901886
1153.007965 3661.768818 34.767303 2516.114883 -159.570923 1846.023102 -173.759918 175.142517 65.08606 1287.061157 43.436584 507.774963 -672.300186 1661.862335 -290.944595 -139.592896 -2036.481571 3098.330879 -1003.744278 2022.356567 -898.533859 1754.41864 30.607529 -139.076843 -534.547729 936.71875 25.001373 -214.947662 -484.454803 1489.904633 117.68692 -303.068542
1219.999542 3609.963379 104.940796 2637.640228 -175.602417 2221.139526 -6.855469 368.939362 27.538757 1575.814667 -28.371277 282.576447 -771.023102 2292.349548 -89.54689 624.31015 -2103.938751 3125.951767 -999.374466 2029.167633 -835.490189 1597.321625 72.219696 -163.274078 -443.49411 806.18988 100.229645 -136.705933 -464.457245 1490.065613 29.173584 -6.016083
1461.732788 3636.859016 262.609863 2838.789902 48.652344 2570.845718 216.534271 334.64119 296.503754 1906.818695 261.244507 315.939026 -210.337982 2224.320984 552.96463 -83.093567 -2133.853188 3078.890991 -997.623749 1999.659882 -914.308167 1714.801025 -86.538467 102.414398 -162.279053 1216.377411 273.494568 395.122528 -432.002869 1610.094757 24.733887 104.964142
1666.440277 3590.219336 386.387329 2971.028824 162.958679 2806.361847 62.555084 260.976334 73.65097 2421.00029 -274.604034 539.6418 -24.782257 2416.585388 133.804474 217.724609 -2169.618587 3034.981651 -861.723709 1989.932861 -567.52121 1461.285248 295.035706 -228.055573 296.685486 1330.578308 407.213287 139.661102 -474.857025 1740.847778 -94.605408 156.213226
1669.825287 3461.922226 391.324463 2963.805428 152.682953 2856.497803 -25.864105 88.164215 -209.374237 2954.078445 -298.613586 571.106415 -179.753571 2918.20919 -170.559692 539.652061 -2131.261826 2936.451721 -660.182114 1850.449524 -203.230896 1775.979309 348.701935 352.722321 548.832092 1433.735199 236.558228 141.18515 -100.22171 1773.520813 359.046936 70.701294
1715.769806 3429.85568 355.254974 2990.22644 70.059967 2881.49437 -89.020996 28.556747 -259.0065 2955.474281 -56.030273 4.956017 -249.191284 2946.139412 -75.835724 31.490402 -2167.918701 2890.140076 -522.29248 1846.122131 -55.302124 1706.387177 141.530762 -66.031952 786.167145 1363.052826 230.937042 -67.122192 -71.101685 1754.256287 22.722015 -15.704346
1861.424103 3518.044491 324.980316 2994.989128 138.593445 2852.881508 33.586273 -23.546333 -362.591858 2984.906731 -138.532562 34.498978 -235.050812 2992.636909 -20.806732 51.564026 -1984.810944 2704.997177 -102.082214 1878.483124 253.859406 1671.930847 274.214325 -29.389801 1248.370514 1550.162964 427.256165 192.176666 268.562622 1683.94104 304.717102 -65.248718
1827.077332 3523.41835 280.983734 2994.013443 63.453674 2843.319893 -76.44577 -12.265778 -450.045776 3063.162537 -88.759918 75.551643 -398.117676 3122.43845 -164.372864 127.097378 -1869.327922 2592.095184 146.928253 1875.671082 318.067169 1603.598175 62.901764 -71.036835 1027.016296 1567.965546 -222.660217 15.098419 437.498169 1679.192657 167.629547 -7.452545
1794.806976 3502.551498 291.289978 2998.759766 65.994568 2857.881508 3.996429 15.98587 -521.9487 3040.864716 -70.447388 -20.873566 -434.780121 3115.314465 -35.206909 -5.69973 -1737.867746 2587.919388 83.98941 1787.565613 243.295898 1586.226654 -73.315735 -15.947266 763.368683 1550.32135 -262.192078 -16.21994 289.88678 1773.656464 -146.155853 95.888062
1805.815277 3547.296515 301.264343 2993.645668 28.547516 2840.106049 -35.124664 -21.867867 -259.056854 2869.018898 265.214233 -175.938225 -443.506622 3106.325512 -6.404114 -13.08136 -1626.978168 2560.00473 -196.013947 1833.854828 84.560547 1551.793365 -156.412964 -38.525696 569.293365 1503.930206 -191.75293 -50.483551 376.577301 1658.792114 89.012909 -118.956757
1841.999817 3572.219658 277.51297 3115.282898 48.981781 2844.685287 20.380402 -4.610519 -374.037018 2964.703484 -115.034027 86.494827 -303.59726 3079.779816 139.855499 -35.735455 -1636.607227 2573.75145 -251.777649 1718.414764 25.11795 1509.290771 -59.49646 -51.692352 350.716095 1272.846222 -218.631134 -240.273743 200.845947 1222.626343 -175.785217 -445.35553
1886.955261 3636.712532 304.814453 3179.048538 83.100281 2858.504601 43.852692 0.389748 -204.498596 2957.601433 179.272614 -20.531616 -289.722595 3066.000137 23.608856 -27.209244 -1635.195465 2570.608978 -617.655029 1914.89624 -328.55835 1737.624817 -343.942108 214.90448 -102.7948 1313.893585 -443.776703 27.617798 -51.306458 1398.44635 -242.418213 162.390442
2039.619904 3740.499382 346.238861 3207.975006 191.199493 2984.125137 115.062256 68.490715 -86.547546 3057.519569 124.914093 42.788315 -276.97403 3169.821606 19.711609 46.691647 -1787.872026 2531.147385 -935.888443 1937.33139 -633.382416 1639.840546 -297.861023 -154.914093 -677.341614 1373.48114 -567.583771 2.457733 -766.732712 1291.694031 -708.463211 -163.882141
2075.568085 3772.023354 354.066162 3240.831165 178.00293 3028.699875 17.250214 25.890045 -104.576263 3189.821053 12.41806 113.616791 -219.730835 3258.650856 87.689972 70.144558 -2016.587181 2425.007858 -1200.698929 2050.184784 -1076.537781 1836.577301 -412.708588 178.052063 -1085.316696 1869.341583 -377.528305 477.175751 -421.182251 1601.508636 375.997238 291.129913
2166.952057 3796.148376 344.904785 3233.564014 215.19165 3040.985069 35.404663 23.092079 -104.513092 3209.543228 -1.720886 30.52906 -216.948395 3228.885288 0.998383 -18.958683 -2001.001291 2447.606277 -1145.304718 2050.293274 -1007.481155 1935.712433 67.272568 109.942017 -826.684265 2072.728271 256.848373 214.193573 -330.430298 1709.387512 88.967896 118.68576
2142.484131 3704.090805 321.9664 3162.88435 208.905334 3007.174072 -15.359039 14.64756 -160.590668 3203.019848 -65.150299 41.935177 -245.450287 3221.506271 -37.574615 41.07954 -2063.210354 2508.22464 -985.810471 2023.614655 -793.516159 1999.255219 204.892273 112.001343 -561.715775 2157.088165 255.895767 132.818451 -71.218567 1626.035767 250.139008 -34.893188
2080.944214 3685.911064 317.541656 3112.481709 121.292877 3038.658905 -91.209259 46.789093 -251.934662 3192.66161 -94.940796 4.946022 -327.101135 3180.265713 -85.24765 -25.936298 -2129.667702 2626.571579 -792.128601 2060.191193 -461.130524 2098.091125 328.788834 114.140167 -130.011597 2072.886963 428.107376 -68.896942 -414.382935 2146.402512 -346.761169 535.671005
2075.762634 3652.645092 312.132416 3113.414803 97.724304 3015.421829 -47.178497 -7.322464 -240.98053 3180.344601 -12.655792 3.597603 -364.430084 3194.262867 -60.938873 29.911766 -2028.092556 2637.596741 -470.084686 2046.800232 -90.522156 2064.919891 346.998444 -17.256622 381.901855 2031.820679 488.303528 -25.151672 -150.409698 2126.178894 240.363312 -4.309006
2042.548828 3644.549713 299.012299 3099.066849 41.554565 3021.95507 -78.040771 2.179298 -336.460724 3158.29073 -117.351227 -26.407814 -353.80127 3189.852772 -11.242218 -8.764038 -1893.625937 2664.934845 -218.722534 1997.061615 180.976105 1963.580475 249.627228 -105.693359 672.982788 1880.95993 269.2099 -155.214691 146.452332 1866.162109 274.990997 -264.370728
2068.092194 3639.198818 263.825073 3099.316025 101.52771 2960.68634 39.86618 -55.252495 -282.825165 3097.805119 33.528595 -54.469376 -346.659851 3174.713192 -12.965546 -9.123344 -1750.027052 2634.173584 -47.674408 1919.087982 394.700012 1882.536469 193.616943 -75.027771 820.537567 1802.911377 127.447815 -72.032318 247.685699 1598.969727 81.126404 -261.176147
2038.973846 3611.188831 311.05896 3022.335968 64.547882 2922.499352 -28.461761 -43.897743 -302.685699 3046.365814 -11.342468 -57.150059 -329.464722 3176.657791 25.713196 -3.766155 -1728.932281 2647.55043 -114.847717 1866.57547 603.920898 1622.64679 217.738953 -265.600433 1320.249481 1310.236816 508.22998 -498.385315 118.891449 1618.825836 -120.276184 14.145355
2004.80072 3576.428089 332.548523 3040.012817 31.470947 2948.978424 -30.202637 23.773384 -229.478607 3168.37286 76.08139 119.301357 -256.931152 3116.109295 75.407867 -63.254185 -1692.481518 2589.969406 -148.563385 1838.422089 612.300873 1481.214294 11.254272 -144.138184 1339.709167 806.170349 22.333984 -506.772156 62.708588 1605.899963 -53.308563 -15.631561
1996.694183 3575.217056 335.170288 3032.888412 59.500122 2938.322449 20.708771 -20.942535 -247.693176 3157.638569 -25.534973 -21.020851 -286.291962 3086.85318 -36.681213 -39.542675 -1685.574436 2612.99736 -176.00708 1841.165009 553.171387 1452.955475 -66.44989 -38.54538 1192.312469 701.129761 -154.717102 -115.327148 13.25592 1616.51413 -56.773071 0.327606
1959.892426 3589.983368 407.654266 3052.936287 107.274933 2905.224152 72.727509 -70.883026 -306.473846 3031.405144 -33.827972 -164.018154 -266.417236 3067.577209 44.827423 -57.060699 -1688.104334 2656.117325 -456.572876 1925.193176 -105.33371 1516.632233 -633.552399 25.892029 321.050568 962.410583 -846.309204 223.496094 -569.974365 1881.946716 -558.277588 227.647858
1998.341064 3620.845375 434.878998 3078.347855 139.783936 2901.128349 41.873779 -18.333778 -252.589722 3033.797836 63.248901 -11.845284 -190.13382 3055.731201 85.648193 -26.083984 -1707.141418 2661.712494 -450.47287 1917.030182 -90.843353 1559.367981 23.855133 28.497772 79.743958 967.950897 -231.941833 -8.697662 -571.733246 1754.881897 7.605896 -141.302795
2031.871643 3651.502075 369.889221 3200.959797 166.929932 2933.389778 41.705627 16.687698 -187.898407 3055.7967 79.250946 6.425133 -151.983185 3056.796837 52.710266 -14.508095 -1790.448973 2633.388138 -670.684967 2060.184784 -402.896118 1688.652191 -297.493134 113.71048 -310.644684 1187.980347 -375.82901 204.455719 -643.052139 1664.386292 -56.759262 -106.069336
2068.63327 3670.126514 378.359528 3244.460869 190.970459 2951.967659 27.490997 8.439941 -95.079498 3080.907402 96.269379 14.972763 -177.568817 3142.880287 -22.135162 75.945511 -1870.139966 2649.253769 -753.241043 2154.913635 -391.126404 1679.975739 15.220184 -18.814392 -102.830048 1523.999176 211.265106 325.88089 -998.145905 1968.625793 -351.643295 294.101562
1985.184326 3642.589865 434.404297 3243.792171 200.45517 3063.681908 2.903442 110.64827 -306.925812 3126.212006 -218.427582 44.238625 -190.136108 3284.476814 -19.14856 140.530548 -1986.851349 2694.564285 -852.186432 2164.211426 -671.725769 2074.328766 -287.180634 393.287048 -172.231293 1722.502747 -75.982513 197.437592 -597.464981 2083.930969 394.099655 114.239197
2130.340881 3666.885395 396.046295 3245.708103 244.701385 3023.437157 35.669556 -20.437317 -112.936249 3156.018867 185.412903 49.614296 -179.877167 3296.317768 1.682281 31.648388 -2093.490314 2743.550415 -698.301468 2035.581665 -574.400864 1979.882812 88.748245 -74.638519 149.17038 1791.444702 312.825012 88.74939 -409.97818 1924.597321 178.910141 -139.526215
2221.521912 3702.767544 389.515076 3274.939117 278.633575 2995.477905 12.615051 -22.421532 -133.654175 3289.942322 -42.035065 139.461174 -142.553253 3305.517426 16.006775 14.737377 -2098.117599 2804.904938 -667.415085 2077.015533 -458.587799 1953.955536 94.495926 -20.389557 415.717163 1665.344238 245.229645 -120.562744 -278.890228 1834.39209 109.770813 -84.667511
2271.537018 3709.819241 389.88327 3343.358183 288.383331 3013.561096 -8.220978 23.613586 -193.136749 3372.847729 -77.453308 88.435802 -159.602356 3374.026623 -35.019836 74.039593 -2064.307232 2839.773064 -570.659103 2053.600769 -317.120209 1900.886383 123.496857 -47.538757 625.626831 1618.284149 191.938934 -41.529694 -125.145416 1760.023041 135.774078 -68.838654
2146.056671 3646.3344 562.578278 3386.639538 245.444794 3224.837666 -59.786682 214.465046 -408.673096 3506.454968 -232.384491 136.795716 -275.193024 3462.17941 -132.438812 91.341264 -2075.960083 2936.354294 -504.193344 1989.999084 -18.81073 1689.478607 281.461334 -208.219299 672.830353 1376.284027 30.355377 -238.811646 -23.550568 1618.989716 84.746704 -137.844849
2203.639069 3672.723732 536.533051 3375.09325 143.755493 3326.295576 -122.827301 122.02035 -193.360748 3541.351309 194.174347 55.458779 -214.946442 3515.43427 39.108582 73.817299 -2023.587246 3029.413643 -576.596985 1895.552368 100.907745 1338.031616 98.580475 -330.884552 662.055359 1322.49649 -31.912994 -33.225098 113.622742 1507.788239 116.035309 -90.639038
2351.75827 3731.468334 554.194031 3519.106846 211.850433 3351.843777 73.464508 35.489607 -49.02359 3635.776176 149.706726 104.366274 -30.174866 3605.477867 190.141144 99.985003 -2050.62273 3081.175995 -612.001419 1774.786224 42.332001 1277.702942 -53.206177 -50.387268 948.697357 869.028931 292.011566 -443.526154 146.497955 1364.976654 38.244781 -132.870178
2238.043671 3724.704247 573.624115 3559.24509 108.141785 3589.271984 -101.893768 240.251083 131.589508 3984.493103 182.427979 351.539803 -96.08078 3800.365906 -64.091034 197.710915 -2091.350708 3106.210251 -618.797226 1648.906403 169.645233 1044.141083 129.128113 -230.738983 966.660309 613.701477 19.777832 -252.504578 173.816376 1170.063171 29.133301 -192.090607
2234.099121 3790.453262 689.917603 3680.977573 164.096375 3873.477173 53.601532 291.007252 330.137177 4052.300949 196.194611 74.609909 77.554626 4002.564468 171.282349 209.000626 -2123.790169 3075.918159 -598.649139 1536.004486 103.346863 979.76059 -68.651428 -57.57843 1011.975403 697.749023 42.962036 90.849609 -461.532364 1815.218353 -637.701797 651.957245
2248.804474 3853.653259 713.743439 3898.644066 234.472809 4089.555588 91.99585 201.709518 507.52594 4394.512253 199.008179 327.842407 186.442261 4374.156494 130.50705 357.223129 -2112.979279 3015.784073 -583.181229 1398.90625 12.66861 753.262634 -69.058838 -240.866852 931.255341 423.432922 -59.100647 -288.684998 395.363464 860.84198 878.515244 -968.74527
2310.42572 3877.66449 825.056458 3971.813393 337.008209 4235.371552 99.457855 142.772446 712.039337 4815.85083 201.435852 418.295059 252.150574 4507.179337 62.630768 129.979324 -2145.684357 3031.322212 -670.692902 1357.235413 -44.780579 709.324951 -60.526733 -46.981201 735.96817 221.472168 -198.364716 -205.004272 222.875824 809.959412 -175.565186 -53.926086
2405.884857 3855.756645 833.876801 4067.252731 420.869141 4332.171936 78.37738 123.186493 830.147247 4981.137695 112.624359 191.672974 419.326782 4739.013824 161.692657 258.220596 -2166.446495 3006.394615 -733.26889 1287.67868 -148.553467 524.359741 -109.256439 -158.579102 740.986328 184.459534 -0.465393 -10.626526 188.409119 1006.018372 -39.950256 222.445068
2549.55658 3852.929077 891.246338 4304.431992 614.280853 4554.085617 173.096008 253.57872 924.002686 5082.557831 73.539734 133.085175 578.191833 4855.388184 138.549347 148.039398 -2232.606354 2946.565056 -729.670715 1239.956207 -289.546967 378.807983 -161.309204 -113.886719 386.9133 -20.488586 -374.388733 -173.283081 51.382599 1277.643433 -157.342224 303.2901
2616.609039 3806.810684 1009.382477 4366.818848 720.211487 4581.753922 87.753296 59.408417 1085.423126 5109.512329 143.243103 58.694611 685.020447 4886.814117 88.651276 63.166046 -2262.7034 2913.895111 -736.592178 1233.966217 -386.980286 295.830994 -115.610657 -51.236877 376.298828 -85.806885 -28.791809 -33.578186 88.116455 974.124908 18.556519 -271.778412
2561.92215 3773.42865 1086.64505 4310.037537 823.146515 4598.079071 95.61264 34.330215 1202.804718 5239.229279 110.059204 147.722015 745.918884 4950.757751 53.57605 81.9487 -2287.250633 2869.309044 -727.293701 1211.894531 -443.597031 277.553101 -63.939133 -0.272827 414.940033 -91.749878 31.318817 12.062073 158.377991 734.403687 62.939148 -221.716156
2537.309875 3803.020897 1126.848755 4343.01033 839.32724 4670.165558 8.450775 66.204224 1326.770325 5502.372589 116.235657 257.261047 835.175476 5043.751221 81.526642 87.111206 -2262.639465 2851.107903 -713.890076 1204.072113 -365.043335 383.586426 70.823746 100.151062 459.300842 -28.796692 36.630859 57.070923 151.961517 691.022034 -14.146423 -49.263916
2523.369446 3828.847771 1172.911682 4369.888382 884.531555 4733.801117 44.250641 57.015686 1425.24231 5628.907471 97.518311 119.915009 920.158081 5149.199219 84.028931 98.828125 -2267.918053 2850.258141 -738.911819 1203.881073 -330.785217 464.46106 33.304443 74.254761 422.815094 83.120117 -37.439423 105.296936 82.262115 666.414795 -70.653076 -31.227112
2502.556 3850.609093 1192.183685 4458.324966 1062.367706 4854.865417 174.367676 114.549103 1167.986603 5484.679871 -260.724182 -150.742798 1005.378571 5281.123962 81.752014 125.409546 -2290.881767 2836.867294 -696.173248 1234.082489 -319.165497 409.402466 8.151245 -61.573792 437.947235 87.055359 11.663666 -2.579956 61.087036 582.769165 -24.643555 -90.160828
2527.775726 3846.135406 1223.40683 4532.766418 1176.014252 4877.873688 101.445007 24.925385 1276.485443 5461.276093 96.297302 -21.486664 1061.630402 5311.414948 44.050293 32.208099 -2304.257774 2844.085045 -693.962784 1241.214294 -286.58371 379.350891 20.380249 -28.13446 459.559326 31.837158 9.410553 -53.301086 136.475525 517.755432 63.186951 -63.096619
2441.599731 3832.956848 1245.135498 4558.315277 1197.703247 4943.316803 59.172363 78.443298 1251.830139 5465.051727 12.828064 16.775818 1084.17511 5338.462067 60.028076 40.047302 -2354.801559 2826.388626 -737.032547 1227.118683 -292.894287 352.43042 31.172791 -13.920288 493.908539 2.378235 71.832581 -16.45874 155.518494 486.460876 56.526337 -18.294373
2410.769958 3855.07431 1308.406067 4578.594589 1218.074646 4979.490814 33.106995 18.945312 1241.851196 5495.889893 2.756653 13.609467 1090.707397 5377.586365 19.267883 21.895599 -2343.598671 2861.36879 -735.157471 1252.670898 -321.647186 339.063721 -16.017303 -30.595398 458.11554 -25.4776 -23.057404 -45.084534 124.668884 487.747498 -18.114014 -15.942078
2410.772095 3855.037727 1308.45459 4578.647766 1218.138733 4979.578705 0.091553 0.123596 1241.887207 5495.965729 0.063477 0.111542 1090.801697 5377.623596 0.121765 0.072937 -2343.580399 2861.411438 -735.167389 1252.688293 -321.701355 339.068909 -0.026703 0.040894 458.05542 -25.645447 -0.032654 -0.132141 124.837646 487.662354 0.196228 -0.049438
2381.254272 3877.788429 1310.774536 4625.403366 1217.63855 5014.850311 22.988892 15.006104 1218.053284 5499.029083 -0.344849 -17.202148 1083.486633 5438.683014 16.174011 40.793915 -2347.6511 2890.834618 -748.321228 1274.95697 -349.143982 355.471191 -3.953552 -3.86322 434.755707 -18.746338 0.189362 -13.366394 131.233521 609.962769 29.884949 102.034912
2354.692383 3856.8927 1378.131409 4652.599945 1284.239807 5034.737091 63.040161 25.837097 1257.600098 5488.413086 35.985718 -4.66568 1088.858948 5494.180298 1.811218 61.447601 -2342.363853 2883.167229 -751.988068 1276.166229 -337.335052 368.098755 8.247833 18.577881 445.364685 -48.927612 7.047882 -24.230957 69.937744 699.177551 -64.856873 95.1651
2304.237518 3863.024368 1429.544525 4676.755066 1281.547089 5027.136536 19.292908 -14.752045 1236.916351 5481.288757 1.30188 -14.275818 973.411713 5614.578552 -93.461609 113.246765 -2371.235085 2885.658684 -746.746521 1321.852417 -324.499664 422.414246 34.821014 47.164001 449.41391 -18.135376 26.034851 23.640747 -37.490234 771.17218 -85.442352 64.84314
2275.585938 3865.551376 1453.308105 4722.269287 1356.737671 5092.576447 95.545654 66.065216 1383.139954 5432.845917 166.578674 -47.817535 967.793274 5513.310089 14.736633 -100.643158 -2405.560455 2919.852638 -802.702408 1341.251221 -332.177429 467.927856 12.677307 46.138916 350.250244 -5.485229 -78.808594 13.275452 -215.964203 894.20639 -158.118896 123.659515
2261.562958 3889.406738 1437.089691 4811.042786 1303.604279 5165.986023 -44.487 51.108551 1204.635773 5451.666107 -169.857788 -3.480835 865.041046 5544.889984 -94.105835 9.27887 -2453.287201 3059.524155 -945.320511 1467.0401 -438.946533 613.469238 -98.122711 123.240356 147.051239 231.246643 -194.552612 214.430847 -383.614044 1051.509857 -159.003448 135.002441
2181.637115 3935.429802 1346.308746 4903.00705 1197.29538 5219.12323 -56.703796 40.850525 1035.926666 5496.406403 -119.104004 32.453613 768.037262 5585.749664 -47.398682 28.572998 -2527.961426 3335.42562 -1385.797119 1683.910065 -958.000793 1031.14212 -469.449158 405.3862 -298.305206 605.786133 -395.751343 362.252808 -591.322784 1162.414703 -158.103638 98.618164
2193.870087 3948.613129 1345.462494 4956.004944 1180.469208 5260.02533 -26.923828 36.217957 969.123077 5557.56546 -76.901245 56.474915 768.02536 5661.801758 -10.109558 71.36795 -2466.435699 3442.119687 -1570.322552 1945.37262 -1638.114719 1214.066467 -690.211582 178.240204 -1480.646744 672.773438 -1192.439194 62.303162 -1185.378342 1007.337341 -604.153214 -159.761505
2173.621979 3984.651909 1314.395599 5016.89743 1112.86026 5303.481445 -52.191772 24.648438 814.20517 5658.743744 -139.500732 82.370605 745.895844 5705.83313 -6.712341 25.223694 -2463.783073 3670.385532 -2119.424934 2321.896439 -2464.238129 1701.147461 -810.706234 468.273315 -2768.249969 1112.362823 -1272.18605 420.781708 -1980.31496 1604.303131 -779.519444 578.158112
2174.551392 3985.038872 1313.399658 5030.240326 1098.713989 5273.730164 -16.445312 -28.363953 800.710449 5675.024719 -15.793762 17.668304 767.408142 5693.384399 19.213257 -11.061401 -2376.849594 3836.340942 -2515.425186 2686.111069 -3156.141357 2373.546524 -694.202271 673.786392 -3021.546021 1965.76889 -255.595093 854.793396 -2925.556107 2041.829529 -947.540188 438.913727
2171.913605 3960.003052 1321.666107 5004.220276 1104.44931 5272.002258 -6.096497 18.264465 811.085663 5659.078522 -1.456604 4.046173 781.372833 5678.225098 2.132874 4.833069 -2289.88636 3855.366821 -2668.46344 2772.207565 -3071.324539 2628.17894 72.985001 274.624786 -3393.122711 2458.083725 -383.408508 512.307205 -3140.78598 2401.769257 -227.061691 379.932098
2152.786865 3947.22599 1319.675293 4998.339844 1107.702332 5261.528625 16.13739 -18.456421 813.498535 5656.210938 15.297241 -10.850372 769.725647 5665.36499 1.237183 -20.842896 -2166.603127 3945.543365 -2407.011414 2919.905586 -2650.98114 3045.778961 433.227768 409.617233 -3641.665955 3071.968422 -235.658875 605.901909 -3083.548813 2648.126755 70.121536 238.37471
2153.976898 3940.601578 1314.908905 4996.110077 1120.544586 5271.140594 14.932556 5.529022 871.554718 5624.224243 60.146484 -36.069641 748.414459 5633.157349 -19.220886 -36.290588 -2272.353745 3866.556511 -2043.044472 3216.124535 -2485.611801 3149.97654 167.459641 100.114632 -2451.361389 2972.787247 1192.394867 -103.264122 -2098.244476 2775.589905 987.394638 123.380203
2175.910645 3888.222122 1357.902527 4987.913513 1150.803528 5246.657562 24.30542 -9.355469 920.116577 5585.801697 42.608337 -23.294983 662.55249 5671.347656 -91.815491 53.317871 -2268.272285 3853.561592 -1765.263233 3393.870453 -1888.991318 2938.898392 590.666962 -195.950584 -1517.506027 2891.213264 927.90184 -66.446419 -1361.217117 2744.391708 731.073837 -16.070633
2163.691864 3876.064987 1338.289948 4985.792389 1120.069122 5235.456085 -22.180481 4.528809 907.283173 5572.764587 -4.27948 2.693176 688.024139 5719.837494 34.025574 64.220123 -2236.745796 3875.582199 -1425.41153 3273.193073 -1708.168116 2768.271408 189.377127 -154.896698 -1070.529404 2553.903122 455.530548 -321.579857 -1493.124809 2760.913811 -123.353767 32.252388
2160.35675 3864.421921 1329.130554 4963.697662 1085.513 5221.902008 -33.543091 5.120544 840.163879 5572.450562 -66.106262 18.360596 677.055664 5687.209778 -9.955444 -13.953094 -2210.4356 3869.189415 -1582.481594 3051.005402 -1781.239195 2708.14827 -72.058048 -41.448517 -1478.96965 2273.747864 -407.427216 -261.480637 -1414.155655 2482.004547 79.982185 -260.234642
2172.903595 3891.474228 1289.877167 4968.072662 1047.771149 5225.092316 -34.989624 -3.681641 810.20401 5569.825134 -27.207642 -9.497375 646.761932 5715.145721 -27.541504 21.063995 -2239.693413 3876.99791 -1879.127756 2983.998871 -1963.855925 2645.673752 -179.864502 -69.346466 -2427.961845 2368.365479 -946.239967 87.745667 -1812.175236 2529.242859 -395.267353 40.366364
2214.758453 3912.687569 1253.636932 5065.346527 991.657257 5259.281006 -58.686829 29.145355 729.21524 5607.313843 -83.561707 32.445374 1020.358429 5304.894867 371.02356 -415.294189 -2241.772614 3803.953934 -2026.936188 2759.20639 -2522.839432 2564.096527 -561.556444 -86.62056 -3471.239471 2564.85939 -1045.850563 191.450577 -2430.727272 2374.659424 -621.124973 -159.62677
2205.211792 3941.748848 1210.161743 5035.582581 1147.423096 5225.531006 144.417419 -32.452698 995.143127 5511.629944 254.579468 -94.386597 1055.602417 5723.595886 23.895569 419.998322 -2281.912575 3823.168526 -2413.877106 2851.784325 -2741.366272 2531.435776 -229.875259 -31.363449 -3708.214722 2777.208366 -248.323669 213.646278 -2588.762665 2452.985306 -169.383812 79.623184
2179.960938 3962.935944 1234.012756 5020.071716 1100.825195 5232.084808 -39.416809 2.978668 886.686401 5545.340881 -101.275635 30.135803 691.184235 5583.239441 -357.237091 -143.93158 -2283.088112 3843.15239 -2319.801292 2864.017105 -2687.466812 2516.278992 61.080551 -18.731918 -3532.263794 2578.035507 183.132019 -202.747993 -2580.10437 2436.089401 15.839386 -20.471039
2173.379822 3957.254677 1277.670898 5066.156464 1171.890869 5211.265869 62.381897 -8.495331 1036.866455 5421.957245 141.496277 -111.060028 660.72525 5326.286926 -39.142761 -244.628906 -2225.131569 3587.510548 -2015.536346 2911.997528 -1929.559898 2872.324524 749.223137 368.369141 -2587.890091 2583.141251 935.689926 17.429352 -1981.734085 2576.60408 589.686508 152.838287
2205.828552 3953.499031 1319.152527 5071.801758 1277.033997 5191.697083 80.68634 -15.666504 1288.308105 5366.139221 226.984863 -51.915741 612.896423 5366.81076 -72.285614 44.426117 -2276.644783 3681.473427 -1963.047419 3112.530613 -1608.768883 2685.466766 296.334229 -182.955475 -2012.424831 2591.463776 551.008472 12.224808 -1392.666473 2537.415161 564.610825 -35.286636
2285.010986 3910.663643 1463.90686 5165.063477 1337.913208 5236.357422 38.204956 55.032654 860.36499 5448.677826 -450.617371 92.910919 614.019318 5704.7789 -21.551361 348.340454 -2183.3815 3780.026054 -1416.293411 3294.597006 -1607.23856 2779.237251 -21.143932 104.142799 -1330.644112 2576.558456 659.106464 -4.533005 -858.558121 2680.749588 511.434097 153.706741
2186.10611 3969.573746 1292.841339 5025.018921 1220.15274 5229.566803 -116.659241 -17.630768 797.440033 5611.442566 -61.82373 151.924591 619.269714 5605.801697 6.351624 -109.817352 -2147.300873 3848.889542 -1449.203682 3279.751053 -1587.366924 2789.804192 20.972862 -0.273209 -1175.751343 2619.972916 155.993996 32.57431 -1340.46154 3395.663164 -480.802193 704.073427
2136.742706 3979.401016 1288.593597 4970.045319 1054.888763 5249.656067 -153.216248 41.31424 733.819275 5608.905334 -51.573029 18.687744 572.51297 5635.848999 -34.709015 51.272278 -2183.371582 3805.824547 -1684.663925 3312.290399 -1855.262618 2931.193924 -255.847964 162.614708 -1811.458887 2883.084869 -623.659814 284.336929 -1142.191544 2792.083473 210.317726 -582.354715
2136.786804 3979.398308 1288.623047 4970.012054 1054.924316 5249.590149 -0.093079 -0.097046 733.889923 5608.801117 -0.057983 -0.135345 572.505951 5635.71579 -0.135651 -0.164337 -2183.623695 3805.673866 -1685.091114 3312.289937 -1855.964684 2931.473389 -0.830698 0.248337 -1812.156301 2882.731895 -0.826046 -0.384102 -1143.005295 2791.367035 -0.942383 -0.747566
2167.969208 4003.081131 1309.501495 4996.842041 1065.19516 5253.439331 11.584167 -0.015869 752.458954 5584.253082 19.882355 -28.413086 580.719604 5630.615234 9.526978 -8.965607 -2403.233376 3701.647072 -2153.888588 3351.198459 -2213.897972 3048.550529 -356.619964 113.21209 -2337.009811 2853.810654 -523.540187 -32.786293 -1736.525683 2978.404617 -592.207065 183.172531
2215.468445 4013.167877 1334.77478 5007.545471 1070.183105 5275.756683 4.289551 28.281403 740.319061 5611.828461 -12.838287 33.539429 566.042328 5690.844879 -15.375671 66.193695 -2585.163498 3630.44632 -2377.033577 3378.685839 -2418.366089 3143.681297 -205.166512 101.094818 -2505.823975 2812.360649 -169.512558 -35.485954 -2266.720657 2815.068893 -530.893369 -157.371674
2262.433319 4012.166824 1321.865387 5017.885284 1041.256561 5280.201874 -27.015686 -5.580444 720.747528 5619.582977 -17.660675 -2.271118 808.737946 5607.96402 244.606476 -92.906494 -2684.04007 3595.261536 -2549.446259 3357.552736 -2618.646851 3303.422413 -198.369904 149.715481 -2605.137024 3101.376743 -97.402191 278.990459 -2506.005173 2853.350983 -237.373657 28.256454
2280.245514 4020.955276 1350.738068 5011.104431 1061.548004 5269.998169 16.313477 -6.987457 737.569427 5607.35733 12.843933 -9.009399 761.308441 5608.440552 -51.407471 3.69278 -2802.143936 3510.409575 -2824.332504 3597.411118 -2767.384872 3393.24748 -152.715988 93.041315 -2866.171112 3656.185074 -265.012054 558.024578 -2650.510406 3260.616827 -148.4832 410.482092
2289.37973 4037.694931 1370.708771 5001.476135 1093.620758 5271.580658 19.59198 -5.158234 752.986908 5608.887939 2.936707 -5.210114 702.359619 5683.54599 -71.429596 68.364716 -2824.160461 3419.234767 -3022.412643 3873.712044 -3004.049225 3828.292313 -249.145126 428.30411 -3096.698456 4178.176575 -243.008118 515.250778 -2861.962509 3925.597992 -223.932877 658.240442
2288.629761 4041.415253 1352.911987 5015.783844 1090.01709 5280.540924 -3.905334 12.890625 765.157166 5610.013885 11.868591 5.056305 706.026001 5693.39798 3.364716 13.782349 -2830.481491 3381.366863 -3066.046448 4061.456299 -3343.782959 4055.966797 -340.0354 231.604843 -3400.378113 4602.423019 -303.981323 428.176804 -3113.341675 4481.438217 -251.680832 559.770584
2283.815613 4025.902328 1358.591919 4994.073944 1091.71814 5258.334961 -7.391357 0.348358 769.046326 5593.731995 -5.203247 6.27243 681.828461 5648.138885 -33.289948 -22.704773 -2855.060272 3299.408319 -3289.101715 4461.402206 -3294.794769 4470.358734 39.895782 436.946259 -3691.238556 5222.017517 -299.95285 642.148819 -2990.644836 4695.504303 113.604431 236.620407
2260.772095 4051.674118 1326.274414 5030.231628 1070.578613 5280.362701 -4.729919 15.910187 750.371704 5595.588074 -2.265015 -4.261475 679.365692 5644.457092 13.946838 -9.799347 -2855.915756 3304.585757 -3289.084625 4799.028931 -3288.308105 4935.374451 22.896271 458.898163 -3651.309357 5540.112762 56.338806 311.977692 -3140.67688 5169.219818 -133.622437 467.597961
2247.355042 4055.000305 1320.184021 5019.963226 1078.858948 5260.917816 5.006104 -18.223877 786.376953 5580.686951 32.731018 -13.680115 671.252441 5629.936829 -11.387482 -13.299255 -2851.524429 3278.026814 -3289.25827 4836.174927 -3340.547028 5232.128754 -55.513153 297.975311 -3762.56897 5873.903198 -114.533844 335.011444 -3161.817932 5373.256836 -24.415283 205.258026
2251.100769 4075.002136 1360.661011 5029.797821 1112.818604 5252.888489 10.896301 -21.117706 839.967651 5572.894287 30.527344 -20.881042 679.789734 5640.955811 -14.526062 -2.069397 -2812.292099 3315.712392 -3206.039124 4901.458893 -3412.532043 5541.131134 -95.04837 295.914001 -3894.963074 6158.520813 -155.457458 271.529236 -3073.841858 5786.255493 64.91272 399.910278
2244.303741 4066.71524 1354.42276 5015.453186 1112.706451 5250.22049 0.50293 -2.610016 841.460419 5572.93808 2.107849 0.101776 667.866211 5633.15155 -11.308441 -7.746277 -2795.784912 3303.262157 -3206.535187 4947.93045 -3441.628418 5652.072754 -28.481293 110.999603 -3843.984222 6354.694824 51.593933 196.231995 -3105.740662 5921.11084 -31.283722 134.91333
2248.406982 4069.474106 1361.897278 5018.040924 1117.636719 5252.779846 -7.839966 -3.216705 849.359436 5571.872864 -4.871216 -6.841278 646.124268 5642.852478 -34.512177 3.924866 -2769.763947 3340.017732 -3198.934937 5055.839539 -3512.199554 5784.550934 -83.34137 126.702118 -3865.1091 6548.133545 -33.895111 187.662659 -3206.172333 6219.820251 -113.201904 292.93335
2266.868134 4063.574753 1375.875092 5006.853027 1129.192047 5242.662201 -5.207825 -2.412872 857.989349 5560.134888 -8.13324 -4.033203 643.634796 5627.53418 -19.252625 -7.613525 -2719.406128 3355.138707 -3188.61145 5124.579773 -3525.603027 5826.80954 -30.166626 49.963379 -3884.376373 6653.676758 -36.030426 113.247986 -3247.644958 6414.537964 -58.235779 202.422485
2271.167908 4061.819916 1378.782043 5000.46875 1107.220764 5254.51416 -19.824219 12.03537 783.433075 5579.955597 -72.40921 20.00412 634.046631 5615.519562 -7.441101 -11.831207 -2700.513077 3383.05397 -3217.148743 5196.847076 -3519.209747 5913.515015 8.540344 86.888885 -3897.133636 6748.556519 -10.610199 95.063171 -3265.802917 6516.585999 -16.010895 102.231445
2273.635101 4056.820679 1357.457428 4999.92569 1095.15274 5255.675354 -6.43158 1.230774 769.187927 5576.750793 -8.608704 -3.135223 621.461639 5596.551208 -6.948547 -18.898773 -2699.80957 3391.197014 -3233.328094 5210.903473 -3529.521942 5948.03009 -4.675751 34.584656 -3901.133575 6769.401245 1.636505 20.914307 -3274.428558 6534.962158 -2.989197 18.44574
2280.232086 4053.999786 1362.57431 4998.985596 1096.58493 5256.196747 -5.862732 2.466888 764.90387 5578.101196 -11.578979 3.295898 623.696747 5599.310303 -5.059814 4.70459 -2690.249405 3393.547974 -3223.19458 5216.185608 -3520.99472 5956.698303 1.2323 10.613708 -3891.90979 6784.875488 1.928864 17.419739 -3254.418335 6575.443726 12.715302 42.427063
2295.915833 4044.530487 1361.395569 4994.29718 1073.433228 5257.680969 -30.845337 5.637665 743.399048 5599.963837 -29.198456 26.016083 632.104492 5593.244476 0.714111 -1.912384 -2688.774109 3416.137643 -3185.180664 5258.605652 -3518.130188 6008.02002 -4.829102 55.475159 -3885.402985 6860.722656 -1.186829 80.00061 -3203.924866 6559.856262 42.799835 -11.434021
2295.967255 4044.524384 1361.432343 4994.277191 1073.45871 5257.650146 -0.032959 -0.036926 743.398285 5599.912872 -0.059204 -0.057068 632.13501 5593.210297 -0.027924 -0.040283 -2688.687744 3416.180701 -3185.083618 5258.654022 -3518.015747 6008.081055 0.056 0.054932 -3885.262756 6860.802002 0.081787 0.073242 -3203.787231 6559.896545 0.079193 0.03418
2322.635498 4040.886841 1384.415283 4993.763733 1095.722961 5262.494202 -3.013 2.319946 758.740997 5607.224579 -9.93454 4.787598 653.731537 5590.999146 -3.680725 -4.73526 -2650.053329 3437.940722 -3142.06604 5284.486847 -3469.129944 6038.344727 23.608551 27.739563 -3828.526154 6894.444275 31.459351 31.118164 -3168.763885 6568.08136 9.746094 5.660706
2350.832062 4044.513474 1410.370026 5002.414093 1120.361176 5272.720947 -7.28302 -0.090027 786.092987 5622.230377 -4.569244 4.689026 691.404114 5614.324188 5.751343 13.00827 -2606.398849 3473.246737 -3115.236053 5318.384247 -3416.938782 6082.024231 20.269928 33.362732 -3778.506317 6936.759644 18.098602 31.998596 -3144.528961 6595.910034 -7.68631 17.511902
2376.932526 4044.206009 1445.328827 4996.22757 1151.152802 5274.915314 1.921692 4.107819 800.799408 5626.322784 -14.163513 6.005859 713.666077 5603.975525 -6.607971 -8.435211 -2573.828964 3527.642841 -3095.999451 5350.825195 -3404.174805 6117.149353 -16.105957 37.038574 -3751.467133 7011.324768 -1.83075 76.478577 -3113.512878 6623.177795 2.146149 29.181213
2378.815308 4046.211014 1455.452271 5002.589417 1164.111938 5279.385681 8.346558 1.556854 814.468842 5627.145081 9.056854 -2.091217 726.039581 5606.423035 7.760925 -0.466003 -2572.396927 3531.537285 -3093.00766 5354.997559 -3405.807648 6121.804199 -6.245422 1.741333 -3755.052795 7016.703186 -8.198242 2.464905 -3110.245209 6628.526611 -1.34491 2.435303
2414.421997 4029.761353 1501.843262 5006.117706 1211.651306 5281.860352 6.717834 0.045471 857.560577 5625.413513 2.270203 -4.160767 763.83316 5613.870697 -3.027954 5.018463 -2529.866333 3573.489437 -3052.352142 5413.003845 -3386.202698 6151.99585 -21.216583 27.762451 -3723.03009 7072.511292 -8.798828 53.378906 -3095.758362 6687.490234 -26.334686 56.534424
2417.526093 4029.648285 1506.26297 5006.963043 1215.077362 5284.001465 0.439453 1.517029 859.392242 5628.734131 -1.154938 2.696533 769.118805 5617.277222 2.299042 2.78244 -2526.853104 3580.065784 -3046.426239 5420.278931 -3376.625824 6159.305115 6.590271 6.685181 -3719.341888 7067.393188 0.701599 -5.742188 -3090.357361 6697.931824 2.414398 9.817505
2418.988953 4028.037186 1511.491089 5007.157593 1221.647949 5284.211731 2.874146 -2.271423 866.665192 5628.628235 3.576508 -2.587585 776.81488 5615.633087 3.999634 -4.125824 -2519.022446 3587.46933 -3050.267029 5426.896515 -3371.326447 6159.192505 1.602936 -2.594299 -3701.036224 7044.284058 14.609222 -25.59082 -3077.428131 6690.906372 9.232788 -9.507141
2438.886719 4032.724762 1539.487 5015.743103 1251.198425 5292.724762 4.508057 1.548004 907.996216 5642.660522 16.288605 7.067261 808.439484 5620.766296 6.582184 -1.831818 -2491.903992 3605.098972 -3021.519775 5441.925201 -3317.131348 6160.506287 29.152679 -5.651245 -3627.273254 7053.608398 48.720551 2.359314 -3026.193085 6702.679749 26.192627 4.80835
2458.323822 4039.043655 1572.511444 5023.222351 1283.428802 5287.154846 11.213989 -11.930084 967.306366 5634.869232 38.293762 -14.151459 832.719421 5626.217041 3.26355 -0.909424 -2458.600845 3624.526711 -2990.757446 5429.245758 -3290.69046 6184.140015 5.4245 17.27356 -3513.118744 7087.820129 93.138123 27.851562 -3172.841797 6524.228516 -167.6651 -184.811401
2458.789062 4039.066925 1573.084717 5022.116089 1284.411621 5285.215149 0.689087 -2.431946 968.900909 5632.075653 1.300812 -3.285828 834.087219 5624.166412 1.074066 -2.542877 -2456.945496 3627.433243 -2987.273102 5431.01532 -3285.979614 6185.270386 4.417114 0.638123 -3504.627838 7088.156433 8.197174 -0.155945 -3150.474396 6535.367126 22.073669 10.646362
2459.959106 4038.190689 1574.563293 5021.512299 1286.496582 5284.593811 1.238403 -0.161743 972.051239 5631.611176 2.303772 -0.004883 836.291046 5622.952728 1.357269 -0.754089 -2454.768982 3628.080521 -2984.479065 5432.476501 -3283.31543 6188.009033 1.817627 3.198242 -3497.937317 7092.662659 5.843964 4.96582 -3129.232025 6545.424805 20.395813 10.517273
2459.991455 4038.17543 1574.609375 5021.481476 1286.563416 5284.547272 0.043335 -0.047455 972.156067 5631.553497 0.081329 -0.058594 836.366425 5622.900543 0.05188 -0.053101 -2454.700165 3628.155193 -2984.351044 5432.529449 -3283.143463 6188.058777 0.148468 0.048828 -3497.617645 7092.71637 0.296173 0.052795 -3128.506317 6545.743408 0.702209 0.317688
2459.30603 4041.623383 1591.575012 5020.662079 1314.610291 5273.758698 12.438049 -10.262756 1022.995605 5613.233795 35.230713 -17.793884 868.037872 5607.816315 16.062622 -14.558411 -2437.811356 3638.94352 -2959.548798 5454.676361 -3237.516327 6186.343079 30.018311 -1.18988 -3435.691223 7098.68042 46.317596 6.489868 -2917.621155 6718.7146 195.276337 173.497009
2459.22821 4041.989212 1591.513672 5020.626221 1314.700317 5273.432159 -0.33783 -0.643311 1023.493347 5612.685089 0.069885 -0.865479 868.096466 5607.303162 -0.369263 -0.829926 -2437.270813 3639.648914 -2959.164124 5455.498352 -3238.151093 6187.458801 -1.062622 0.79895 -3434.904785 7100.751953 0.358582 1.754761 -2914.583893 6719.525757 2.609406 0.494385
]