11-07-20_Kanksha_4KDepth.lion_above_orange_bed.0000000004 [ 2468.48238 3511.908836 1510.377808 2881.838551 5607.507935 1589.039917 2251.547108 5407.916565 997.124634 0.0 0.0 0.0 2890.74297 5526.037598 1751.483765 0.0 0.0 0.0 2007.490253 6008.666382 1462.860718 0.0 0.0 0.0 -2494.127331 3653.085709 2493.573608 -2931.595898 5740.734253 2125.700073 -3745.651989 5907.656555 1654.126587 0.0 0.0 0.0 -4461.358776 6384.2099 1186.488647 0.0 0.0 0.0 -3390.865612 6736.818848 1836.139526 0.0 0.0 0.0
2469.700508 3515.027618 1503.182983 2894.253731 5609.655762 1576.074829 2434.073982 5492.451477 825.921021 183.966064 82.488403 -172.133789 2873.504219 5546.430969 1718.407593 -15.799561 18.346863 -34.006348 2275.399208 6201.811829 1227.824097 269.348145 191.098938 -235.966797 -2502.670403 3654.464798 2484.75769 -2944.425468 5741.483459 2112.278442 -3754.218559 5903.529968 1630.825806 -7.12738 -6.173096 -24.230957 -4463.500481 6381.682739 1154.125366 -0.702515 -4.573669 -33.293457 -3416.817131 6728.925171 1814.553833 -24.512329 -9.940186 -22.515869
2469.686642 3515.123482 1502.970581 2894.36758 5609.759827 1575.682983 2437.670956 5493.788452 823.200073 3.605804 1.28479 -2.76123 2873.211269 5546.832581 1717.661743 -0.284119 0.349426 -0.786133 2280.315304 6203.909607 1222.424927 4.924927 2.045593 -5.439453 -2502.889194 3654.475555 2484.575806 -2944.785252 5741.478882 2112.015991 -3754.580784 5903.407593 1630.504761 -0.353394 -0.174561 -0.361328 -4463.860569 6381.543579 1153.757935 -0.351257 -0.191345 -0.407715 -3417.575779 6728.709717 1814.251099 -0.749817 -0.267639 -0.343018
2469.686642 3515.123482 1502.970581 2894.36758 5609.759827 1575.682983 2437.670956 5493.788452 823.200073 0.0 0.0 0.0 2873.211269 5546.832581 1717.661743 0.0 0.0 0.0 2280.315304 6203.909607 1222.424927 0.0 0.0 0.0 -2502.889194 3654.475555 2484.575806 -2944.785252 5741.478882 2112.015991 -3754.580784 5903.407593 1630.504761 0.0 0.0 0.0 -4463.860569 6381.543579 1153.757935 0.0 0.0 0.0 -3417.575779 6728.709717 1814.251099 0.0 0.0 0.0
2469.686794 3515.123596 1502.96936 2894.368496 5609.759827 1575.680542 2437.693691 5493.795319 823.184204 0.022736 0.006866 -0.015869 2873.210049 5546.834106 1717.65686 -0.001221 0.001526 -0.004883 2280.349636 6203.922424 1222.389526 0.034332 0.012817 -0.0354 -2502.89072 3654.475555 2484.575806 -2944.787388 5741.478882 2112.015991 -3754.582615 5903.406982 1630.504761 -0.001831 -0.00061 0.0 -4463.862095 6381.542969 1153.756714 -0.001526 -0.00061 -0.001221 -3417.580357 6728.708496 1814.251099 -0.004578 -0.001221 0.0
2469.686794 3515.123596 1502.96936 2894.368496 5609.759827 1575.680542 2437.693691 5493.795319 823.184204 0.0 0.0 0.0 2873.210049 5546.834106 1717.65686 0.0 0.0 0.0 2280.349636 6203.922424 1222.389526 0.0 0.0 0.0 -2502.89072 3654.475555 2484.575806 -2944.787388 5741.478882 2112.015991 -3754.582615 5903.406982 1630.504761 0.0 0.0 0.0 -4463.862095 6381.542969 1153.756714 0.0 0.0 0.0 -3417.580357 6728.708496 1814.251099 0.0 0.0 0.0
2469.686794 3515.123596 1502.96936 2894.368496 5609.759827 1575.680542 2437.693691 5493.795319 823.184204 0.0 0.0 0.0 2873.210049 5546.834106 1717.65686 0.0 0.0 0.0 2280.349636 6203.922424 1222.389526 0.0 0.0 0.0 -2502.89072 3654.475555 2484.575806 -2944.787388 5741.478882 2112.015991 -3754.582615 5903.406982 1630.504761 0.0 0.0 0.0 -4463.862095 6381.542969 1153.756714 0.0 0.0 0.0 -3417.580357 6728.708496 1814.251099 0.0 0.0 0.0
2469.686756 3515.123596 1502.966919 2894.370136 5609.759521 1575.67688 2437.728596 5493.805389 823.158569 0.035095 0.010986 -0.025635 2873.208332 5546.836548 1717.649536 -0.001526 0.003357 -0.007324 2280.401478 6203.94104 1222.337036 0.052032 0.019531 -0.05249 -2502.892132 3654.474945 2484.574585 -2944.789715 5741.477966 2112.01355 -3754.584637 5903.405151 1630.501099 -0.001831 -0.000916 -0.003662 -4463.863506 6381.541138 1153.751831 -0.001221 -0.000916 -0.004883 -3417.58543 6728.70575 1814.247437 -0.004883 -0.001831 -0.003662
2469.686604 3515.124054 1502.966919 2894.370594 5609.760132 1575.675659 2437.739735 5493.809357 823.150024 0.011292 0.003967 -0.008545 2873.207569 5546.837769 1717.647095 -0.00061 0.001221 -0.002441 2280.418415 6203.948059 1222.319946 0.01709 0.007019 -0.01709 -2502.89259 3654.475403 2484.572144 -2944.790478 5741.478271 2112.011108 -3754.5854 5903.405151 1630.497437 -0.00061 0.0 -0.003662 -4463.863964 6381.541138 1153.748169 -0.000305 0.0 -0.003662 -3417.587109 6728.704834 1814.244995 -0.001526 -0.000916 -0.002441
2469.611759 3515.257721 1502.753906 2894.51395 5609.881897 1575.26123 2443.288822 5495.774689 819.189453 5.678864 1.919861 -3.977051 2872.806492 5547.425842 1716.652832 -0.271301 0.542603 -1.010742 2287.886906 6207.023926 1214.489746 7.598267 3.030396 -7.84668 -2503.27261 3654.521179 2484.064941 -2945.305386 5741.467896 2111.207275 -3754.91415 5903.179016 1629.287109 -0.198975 -0.271606 -1.226807 -4463.956203 6381.29303 1152.141113 0.037537 -0.293579 -1.623535 -3418.527431 6728.364258 1813.022461 -0.810547 -0.386047 -1.239014
2469.602642 3515.269012 1502.734375 2894.514141 5609.893494 1575.22583 2443.617535 5495.897522 818.939209 0.338898 0.11795 -0.250244 2872.769146 5547.464905 1716.582031 -0.027161 0.03418 -0.070801 2288.338757 6207.217102 1214.01123 0.462036 0.188293 -0.478516 -2503.30019 3654.524231 2484.029541 -2945.341511 5741.467285 2111.148682 -3754.933491 5903.1604 1629.194336 -0.009155 -0.023499 -0.092773 -4463.957844 6381.266479 1152.011719 0.008545 -0.031433 -0.129395 -3418.590412 6728.340454 1812.923584 -0.052795 -0.028687 -0.098877
2469.602356 3515.269012 1502.734375 2894.514313 5609.893494 1575.224609 2443.628387 5495.901031 818.930664 0.010986 0.003815 -0.008545 2872.768097 5547.46582 1716.580811 -0.000916 0.001221 -0.001221 2288.355865 6207.223206 1213.996582 0.017242 0.006409 -0.014648 -2503.300934 3654.524536 2484.029541 -2945.34256 5741.467896 2111.147461 -3754.933929 5903.160706 1629.191895 -0.000305 0.00061 -0.002441 -4463.957977 6381.266785 1152.008057 0.0 0.00061 -0.003662 -3418.592377 6728.340454 1812.922363 -0.001831 0.000305 -0.001221
2469.602356 3515.269012 1502.734375 2894.514313 5609.893494 1575.224609 2443.628387 5495.901031 818.930664 0.0 0.0 0.0 2872.768097 5547.46582 1716.580811 0.0 0.0 0.0 2288.355865 6207.223206 1213.996582 0.0 0.0 0.0 -2503.300934 3654.524536 2484.029541 -2945.34256 5741.467896 2111.147461 -3754.933929 5903.160706 1629.191895 0.0 0.0 0.0 -4463.957977 6381.266785 1152.008057 0.0 0.0 0.0 -3418.592377 6728.340454 1812.922363 0.0 0.0 0.0
2469.602356 3515.269012 1502.734375 2894.514313 5609.893494 1575.224609 2443.628387 5495.901031 818.930664 0.0 0.0 0.0 2872.768097 5547.46582 1716.580811 0.0 0.0 0.0 2288.355865 6207.223206 1213.996582 0.0 0.0 0.0 -2503.300934 3654.524536 2484.029541 -2945.34256 5741.467896 2111.147461 -3754.933929 5903.160706 1629.191895 0.0 0.0 0.0 -4463.957977 6381.266785 1152.008057 0.0 0.0 0.0 -3418.592377 6728.340454 1812.922363 0.0 0.0 0.0
2469.602356 3515.269012 1502.734375 2894.514313 5609.893494 1575.224609 2443.628387 5495.901031 818.930664 0.0 0.0 0.0 2872.768097 5547.46582 1716.580811 0.0 0.0 0.0 2288.355865 6207.223206 1213.996582 0.0 0.0 0.0 -2503.300934 3654.524536 2484.029541 -2945.34256 5741.467896 2111.147461 -3754.933929 5903.160706 1629.191895 0.0 0.0 0.0 -4463.957977 6381.266785 1152.008057 0.0 0.0 0.0 -3418.592377 6728.340454 1812.922363 0.0 0.0 0.0
2469.602356 3515.269012 1502.734375 2894.514313 5609.893494 1575.224609 2443.628387 5495.901031 818.930664 0.0 0.0 0.0 2872.768097 5547.46582 1716.580811 0.0 0.0 0.0 2288.355865 6207.223206 1213.996582 0.0 0.0 0.0 -2503.300934 3654.524536 2484.029541 -2945.34256 5741.467896 2111.147461 -3754.933929 5903.160706 1629.191895 0.0 0.0 0.0 -4463.957977 6381.266785 1152.008057 0.0 0.0 0.0 -3418.592377 6728.340454 1812.922363 0.0 0.0 0.0
2469.602356 3515.269012 1502.734375 2894.514313 5609.893494 1575.224609 2443.628387 5495.901031 818.930664 0.0 0.0 0.0 2872.768097 5547.46582 1716.580811 0.0 0.0 0.0 2288.355865 6207.223206 1213.996582 0.0 0.0 0.0 -2503.300934 3654.524536 2484.029541 -2945.34256 5741.467896 2111.147461 -3754.933929 5903.160706 1629.191895 0.0 0.0 0.0 -4463.957977 6381.266785 1152.008057 0.0 0.0 0.0 -3418.592377 6728.340454 1812.922363 0.0 0.0 0.0
2469.602356 3515.269012 1502.734375 2894.514313 5609.893494 1575.224609 2443.628387 5495.901031 818.930664 0.0 0.0 0.0 2872.768097 5547.46582 1716.580811 0.0 0.0 0.0 2288.355865 6207.223206 1213.996582 0.0 0.0 0.0 -2503.300934 3654.524536 2484.029541 -2945.34256 5741.467896 2111.147461 -3754.933929 5903.160706 1629.191895 0.0 0.0 0.0 -4463.957977 6381.266785 1152.008057 0.0 0.0 0.0 -3418.592377 6728.340454 1812.922363 0.0 0.0 0.0
2469.602356 3515.269012 1502.734375 2894.514313 5609.893494 1575.224609 2443.628387 5495.901031 818.930664 0.0 0.0 0.0 2872.768097 5547.46582 1716.580811 0.0 0.0 0.0 2288.355865 6207.223206 1213.996582 0.0 0.0 0.0 -2503.300934 3654.524536 2484.029541 -2945.34256 5741.467896 2111.147461 -3754.933929 5903.160706 1629.191895 0.0 0.0 0.0 -4463.957977 6381.266785 1152.008057 0.0 0.0 0.0 -3418.592377 6728.340454 1812.922363 0.0 0.0 0.0
2405.423737 3534.60968 1470.527954 2731.916809 5648.325806 1503.66394 2848.282928 5630.811157 623.432007 469.257202 127.840729 -158.918457 2929.39682 5595.103149 1616.017456 121.231384 40.567932 -63.983154 2596.51825 6361.206665 839.138794 372.765045 146.914062 -338.277588 -2503.946381 3700.023575 2248.308716 -3016.501312 5788.208313 1985.939331 -3725.013885 5948.415833 1364.121704 94.522705 38.18573 -228.48999 -4382.248077 6403.491211 798.062134 146.312561 15.155029 -317.365723 -3542.258453 6722.402039 1817.582397 -59.063416 -13.007812 41.240234
2405.420036 3534.615822 1470.532837 2731.905327 5648.334656 1503.671265 2848.181725 5630.841675 623.427124 -0.100098 0.028076 -0.004883 2929.395714 5595.119934 1616.004028 0.0 0.014343 -0.013428 2596.40377 6361.217651 839.159546 -0.113373 0.008545 0.020752 -2503.955421 3700.015869 2248.327026 -3016.525002 5788.200684 1985.973511 -3725.05619 5948.408508 1364.179077 -0.041199 -0.009766 0.057373 -4382.309914 6403.487854 798.145142 -0.06073 -0.005798 0.083008 -3542.305946 6722.384644 1817.647095 -0.046387 -0.019836 0.064697
2319.904633 3591.690292 1517.302856 2506.621857 5733.44635 1509.678345 2276.73996 5945.02533 673.574829 -449.502716 300.837402 53.206787 2923.770142 5397.279968 1206.972046 116.313477 -211.186218 -405.9729 2497.357941 6635.545044 1050.648804 22.893219 260.98114 214.54834 -2675.232544 3645.567932 2069.708862 -3231.2677 5732.041321 1791.760864 -4127.45575 6008.545837 1581.983032 -280.46051 46.791077 220.863037 -4915.924377 6555.952148 1800.839233 -411.675415 139.118042 1005.753174 -4150.756531 6567.687378 1517.573853 -486.511536 -168.043518 -297.01416
2312.188449 3584.574966 1556.347046 2619.90726 5697.189636 1632.255249 2492.494388 6135.185242 871.642456 220.59082 193.001709 192.678223 2992.688632 5439.115143 1377.399292 73.754883 44.676971 165.037842 2875.992465 6569.998779 1265.20813 383.470917 -62.704468 209.169922 -2663.210721 3624.108658 2050.161743 -3245.950589 5688.813171 1772.179565 -4131.396146 6046.316528 1761.625366 0.895996 40.612488 174.25293 -4959.497952 6541.641846 1922.489624 -38.737183 -11.468506 116.260986 -4173.963895 6401.337891 1465.327759 -18.370972 -163.50769 -57.635498
2304.730253 3591.752968 1586.481934 2610.705595 5704.716797 1687.4646 2494.324522 5998.825378 858.371582 9.863586 -136.192017 -15.637207 3002.076139 5502.181091 1556.282959 17.420959 63.233795 176.517334 2589.475889 6615.156555 1222.03125 -278.483124 45.325623 -45.543213 -2678.58243 3604.60434 2080.786133 -3287.421541 5666.664734 1831.691895 -4175.520906 6015.382385 1882.456055 -36.091309 -30.766296 118.464355 -4973.698702 6525.492859 2128.814697 -6.167297 -15.98114 203.95874 -4223.662996 6354.090271 1511.257324 -41.665649 -47.079773 43.563232
2289.496427 3603.853912 1541.211548 2629.065976 5713.891296 1614.874878 2414.078946 6417.481384 1117.915649 -71.783142 415.444031 276.972656 2988.395505 5632.797852 1334.641724 -5.218201 127.404785 -204.212646 2467.044034 6644.960938 1970.542603 -113.969421 26.592407 765.939941 -2674.338565 3594.917412 2101.206665 -3338.86066 5649.849548 1942.572632 -4233.578677 5975.994263 2025.769653 -49.595337 -42.600098 160.742188 -4992.613406 6515.076599 2329.423218 -10.452271 -13.628235 218.037109 -4267.041812 6330.021667 1541.383667 -34.916382 -27.280579 47.554932
2289.501524 3603.852081 1541.228638 2629.084349 5713.887329 1614.907837 2414.120512 6417.44812 1117.89856 0.048523 -0.031128 -0.020752 2988.424864 5632.777405 1334.702759 0.036316 -0.018311 0.057373 2467.128019 6644.941711 1970.53894 0.090942 -0.01709 -0.007324 -2674.349794 3594.896202 2101.253052 -3338.895082 5649.824524 1942.65564 -4233.616152 5975.953064 2025.888062 -0.030518 -0.039062 0.114746 -4992.652102 6515.014038 2329.575806 -0.031738 -0.060425 0.148926 -4267.104921 6329.992065 1541.528931 -0.056152 -0.027466 0.141602
2289.501934 3603.851929 1541.228638 2629.084911 5713.886719 1614.907837 2414.12199 6417.44751 1117.897339 0.001831 -0.00061 -0.001221 2988.425732 5632.776489 1334.702759 0.001221 -0.000916 0.0 2467.131786 6644.93927 1970.540161 0.00412 -0.002441 0.001221 -2674.350452 3594.894714 2101.254272 -3338.897266 5649.822693 1942.659302 -4233.618031 5975.950317 2025.894165 -0.001526 -0.002747 0.006104 -4992.654591 6515.00946 2329.584351 -0.002136 -0.004578 0.008545 -4267.109241 6329.988708 1541.533813 -0.003967 -0.003357 0.004883
2217.771878 3645.181122 1624.540405 2607.295346 5755.029907 1685.404663 2462.385526 6119.95575 885.466919 127.482605 -311.907043 -251.204834 2817.81323 6728.804321 1594.60022 -91.393433 1081.612549 241.123047 2432.723813 6569.595337 1554.358521 44.811096 -89.759216 -434.956055 -2525.955539 3570.358963 2379.483032 -3572.971072 5368.766022 3006.986694 -4124.797244 5235.737 2233.43689 188.039856 -754.628601 188.768311 -4913.005557 5648.424988 1815.736694 158.868103 -880.999756 -532.62207 -3976.382937 5651.243896 1846.315308 369.945374 -693.160095 286.00708
2202.780452 3641.722946 1648.17749 2576.18011 5737.875366 1701.828613 2525.458369 6050.661316 876.317139 81.640167 -72.885132 -15.233154 2720.944819 6759.143066 1542.938232 -78.301086 26.748047 -57.745361 2435.895991 6559.872437 1413.778076 21.739502 -13.313599 -146.663818 -2476.304936 3538.4272 2377.412109 -3547.915044 5277.285461 3070.057373 -4112.109685 5161.03241 2312.019043 31.254883 -78.295288 72.498779 -4845.011296 5316.672974 1687.634277 86.561584 -335.342712 -134.185791 -3854.272466 5552.850037 1888.430176 140.677795 -101.984558 36.031494
2165.027952 3635.436783 1662.125244 2541.062956 5725.25116 1699.327393 2427.848539 6026.965332 878.632812 -50.892639 -28.651123 2.982178 2633.041105 6756.407471 1514.793701 -41.186523 -7.690735 -27.478027 2361.285734 6542.25708 1272.357178 -27.893066 -22.570496 -140.754395 -2433.66147 3494.655418 2366.029053 -3656.058321 5103.392944 3102.730713 -4130.669527 4888.589478 2309.099121 28.157349 -277.398071 -2.253418 -4762.396517 5295.985565 1692.080078 129.33197 -25.642548 5.112305 -4038.410616 5355.640869 1910.123291 -137.420959 -202.164307 22.359619
2134.978943 3660.359497 1676.813354 2478.097382 5748.748474 1693.230591 2384.562988 6067.553406 879.778442 -13.746796 14.53186 -0.50293 2591.482697 6805.907898 1499.645386 -12.019653 23.444214 -16.796875 2313.822937 6542.867737 1089.620972 -17.924042 -25.445557 -184.384766 -2441.809998 3429.597855 2353.740845 -3720.106049 4971.853638 3115.908813 -4073.964081 4683.747406 2287.125854 86.244202 -230.898285 -23.621826 -4532.230988 5119.702606 1552.788696 259.704285 -202.339172 -140.939941 -3982.916718 4950.756226 1925.203247 85.032654 -430.940857 13.431396
2121.246824 3679.872055 1652.007446 2514.429197 5760.293579 1705.663452 2424.603148 6115.499878 906.333618 48.805695 34.858398 43.85498 2561.214476 6856.526184 1543.352661 -21.502686 37.530212 61.00708 2205.370512 6453.139038 950.029907 -99.68689 -102.816772 -122.29126 -2489.425173 3431.637192 2277.189331 -3914.22101 4878.972015 2966.455688 -3868.075686 4352.718811 2180.783081 214.653931 -344.116669 -89.042969 -3972.624941 4754.234924 1304.153442 568.371582 -378.555756 -231.335449 -3845.519533 4400.973663 1957.376099 146.16272 -562.870636 49.472656
2106.873207 3686.081619 1654.772339 2448.547859 5774.249268 1688.030396 2358.580818 6156.580811 902.134399 -33.935547 33.969116 12.568359 2538.510628 6880.533142 1546.729126 9.382935 16.895142 20.144043 2180.049477 6483.120728 896.809692 6.765747 22.869873 -36.452637 -2597.240868 3351.550388 2196.828003 -4019.759331 4817.402802 2844.985962 -4022.324638 3909.65744 2578.754272 -122.16217 -450.173187 414.73877 -3770.220146 4078.265991 1658.372192 234.491577 -683.08075 370.986328 -3671.829643 3750.181961 2403.770142 205.776672 -657.903519 463.161621
2035.627422 3677.035217 1675.205688 2402.895947 5741.172791 1685.244751 2323.093395 6176.65802 935.81604 34.596863 27.841187 30.136719 2481.125622 6880.786743 1594.053345 12.69928 8.017578 43.779297 2097.397442 6463.207397 931.194458 -12.567749 -12.149353 30.839844 -2539.789906 3032.916594 2666.098022 -4183.819752 3885.853271 3704.032593 -3942.266407 3232.347698 3077.171021 150.142517 -669.545765 494.871826 -3627.277393 3203.882217 2170.675659 213.027039 -866.619797 508.758545 -3550.261097 3096.503124 3165.502319 191.652832 -645.91486 758.187256
2033.164082 3679.340134 1680.980225 2400.342884 5743.69751 1697.591553 2326.443348 6173.236389 944.020996 9.724121 -5.696411 6.737061 2484.077625 6877.769775 1602.087402 9.326172 -5.291748 6.566162 2104.24715 6459.154053 930.297852 13.223877 -6.328125 -2.364502 -2576.296825 2976.345496 2709.013672 -4243.993664 3761.650314 3762.944336 -3891.440258 3019.706609 3311.499023 57.200317 -214.915869 232.860107 -3521.327648 2729.258156 2474.46167 112.323914 -476.898842 302.318115 -3493.5182 2958.908305 3661.834717 63.117065 -139.869599 494.864502
2063.685455 3686.123352 1699.702759 2355.518188 5766.385498 1661.392212 2307.755432 6164.131165 886.564331 -30.960999 -38.952026 -24.822998 2472.537231 6875.534058 1538.339233 -23.813477 -32.08252 -31.114502 2086.685333 6463.09845 875.059204 -29.8349 -25.902405 -22.60498 -2725.645752 2722.660141 2934.866333 -4219.181824 3545.353851 4207.310181 -4051.29303 3043.156528 4982.987671 -172.125854 -6.396883 1704.122314 -3359.792786 3318.236485 4373.240356 149.26178 559.131527 1931.412354 -3623.673096 2830.312366 4223.114624 -142.427979 -158.44274 593.913574
2100.70385 3700.907097 1676.452026 2457.548027 5763.795776 1765.576782 2346.280022 6256.447144 1057.244263 30.59845 85.926208 187.684326 2554.094048 6972.033691 1687.911987 73.630676 90.109863 166.577148 2148.011131 6495.168762 955.675659 53.399658 25.680542 97.62085 -2608.965492 1826.726913 3620.814819 -3928.217049 1881.873703 5281.896362 -3483.000069 1070.922546 5428.671265 560.366821 -1978.623753 462.687988 -2926.967049 292.884216 5507.565308 424.899597 -3031.742039 1151.329346 -3184.753304 1166.923676 5115.975952 430.993652 -1669.778461 909.865723
2096.750832 3713.171616 1696.37207 2459.905128 5773.500061 1828.937988 2349.584999 6287.473145 1135.319824 29.208069 27.561951 67.215576 2561.730995 6975.378113 1795.289307 33.540039 -0.119629 96.517334 2163.488808 6544.62677 1057.004395 41.380768 45.993958 90.46875 -2608.268089 1436.269379 3738.867188 -3914.876366 1120.645294 5381.890869 -3295.876732 423.404541 5287.973633 213.026428 -650.982056 -151.557617 -2538.521996 -125.597839 5072.312012 414.348145 -421.946106 -446.113281 -2786.400719 619.153442 5375.871582 424.255676 -551.234283 249.035645
2092.374229 3731.249008 1705.43335 2472.925072 5783.812561 1891.379395 2367.167931 6322.384338 1216.207275 49.899902 32.199097 80.727539 2582.058678 6998.485718 1887.067871 52.644653 20.395508 91.618652 2194.128075 6582.533875 1133.201904 62.956238 35.195007 76.037598 -2530.573311 974.37439 3839.703369 -3746.590919 270.873413 5430.523682 -3128.894081 -388.43689 5182.559814 199.299622 -814.553528 -105.57373 -2384.776192 -888.899231 4840.643311 186.062775 -766.013489 -231.828613 -2667.142067 -316.620178 5397.867432 151.575623 -938.485718 21.835938
2100.942497 3755.159225 1707.437134 2514.797478 5793.864136 1959.916382 2342.200737 6396.885071 1357.014771 -5.22522 62.245483 166.911621 2543.108025 7051.586914 2052.796021 -19.208679 40.845947 191.832275 2125.16552 6644.783936 1332.230835 -49.220581 49.994812 225.133057 -2339.016914 447.817688 3898.140259 -3368.152962 -622.195129 5414.442749 -2665.474892 -1150.064392 5090.236206 483.161163 -773.882751 -66.219482 -1831.066017 -1452.7771 4725.567017 573.452148 -576.133118 -88.972168 -2127.446785 -953.316956 5506.045532 559.437256 -648.952026 134.282227
2115.715694 3764.361267 1712.841797 2569.110775 5784.401855 2020.34668 2385.360775 6422.833252 1460.238037 47.30957 24.042053 139.251709 2575.202999 7089.552002 2145.982666 36.244507 36.05896 129.215088 2193.879604 6680.006409 1430.361328 72.863617 33.316345 134.158936 -2170.120335 70.727234 3862.336426 -3037.207584 -1224.850159 5298.28125 -2187.64658 -1583.804626 5140.855713 481.977844 -435.646362 86.647949 -1237.305775 -1644.460144 5032.242432 597.909775 -193.589172 342.703857 -1930.384922 -1570.669556 5856.591797 201.211395 -619.258728 386.574707
2117.245579 3767.306442 1732.014771 2576.909428 5785.212097 2058.646851 2393.297062 6435.547485 1510.905151 9.571838 6.562195 44.901123 2581.062565 7098.278503 2202.522583 7.495117 2.574463 50.773926 2197.97205 6691.788635 1487.348022 5.727997 5.630188 51.220703 -2151.033382 -116.860657 3799.194946 -2988.732967 -1536.651306 5134.943237 -2205.757656 -1950.73822 4830.458374 -16.475525 -373.085632 -316.16333 -1374.385433 -2288.502502 4490.907593 -135.444107 -650.194397 -547.10083 -1801.046047 -1901.013489 5222.214966 130.974426 -336.495972 -640.142822
2175.469398 3746.400681 1761.872559 2374.859962 5816.102295 2016.831055 2428.630714 6381.825256 1358.439941 -29.489746 -106.275635 -70.319824 2536.406593 7075.303955 2036.636963 -109.47937 -75.527954 -83.740234 2251.122475 6716.321716 1458.798828 -11.672974 -28.020325 53.596191 -1553.435783 -1309.888 2287.404785 -1812.737541 -2516.987915 4012.486572 -978.347816 -2907.561035 3844.625244 1162.586441 -1009.376221 -903.687744 -96.466093 -3244.60144 3674.525146 1213.095942 -1008.652344 -734.237061 -669.998322 -2816.153564 4242.561035 1066.224327 -967.693481 -897.508545
2179.732475 3742.09053 1768.4729 2385.014458 5810.846252 2028.190918 2430.64312 6394.122314 1384.544678 3.182373 15.609741 15.473633 2538.233757 7079.716797 2070.88501 2.997131 7.725525 23.616943 2249.93084 6721.411438 1482.523193 -0.021667 8.402405 13.093262 -1539.754066 -1333.066101 2233.765869 -1786.992073 -2607.458191 3911.853027 -972.722969 -2980.610046 3638.287354 6.794815 -69.736328 -216.968994 -102.248268 -3297.297058 3388.443604 -4.612207 -49.382935 -296.712646 -680.294342 -3093.832703 4027.612305 -9.126053 -274.366455 -225.579834
2183.643246 3736.77948 1779.6521 2395.800533 5804.596863 2045.450439 2414.712276 6410.395508 1421.271973 -17.546692 18.858948 24.815674 2526.439571 7087.771912 2115.411377 -13.410034 10.640869 32.614746 2237.885494 6728.974609 1511.402588 -13.661194 10.148926 16.967773 -1539.763432 -1351.071472 2180.283203 -1784.551792 -2684.521484 3812.889404 -1017.387638 -3110.857544 3485.402832 -46.280518 -127.661743 -164.796143 -189.852009 -3483.117065 3173.146973 -89.219589 -183.234253 -227.208252 -678.240681 -3201.245117 3893.948975 0.437813 -104.82666 -145.574951
2208.264675 3731.675224 1772.327881 2482.933712 5796.2323 2033.952637 2440.04034 6523.426514 1555.579834 22.424316 108.709412 133.273926 2586.262264 7195.111694 2251.147461 56.918945 103.018188 134.702148 2251.043911 6775.643005 1467.093506 10.254669 42.346802 -45.343018 -1597.812901 -1355.308533 2112.194824 -1855.192966 -2835.066833 3616.395264 -1096.088505 -3249.427185 3252.299805 -81.604614 -142.891235 -234.136963 -179.246073 -3505.282898 3118.400879 7.702188 -26.487427 -55.780029 -713.071995 -3302.898254 3732.940674 -37.735062 -105.974731 -162.042236
2129.285736 3752.799454 1785.073242 2559.122772 5797.458496 2080.38208 2432.450409 6617.598267 1799.669189 21.354675 92.039185 227.857666 2599.037933 7355.679626 2427.276611 41.720276 158.435364 159.897461 2210.537262 6832.721558 1515.83374 -11.562042 54.945984 32.508545 -1854.898529 -1111.745911 2766.21582 -2204.979095 -2816.573792 4005.992432 -1448.526993 -3156.855774 3556.835938 -323.493881 90.438843 288.304443 -589.373779 -3437.165222 3214.805908 -381.1831 65.985107 80.17334 -1143.037872 -3570.556946 4244.265137 -401.021271 -269.79126 495.092773
2119.696293 3750.955276 1777.125244 2519.366245 5805.640259 2045.512695 2398.493443 6635.141296 1790.665283 -38.753357 20.098572 -2.496338 2563.421726 7366.98761 2426.119385 -40.412598 13.863525 5.350342 2186.985264 6864.942322 1512.977295 -28.348389 34.776306 3.651123 -1970.813808 -935.516357 2966.618652 -2398.558102 -2470.61615 4390.510254 -1684.461422 -2867.720642 3919.014893 -240.73082 291.690674 368.686523 -917.809048 -3225.657654 3452.093506 -333.231659 214.06311 243.795166 -1394.837246 -3304.723206 4487.585449 -256.595764 268.389282 249.827881
2075.291023 3767.249947 1792.301025 2409.516335 5847.250366 2026.097412 2375.937843 6680.21759 1744.25415 23.335876 52.835388 -67.836914 2390.30674 7365.010376 2455.576172 -127.223511 5.78186 8.031006 2141.576729 6881.515808 1470.456543 0.482941 24.332581 -63.946533 -2199.258842 -861.459351 3078.40332 -2779.316216 -2389.94812 4469.261475 -1899.382439 -2704.541016 4312.642822 -169.029541 170.938721 372.202148 -1225.75016 -3197.10144 3816.932373 -262.049637 36.315308 343.413086 -1675.490685 -2892.255249 4747.687988 -234.761963 420.227051 238.676758
2062.945251 3776.050949 1767.810059 2382.921753 5860.172424 1971.463623 2405.27832 6676.502991 1644.995117 45.861206 -0.285339 -96.906738 2422.617188 7328.42926 2385.706787 48.831177 -33.151855 -67.51709 2128.167572 6864.455261 1417.685547 3.111572 -13.631287 -50.418701 -2247.561188 -678.764648 3254.116211 -2848.721619 -2016.746521 4819.415283 -1986.539764 -2372.621765 4655.98999 -70.636597 335.348511 345.699463 -1194.848862 -2821.012268 4319.572754 47.422028 379.518433 504.992676 -1873.059692 -2726.58905 5185.202637 -181.048279 169.095459 439.866943
2078.219872 3779.288254 1758.822021 2396.471367 5868.391418 1922.124023 2482.581902 6670.98114 1571.762695 94.0625 -8.993225 -78.382568 2524.423943 7341.284485 2295.617676 118.565674 9.38385 -95.239258 2231.439629 6886.860657 1372.041016 120.030975 18.934021 -50.794678 -2372.746773 -533.82843 3319.210205 -3055.208321 -1684.249878 4997.762451 -2195.793343 -2033.347778 4804.822998 -192.494659 335.802612 143.682861 -1323.006859 -2375.450439 4553.352051 -111.399078 442.090454 228.62915 -1922.625923 -2149.042358 5280.999756 -32.807312 574.075317 90.646973
2078.736153 3785.001831 1715.031738 2375.47718 5877.578125 1841.717529 2440.457649 6683.917542 1497.763672 -42.970581 13.692932 -50.506592 2480.887032 7414.856567 2158.894043 -44.38324 74.328613 -113.231201 2236.994514 6902.576904 1249.824219 4.708557 16.472778 -98.724365 -2378.507957 -187.833862 3565.334473 -3045.343132 -1006.472473 5431.44165 -2165.798912 -1295.5896 5234.876709 29.148102 738.514709 453.546143 -1370.243111 -1727.807922 4887.960205 -48.082581 648.399048 358.100586 -1874.525261 -836.689758 5496.064453 47.254333 1313.109131 238.557129
2082.349091 3780.984116 1719.343262 2384.904175 5873.292236 1847.454834 2460.591431 6671.178894 1485.751953 22.032471 -8.934326 -27.390137 2479.498291 7508.234253 2007.836914 0.509949 97.182007 -166.435547 2282.020874 6888.05542 1222.205811 46.925049 -10.717163 -42.996826 -2382.787628 -333.962097 3469.821777 -3062.56958 -1304.129639 5257.74292 -2214.312592 -1677.099915 5063.519287 -46.61499 -377.705994 -186.73584 -1354.186478 -2047.129211 4810.722656 17.955322 -315.516968 -92.615967 -1868.333282 -1566.856384 5485.90332 8.090668 -726.362305 -25.539551
2089.63295 3780.056152 1701.617432 2405.696335 5870.452881 1822.113037 2613.940964 6626.809387 1425.281982 152.235107 -41.868286 -58.666992 2674.844894 7535.195007 1805.263672 194.232178 29.461975 -200.770264 2610.640488 6843.198547 1102.408447 327.505188 -42.355652 -117.994385 -2381.473465 -323.964539 3474.903564 -3060.946121 -1288.896484 5265.334473 -2215.225143 -1678.127441 5094.107666 -2.026978 1.473694 32.391357 -1330.080795 -2022.374573 4898.310547 22.991257 27.255859 89.390869 -1904.110794 -1669.273376 5537.55249 -36.891937 -99.915771 53.452148
2090.760307 3779.972305 1699.213867 2408.43914 5870.167847 1818.601074 2635.369377 6619.951782 1419.56665 21.345215 -6.726074 -5.318604 2705.771904 7534.169006 1783.562012 30.843811 -0.89447 -21.304932 2650.395622 6837.842712 1101.759033 39.671936 -5.224304 -0.252686 -2381.130867 -322.640991 3475.754395 -3060.49305 -1287.012024 5266.505127 -2220.456429 -1686.152344 5090.233154 -5.314484 -7.893372 -3.477783 -1341.926765 -2043.036499 4887.440186 -11.929169 -20.530396 -10.473633 -1910.414009 -1691.075745 5531.732178 -6.386414 -21.670837 -5.423584
2196.146507 3760.12413 1520.83252 2636.533012 5833.21106 1519.689941 2803.232841 6498.553467 968.570557 180.01709 -107.254639 -432.030029 3009.542046 7419.787598 679.360352 315.923767 -100.237732 -1085.235596 2756.123466 6824.664307 962.039795 117.88147 0.965271 -120.753174 -2418.592873 -208.152466 3520.874023 -3150.90107 -1232.442627 5258.867188 -2390.143013 -1742.870178 5017.486572 -157.532959 -42.574158 -53.780518 -1596.165962 -2226.809082 4739.475098 -242.085571 -169.628906 -128.999023 -2096.332893 -1884.577026 5495.501709 -173.765259 -179.357605 -17.264404
2219.675369 3756.715622 1596.196289 2956.980362 5748.496399 1693.028564 2872.973099 6333.881531 1037.749023 87.537231 -164.085693 39.564209 3080.449295 7177.06543 561.229248 88.704224 -242.135925 -147.745361 2836.008682 6646.524353 965.794678 97.68219 -177.553711 -25.859375 -2373.130264 271.347351 3754.692383 -3200.816879 -1068.512878 5222.703857 -2612.896042 -1762.749329 4947.668457 -204.956055 -19.292908 -99.432373 -1811.291885 -2307.718201 4856.483154 -197.328949 -80.322876 87.393799 -2248.223648 -1669.141235 5107.188721 -134.093781 216.022034 -417.927246
2261.05011 3745.365753 1581.074219 3049.727478 5719.062805 1674.240723 3078.432007 6356.767883 1063.778076 204.225464 15.731812 29.260254 3295.074463 7187.748413 568.891602 213.391724 3.528442 10.893555 2952.027283 6635.335083 907.346191 114.785156 -18.343811 -55.217285 -2381.00235 343.291016 3770.107422 -3229.779968 -1014.417419 5211.52832 -2656.828918 -1713.367615 4915.46875 -45.166321 42.227173 -28.968506 -1868.652649 -2274.5047 4801.30249 -58.594208 26.05896 -51.949463 -2423.404236 -1943.940735 5262.741699 -176.414032 -281.954041 158.78418
2308.162651 3700.1717 1638.526611 3182.348137 5629.894257 1790.795898 3222.520866 6260.896606 1176.141357 136.372375 -103.93219 104.282227 3390.910454 7058.605957 615.396729 88.119507 -137.203369 38.424072 2951.917534 6551.038818 1107.873535 -7.826233 -92.357178 192.446289 -2416.33152 566.073914 3791.51001 -3334.679756 -775.975952 5199.23584 -2842.398872 -1403.860168 4684.562988 -193.286438 301.446533 -238.986816 -2188.109322 -1969.101562 4239.141846 -327.173157 297.342224 -570.241699 -2614.726295 -1870.330811 5223.762207 -199.038544 65.549011 -47.060547
2355.014725 3660.121498 1670.5896 3287.902298 5552.228546 1864.94751 3329.882584 6004.002686 1111.464844 86.86676 -247.825317 -58.830566 3422.979202 6568.923645 307.528076 11.573792 -480.613708 -302.022705 2935.838394 6285.20813 1015.554199 -36.574097 -256.762085 -86.473389 -2381.92894 741.248779 3824.558105 -3309.854965 -530.810242 5281.708984 -2900.689621 -1223.641052 4782.287598 -78.785706 189.28772 103.570557 -2384.932632 -1884.527588 4294.051514 -217.318268 93.642578 60.755615 -2697.524796 -1683.217468 5327.711182 -103.293457 196.181946 109.794922
2377.349243 3642.219048 1636.02417 3329.34906 5520.838318 1813.905029 3349.489746 5831.305847 993.425293 5.357056 -164.175415 -102.25708 3247.458801 6192.727356 83.188477 -189.770508 -367.674866 -208.557129 2950.812988 6060.041809 795.621338 0.724487 -216.644897 -204.150391 -2328.565521 986.573792 3860.48584 -3258.894348 -150.46051 5416.959229 -2819.765625 -910.938721 5068.388672 66.673889 321.223755 301.883545 -2315.285645 -1651.304321 4702.175293 55.396881 241.74469 423.90625 -2485.758667 -1152.097168 5556.939697 197.516022 539.641724 245.010986
2385.753479 3649.223976 1580.415039 3351.36322 5517.993011 1741.469727 3350.000916 5833.934326 924.575195 15.273438 8.031921 -62.956543 3227.262268 6202.071838 21.584473 -5.434265 14.747925 -55.710449 2941.782532 6070.660706 748.884277 5.731812 16.022339 -40.843506 -2195.8255 1159.338074 3929.377441 -3049.838562 117.138062 5587.241211 -2538.723602 -636.155701 5340.925293 295.804291 280.186462 278.430176 -1982.388153 -1374.96521 5061.743164 347.65976 281.742554 365.461426 -2337.805176 -885.016785 5768.134766 162.715759 272.483826 217.088623
2269.552765 3714.729691 1534.664307 4266.052094 4044.468765 2157.305908 3691.986542 4708.865051 2116.80542 315.828552 -1065.653381 1202.416992 4527.500763 4224.257202 1916.929932 1274.081421 -1918.398743 1905.532227 3326.252594 4576.245728 2198.178711 358.312988 -1434.999084 1459.481201 -1736.648712 2584.8283 3542.255859 -2790.797424 1151.418762 4738.38501 -2160.660248 461.099243 4589.729004 351.906281 1156.670837 -741.009521 -1217.464066 263.570251 4696.116943 738.767014 1697.951355 -355.439453 -2341.737976 458.692627 4369.371338 -30.089874 1403.125305 -1388.57666
2645.33905 3601.734581 918.087158 1046.864014 3619.262047 -369.394531 1586.569977 3885.964699 233.737793 -2011.778107 -1037.384911 -1826.229248 1094.510345 3713.90995 -567.939453 -3339.351959 -724.83181 -2428.031006 610.68985 4161.028214 -433.183594 -2621.924286 -629.702072 -2574.523926 -2593.12561 3237.01719 123.637695 -824.81514 2425.444641 -607.668457 -1186.156158 1761.58783 -1127.870483 1068.142548 1086.004028 -5660.761108 -1209.903717 1242.420807 -344.691772 101.198807 764.365997 -4983.970337 -1106.18988 1777.38205 -1246.442871 1329.186554 1104.204865 -5558.97583
2813.020592 3567.374344 1187.440186 982.293358 3705.391922 254.945068 1496.896019 3336.482182 829.355469 -151.733246 -506.587925 542.741699 743.943443 3554.549217 1382.353516 -412.62619 -116.466141 1897.416992 256.911888 3412.948055 711.433105 -415.83725 -705.185566 1091.740723 -2489.022102 3275.309043 263.737793 -697.77504 2504.928055 -475.272827 -409.595699 1757.066498 -22.550049 714.501171 38.37326 1052.444458 -161.010189 2200.356674 771.711426 986.83424 1000.83046 1063.527222 -904.893532 2390.617828 -933.203125 139.237061 656.130371 260.36377
2617.94487 3528.388634 557.900391 813.175201 3448.450356 -468.866577 797.902679 2590.942192 -562.092896 -672.21138 -755.76582 -1345.393677 699.976578 3478.045731 -187.107544 -17.184906 -86.729317 -1523.406372 -16.409416 2873.958817 -117.522583 -246.539345 -549.215069 -782.901001 -2476.750259 3290.361509 188.73291 -647.4189 2635.540199 -619.101562 -475.777597 2055.348206 85.695801 -39.399939 288.055878 154.300537 -129.186077 1921.613312 961.727295 58.606071 -288.969193 236.070557 -921.846886 2421.144714 -1023.739014 9.828606 20.301056 -44.481201
2615.534172 3528.683891 555.101318 810.115089 3446.694698 -470.136719 791.228447 2589.165535 -562.075806 -7.065353 -1.366501 -0.130615 694.211617 3474.875813 -183.709106 -6.156082 -2.759762 3.250732 -22.188835 2874.893379 -124.110107 -6.17054 1.344719 -6.735229 -2476.09684 3290.405388 188.902588 -646.835403 2635.115585 -618.419189 -474.680386 2056.629639 87.589111 0.706091 1.691589 1.745605 -127.652683 1925.88028 963.842773 1.142273 4.677124 1.967773 -921.630211 2418.174591 -1021.849365 -0.174446 -2.559967 1.741943
2182.574539 3343.645992 3.360596 399.947357 3187.235389 -1087.602539 98.22155 2744.069901 -402.279053 -661.335716 142.973213 132.915649 418.768692 3423.189735 -1026.292114 -243.771744 -63.617229 -869.464111 -232.470722 3026.438198 -1344.157104 -178.610706 139.613667 -1246.928101 -2209.004898 3236.922679 -177.692871 -302.862759 2801.405869 -1003.09082 -334.01473 2195.24292 -289.420776 172.336836 126.682129 -403.890991 -665.254726 1899.11377 561.26709 -505.930862 -38.697662 -429.456787 -1153.90152 2218.373489 -1522.182617 -200.600128 -211.732254 -527.214355
2161.125679 3339.430485 -15.063477 329.062004 3147.333784 -992.408447 76.695518 2685.849228 -304.743042 -20.917625 -51.584625 66.941528 388.080711 3427.521763 -849.524536 -30.079575 10.968075 146.173096 -51.02314 2986.66893 -1411.746216 182.055988 -33.133221 -98.183594 -2134.971733 3247.335348 -190.359497 -207.619896 2861.385193 -962.182617 -260.679131 1968.74794 -698.843994 73.944006 -219.858932 -440.0177 -392.860308 1918.295441 245.543213 273.002825 25.817719 -346.318359 -1404.875526 2819.99897 -910.219727 -250.365601 608.261528 581.368408
2086.548157 3321.103907 -65.455322 237.994995 3113.494987 -994.481812 6.364441 2599.194641 -341.001587 -61.652756 -88.837814 -51.419678 197.458038 3438.232765 -785.804443 -181.944351 8.527775 48.55896 -37.77523 2900.327263 -1460.875854 21.926231 -88.524895 -64.290771 -2068.401337 3222.655209 -217.765503 -148.208542 2866.372375 -1004.79248 -106.778984 1943.422699 -902.952271 162.578468 -27.508469 -219.269409 142.366104 1807.524261 5.922852 543.904734 -112.954407 -254.781494 -1206.033173 2831.512184 -846.975708 207.520676 9.329987 48.082886
2066.882172 3293.226399 -116.49353 210.769997 3045.476055 -983.987427 106.531563 2453.281631 -373.612671 100.299568 -124.139023 -59.476318 330.321579 3288.644366 46.495361 132.995987 -127.814412 805.43457 -71.061249 2771.398087 -1448.713989 -33.153572 -107.15519 -14.703369 -1976.686707 3181.931863 -247.651367 -38.688736 2559.204178 -720.897827 -192.426796 1813.588562 -1241.958008 -85.515366 -108.06015 -365.870972 614.195862 1624.538422 -787.270508 471.962204 -161.211853 -820.058594 -720.954781 1690.177155 -295.671387 485.210838 -1119.561043 524.439087
2051.34613 3312.045269 -132.577515 183.878136 3041.642609 -1001.325073 63.573532 2545.274582 -306.379395 -46.473198 78.391876 19.435425 215.368843 2994.539814 537.255859 -118.467903 -307.705626 442.962646 -15.28019 2781.893539 -1498.022461 52.265892 -3.105621 -97.106323 -1937.487946 3161.568871 -287.564087 -4.352417 2451.54335 -716.5979 -4.91333 1800.575104 -1378.829956 183.998299 -26.614532 -184.6698 626.869736 1423.892822 -775.617065 9.158707 -214.246674 -36.144409 416.612091 1258.195496 -466.586304 1134.051704 -445.582733 -218.712769
2141.711044 3421.061287 -155.319214 257.123032 3023.684025 -1005.865479 50.50621 2448.934021 -380.509644 -38.578262 -152.048874 -69.686279 -368.076141 2588.703842 495.508423 -608.955925 -461.544285 -37.303467 -610.414028 2474.15802 -1580.189819 -620.644779 -363.443832 -77.723389 -2049.6772 3202.346811 -328.517456 -229.741287 2100.731125 -470.74707 -465.602283 1196.387787 -359.519653 -486.199894 -659.89563 1023.754272 316.810684 1435.532684 150.610962 -335.569992 -44.068451 930.671997 331.909943 1690.220032 604.806519 -110.213089 376.316223 1075.836792
2192.674637 3463.388414 -92.62085 345.746994 3015.2421 -1008.945923 -44.415588 2604.45015 -340.86731 -70.065231 119.667435 13.430786 -544.117918 2425.784988 486.520996 -151.18521 -198.767548 -35.198975 -510.001373 2852.208214 -1617.462769 125.269222 342.2015 -63.484497 -2220.634842 3214.532013 -232.886353 -455.864706 2017.539215 -99.325562 -665.353909 1174.986267 269.155273 -174.895058 -57.250214 602.463379 -33.012199 1648.318634 825.570068 -324.966316 176.937256 648.747559 45.788116 1516.411743 844.729004 -261.265259 -209.656982 213.710938
2226.522522 3451.827679 -165.026245 375.022354 2930.561066 -1024.173584 2.452087 2557.944565 -326.112061 37.754288 -18.062286 68.577881 -464.666429 2365.694962 515.349731 70.338101 -31.646729 82.651367 -436.310487 2826.581306 -1621.566162 64.577498 2.816391 49.719238 -2281.249542 3151.608772 -238.130493 -500.131903 2006.215363 20.071411 -1114.894791 1370.341339 343.411255 -458.65427 223.79837 128.078613 -304.923182 1589.946136 819.163208 -281.02437 -29.929199 47.415771 -92.845001 1398.238983 852.526245 -147.746506 -89.729462 61.619873
2234.591637 3452.675514 -171.090088 372.195702 2942.610321 -1011.096802 11.165886 2571.009293 -306.903076 -0.332794 18.076935 27.745361 -438.09536 2372.142563 542.244263 17.524476 11.459808 35.430908 -395.964303 2780.38578 -1656.724854 31.299591 -41.183319 -26.622314 -2311.696968 3162.25173 -188.914185 -519.244328 2024.975891 13.543091 -1146.594505 1376.308441 281.421509 -40.746307 10.979309 -53.453369 -351.03436 1543.670654 800.012817 -55.157771 -41.263275 -10.614014 -136.296921 1372.951508 832.318726 -52.498512 -20.275269 -11.671143
2287.867584 3420.881824 -185.877075 405.417862 3082.169533 -1061.433716 133.180008 2621.789017 -371.040649 83.641739 88.887024 -83.26416 -250.21471 2517.255325 524.77417 149.508266 183.220062 -36.59668 -338.482969 2717.110863 -1757.024536 19.108951 -25.167618 -119.42627 -2423.424072 3234.590343 96.776123 -522.682514 2299.657898 -128.529053 -859.096794 1686.450043 499.98291 249.125328 348.248901 199.434814 -372.411833 1116.139832 1104.785156 -59.749856 -389.423523 285.645752 -302.355199 1573.516693 836.413574 -204.430661 238.672485 -15.031738
2277.064247 3406.023235 -189.902954 427.427025 3145.134525 -1143.786621 124.018784 2735.009346 -438.098755 2.10659 129.644585 -59.326172 -240.211306 2506.755295 439.416504 21.271219 5.924225 -77.625732 -298.823309 2793.279533 -1846.49353 50.927474 92.592926 -81.737061 -2479.45507 3303.030586 419.931641 -618.969212 2386.62674 -38.319092 -751.7173 1842.875061 713.863525 118.647308 172.849274 221.612549 -298.336601 1082.951508 1087.29126 85.343046 -16.764069 -9.761963 104.49604 1681.673737 786.234131 418.119054 124.581299 -42.44751
2224.405251 3393.163681 -215.079956 397.386742 3148.730927 -1202.636108 6.182022 2842.218208 -490.762329 -124.945221 110.889893 -77.545166 -441.98185 2717.079086 365.170898 -208.879004 214.004822 -99.127197 -245.174055 2876.572266 -1952.489014 46.540794 86.973763 -130.877075 -2299.960136 3325.001755 290.203857 -418.985033 2479.753036 -191.369019 -475.566101 2019.308548 620.195312 269.04274 180.114517 -118.549805 -203.655167 1241.713562 1108.480225 87.572975 162.443085 -3.692627 158.639297 1748.114624 672.036133 47.034798 70.121918 -139.07959
2117.990303 3336.042576 -247.271729 224.982719 3156.718674 -1102.605591 -173.179264 2915.418415 -372.842407 -208.387012 93.140087 115.626221 -618.310852 2880.969238 489.832764 -205.354729 183.830032 122.368164 -365.681572 2810.278015 -1855.518188 -149.533243 -46.35437 94.677124 -2035.217857 3281.693573 -48.050537 -238.387375 2604.780159 -926.218872 138.430176 2206.727066 -172.388306 584.970551 207.358398 -794.877319 127.88868 1768.31131 675.718994 302.51812 546.537628 -435.054932 502.66407 1938.456421 -849.804688 314.999046 210.281677 -1524.134521
2094.819336 3316.538544 -234.431152 217.06543 3140.112367 -1105.963745 -152.765388 2953.35947 -349.398193 15.948124 49.406815 3.730469 -555.238857 3000.724564 529.619751 58.606243 131.221085 20.073242 -411.890125 2801.472588 -1815.0 -50.674305 2.660332 20.804443 -1961.20224 3252.286372 -107.588501 -200.908403 2666.431618 -1099.945679 312.127686 2090.838928 -582.185669 169.231758 -104.422379 -429.511108 929.950562 1607.235413 -44.025269 797.59613 -149.610138 -739.458008 226.457291 2114.306641 -1909.891357 -280.672531 187.315979 -1079.800415
2057.907066 3231.619015 -215.070801 165.287704 3121.392324 -1020.214233 -55.488892 2675.113907 -324.988403 119.981461 -233.325825 21.062622 -440.259333 2902.662983 524.105835 137.684488 -53.141842 -8.861084 -476.095514 2749.262276 -1732.912598 -41.500425 -7.290573 78.740234 -1955.799141 3220.664577 -114.005737 -216.960592 2683.709335 -1133.132935 212.189522 1904.618607 -1371.040649 -77.2332 -141.300583 -792.202148 823.904915 1571.773376 -734.924316 -83.340683 9.457703 -694.246216 261.472282 1976.498947 -1519.837646 57.719955 -92.887955 386.706543
2091.621399 3280.964012 -169.313354 173.379364 3151.453285 -962.67334 -181.221676 2718.606186 -305.005493 -115.317326 22.043304 -12.23938 -550.948143 2883.982925 575.249023 -100.273352 -40.129032 18.920898 -440.885029 2845.478897 -1770.946045 45.625944 74.767647 -70.255737 -1904.881439 3199.597857 -173.339233 -211.858425 2404.393921 -1141.524048 241.984558 1731.199188 -1594.579468 40.210495 -194.868393 -255.761108 643.211288 1230.983124 -890.361938 -170.278168 -362.239227 -187.659912 227.846985 1618.15506 -1685.585938 -23.209839 -379.792862 -197.970581
2127.10495 3309.090996 -147.312012 195.415535 3192.011498 -944.459839 -88.662949 2626.656914 -348.864746 95.176373 -118.378716 -58.939209 -459.412365 2771.592789 541.254272 94.153423 -138.81958 -49.074707 -295.532618 2882.693901 -1828.817139 147.970057 10.785561 -72.95105 -1890.070038 3214.203676 -201.999512 -201.480322 2235.743332 -1028.717651 -5.240173 1702.720947 -285.253906 -244.607086 -54.907684 1294.245605 450.521317 1659.975739 556.798706 -190.072327 402.563171 1432.080688 -237.007208 2020.726471 -1423.054199 -462.236547 376.141968 247.451782
2179.499779 3316.578522 -107.640991 228.067589 3218.3726 -865.861206 23.139648 2537.150955 -364.783325 97.156944 -100.053139 -9.11438 -330.674127 2543.773041 545.252075 114.092585 -238.366928 10.802002 -259.008665 2863.398743 -1792.022705 21.8783 -29.842339 43.598633 -1884.139442 3177.452037 -295.595093 -181.628952 2164.189682 -1056.713867 -162.545357 1590.126953 -316.539917 -171.950836 -123.141174 -24.481812 238.57933 1571.107178 555.161743 -226.587639 -99.415741 5.167236 -223.878574 2084.948578 -1502.388916 -1.517019 53.674927 -72.530518
2210.818672 3293.803396 -177.855225 299.967384 3158.818846 -1026.52771 38.175125 2702.244415 -333.954468 17.979126 165.826187 56.766357 -319.681616 2551.39473 561.570435 13.936161 8.354416 42.255859 -273.810329 2838.271637 -1810.695801 -11.858015 -24.394379 7.264404 -2020.149956 3239.796968 -228.067627 -346.247964 2155.229034 -951.549072 -70.138226 1553.219299 -289.313354 95.35078 -36.174927 53.164062 462.77317 1227.271423 438.904419 227.137489 -343.103027 -90.319824 -315.145226 1996.37619 -1365.449829 -88.323002 -87.839661 162.876587
2294.531288 3316.386337 -91.882935 326.042061 3157.514027 -800.5896 -0.200348 2553.643036 -264.178467 -22.868423 -114.615784 73.143921 -339.752555 2510.570831 651.447144 -4.56389 -6.838303 93.244629 -260.777998 2798.944817 -1695.547485 28.539381 -5.341225 118.516235 -2166.280327 3322.192869 -40.402222 -484.202175 2150.330276 -598.942871 -341.029677 1604.711914 150.413208 -255.384402 85.47821 443.094482 31.331139 1267.231903 969.338989 -415.934982 73.946075 533.80249 -433.269596 1947.590256 -990.393066 -102.617321 -14.800339 378.424683
2328.728256 3340.00782 -45.387573 358.966599 3172.558017 -730.603638 13.502502 2567.916756 -211.376953 10.633202 10.699806 42.058105 -330.684221 2516.144791 699.099731 5.998685 2.000046 36.90918 -217.809448 2811.422844 -1636.725464 39.898901 8.904114 48.078613 -2291.069107 3432.186108 326.577759 -539.665489 2527.922821 -450.560913 -381.332393 1877.939301 203.047485 -43.372364 269.653473 41.890869 -82.443237 1316.5625 919.620972 -116.844025 45.756683 -60.461426 -359.219031 1981.335907 -593.554688 70.980916 30.171738 386.094971
2294.864693 3390.950794 -34.672852 376.942558 3159.508314 -838.220215 33.64006 2677.168579 -202.56897 30.694847 109.22924 -2.380981 -353.956633 2522.421494 678.320923 -12.715123 6.25412 -31.967773 -134.967899 2837.124672 -1701.697998 93.398838 25.679245 -76.161499 -2354.503441 3473.245144 619.845581 -612.175541 2733.216515 -331.922607 -821.494293 1825.490417 -248.250732 -429.604611 -52.471466 -462.487183 -324.021654 1549.186554 522.572632 -231.021128 232.601471 -408.237305 -321.208162 2020.255585 -518.641968 48.568158 38.897095 63.723755
2240.945282 3453.813915 8.4552 345.8918 3143.377934 -855.489502 6.211128 2762.541084 -145.666504 -11.842041 66.532784 16.731567 -357.705445 2543.719864 738.671265 11.838078 2.458649 20.179443 -205.83559 2882.702179 -1666.157227 -55.2808 26.737785 -4.630127 -2236.014099 3569.723663 675.629272 -545.487461 2580.6353 -167.455444 -599.624634 2181.930237 -1018.4198 237.456551 337.600098 -810.339966 -830.435715 1560.041809 -318.575439 -490.827169 -7.984467 -881.31897 -580.150433 2252.14119 -1128.826904 -243.355379 213.045883 -650.355835
2360.108566 3495.46629 192.994385 396.126022 3307.866755 -535.9729 465.597458 2895.912552 230.825195 417.185326 141.749153 368.228149 -138.1563 2933.503933 1001.685791 177.348142 398.161755 254.750977 1093.540878 3482.594814 95.696411 1257.175465 608.270321 1753.590088 -2092.59819 3558.807259 635.496826 -531.814137 2509.661331 -364.386597 -454.984531 2097.343979 -1205.86853 102.439098 -76.208572 -195.71228 -619.887371 1359.379578 -609.312134 168.34734 -192.284546 -299.000244 -507.102604 2213.795319 -1346.448975 30.846825 -29.968185 -225.88562
2379.169121 3539.938774 421.491089 423.427696 3314.380789 -281.969604 505.425224 3006.197224 525.27771 37.384644 102.153568 269.349365 -438.056316 2960.58239 762.731323 -302.34314 18.947353 -264.057617 892.242699 3768.315926 436.913452 -203.741302 277.590008 316.113892 -1951.969032 3556.708412 484.212036 -408.344822 2387.640381 -371.658936 -338.642673 1871.802521 -1147.823486 113.898736 -233.672562 32.941895 -64.761524 1152.352905 -1716.94458 552.682724 -215.157776 -1132.735596 121.175842 1524.173279 -842.383423 625.835323 -697.753143 478.962402
2429.60556 3640.784302 813.078613 458.064575 3201.213702 235.793457 561.979218 3309.790201 1094.942627 75.844421 298.74404 555.960693 -241.369543 2950.248604 666.84082 215.977201 -15.182724 -109.594727 162.779007 3740.313034 956.137695 -710.173264 -32.85183 505.52002 -1950.727386 3564.074745 483.289795 -399.308739 2149.243927 140.872192 -451.178913 1559.66095 -588.258667 -93.245812 -316.990509 545.860596 -253.277321 882.288208 -1242.088623 -169.225368 -274.913635 461.151733 19.718094 1351.424255 937.557373 -82.16732 -177.597961 1766.236572
2565.961342 3720.688133 1235.948486 606.86161 3550.651855 451.672363 1085.391273 3517.923374 1188.212891 496.323547 198.121271 73.370361 187.248955 3305.559587 840.29541 401.529989 345.299082 153.554688 202.502136 3828.059578 968.845215 12.634621 77.734642 -7.192383 -1877.167473 3517.295799 464.089355 -369.435349 2042.453384 79.578247 -464.429569 1399.569092 -608.40332 -40.339165 -170.10376 -40.044556 -96.244659 763.165894 -1240.314941 129.944153 -129.134216 -18.126221 -31.722088 1096.147003 842.11792 -78.52869 -265.289154 -115.339355
2578.689651 3652.603378 1677.874756 613.68103 3552.81826 928.981934 1177.2892 3675.343285 1585.692139 55.823669 175.48357 397.344971 480.98587 3456.110649 930.675049 257.662659 168.614721 90.245361 240.693169 4050.565109 977.924805 2.116776 240.569191 8.945312 -1835.895157 3490.966454 487.768555 -300.307784 2058.178101 121.619263 -505.37077 1354.815826 -469.039917 -77.015457 -26.689606 139.229126 -37.759361 641.547089 -918.463135 22.411041 -103.555145 321.717529 38.226204 939.425049 757.310791 33.874035 -138.658295 -84.941406
2400.478115 3767.564201 1610.082397 379.020977 3657.843513 959.404907 1225.212765 3557.695618 1190.308228 22.376556 -126.243553 -375.518799 328.7467 3539.602547 769.085083 -177.786179 74.896011 -141.724854 629.755459 4330.997543 969.529419 363.515282 271.836548 11.469727 -1759.034672 3431.653423 387.705688 -262.067221 1922.251129 44.625854 -565.449829 1084.000397 -285.310669 -85.626068 -279.411316 203.59436 40.013065 372.28302 -559.293823 52.225418 -277.859955 379.034424 71.459827 1005.892029 947.070923 7.686615 57.871094 209.625244
2425.947876 3753.549004 1781.570435 457.918472 3759.96109 988.347778 1295.921173 3672.128143 1245.432739 92.646484 128.702545 45.9021 419.972458 3599.872818 792.988892 113.163834 74.540291 14.681396 954.186249 4392.188034 892.692261 346.368866 75.46051 -86.05957 -1751.813812 3390.136642 334.371948 -252.97348 1879.7052 35.760498 -549.786949 981.158142 -29.177856 37.600956 -88.572235 246.9104 85.980415 251.861877 60.646362 67.905426 -106.151123 610.717773 31.064262 974.996185 1028.096313 -18.457489 -16.625824 71.802979
2686.820717 3500.738811 2339.992676 1068.150826 4252.853775 1216.342773 1827.784462 4592.771912 1488.659668 496.165619 908.578949 240.769043 1182.188759 4021.47789 1017.155762 726.518631 409.540253 221.708984 1720.566597 4912.43103 1766.411133 730.682678 508.178177 871.260986 -1737.485924 3320.566483 324.936523 -131.549282 1933.159027 84.60022 -409.208813 1072.949219 -183.449097 104.880466 79.726257 -156.729126 31.185398 259.656372 94.794922 -90.492687 -4.270325 31.690674 50.923672 991.450958 1018.883057 -15.838261 4.389954 -11.671143
2697.276192 3492.268295 2341.942749 1085.730629 4271.609573 1226.056519 1847.178078 4611.940308 1493.151245 25.135345 22.211304 -3.884277 1212.414589 4034.756851 1013.878784 35.96756 16.321869 -11.652832 1748.962898 4926.529083 1774.534302 34.138031 17.140961 -0.252686 -1742.216301 3320.164213 331.425171 -134.135246 1936.180725 83.057861 -411.021338 1076.732483 -188.692017 3.929205 6.826172 -13.618774 32.444668 263.012085 83.853149 7.000999 6.398621 -19.317627 52.448273 982.218323 1004.866333 7.266331 -6.189728 -22.392578
2851.41964 3522.569351 2101.652222 1886.857719 5088.606262 1081.349487 2479.245262 5495.012207 584.928589 641.856842 908.548584 -838.276367 2484.215355 5926.885681 -294.634399 1281.590424 1917.605515 -1238.566895 2576.649437 5743.343201 1086.990356 837.476196 842.290802 -617.597656 -1865.868416 3286.479969 434.80896 -203.456531 2092.577591 -154.736328 -363.141603 1168.753662 -225.887451 57.669392 117.497864 32.750854 75.527115 363.172913 67.858276 52.872105 125.637512 53.951416 57.134705 1097.234039 -263.173218 14.476089 140.492401 -1198.093262
2797.806339 3775.001945 1855.941162 2068.930759 5404.11087 682.902832 2391.344242 5511.005402 -136.138916 -95.289612 -62.293854 -621.364746 2760.933475 5677.595673 -1044.790039 269.329529 -327.577057 -650.452881 1900.023746 6190.658569 284.396973 -684.014282 369.02832 -702.890625 -1835.701962 3363.73765 327.363281 -193.097095 2148.345795 -381.269531 -268.521395 1196.664276 -390.422363 87.231617 -50.376434 -64.832153 179.361057 451.174316 56.94458 96.445351 9.714355 88.789062 66.607685 1268.008423 -574.453735 2.084389 92.487335 -211.577759
2792.738132 3807.832031 1839.771729 2151.282749 5530.50705 764.32251 2565.249424 5813.0867 35.917969 174.082336 297.224426 176.09375 2913.320713 6155.795898 -827.698975 152.564392 473.343353 221.12793 2392.025852 6313.248596 75.666504 492.17926 117.733154 -204.693604 -1832.577419 3372.441702 312.705078 -217.846861 2177.251968 -471.764526 -226.877913 1225.357056 -458.829956 41.820636 23.835907 -64.370728 292.813473 565.861206 37.261963 113.62957 109.830017 -15.645752 130.426006 1317.151489 -626.080933 63.995476 44.286194 -47.590332
2769.493237 3805.076447 1812.028198 2169.418926 5679.745941 1011.21521 2690.778332 5933.132019 346.124878 128.204346 142.834015 306.512451 3002.845898 6372.468567 -484.366455 92.200623 239.461365 339.638062 2749.631481 6336.600647 226.123657 360.281067 46.140747 146.762695 -1839.922047 3346.191015 327.164917 -241.122854 2181.371307 -520.10498 -241.580598 1231.914978 -489.924927 -12.027247 29.346619 -34.789429 326.232891 610.321045 -1.908569 36.094856 67.248535 -42.86499 131.477947 1337.825317 -678.374023 3.727379 43.462524 -55.987549
2762.536678 3821.261101 1803.083496 2181.197414 5759.340057 1173.259277 2892.119198 6134.00238 815.10376 192.866211 221.600952 453.583984 3008.888912 6664.74884 -9.13269 -2.431641 313.010864 459.838867 2611.891232 6312.797241 62.209473 -146.214905 -3.072815 -179.309082 -1834.77396 3326.011772 348.183594 -253.222679 2154.669342 -507.300415 -255.252254 1207.560577 -488.187256 -22.146311 -3.62381 -13.657227 353.238354 616.407776 -17.032471 18.530807 26.817322 -30.518799 126.586971 1307.255707 -673.314209 -13.365631 -9.83902 -10.335083
2689.652023 3931.152573 1836.273193 2199.299393 5951.594849 1316.762695 2867.290878 6394.200745 930.135498 -9.67926 238.142395 110.600586 3128.561325 7077.202148 250.412598 134.821472 390.397339 255.114136 2781.854782 6628.574219 325.285645 185.11261 293.721008 258.64502 -1885.941849 3382.995167 407.271729 -319.812784 2193.56987 -510.354004 -375.572557 1259.783478 -303.839722 -105.171244 30.166931 179.916382 229.82605 499.244995 -169.241333 -108.263245 -139.21875 -156.640015 49.93557 1315.1297 -759.47876 -61.502342 -14.181976 -90.595703
2705.882416 3916.660156 1888.760986 2187.468719 5949.485168 1473.807373 2843.056488 6459.46167 1160.102539 -25.307617 78.731689 213.997803 3203.660431 7253.640137 678.591309 74.025879 189.908752 412.209473 2489.102936 6743.769836 413.887939 -293.825073 128.666382 72.633057 -1942.020721 3371.980705 447.346191 -370.6707 2192.527466 -463.468628 -402.021694 1245.243988 -338.779907 -27.522364 -1.068726 -50.909424 -56.88755 375.362244 -50.328979 -287.786827 -110.411987 102.943115 -65.460548 1321.493683 -614.275513 -116.469345 19.834747 129.234009
2744.40443 3898.199844 1923.426514 2183.679333 5933.234558 1570.467529 2796.68623 6524.909973 1318.200684 -46.569824 68.321838 131.61499 3135.30714 7439.101562 1109.093018 -68.552856 188.334961 404.018555 2412.560558 6732.371216 500.883789 -76.741943 -8.525085 60.512695 -1960.103474 3392.652359 495.922852 -409.310856 2197.14592 -432.981567 -356.301908 1260.804138 -243.936157 45.52022 18.433685 68.360596 -56.641026 332.209778 -152.23999 0.046959 -40.278931 -128.394165 2.469025 1229.793243 -602.880249 67.730007 -88.826904 -15.087891
2764.222298 3903.039093 1925.05188 2168.485298 5933.570862 1624.974976 2456.248055 6744.482117 1408.219604 -343.137817 220.212708 87.13623 3108.421211 7495.597229 1452.402954 -29.585571 57.13623 340.427246 2348.513374 6736.636658 536.537476 -66.746826 4.906006 32.770996 -1965.856133 3387.473049 501.013794 -399.160042 2185.158005 -384.589233 -370.412998 1240.404968 -245.194702 -16.810732 -19.758606 -4.141235 -1.59008 337.458191 -164.204712 52.351303 5.888977 -14.847412 -21.928139 1188.236847 -486.010132 -27.096806 -40.915833 113.987427
2733.103313 3857.196732 1994.27002 1868.461437 5773.42926 1662.401123 2239.623852 6508.496399 1341.967773 -229.26712 -211.384277 -97.855225 2885.715618 7173.126526 1694.0625 -235.348511 -297.869263 210.056152 2312.317486 6686.953735 842.13501 -48.838806 -25.081482 273.994141 -1923.874836 3354.669266 520.498047 -378.114204 2120.323639 -335.136108 -350.169058 1191.701202 -130.10437 7.601023 -24.102325 83.486938 21.428051 295.545349 -36.895142 10.375214 -17.311401 95.706177 13.078671 1118.772125 -421.132202 22.363892 -44.863281 33.274536
2710.130119 3883.95874 1978.554688 1867.556114 5810.490723 1639.272461 2304.435539 6532.007751 1373.758545 68.411407 15.065613 56.348877 2900.07 7278.636475 1642.825928 17.954102 97.064209 -26.678467 2290.445518 6727.642517 830.05127 -18.272247 32.243042 12.474365 -1921.465645 3347.548943 480.527344 -372.557163 2090.869675 -340.321655 -338.429279 1173.752136 -86.818848 15.339499 -26.394806 67.843628 23.648224 280.626221 63.300171 5.819893 -23.364868 124.753418 38.591175 1101.874542 -394.057617 29.112225 -25.343323 51.63269
2681.585445 3911.598816 1986.94519 1857.285671 5854.772034 1678.733521 2374.532223 6523.178406 1414.124146 56.846619 -18.762512 64.94751 2825.202084 7286.314087 1863.737183 -88.117981 -2.255554 245.493164 2256.613522 6734.398804 934.846802 -47.082062 -3.17688 129.377441 -1911.49744 3345.940123 471.832886 -371.610546 2066.661758 -339.658203 -311.554632 1154.491425 -68.303223 13.624582 -29.193878 43.097534 79.086742 270.993042 76.742554 42.188454 -19.566345 38.024292 96.228657 1084.397125 -392.728271 44.387417 -27.410583 25.911255
2667.066383 3922.578659 1984.096069 1816.904793 5856.397705 1679.282837 2341.942482 6514.005737 1401.66687 -46.860657 -10.620117 7.545166 2658.602943 7232.974854 2011.187134 -180.870056 -54.786682 167.452393 2208.884621 6733.933716 964.514771 -61.999817 -1.912537 49.67041 -1904.542961 3348.680992 499.174194 -385.8074 2062.786789 -344.221802 -299.297538 1149.533997 -81.982422 -2.013822 -6.404877 6.323242 85.402565 260.26886 46.312866 -7.955093 -12.171631 -10.427246 134.047432 1083.357849 -400.461426 23.547859 -2.486725 12.269287
2643.022919 3865.74028 2067.445068 1740.835724 5765.427551 1678.659668 2322.175903 6430.797424 1590.849609 -44.593658 -44.223022 189.672852 2686.785431 7161.106873 2162.203369 3.355408 -32.88269 151.506348 2189.70047 6639.42749 1000.446777 -44.01123 -55.520935 36.422119 -1829.043427 3312.378054 465.875244 -287.583013 2030.832291 -353.870239 -265.366268 1107.681122 -106.296997 9.10419 -2.867584 -23.824463 115.722275 219.203186 50.288086 5.49263 -2.080383 4.465332 158.387489 1051.306763 -413.395386 -0.487022 6.934204 -12.443848
2644.017715 3863.731155 2076.604004 1744.779739 5765.660706 1691.112061 2312.716293 6433.419495 1549.536133 -10.105896 2.782288 -40.649414 2678.47908 7178.700562 2100.583496 -8.952637 17.753906 -60.955811 2153.984451 6641.038513 995.072021 -36.362305 1.77124 -4.710693 -1829.395218 3313.486528 466.524658 -287.728276 2033.322372 -355.402222 -266.883492 1109.080811 -111.538696 -2.16351 1.559906 -4.577637 113.722267 219.669189 41.316528 -2.646294 0.626221 -8.307495 155.311775 1052.377014 -417.479248 -3.722 1.230469 -3.4198
2581.771202 3828.563309 2057.327271 1667.233238 5731.324463 1761.792603 2342.524834 6290.73761 1642.190552 -8.746948 -119.283447 63.671875 2732.347984 6943.475342 2281.14563 15.313416 -211.826782 151.57959 1769.669609 6464.410706 1041.036987 -422.870331 -153.22937 16.982422 -1772.172279 3305.292635 496.687622 -254.66238 2050.322189 -387.738647 -335.714226 1113.671722 -232.244873 -107.386222 27.989349 -149.688721 -14.478493 219.048157 -10.049438 -166.756248 22.777405 -80.348511 54.076996 996.685028 -259.885864 -139.790268 -32.293549 128.61084
2554.945908 3890.630951 2013.92395 1661.800003 5827.080994 1798.272095 2263.526688 6477.102966 1883.43689 -75.645752 116.252441 261.030273 2564.79332 7138.617859 2568.086548 -164.202271 125.029602 306.724854 2046.840744 6577.298279 1021.344604 280.523529 42.774658 0.091553 -1800.368881 3377.500505 547.053833 -346.345272 2107.88414 -445.411987 -523.339195 1222.1492 -125.776367 -184.272575 38.364563 126.252441 -667.895851 297.95105 171.420288 -650.064964 8.789978 201.253662 -680.86422 1205.172882 334.94812 -731.588821 138.374939 614.61792
2553.704538 3840.934525 1944.780273 1663.797617 5773.529663 1789.417725 2173.005533 6358.193359 1361.269531 -113.005981 -66.808472 -499.603271 2421.031504 7065.130615 2014.329834 -166.246643 -21.386108 -531.192627 2191.376657 6444.460144 879.375 122.051086 -80.737 -119.405518 -1757.069235 3341.499634 464.490967 -370.947218 1992.86644 -498.214722 -606.249609 1092.077942 -291.746216 -105.395241 -77.970123 -143.405762 -625.587378 122.60376 -173.081055 19.823647 -123.246155 -321.937256 -340.668764 1012.619019 -719.862061 317.710629 -140.452728 -1032.246094
2565.087299 3802.104034 1782.65686 1860.014515 5782.253418 1659.263306 2320.051746 6342.548828 1170.807495 126.391296 15.255432 -146.999512 2612.742939 6930.387573 1899.508667 171.056519 -103.843079 -71.358643 2167.352314 6465.174255 717.190552 -44.67926 51.614075 -118.721924 -1742.792034 3366.691208 392.282104 -470.701427 1968.771667 -594.58313 -533.039379 1040.175476 -454.122925 52.555313 -21.002502 -118.914185 -976.077099 195.971069 -598.001709 -371.144638 104.267273 -381.45813 -475.168934 1024.585571 -663.231201 -155.155087 42.866516 100.093384
2588.817329 3817.807999 1688.209229 1952.25605 5824.405212 1594.747314 2528.522835 6346.886597 1194.373779 207.815704 13.348389 52.545166 2766.699715 7050.552063 1836.154785 153.301392 129.17511 -34.375 2340.924416 6494.632568 732.355957 172.916718 38.468933 44.144287 -1707.0924 3349.790573 316.582031 -516.204185 1841.548462 -611.048584 -674.509964 957.008209 -328.490601 -142.125969 -74.156647 154.611206 -1119.206581 169.520569 -665.012817 -143.784866 -17.43988 -38.032227 -483.133926 960.989075 -594.180908 -8.620377 -54.585876 98.029175
2605.707788 3834.008942 1609.265137 1998.6448 5839.94751 1534.671631 2534.653101 6474.348755 1273.380127 -7.273865 114.349976 86.28418 2795.852747 7147.145386 1931.901855 15.748901 83.48114 103.024902 2330.898371 6649.385681 770.738525 -23.430176 141.64093 45.6604 -1674.993048 3381.365299 318.641357 -600.530958 1787.706604 -584.526978 -730.032682 928.997803 -231.444092 -68.926849 -41.122589 104.324341 -1111.637106 59.862976 -377.08313 -5.834656 -122.769775 295.20752 -606.009016 923.206787 -538.75061 -136.279221 -50.89447 62.70813
2661.323004 3773.521729 1528.759766 2085.859747 5769.599304 1443.223877 2539.182501 6406.971741 1078.044434 -29.05304 -50.026855 -155.578613 2991.870794 7075.756531 1612.867432 162.435608 -54.038696 -279.277344 2322.583075 6552.399597 571.915283 -41.897736 -79.635925 -159.066162 -1571.915522 3391.658287 219.709473 -622.219248 1688.886871 -575.012207 -748.716822 872.228088 -149.707642 -52.266579 -39.419556 121.49353 -1254.556513 116.074829 -430.496826 -176.501846 73.562012 -13.656616 -575.071383 845.67688 -453.129883 -2.644806 -60.179749 125.377808
2716.058755 3728.923187 1471.826172 2131.678567 5705.108948 1385.55542 2526.109109 6465.155334 1391.888428 -21.896057 75.245667 346.721191 2838.426003 7163.513184 1973.363037 -162.267456 104.818726 393.372803 2264.936318 6499.189758 537.684326 -66.469421 -36.147766 -1.35376 -1489.492545 3376.542892 114.130859 -633.399291 1588.660278 -544.066162 -799.795432 821.242065 -60.847168 -59.901276 -33.92395 121.737671 -1303.324027 80.682068 -361.079102 -57.590179 -18.330688 102.294922 -602.098594 772.164459 -361.587524 -35.849876 -56.450348 124.419556
2759.995775 3708.60569 1399.345703 2173.705339 5680.923462 1296.973877 2600.558825 6390.387268 1082.449951 44.909973 -70.143433 -277.525635 2944.584398 7039.0271 1700.592041 76.618652 -119.86145 -240.858154 2418.815203 6578.660583 565.588379 124.339142 84.095459 59.816895 -1452.247419 3370.483723 82.276611 -631.078596 1551.989594 -526.943359 -795.133924 805.624084 -12.993164 -24.878235 -10.993347 79.766846 -1310.765181 68.598633 -297.475586 -36.980896 -7.458801 95.516357 -598.175879 743.139496 -308.076172 -25.617027 -24.40033 85.424194
2787.811652 3706.784248 1369.46167 2174.810249 5671.809692 1265.661621 2612.34748 6298.243408 880.528564 -18.473816 -90.926819 -180.823975 2834.07447 6930.362244 1568.448486 -140.7724 -107.447815 -111.046143 2512.955543 6606.917725 768.575439 63.877869 29.474182 224.084473 -1415.736932 3369.238529 51.589355 -627.656869 1520.196991 -510.613403 -786.960686 795.991669 36.187744 -22.089233 -8.415375 70.27832 -1312.147912 48.196411 -199.93042 -31.645203 -19.185181 118.642578 -585.679482 721.806793 -259.18335 -17.766075 -20.115662 69.990234
2794.627479 3706.819458 1353.444824 2178.646644 5670.508118 1245.341797 2584.147437 6333.865662 888.137207 -39.911499 34.648438 22.203369 2773.537391 6980.657043 1571.96167 -72.248535 49.320984 18.10791 2511.301063 6619.975586 715.32959 -13.365936 12.084045 -38.651123 -1405.454309 3365.342636 35.568848 -627.976586 1506.412506 -507.854004 -787.439935 792.748413 52.469482 -12.190704 -4.217072 30.876465 -1317.032373 41.152344 -160.283203 -16.595917 -8.017883 54.241943 -589.789407 710.866241 -236.485596 -15.821381 -11.914368 37.29248
2795.070042 3706.74221 1352.827148 2179.192662 5670.450134 1244.591064 2584.975438 6334.031067 888.128662 0.239563 0.090637 0.722656 2774.04282 6981.078796 1571.796875 -0.083008 0.346985 0.566406 2514.991917 6619.363708 713.0896 3.102417 -0.686646 -1.508789 -1405.000454 3365.088844 34.667969 -627.947841 1505.681763 -507.706299 -787.275768 792.597198 53.388672 -0.424271 -0.225983 1.650391 -1316.957546 40.660095 -157.919922 -0.513611 -0.567017 3.094482 -589.763904 710.33783 -235.238037 -0.562935 -0.60318 1.97876
2801.562849 3704.767151 1338.955078 2184.413343 5668.191528 1226.744385 2603.654523 6325.610657 874.138184 7.965393 -10.414124 -9.75708 2803.670393 6983.143616 1544.772949 18.913879 0.071106 -22.790527 2546.029859 6603.509827 674.261475 20.324249 -17.847595 -34.594727 -1398.360857 3360.897236 23.005371 -625.597224 1495.225525 -505.056152 -781.732211 788.44986 65.083008 -5.170135 -6.141052 15.927734 -1311.276202 32.495422 -132.44873 -5.032349 -10.158386 29.70459 -581.46831 702.722931 -217.907715 -2.418098 -9.608612 21.563721
2801.827338 3704.674339 1338.442383 2184.686225 5668.096313 1226.088867 2603.49665 6325.415039 872.781982 -0.603027 -0.228271 -1.121826 2804.328254 6984.007874 1542.13501 0.212708 0.831604 -2.403564 2545.436957 6603.076477 672.420654 -1.038055 -0.466003 -1.606445 -1398.097741 3360.831089 22.689209 -625.52942 1494.953308 -504.938965 -781.579491 788.410492 65.513916 -0.292435 -0.072021 0.665283 -1311.19024 32.400208 -131.630859 -0.359192 -0.127869 1.052246 -581.341721 702.537384 -217.290649 -0.318565 -0.218201 0.85144
2866.639223 3623.118782 1353.121338 2146.561708 5546.083374 1261.975098 2555.304689 6293.643799 1309.510498 -129.168396 26.257324 369.401855 2976.907167 7056.745911 1705.552979 91.602478 130.766602 96.091309 2340.429964 6546.268616 637.677002 -285.983429 1.220703 -102.070312 -1318.989134 3326.627388 -43.894043 -580.567198 1405.258484 -352.632446 -714.694624 716.55899 240.577393 -14.091568 -13.822937 107.736816 -1220.930357 -1.998596 -96.013184 9.283447 23.629761 -31.708984 -506.244497 640.06073 -93.037109 -5.879211 -4.44809 56.92688
2870.235138 3620.4916 1353.266602 2153.476868 5544.613342 1262.630615 2571.442261 6288.021545 1290.130615 12.814484 -4.785461 -18.857422 3008.583527 7056.167297 1658.496094 28.353271 0.258179 -46.534424 2365.2948 6538.128662 627.110596 21.541748 -7.303162 -10.043945 -1317.306519 3328.1213 -42.1521 -580.024567 1406.649017 -352.287598 -714.260712 717.528381 240.339355 -2.889175 1.806183 0.284424 -1220.953369 -0.0177 -97.591553 -3.3461 2.817688 -1.055908 -505.634804 641.341705 -93.529053 -2.713394 2.117767 0.030518
2972.054672 3520.549011 1381.539307 2227.598343 5422.584534 1289.613037 2692.935715 6100.835571 1079.865723 4.489899 -141.399841 -213.172607 3193.525925 6877.67334 1310.649414 67.938843 -132.707825 -350.754395 2656.85173 6297.275391 573.990479 174.553375 -195.067139 -56.027832 -1227.845383 3321.37249 -34.562988 -529.552155 1393.592072 -322.591553 -610.631332 671.41449 231.706543 -13.374176 -0.327759 -11.540527 -1111.707535 -47.492676 -98.017578 -7.757721 -1.688843 -3.33374 -391.430588 616.298065 -62.028809 -2.799339 20.742493 28.592529
2972.141209 3520.464706 1381.185303 2227.724552 5422.498322 1289.155273 2692.075901 6100.800171 1077.415771 -1.132507 0.064087 -2.43042 3192.735996 6878.612671 1304.715576 -1.062622 1.038818 -5.914307 2654.670048 6298.158875 574.104004 -2.454376 0.982971 0.133057 -1227.787533 3321.536903 -34.276123 -529.549313 1393.787994 -322.564087 -610.567379 671.523438 231.622314 -0.20874 0.208435 -0.064697 -1111.639614 -47.341003 -98.187256 -0.204773 0.25116 -0.150146 -391.350956 616.4888 -62.218018 -0.193062 0.290222 -0.169678
2972.141209 3520.464706 1381.185303 2227.724552 5422.498322 1289.155273 2692.075901 6100.800171 1077.415771 0.0 0.0 0.0 3192.735996 6878.612671 1304.715576 0.0 0.0 0.0 2654.670048 6298.158875 574.104004 0.0 0.0 0.0 -1227.787533 3321.536903 -34.276123 -529.549313 1393.787994 -322.564087 -610.567379 671.523438 231.622314 0.0 0.0 0.0 -1111.639614 -47.341003 -98.187256 0.0 0.0 0.0 -391.350956 616.4888 -62.218018 0.0 0.0 0.0
2974.87566 3517.952576 1380.115967 2233.905964 5421.321411 1286.947021 2678.73354 6100.110474 1038.045654 -17.410126 0.680847 -41.062012 3178.574696 6894.927063 1198.612061 -18.229065 17.684937 -107.79541 2626.203327 6320.076599 596.97998 -32.534485 23.288269 21.184082 -1225.595226 3323.438187 -32.006836 -528.333111 1395.666962 -322.801514 -607.868404 672.477264 230.423584 -1.36879 2.324371 -2.890625 -1108.381634 -46.986694 -98.980713 -0.809784 1.724854 -2.485352 -388.165035 618.335724 -63.713379 -0.881844 3.217468 -3.187256
3004.598732 3469.26548 1399.04541 2285.010719 5372.387085 1198.709717 2438.843117 6173.256226 963.338623 -281.627045 94.894104 -66.925049 3269.227333 5745.97168 776.011963 48.916016 -1127.207031 -414.818115 2934.943581 5367.34024 693.046875 267.003632 -930.988007 103.848877 -1193.232841 3340.384445 -32.86377 -544.442406 1394.52713 -313.961792 -515.881996 608.844299 152.009277 50.249786 -41.884613 -70.632324 -1069.844322 -80.306396 -155.717773 -3.19931 -11.57135 -48.955078 -354.27845 561.038513 -74.927979 -7.850037 -35.548859 -3.432617
2991.48159 3483.926506 1380.50415 2263.318291 5389.236145 1215.070801 2519.705009 6196.295166 1284.013672 69.027863 24.377136 305.437012 3361.170006 5797.04834 1080.366211 80.108643 52.414856 289.116211 2951.999779 5498.973999 708.347168 5.222168 132.971954 0.062256 -1217.055092 3350.725479 14.078369 -558.915749 1404.432678 -256.638184 -509.001503 589.295959 155.549316 -4.953537 -18.210144 -11.697998 -1209.486122 -21.745605 36.712646 -151.47583 59.898987 177.192383 -347.063446 531.699066 -79.676514 -4.619026 -28.001251 -19.986572
2991.514931 3483.946877 1380.579834 2263.433418 5389.294128 1215.157471 2519.78611 6196.351013 1284.274902 0.109406 0.012817 0.386963 3361.344032 5797.250366 1080.712891 0.202332 0.158997 0.472412 2952.235451 5499.223022 708.586426 0.263977 0.205994 0.36499 -1217.070885 3350.657349 13.914795 -558.949318 1404.324951 -256.594849 -508.925972 589.30481 155.81543 0.103836 -0.03418 0.391846 -1209.296379 -21.95282 37.401123 0.218048 -0.250244 0.814209 -347.005463 531.630859 -79.360352 0.086288 -0.111237 0.441895
2953.134747 3505.160828 1398.508301 2228.727551 5427.044067 1380.726318 2578.329601 6179.84375 1185.196533 63.775787 -23.941345 -116.287842 3445.455303 5859.928284 1432.972412 89.343567 55.243835 335.050049 3018.619061 5426.964569 724.547119 71.615906 -79.692535 -1.248779 -1301.083241 3367.490921 159.433594 -599.533939 1443.374023 -203.612671 -530.64043 603.42514 160.74585 -16.482162 6.686249 -12.279053 -1195.559101 -60.031738 209.384766 18.969574 -45.513 154.77417 -353.713131 522.662354 -13.62793 -1.475372 -16.402588 48.522949
2952.616997 3505.404587 1399.49585 2228.165398 5427.332916 1382.060547 2577.506676 6180.569458 1187.650146 -0.209351 0.891113 1.411133 3444.719353 5860.578308 1435.119629 -0.122375 0.81543 1.104736 3019.077873 5430.164795 726.765137 1.072388 3.365631 1.175537 -1301.922188 3367.250404 159.812012 -599.543648 1443.447571 -203.614502 -529.966087 603.258362 160.12085 1.287918 -0.001373 -1.66748 -1193.80619 -61.316528 208.7146 2.366486 -1.119385 -1.712646 -353.183937 522.770233 -14.445801 1.142769 0.273285 -1.860352
2907.515354 3549.324379 1380.805664 2239.288273 5505.863647 1425.057373 2541.669407 6225.606995 1067.76001 -37.369232 14.489441 -125.34668 3409.956455 5879.072571 1300.537109 -36.294861 -12.053833 -140.039062 3050.617161 5606.914062 782.106934 30.007324 146.201172 49.885254 -1332.927303 3420.986366 176.297607 -604.297771 1496.270294 -211.070557 -520.186214 618.361969 66.008301 8.24791 -15.444489 -99.569092 -1099.33157 -130.157776 99.022217 92.942657 -99.389343 -115.148926 -335.990162 506.031036 156.02417 15.661812 -47.287292 165.013428
2889.234791 3581.509285 1374.046631 2256.078663 5552.624817 1408.586426 2441.983662 6118.922119 789.118652 -81.396332 -129.382629 -259.592285 3326.636524 5830.574341 1043.659668 -65.030518 -71.195984 -237.828369 3004.553394 5727.93335 718.575439 -27.774353 98.321533 -44.482422 -1348.727703 3447.102127 152.833252 -605.639324 1523.57193 -227.245483 -516.830425 625.707397 -20.631104 21.645203 -15.352325 -67.590332 -1129.243755 -98.154907 -25.92041 -11.622772 9.305115 -105.893555 -349.434338 509.610291 274.025879 4.845238 -19.1185 137.050781
2860.919094 3585.372543 1422.147217 2285.255032 5568.305664 1439.852295 2668.800259 6316.867065 1605.587158 261.976776 194.282837 755.985107 3232.989712 5866.847839 969.516602 -58.486633 32.611389 -134.626465 1814.647579 5871.511536 624.053955 -1154.745636 139.916077 -155.004883 -1441.681004 3511.300201 439.466553 -646.900425 1691.763611 -216.251831 -680.647907 833.094177 120.733643 -128.657303 203.72467 80.881348 -1246.065006 81.754761 21.293945 -81.661072 176.247559 -13.269043 -467.038212 733.267212 297.668457 -82.443695 219.994812 -36.84082
2842.747383 3563.932457 1446.312256 2404.335365 5580.592957 1480.474854 2712.753487 6380.029297 1490.787354 50.009766 86.877441 -136.281738 3204.843636 5773.815002 929.521484 -22.089539 -69.317627 -61.477051 2560.946388 6639.833374 904.752197 752.355347 792.037048 259.216309 -1530.080681 3585.070915 613.233643 -645.333138 1926.385727 -300.450439 -683.669014 1025.815582 -103.400879 3.035431 216.436615 -245.616455 -1213.675804 245.09491 -49.14917 38.44574 187.055359 -91.925049 -372.711372 967.220917 459.399414 100.383377 257.668915 140.249023
2834.187965 3608.301125 1412.355957 2454.78611 5649.081726 1439.952393 2410.588875 6342.944641 930.632324 -306.754608 -58.638916 -521.477051 3235.856056 5840.336914 971.45874 26.422424 44.967651 80.615234 2505.734749 6248.956909 404.731445 -59.801636 -412.430725 -461.342773 -1607.307396 3642.04689 644.729004 -670.20092 2099.028854 -432.404175 -838.936424 1283.645782 -22.727051 -159.857407 236.27594 119.351807 -1205.793266 460.566406 280.008545 3.292542 193.917236 367.835693 -478.112221 1179.695282 296.790771 -109.990845 190.920105 -123.930664
2821.490879 3641.545868 1404.527588 2392.184696 5685.393677 1380.113525 2966.859837 6207.170105 1766.628418 556.027374 -155.309753 848.348389 3179.932652 5835.838623 892.843018 -56.166992 -24.033508 -66.263428 2118.794956 6518.059387 812.994385 -387.18338 249.567261 420.615234 -1644.039669 3659.837189 674.082031 -700.108852 2174.854507 -499.449463 -1046.73872 2130.431061 366.325684 -208.045883 827.250061 401.405029 -987.904034 1761.559601 1246.791992 217.645645 1281.457977 979.135742 -96.865082 2285.436783 694.685059 381.003551 1086.206284 410.246582
2804.664402 3689.320335 1400.112305 2381.342411 5743.547058 1399.968262 3010.080051 6248.377991 1071.2146 36.846008 13.608398 -681.182861 2927.676182 6287.024536 98.33252 -258.630676 423.586426 -780.279541 2783.234653 6589.58313 705.330811 658.065491 43.924255 -93.432617 -1807.147427 3621.891975 800.314941 -717.681408 2420.616226 -571.228027 -1146.562557 1698.581085 -154.359741 -106.198044 -459.449463 -506.454468 -1607.795467 946.255493 224.775391 -626.26564 -842.903595 -1007.785645 -302.211514 1771.3591 537.249756 -211.720638 -541.67717 -143.204346
2774.988766 3673.983231 1498.249512 2531.388607 5758.04718 1579.306641 2768.22485 6511.197205 1209.613037 -222.802124 268.957214 54.022217 2602.1842 6357.502441 257.875977 -306.438904 76.615906 75.167236 2631.691341 6673.80249 868.120117 -132.490234 90.357361 78.413086 -1948.022251 3626.792297 1329.672852 -934.743824 2885.553417 -386.5448 -1181.619358 2055.064011 -25.396729 -16.003723 362.620926 44.586792 -1123.000889 1188.929596 388.104248 503.847656 248.812103 78.952637 -378.804302 2381.917572 723.521729 -57.539711 616.696472 101.895752
2756.254501 3701.379356 1474.592285 2424.343643 5777.633057 1557.695312 2765.562363 6114.536743 827.432861 31.732178 -425.653381 -355.13916 2431.972122 6114.066772 -94.393311 -135.817413 -272.428589 -325.228271 2685.324478 6578.895569 618.468018 88.027802 -123.899841 -222.611084 -2081.994553 3566.324615 1723.774414 -1089.847794 2846.619549 -19.321289 -991.016464 2073.205032 506.873779 224.997559 -10.851898 559.311523 -1204.539566 1136.38031 579.606934 -47.144012 -81.542206 218.543701 -496.044159 2307.661362 747.578125 -82.845192 -103.24913 51.097412
2694.551964 3695.526123 1541.140137 2435.709496 5776.71814 1642.858887 2827.542381 6402.374573 1179.25415 116.988831 292.926331 261.141357 2579.822807 6517.39563 239.953613 202.859497 408.417358 243.666992 2572.263756 6685.26062 900.865479 -58.05191 111.453552 191.717529 -2195.421944 3505.277786 2415.644531 -1235.789528 3062.621806 570.599365 -1164.541969 2544.698029 1350.125732 -118.516693 476.581497 752.572021 -1900.320168 1925.724869 1349.256592 -640.77179 794.43306 678.969727 -672.945061 2496.039619 959.256592 -121.89209 193.466759 120.998535
2626.37228 3663.369522 1566.361694 2560.924129 5771.546326 1642.539673 2760.812893 6371.897583 1036.383667 -68.809204 45.195923 -156.271973 2689.605618 6564.851379 74.865723 107.703094 123.128662 -178.48938 2608.787594 6614.163818 762.938843 34.444122 4.576111 -151.328125 -2182.293491 3582.740669 2131.598511 -1314.336948 4451.596527 382.390747 -1410.257206 3557.816162 668.901978 -247.794952 1088.791046 -694.625244 -1564.299412 2636.151199 915.690308 333.94104 786.099243 -446.967773 -1926.226292 4187.115936 481.155396 -1255.360947 1766.749229 -491.502686
2591.248541 3660.861588 1569.842529 2743.26148 5774.941101 1658.972168 2740.375738 6373.806152 1013.167725 -26.094971 26.454163 -30.578613 2755.742254 6417.117615 25.916138 60.478821 -123.188171 -56.312256 2612.464514 6597.769165 743.034668 -1.980896 8.15094 -27.266846 -2267.540522 3558.982925 2224.637451 -1696.457911 4975.42038 713.804932 -1981.343927 4083.959961 866.90918 -576.744537 550.689392 190.644531 -1555.356379 3210.886936 867.602539 3.285217 599.28133 -55.450439 -1212.946711 4193.738098 1722.044678 707.621765 31.167755 1233.526611
2486.58484 3656.145401 1649.604492 2598.163972 5780.722351 1617.171631 2665.430665 6379.830017 971.494141 -0.673828 20.231628 -102.600098 2599.745545 6541.148682 -4.359131 -81.725464 138.238831 -91.201782 2491.177583 6656.689758 726.678467 -47.015686 73.128357 -77.282715 -2148.864074 3516.042709 2475.750732 -1913.795409 5657.862244 2470.52002 -2039.966216 4987.111511 1808.052979 15.648956 917.359314 880.217285 -2298.013091 4258.409958 1214.943848 -668.385468 1061.730785 286.414795 -1503.881469 4629.202423 1894.855957 -216.663513 449.672089 111.884766
2379.961351 3649.523926 1642.426758 2711.835741 5744.207764 1676.866455 2662.498277 6421.821899 1116.61499 25.979919 73.869324 132.713623 2522.12993 6608.657837 156.472778 -48.703308 99.386597 148.424683 2438.104967 6668.526611 893.630371 -24.160309 43.714294 154.544678 -2297.6006 3363.518028 2504.775391 -3061.073805 5249.074554 3194.295654 -3265.13661 5057.645416 2288.344727 -1196.258087 102.411346 467.884521 -3663.163038 5710.484619 2887.354736 -1336.23764 1483.952103 1660.003662 -2949.41609 5270.440979 2047.818604 -1416.622314 673.115997 140.55542
2397.29223 3666.517029 1634.841919 2741.232049 5769.797668 1689.324341 2695.671747 6453.233337 1128.744507 9.178772 29.53064 6.811523 2459.048059 6646.773682 183.744507 -87.076569 36.235046 21.953735 2493.176782 6677.26532 893.858032 31.077118 6.85791 -5.090332 -2320.720313 3370.536919 2530.984497 -3150.835822 5237.958832 3227.040405 -3502.250311 5297.6474 2343.201294 -261.108398 238.121185 49.538574 -4036.982062 5893.834534 2901.513062 -397.813721 181.469116 8.840332 -3196.487677 5678.710938 2116.766968 -271.066284 406.38916 63.630371
2376.315811 3677.454224 1621.603394 2769.113204 5779.450989 1707.059937 2650.170028 6275.026855 979.263306 -31.224365 -180.495911 -146.529541 2426.64418 6550.617676 47.522583 -18.126526 -98.445435 -133.270264 2440.436141 6620.264893 792.34436 -38.463287 -59.289856 -98.562012 -2359.774125 3383.947067 2549.524536 -3233.438981 5240.837708 3246.188354 -3640.80806 5373.731995 2390.852661 -124.280396 73.795166 50.603027 -4417.611649 5964.383545 2480.975952 -366.352234 68.259583 -417.585449 -3485.238602 5836.860962 2200.452271 -274.473572 155.860596 86.636963
2397.174535 3691.67923 1597.244263 2722.634892 5811.217651 1656.64978 2703.045659 6370.454102 963.771362 38.789673 86.560669 1.694336 2400.644841 6453.708801 14.859619 -40.085297 -105.775452 -15.476685 2462.111058 6535.398254 696.860962 7.588959 -93.733215 -78.297119 -2415.486445 3426.418877 2510.701294 -3219.315181 5360.062103 3088.650513 -3835.653682 5583.069763 2388.66272 -208.93158 200.471191 14.996338 -4548.208003 6259.198914 2377.424927 -144.682312 285.948792 -86.364746 -3915.74554 5969.871216 2304.028931 -444.592896 124.143677 120.762939
2399.260283 3691.4991 1595.629883 2725.373411 5811.29364 1654.526367 2704.371214 6373.250427 963.7146 -2.105408 2.955627 -0.137939 2403.031187 6462.315674 14.82605 -1.044617 8.766174 -0.114746 2465.500822 6542.295837 698.248291 -0.041199 7.056885 1.306152 -2414.333467 3425.658188 2516.453857 -3220.172853 5357.523041 3098.822021 -3847.746706 5586.75293 2410.721436 -15.523987 3.842468 21.977539 -4557.230349 6266.153564 2429.742432 -12.453308 7.113953 52.236328 -3921.439943 5990.92041 2327.712402 -9.125366 21.208496 23.602295
2393.991232 3728.447952 1551.013184 2811.238546 5849.905701 1644.6521 2709.177694 6402.672119 943.725586 -14.269409 26.104431 -3.135986 2495.611563 6566.119995 -27.965698 73.504486 100.487061 -25.938721 2511.348867 6661.741638 708.22998 26.772156 116.12854 26.834717 -2477.927256 3495.201721 2454.605713 -3331.788797 5459.979095 2916.495361 -3933.829203 5466.80069 2159.274902 -105.158386 -123.269501 -234.593506 -4582.859659 6188.405457 1958.884277 -44.7052 -81.065369 -454.005127 -3818.144999 5874.148865 1822.215576 84.219055 -120.088806 -488.643799
2414.70109 3727.160339 1550.752563 2838.505716 5850.004578 1653.231812 2727.181864 6411.664734 959.205933 -1.338806 11.217957 21.51001 2492.008219 6578.965759 -8.299561 -22.94632 15.071106 25.695801 2540.334177 6609.744263 696.095581 9.642334 -49.772034 -6.104736 -2483.851461 3518.199997 2426.559448 -3339.799032 5494.769592 2846.99646 -4153.442221 5543.673706 2323.449097 -238.955994 79.098358 170.203857 -4742.089376 6033.731689 2954.483032 -178.572693 -152.448425 1001.628418 -3894.788351 6139.716187 1954.96521 -95.986328 267.792664 138.779297
2406.878853 3727.514801 1533.171997 2819.227486 5846.412659 1643.379517 2682.254524 6337.001953 904.573364 -51.919861 -79.104919 -44.866943 2501.224403 6560.061646 -60.558472 2.223663 -23.346252 -42.493286 2566.023903 6651.913452 679.463501 18.697205 37.727051 -6.866455 -2578.604546 3555.549583 2373.244019 -3281.757011 5626.056824 2470.764771 -3479.581108 5279.241028 1590.900269 666.868591 -268.874817 -722.783203 -3986.865654 6014.852295 1165.19104 748.231201 -23.321533 -1779.526367 -3539.235649 5846.230469 1218.709106 348.560181 -297.927856 -726.490479
2422.433996 3731.608047 1532.788086 2844.466009 5855.510254 1641.156006 2733.204412 6397.294312 930.979004 38.166809 66.932678 26.519775 2544.428015 6576.716919 -44.957275 30.420532 23.295593 15.715332 2536.11167 6635.58197 681.82373 -42.695312 -9.691162 2.474365 -2578.954706 3560.430527 2419.814453 -3303.435297 5629.208374 2545.782471 -3731.555109 5435.372467 1698.140869 -264.75708 162.771759 107.354736 -4418.154535 6147.776489 1615.594482 -444.07196 139.564514 450.517578 -3624.885798 5966.047974 1325.948486 -98.433228 126.457825 107.353516
2423.47003 3731.393738 1532.674561 2845.97949 5855.32959 1641.130371 2735.159483 6397.442932 931.068115 0.637512 0.19043 0.189209 2546.53842 6577.627258 -44.821167 0.792847 0.952148 0.236206 2538.933134 6636.71814 682.219238 1.503906 1.177979 0.495605 -2578.505983 3560.353279 2421.68335 -3303.813601 5628.875732 2549.377441 -3734.101686 5436.682281 1702.39502 -3.864136 1.351624 4.354248 -4422.313051 6147.720947 1620.78125 -5.476074 -0.013733 5.286865 -3629.449282 5968.851929 1331.295166 -5.881042 2.845764 5.446777
2435.396652 3724.676666 1562.460327 2794.180984 5860.26825 1651.193237 2675.410233 6237.279358 842.849731 -57.477112 -165.661011 -101.518555 2514.973679 6522.194519 -112.457275 -29.292603 -60.930176 -80.936279 2523.861008 6600.173035 607.716675 -12.799988 -42.042542 -87.802734 -2589.896469 3561.509705 2500.757446 -3158.431625 5680.170593 2571.974487 -4023.725815 5698.184204 2136.538696 -287.35199 256.004486 420.843506 -4566.379623 6510.831299 2310.197144 -141.794434 357.612915 676.115723 -3648.085861 6029.253845 1461.287231 -16.364441 54.90448 116.691895
2434.288807 3725.631409 1562.450562 2793.131275 5861.4328 1650.300903 2676.636219 6239.950562 842.247925 1.613464 1.786194 -0.638428 2517.0508 6523.637695 -113.656006 2.4646 0.558167 -1.235352 2525.605488 6601.391907 606.547241 2.131958 0.333862 -1.206055 -2593.293591 3563.343925 2492.233276 -3162.158031 5682.293091 2557.647095 -4025.201855 5699.059143 2117.540894 -1.088562 -0.010071 -19.034424 -4574.374523 6509.510498 2281.149292 -7.607422 -2.205811 -29.084473 -3648.843822 6030.415955 1444.126587 -0.370483 0.2771 -17.197266
2434.277906 3725.639191 1562.453613 2793.119917 5861.441956 1650.296631 2676.656599 6239.969788 842.243652 0.026245 0.010986 0.0 2517.096052 6523.65387 -113.666382 0.051117 0.007935 -0.006104 2525.636702 6601.397705 606.534424 0.037079 -0.002441 -0.008545 -2593.320818 3563.369446 2492.13501 -3162.177019 5682.324219 2557.478027 -4025.189104 5699.079285 2117.307129 0.018616 0.011902 -0.229492 -4574.438066 6509.507446 2280.778809 -0.057678 -0.011292 -0.366211 -3648.800859 6030.429993 1443.911133 0.048828 0.005798 -0.211182
2455.274649 3709.827957 1542.202148 2788.821096 5832.302856 1635.594482 2711.348562 6164.104614 810.321045 8.061218 -74.70459 -24.080811 2487.424307 6333.198242 -151.480713 -56.30249 -189.295044 -29.972534 2482.023001 6489.674988 574.379883 -70.244446 -110.562134 -24.312744 -2555.557261 3572.776451 2432.487793 -3056.383982 5686.201172 2273.378906 -3683.877878 5890.014648 1574.171143 314.680481 192.095947 -535.294189 -4406.947031 6274.197693 1026.994629 140.860291 -234.14917 -1245.942383 -3722.568979 6168.781128 1422.866211 -100.398865 139.511719 -13.203125
2438.94043 3720.528183 1531.092529 2822.955017 5835.892639 1615.950928 2723.68042 6294.87793 856.062012 19.58374 126.476746 52.974854 2429.498749 6384.770813 -97.963867 -50.673676 47.276001 60.750732 2533.839722 6527.325439 599.93042 59.068604 33.353882 32.784424 -2557.164307 3590.07103 2316.719971 -3107.837524 5690.131836 2132.637939 -3811.357422 5966.085815 1537.658691 -120.227661 71.774597 -29.278564 -4545.829468 6395.959167 1041.126709 -131.630554 117.464905 21.365967 -3821.039124 6241.976929 1360.544434 -91.218262 68.899231 -55.087891
2444.853935 3718.781357 1534.189453 2835.56057 5834.164429 1620.881348 2755.01339 6283.217468 852.259521 26.054382 -11.999207 -7.628174 2483.108635 6390.994873 -107.141724 48.331299 5.885315 -13.00354 2559.493065 6510.450134 591.334229 20.374756 -17.21405 -12.421875 -2557.724037 3591.648026 2320.144043 -3111.729469 5692.583618 2140.551758 -3822.65049 5978.181152 1558.116455 -16.571655 11.756592 16.63208 -4561.040688 6422.522888 1079.27002 -20.489807 26.224976 34.317627 -3820.861549 6253.201904 1364.672852 -5.101013 10.88623 0.302734
2444.877605 3718.776016 1534.180908 2835.599041 5834.159851 1620.869141 2755.106487 6283.261719 852.269287 0.062866 0.041199 0.010986 2483.290081 6391.166077 -107.144165 0.151215 0.168152 -0.001221 2559.554272 6510.413513 591.322021 0.030975 -0.039673 -0.010986 -2557.707539 3591.663322 2320.152588 -3111.712971 5692.602844 2140.568848 -3822.654133 5978.227539 1558.167725 -0.033875 0.043335 0.05249 -4561.052876 6422.614746 1079.373779 -0.042419 0.088806 0.10498 -3820.852985 6253.255005 1364.709473 -0.021667 0.050049 0.037842
2465.225687 3705.754318 1513.917236 2867.744303 5815.820618 1604.669189 2809.614115 6233.994751 818.199463 22.529602 -38.382263 -27.354736 2589.964914 6349.185791 -152.263794 74.696808 -31.095581 -38.404541 2572.659159 6510.301819 572.828369 -18.873138 10.77301 -11.778564 -2521.739645 3608.50235 2295.34668 -3071.963339 5702.989807 2069.981689 -3865.738974 6006.074829 1620.767822 -75.062866 38.731995 69.315186 -4599.772482 6477.191467 1164.038086 -70.697632 65.461426 91.379395 -3873.646994 6234.981689 1405.39917 -84.772034 -7.388611 47.404785
2464.998732 3706.06514 1514.106445 2866.464796 5816.50177 1604.844971 2802.037916 6232.677612 817.728271 -8.5849 -1.589966 -0.476074 2574.875135 6338.979492 -152.098389 -16.09848 -10.479126 0.160522 2559.767866 6503.493958 572.133789 -13.899994 -7.080688 -0.699463 -2521.426439 3609.01001 2295.892334 -3071.506395 5703.731384 2070.72876 -3864.506273 6007.23938 1620.274658 0.223999 0.891724 -0.498047 -4594.635363 6482.48291 1161.402588 4.128418 5.018616 -2.640381 -3872.068834 6235.883789 1404.869385 0.569458 0.629272 -0.534668
2464.000435 3707.462997 1515.935669 2863.140144 5818.883667 1606.975708 2798.977547 6272.251587 840.392456 -5.826416 39.016724 24.022217 2591.199226 6431.602478 -126.774292 13.558044 92.065735 26.682129 2593.00663 6563.370972 601.758423 30.472717 59.319763 30.982666 -2521.728325 3612.497482 2289.046021 -3069.942436 5707.654724 2058.120728 -3857.012749 6011.364441 1597.008667 4.727478 3.56781 -21.907959 -4575.566826 6492.52533 1125.664673 16.30249 9.485168 -34.379883 -3864.070854 6232.120361 1379.358521 5.231934 -4.320679 -24.152832
2468.532562 3707.46521 1513.591919 2870.462646 5819.029541 1603.667603 2790.792236 6282.380676 844.241333 -13.667603 9.189453 7.098389 2576.377106 6441.80603 -121.763916 -20.304413 9.263916 8.259888 2586.560974 6535.518188 593.344116 -11.927948 -28.792419 -5.164795 -2520.685425 3615.289307 2288.164673 -3069.828796 5710.794983 2056.681519 -3858.634033 6014.675598 1598.074341 -7.103577 2.371521 4.315186 -4579.309082 6495.795288 1129.34021 -9.224548 2.330322 6.925049 -3867.2229 6233.630676 1380.112915 -8.634338 0.570679 4.003906
2468.731689 3709.351044 1516.625366 2872.550659 5821.38092 1607.977905 2811.412354 6291.58905 850.629272 21.158142 6.757812 6.89209 2602.288361 6441.068726 -118.539429 26.44928 -3.187866 3.728638 2598.202515 6524.13208 591.959839 12.179565 -13.83667 -0.880127 -2525.123901 3614.892426 2288.340454 -3076.540222 5710.777283 2057.455444 -3862.663879 6013.132324 1592.470093 -3.491821 -3.993835 -5.100098 -4567.939148 6507.649231 1113.534546 11.907959 9.403381 -15.301514 -3869.566345 6233.334961 1375.621948 -1.80542 -2.746277 -3.986816
]