11-08-20_Ishan_4KDepth.snake_below_chair.0000000005 [ 2120.464401 4236.9561 1771.673584 -8185.249277 7064.706451 117.897681 1923.502274 6638.771362 1585.111084 47653.707602 78505.62747 10688.733923 1922.343216 6477.173462 594.708252 81672.894384 48157.129233 -23984.502197 1148.086166 5784.686737 1029.47876 32928.172888 2734.403511 1888.328903 1257.942886 6703.562012 353.21106 81518.451078 60387.937944 -25816.769373 -2697.908707 3919.02626 2534.746094 -28826.549634 56081.636212 -4059.995999 -3755.262375 6068.494873 3037.689209 -96980.166134 93667.625323 129.575532 -4462.125473 6370.422363 2278.317871 -97345.972758 101112.582681 -13667.030947 -4401.423264 6805.377197 3294.316406 -42362.302876 89270.319609 -510.052547 -4362.572556 6436.208191 2102.236328 -85600.48281 64009.070382 -5670.140854
2119.624176 4237.274628 1771.802368 -8321.747499 7134.043382 116.366686 1921.860504 6639.057007 1584.898071 47454.511851 78528.404343 10668.707629 1920.403748 6477.392273 594.481812 81356.559506 48165.830219 -24008.363143 1145.946655 5784.984741 1029.092407 32733.463304 2737.839827 1875.522131 1255.290375 6702.790222 353.937378 81024.428777 60307.120755 -25788.469593 -2698.719788 3918.979568 2533.839722 -28919.800202 56026.909334 -4096.515458 -3756.728821 6068.309021 3036.290894 -97142.897243 93625.877062 126.152418 -4463.357849 6369.811707 2276.497192 -97458.020809 101038.185493 -13713.882389 -4404.647827 6805.748291 3292.221069 -42519.810373 89288.228725 -521.262379 -4363.431702 6435.411377 2100.045776 -85667.543274 63945.443397 -5707.816511
2119.624176 4237.274628 1771.802368 -8321.747499 7134.043382 116.366686 1921.860504 6639.057007 1584.898071 47454.511851 78528.404343 10668.707629 1920.403748 6477.392273 594.481812 81356.559506 48165.830219 -24008.363143 1145.946655 5784.984741 1029.092407 32733.463304 2737.839827 1875.522131 1255.290375 6702.790222 353.937378 81024.428777 60307.120755 -25788.469593 -2698.719788 3918.979568 2533.839722 -28919.800202 56026.909334 -4096.515458 -3756.728821 6068.309021 3036.290894 -97142.897243 93625.877062 126.152418 -4463.357849 6369.811707 2276.497192 -97458.020809 101038.185493 -13713.882389 -4404.647827 6805.748291 3292.221069 -42519.810373 89288.228725 -521.262379 -4363.431702 6435.411377 2100.045776 -85667.543274 63945.443397 -5707.816511
2110.693054 4240.4245 1778.944702 -10143.277673 8287.880467 182.825514 1905.747833 6642.624207 1592.096558 45329.478932 79016.581162 10787.066905 1899.058228 6481.126709 601.248779 77651.578935 48482.300122 -23897.125231 1122.768707 5791.123657 1037.628784 30516.338905 2855.193714 1958.837624 1228.397217 6680.839233 374.445801 75808.900625 58330.458626 -24970.165905 -2710.586243 3916.404724 2525.747681 -30516.935825 55194.117438 -4539.853548 -3779.159851 6062.601013 3024.194946 -99853.316699 92848.454863 92.491911 -4487.712097 6360.026855 2263.943481 -99867.719231 100048.995676 -14122.582874 -4454.456787 6809.717712 3275.316772 -45080.362436 89573.224992 -634.035585 -4383.434448 6426.076355 2084.277954 -87404.070024 63304.30164 -6039.219496
2110.648155 4240.619659 1779.620361 -10198.307842 8331.433886 205.380234 1905.909996 6642.932739 1593.282471 45319.106726 79047.250193 10847.043515 1898.256798 6481.331482 602.436523 77481.647891 48492.871111 -23828.506333 1122.152672 5792.062683 1040.369873 30439.361851 2871.494779 2021.835961 1227.475243 6679.947815 376.552734 75595.882949 58243.570709 -24860.729155 -2711.079445 3916.389084 2525.280762 -30608.430201 55163.019181 -4555.976072 -3780.184517 6062.440186 3023.492432 -100000.0 92815.500288 91.224206 -4488.86097 6359.623718 2263.227539 -100000.0 100000.0 -14139.326465 -4456.865425 6810.101624 3274.320068 -45215.623302 89594.58372 -639.421702 -4384.339485 6425.936584 2083.648682 -87498.755219 63289.335379 -6049.341545
2110.648155 4240.619659 1779.620361 -10198.307842 8331.433886 205.380234 1905.909996 6642.932739 1593.282471 45319.106726 79047.250193 10847.043515 1898.256798 6481.331482 602.436523 77481.647891 48492.871111 -23828.506333 1122.152672 5792.062683 1040.369873 30439.361851 2871.494779 2021.835961 1227.475243 6679.947815 376.552734 75595.882949 58243.570709 -24860.729155 -2711.079445 3916.389084 2525.280762 -30608.430201 55163.019181 -4555.976072 -3780.184517 6062.440186 3023.492432 -100000.0 92815.500288 91.224206 -4488.86097 6359.623718 2263.227539 -100000.0 100000.0 -14139.326465 -4456.865425 6810.101624 3274.320068 -45215.623302 89594.58372 -639.421702 -4384.339485 6425.936584 2083.648682 -87498.755219 63289.335379 -6049.341545
2110.648155 4240.619659 1779.620361 -10198.307842 8331.433886 205.380234 1905.909996 6642.932739 1593.282471 45319.106726 79047.250193 10847.043515 1898.256798 6481.331482 602.436523 77481.647891 48492.871111 -23828.506333 1122.152672 5792.062683 1040.369873 30439.361851 2871.494779 2021.835961 1227.475243 6679.947815 376.552734 75595.882949 58243.570709 -24860.729155 -2711.079445 3916.389084 2525.280762 -30608.430201 55163.019181 -4555.976072 -3780.184517 6062.440186 3023.492432 -100000.0 92815.500288 91.224206 -4488.86097 6359.623718 2263.227539 -100000.0 100000.0 -14139.326465 -4456.865425 6810.101624 3274.320068 -45215.623302 89594.58372 -639.421702 -4384.339485 6425.936584 2083.648682 -87498.755219 63289.335379 -6049.341545
2110.648155 4240.619659 1779.620361 -10198.307842 8331.433886 205.380234 1905.909996 6642.932739 1593.282471 45319.106726 79047.250193 10847.043515 1898.256798 6481.331482 602.436523 77481.647891 48492.871111 -23828.506333 1122.152672 5792.062683 1040.369873 30439.361851 2871.494779 2021.835961 1227.475243 6679.947815 376.552734 75595.882949 58243.570709 -24860.729155 -2711.079445 3916.389084 2525.280762 -30608.430201 55163.019181 -4555.976072 -3780.184517 6062.440186 3023.492432 -100000.0 92815.500288 91.224206 -4488.86097 6359.623718 2263.227539 -100000.0 100000.0 -14139.326465 -4456.865425 6810.101624 3274.320068 -45215.623302 89594.58372 -639.421702 -4384.339485 6425.936584 2083.648682 -87498.755219 63289.335379 -6049.341545
2110.648155 4240.619659 1779.620361 -10198.307842 8331.433886 205.380234 1905.909996 6642.932739 1593.282471 45319.106726 79047.250193 10847.043515 1898.256798 6481.331482 602.436523 77481.647891 48492.871111 -23828.506333 1122.152672 5792.062683 1040.369873 30439.361851 2871.494779 2021.835961 1227.475243 6679.947815 376.552734 75595.882949 58243.570709 -24860.729155 -2711.079445 3916.389084 2525.280762 -30608.430201 55163.019181 -4555.976072 -3780.184517 6062.440186 3023.492432 -100000.0 92815.500288 91.224206 -4488.86097 6359.623718 2263.227539 -100000.0 100000.0 -14139.326465 -4456.865425 6810.101624 3274.320068 -45215.623302 89594.58372 -639.421702 -4384.339485 6425.936584 2083.648682 -87498.755219 63289.335379 -6049.341545
2106.479225 4243.014908 1785.596924 -10797.622369 8994.775251 346.692682 1900.816689 6646.026306 1601.911621 44828.968696 79374.716604 11164.913182 1888.913765 6484.204407 610.903931 76141.973461 48678.012573 -23479.324448 1113.430367 5798.161011 1055.631104 29758.250401 2976.254624 2330.917824 1216.857948 6671.145325 391.519165 73861.441771 57401.338889 -24213.232011 -2721.963463 3913.159943 2517.054443 -31838.000051 53857.079333 -4936.428235 -3802.08889 6055.259094 3011.31958 -102421.465481 91731.280772 66.682071 -4508.094749 6343.584595 2244.822998 -101731.990916 98302.32009 -14635.414684 -4502.415428 6804.565735 3251.949463 -47512.562585 89170.461836 -781.670184 -4398.653221 6404.462585 2057.043457 -88593.38764 61760.815022 -6531.406553
2033.31501 4248.712769 1961.789551 -32392.651424 36371.683287 23458.761557 2015.450325 6645.430908 2082.056885 58508.04193 84986.831118 42621.787 1687.761269 6441.000977 1163.641357 46222.254897 48620.23628 -3874.194835 1370.25425 6565.271301 98.883057 55639.208128 38923.751282 -45527.165901 1224.958839 6616.928711 836.560669 73794.027723 56360.425851 -8634.928425 -2724.267387 3806.278381 2450.57373 -33210.772741 34257.732131 -10798.962678 -3767.071342 5970.021973 2820.091553 -99347.612231 85891.961211 -256.878304 -4748.413811 6050.333557 2394.256592 -126893.557192 74482.713653 -12612.6668 -5375.451469 6620.377808 3093.92334 -104710.755225 79661.870741 -2681.34557 -4127.661247 6027.005615 1709.051514 -68222.90028 40862.333392 -15351.25579
2007.527313 4235.122375 1966.611328 -43524.628401 33095.936736 23742.162463 2047.036285 6621.589355 2133.370361 62224.725968 83000.115574 47461.124586 1686.388245 6465.636292 1221.047363 45434.376889 51418.519058 -2739.528789 1365.480499 6625.04364 165.540771 54473.989134 43867.638849 -38925.516085 1236.179504 6600.348206 922.422485 74924.432837 55707.352604 -6323.52661 -2585.983276 3816.993446 2372.871094 -18268.80681 39840.074148 -15691.048741 -3677.055206 5948.698425 2741.433105 -89812.228659 84266.8021 -571.958922 -4429.550629 5775.884705 2001.282959 -95605.582052 52875.237187 -23063.191957 -5512.818146 5684.221649 2137.546387 -116037.384873 30677.017356 -24203.755646 -4153.660431 5791.914673 1521.781006 -70486.776925 29195.689869 -20731.245269
2002.691803 4241.756592 1920.881348 -57934.675391 32352.014494 21200.235206 2101.831512 6619.491882 2140.897217 65848.895779 81690.662397 52429.308 1765.500641 6401.714172 1233.162842 51780.177715 45585.455339 -1843.625565 1346.841888 6596.591492 220.014648 48881.241183 41240.659834 -30071.572591 1193.885193 6463.249512 987.729492 62469.628631 43710.536419 -3906.956214 -2442.902679 3784.661522 2205.827637 -9041.766482 29040.128822 -25222.353173 -3772.620392 5782.984009 2515.579834 -104008.572698 62770.163889 -1745.621536 -4143.374786 5372.187653 1601.700439 -73314.759439 26671.520754 -35283.545434 -4716.538849 5353.225098 669.556885 -61892.74444 18502.040382 -96134.975361 -3974.739838 5748.61908 1111.240234 -59906.28636 26834.356058 -33501.100018
1990.844955 4252.718887 1972.338257 -65851.101273 36545.156199 26224.2132 2147.092361 6635.580139 2232.228394 71813.079274 83140.395775 58529.185629 1775.430832 6535.07019 1312.276001 52402.915947 56268.596872 -1241.992738 1414.696121 6626.080322 256.849365 56202.004724 42992.285969 -30143.51511 1292.769394 6625.500488 1050.582886 78919.4637 56785.0227 -3407.707173 -2410.679398 3776.828079 2771.460571 -7320.505784 25870.040976 -438.550178 -3711.018295 5667.117615 3579.494019 -97486.000783 49625.023405 3148.20196 -4077.155075 5276.00708 2648.912964 -68451.592684 21573.615414 -7611.361523 -4684.90715 4938.018036 1796.647339 -60329.269315 7646.21045 -36986.268537 -4698.440475 6593.508911 3649.700317 -119697.456107 78427.72532 6319.332586
1965.69025 4247.197647 1967.824707 -80019.636094 31257.943168 27059.663035 2179.471989 6609.36615 2272.384033 76350.723979 79421.610189 64124.228438 1771.949253 6473.801575 1377.294922 51539.540769 50875.618761 -481.255074 1380.598087 6628.552856 345.784302 51799.381356 43048.664103 -22222.49691 1238.613834 6493.381958 1181.235352 68645.720483 45531.335899 -1287.245631 -2250.227566 3760.446739 2722.269287 -898.628071 21799.447739 -1026.759862 -3554.720821 5601.672211 3601.004639 -80817.82028 43003.707323 3457.152779 -3869.600277 5174.840851 2672.919922 -53359.748025 16956.540011 -7087.216616 -4494.670162 4759.414825 1875.534668 -49814.017863 4437.125053 -33514.987195 -4624.854183 5788.666992 4036.901855 -113014.615858 28355.037287 14602.870768
1990.606823 4247.537689 1966.809082 -75214.023447 29669.765765 30119.70885 2157.186565 6619.176331 2239.406738 70510.221855 80370.354139 61188.520579 1750.265331 6488.548584 1342.5 46727.98976 51892.485205 -717.450603 1413.330669 6652.526855 292.483521 53801.554472 44624.540606 -25769.897854 1241.556225 6495.635376 1150.090332 66458.491759 45501.636621 -1564.988969 -2208.763294 3736.040878 2762.181396 -435.37603 16363.548404 -374.682139 -3317.154408 5696.795197 3656.35376 -59451.885709 52247.856895 4212.528152 -3485.374012 4980.033264 2880.263672 -30902.138134 9650.55083 -3926.452284 -4095.156116 4465.876694 2128.803711 -31399.731871 1049.459582 -23951.519264 -3753.046131 4841.007385 3224.990234 -47218.08535 1356.403654 1333.772877
1934.598446 4246.575775 1977.064819 -110065.712339 37026.568828 34531.189847 2258.156338 6587.098999 2350.339966 85612.725873 77615.77435 75162.76837 1794.631405 6450.255127 1482.753296 51712.485431 49625.189681 -0.541681 1418.947353 6805.476685 495.526733 53790.030713 57680.766193 -11744.157006 1256.605587 6594.817505 1286.44104 68060.683016 54683.286821 -295.928048 -1935.101719 3717.216492 2733.661499 5438.012978 14953.783099 -716.708788 -3292.154484 5362.835083 3881.792603 -57749.595287 23889.790309 7468.25846 -3394.044132 4347.397461 3562.520142 -26557.833255 -5.940517 28.438161 -4033.332767 4397.662048 2674.437866 -29062.429788 665.493856 -9174.149698 -3082.765751 4212.100983 3476.522827 -15629.975621 -2371.779349 3961.320184
1944.967232 4229.797134 2021.269531 -100150.053728 25641.0866 47844.042477 2172.619972 6580.747681 2321.009521 72909.00086 76861.683034 69237.696807 1754.727516 6529.830933 1426.66626 47332.805497 56451.3222 -201.147129 1453.937263 6794.130859 392.251587 58757.261814 56769.705103 -19345.665702 1243.449593 6601.904907 1246.439209 66839.079042 55349.888811 -698.988745 -1860.061302 3603.750916 3045.06958 10480.473101 1590.92976 2527.076067 -2860.527 5282.065582 4457.653809 -25765.488456 18542.754119 19539.77501 -2780.032768 4238.979416 4653.216553 -4912.28995 -396.423987 12629.398605 -2686.362114 3946.027908 3607.219238 -70.018406 -692.626407 10.597943 -1918.27877 4238.809814 3850.734863 1407.221892 -2018.512876 10100.930187
1964.155731 4228.666382 1987.383423 -96282.562301 23119.630206 42137.910161 2202.833862 6579.130859 2287.848511 75641.427838 76273.844089 67891.358737 1782.394104 6577.062988 1392.93396 49262.349123 60414.630302 -264.580601 1463.755035 6800.195618 353.831177 58417.781059 57033.423934 -20498.951288 1340.194397 6740.517883 1159.486694 82017.300571 67874.766467 -1368.708797 -1719.373932 3511.895485 3375.325317 21789.331627 -857.244851 20273.871441 -2572.142181 5025.087738 5048.488159 -12150.700143 5865.771094 39317.847075 -2252.574921 4029.998169 4845.797729 49.524095 -2941.458827 17905.745999 -1875.967102 3329.890709 4099.199829 7607.793096 -9572.546139 3464.112403 -1547.823181 4093.143539 4980.941772 7605.091515 -4290.227405 49067.203018
1988.138981 4205.382156 1987.294922 -99356.785373 14000.524798 53776.398639 2286.267796 6540.336609 2349.669189 84343.42202 72141.696193 78920.781188 1838.470402 6570.727844 1468.619385 52784.158955 60414.158314 3.89166 1511.052189 6819.289551 438.023071 60664.157822 59194.415165 -13399.7463 1405.996494 6799.462891 1246.07666 89089.554465 74354.98216 -365.12786 -1298.311749 3269.450235 3858.464355 81768.938693 -40632.030868 75322.890582 -1891.94128 4175.270386 6013.416748 71.349118 -13637.63379 85545.405857 -1674.017544 3369.865952 6674.700928 7977.390467 -25643.754023 101315.40413 -1139.578838 2586.418991 6136.149902 29565.464771 -33489.866201 79205.942689 -925.158825 3174.306993 5630.249023 28765.40995 -36798.589222 85290.809261
2002.394924 4201.614685 2000.325928 -93724.487625 11811.73058 62536.877124 2329.454708 6525.241089 2410.059814 90842.709419 70125.853485 87653.612064 1851.032162 6606.750488 1548.383789 53862.911005 63635.003205 296.129869 1528.472652 6902.29187 528.513794 62295.678459 66431.082695 -8450.156905 1425.249996 6865.358582 1355.976562 92022.117053 81081.958241 -0.520182 -1158.396931 3101.900806 4109.609375 111393.135436 -105380.506968 116037.356568 -1647.178135 3688.103752 6397.86377 2729.59988 -52308.343393 108487.623563 -1088.256397 2810.981674 6626.12793 31109.397372 -62919.883606 98403.956067 -560.838108 1857.30072 6672.695312 57957.85503 -71483.018919 115378.186074 -614.610386 2758.503647 5972.254639 44984.611923 -62272.159484 107711.389674
2015.870934 4198.519669 2003.570557 -91287.432863 11945.817689 59695.79634 2354.057426 6517.517395 2432.786865 93503.503442 69592.362269 89755.117723 1862.486534 6607.449036 1579.161377 54170.796657 64018.658397 458.636309 1524.611168 6905.570068 564.776001 60645.995018 67039.780161 -7173.364419 1435.394554 6870.877075 1396.075439 92216.643847 82030.81413 20.431329 -1081.982155 2975.133286 4266.219482 127804.211772 -171928.630118 143960.905492 -1519.342995 3350.477333 6609.039307 5458.102776 -93226.566939 121622.557108 -956.975594 2489.570541 6886.30249 37895.819505 -91414.567521 114792.856306 -473.29668 1511.694336 6897.816162 62566.802909 -94186.479357 131861.180006 -473.489418 2397.660675 6213.778076 53091.884776 -89418.127335 124395.653795
2027.400208 4200.168991 1992.249146 -88940.305911 11383.481484 60384.798636 2379.48288 6515.939026 2428.339233 96672.962176 69034.265226 90924.496611 1883.908844 6622.364502 1578.877563 56094.245791 65143.383433 560.960947 1552.05719 6931.575623 565.762329 63200.171441 69160.454684 -6598.425902 1471.988831 6912.778625 1394.384155 98190.793004 86236.738127 39.595297 -997.697296 2952.10537 4303.567505 147969.189453 -188013.249626 154010.17068 -1358.924255 3267.006874 6668.291626 10360.964267 -105718.561094 126443.706852 -720.345573 2430.278625 6831.115112 52447.667379 -97613.465087 111929.393251 -284.949846 1436.554413 6715.426636 73886.843807 -99806.030089 118864.877024 -466.452103 2246.801834 6373.233032 53072.939728 -102607.111177 137455.571022
2034.349461 4200.022049 1997.615356 -86458.2898 9655.971358 65676.851141 2394.88245 6512.926941 2446.287231 98973.69168 68165.044944 94079.239291 1892.812443 6617.634888 1600.037231 56986.293283 64312.856862 799.169913 1550.540714 6928.745422 590.559692 62692.082409 68520.23862 -5469.107562 1464.124241 6896.149292 1429.945679 96063.158639 83985.94968 161.276586 -967.380123 2869.357319 4390.053101 155635.450446 -246980.486025 173015.952767 -1308.265209 3041.57937 6773.26355 12227.449396 -142703.031442 133912.311591 -640.927601 2213.731384 6840.453491 57861.061988 -121222.256418 112790.247381 -131.96775 1270.457916 6634.414673 84017.005566 -112615.811777 113162.456607 -240.828965 2313.856201 6034.158325 68311.030786 -97098.607294 112578.790031
2037.181568 4198.600006 2006.062622 -84144.224362 9184.067452 68328.096115 2403.875904 6509.167175 2464.860229 100843.644303 67731.423617 96231.109705 1900.808735 6617.546387 1619.373169 58300.770599 64323.312989 966.826722 1557.868061 6933.977661 611.469727 63814.827728 69022.538348 -4849.997207 1467.857685 6893.583069 1454.404907 97123.055735 83730.782793 257.026687 -966.376858 2800.256996 4453.475952 156311.210352 -299480.906654 186139.238482 -1313.237591 2866.185684 6841.746216 12084.626533 -174660.086987 138443.387438 -689.684467 2003.788757 6898.4198 54500.160111 -146033.68162 116423.136254 -158.118477 1053.177948 6823.356323 82308.039167 -130077.328555 127000.028992 -413.875408 1897.999268 6349.939575 56421.846678 -136272.551668 135604.495429
2024.785366 4192.35321 2034.252319 -84169.218369 8364.770729 89045.237916 2404.982967 6496.850891 2509.234009 103286.112284 66729.60135 103469.693573 1916.646023 6612.781677 1656.431274 62325.291671 64256.036233 1485.871621 1608.828487 6952.37915 645.037842 72238.180246 71117.846073 -3627.215096 1470.957241 6881.103821 1502.201538 100335.526306 82824.762682 593.945682 -1028.699741 2843.692436 4392.703247 142670.422153 -262758.314123 173372.536638 -1415.588779 2928.233585 6773.621216 8746.265167 -162224.607289 133866.80983 -869.268513 2013.750305 6794.866333 43431.767258 -144304.501726 109693.166543 -545.70013 991.65863 6590.171509 58533.083057 -134910.834596 109896.065799 -698.301296 1858.252716 6159.191284 39901.72193 -139945.829123 121485.139904
1930.010376 4214.236145 2035.946655 -101011.262559 14859.179517 83406.009265 2289.120941 6538.012695 2417.800903 94215.49041 70969.072314 88350.82265 1803.334961 6656.490784 1564.51355 55515.504383 67786.722604 386.864767 1526.035919 6930.093079 525.32959 69823.876153 68429.23131 -8738.353432 1370.031128 6894.874268 1426.754761 92954.375293 83596.9378 108.229926 -1445.895691 3193.776329 3874.974976 64199.820849 -68614.34487 77630.813068 -2345.984802 3482.023087 6094.442749 -4127.553264 -76908.795453 90095.677403 -1992.984161 2487.726212 6238.421021 2482.576092 -92517.466608 75501.834457 -1699.527893 1438.149414 6285.83313 12428.989714 -100158.842716 88538.780449 -1612.074432 2332.383194 5648.731079 6708.421755 -95706.513044 86395.083809
1872.159996 4236.043015 2053.139038 -116874.367142 29350.899724 93051.275601 2273.750877 6547.803345 2479.650269 97145.393141 72574.936525 96924.524469 1755.725365 6638.319092 1640.739136 53403.312077 66336.07555 1100.391729 1452.687035 6933.886414 613.498535 64364.456497 69060.708952 -5145.335482 1327.622185 6858.635864 1483.311157 90874.580566 80060.565329 364.888885 -1590.982094 3130.409932 3908.165894 45566.318943 -93615.280992 82017.775576 -2647.681618 3183.711645 6079.0802 -12861.417877 -119035.820793 89021.280219 -2484.135323 2131.958008 6019.308472 -358.869787 -130538.736754 63806.052483 -2537.277412 1100.652161 5664.025269 223.537449 -126109.822425 52891.434162 -1718.37986 2252.461395 5602.507935 5125.604107 -102405.636242 83356.438913
1838.790512 4238.126602 2066.533813 -122692.238271 35330.782406 101645.072114 2289.992294 6537.18689 2518.327026 104465.79131 72030.431189 102552.026134 1763.221054 6627.332764 1684.224243 57767.862668 65888.454171 1674.244337 1414.929886 6901.655579 664.836426 62639.973213 66677.234991 -3480.89634 1320.692368 6845.649414 1542.385864 94382.71322 79355.82868 811.88987 -1779.654617 3183.813871 3787.301636 24162.230203 -68860.1398 64704.311593 -3093.953629 3261.44577 5813.386841 -36226.080094 -106116.224549 74449.883959 -3050.111465 2196.003952 5788.746948 -10014.741044 -122436.817194 52647.740619 -3580.971451 1389.299774 5277.565308 -11487.508608 -103070.356388 35354.316434 -3069.779739 2044.23912 5727.014771 -12695.064505 -121080.200819 90963.890059
1846.945496 4236.621704 2066.514893 -119808.055335 35805.878459 103741.439007 2305.431519 6533.275146 2521.003418 106630.675432 71808.158786 103397.705634 1788.115234 6615.377808 1680.383301 60766.320846 64959.058842 1658.248026 1456.838837 6903.747864 659.415283 67614.265567 67062.963016 -3561.212088 1332.735748 6814.01001 1542.416992 96084.567533 76291.383941 838.393362 -1724.93042 3258.298473 3720.039062 30086.434693 -42642.254552 56422.136793 -3006.318054 3447.50639 5759.312744 -30635.701964 -79868.696392 71804.130185 -2966.808472 2382.632217 5801.507568 -7770.695991 -101974.057857 53360.982143 -3557.393188 1573.937531 5364.820557 -10982.89953 -89680.641172 39108.313669 -2876.590424 2147.191391 5240.612793 -7458.487369 -111166.781587 62917.573233
1887.896118 4252.041702 2135.777588 -99816.753772 46346.458825 129428.145329 2301.476746 6548.865967 2630.858154 104324.566065 73479.399082 114944.871031 1822.258453 6603.025513 1765.731201 64490.98036 63582.185559 2461.959943 1522.625732 6907.045898 739.522095 75424.295106 67152.19308 -2372.952672 1354.620972 6838.625488 1600.458984 98840.884913 78601.630257 1045.603767 -1808.239746 3388.020992 3579.915771 19887.314498 -12890.0299 36548.129416 -2866.77597 4276.64093 5561.433105 -22845.573267 -8660.983117 60280.394727 -2628.487244 3257.522135 5766.242676 -1501.915988 -31682.93228 50068.08055 -2442.593842 2207.12677 6002.084961 769.76084 -51339.505632 68951.368202 -1969.424591 3144.153731 5381.391602 1475.654234 -38304.811269 68479.356792
1903.092918 4241.205902 2128.657227 -90556.07335 47077.627403 113785.339478 2297.7174 6541.60675 2617.10083 103803.34923 74041.217022 110792.642931 1821.475029 6588.109741 1750.426025 64510.471389 63281.111792 1987.185423 1512.681694 6887.217407 726.061401 74164.119588 66410.255474 -3048.444087 1331.787224 6792.386169 1600.863037 94333.207242 75035.738774 927.78927 -1562.395973 3515.336075 3465.898438 52052.252422 -146.507819 25060.868016 -2403.018074 4603.808289 5450.742188 -4412.986585 -236.62449 54677.232683 -1994.93763 3650.455246 5697.397461 3167.575062 -12646.72745 46534.102603 -1570.247765 2725.464325 5301.916504 17522.534653 -27339.9225 34460.846226 -1293.389931 3670.846672 5120.566406 17532.698272 -14684.973612 54317.148784
1914.19014 4223.757019 2151.015015 -75542.610727 37406.381535 113063.901327 2175.80452 6549.866333 2591.139526 85469.269661 75814.291294 103027.364464 1761.048203 6584.584351 1694.151001 58240.73833 63474.652402 889.131408 1492.017136 6854.039307 651.898193 73640.15449 63928.165444 -6436.078964 1290.331039 6767.901001 1498.311157 89405.615164 73122.017003 96.995537 -1390.506744 3563.259201 3374.041138 86909.542635 726.515848 16446.732273 -1842.557755 5009.353333 5250.722046 1507.715404 6220.874616 45170.717905 -1175.415802 4304.217758 5688.118286 32966.236343 -31.981123 45145.629737 -477.427378 3483.776627 5859.271851 70400.162586 -5943.144159 59222.341511 -615.629234 4254.972458 5123.954468 52379.399793 -1563.260221 53348.959418
1938.938713 4230.193863 2114.736938 -64370.035256 25753.588012 81785.624587 2088.216209 6576.564636 2470.08728 71227.343047 76292.277142 84256.000416 1746.901054 6578.361511 1543.773804 55988.346456 60779.777607 0.573391 1523.699608 6823.104248 486.679688 77799.517058 59211.041034 -15436.010156 1278.881798 6747.726746 1302.620239 86751.912613 68840.341423 -539.642175 -1442.425117 3596.997948 3254.077759 76034.932598 1210.899893 9080.484541 -1731.013985 5370.1474 4857.423706 3456.198897 24434.045989 30424.234865 -916.229019 4737.037964 5112.623901 48435.383186 3687.931502 23873.468374 -250.518436 4256.801834 5828.052368 85421.65095 91.410361 57268.800143 -443.530645 4809.974518 4668.401489 63743.903144 1163.842888 33305.288328
1952.453728 4245.014496 2066.665649 -56884.863038 19777.432971 60126.13646 1984.154625 6606.627197 2330.418091 56701.719103 76973.373134 67521.669126 1701.890984 6564.682617 1385.933228 50332.321557 57319.458839 -676.561641 1499.343071 6778.004761 318.562012 74761.95948 53365.696217 -26867.819723 1233.31356 6724.890747 1103.230591 78616.926616 64265.189687 -2880.250289 -1403.677101 3759.015503 2799.622192 84341.713502 18205.730682 -393.294833 -1527.257271 5903.763123 3884.27063 9302.418453 74507.167088 6872.209391 -878.08197 5196.826324 4339.679565 51173.091314 17210.089022 6216.754407 -347.853502 5001.03653 5269.655151 78929.531121 8589.29272 32555.263313 -303.865461 5154.720764 3889.47937 74124.503489 6148.078987 10435.706158
1996.819801 4182.434769 2031.265259 -26266.494612 7844.126573 43169.384276 1755.013466 6533.341675 2067.894897 33756.895754 72266.540683 38972.045846 1616.729317 6392.860718 1106.607056 44327.608793 45947.614353 -5951.989781 1372.607307 6634.513855 60.405273 62849.55519 44999.57545 -52546.256126 1067.643776 6396.697693 784.783936 56659.587817 39672.517911 -11071.746214 -1579.536018 3701.450615 2559.671021 58381.919169 14277.83229 -6644.257812 -1519.422417 6040.703735 3062.850952 10971.537683 97781.212848 24.068459 -1161.452522 5406.860199 3828.652954 35876.660304 29277.009007 800.862807 -544.484768 5503.551331 4712.676392 68590.688383 24006.667183 14554.461243 -389.508442 5401.981659 3310.634155 70541.661356 13848.926964 1745.830722
2078.091393 4165.956116 2019.780273 -4518.416734 4773.779506 38119.261301 1700.846825 6483.6203 1882.749023 30336.749142 66961.956652 23395.943934 1530.780602 6371.209412 927.720337 36680.364245 44768.182404 -12139.501656 1262.881889 6510.742188 -125.649414 51954.919654 36668.050142 -76600.358393 939.144096 5919.010925 1177.166748 40927.456647 12429.302072 -1664.394031 -1875.874519 3696.170654 2419.545898 20804.637109 14524.63133 -13893.620116 -1678.420296 6063.833008 2589.262695 6320.188322 102103.07526 -1614.582415 -1558.71357 5600.134888 3525.335693 17683.873261 41410.198946 -3.368172 -1418.971672 6236.579285 4383.006592 25466.611505 57792.814015 7243.703454 -738.506508 5362.196655 1917.13623 48394.45349 12791.516965 -10901.086894
2146.077995 4154.930573 1936.018066 -118.49306 8424.788759 19348.438579 1663.986473 6454.187622 1709.72168 26103.479726 66118.280634 14391.642351 1534.139061 6317.381897 748.19458 36217.686796 42343.307963 -18703.293901 1328.064842 6411.93573 -327.709351 58878.589431 31692.632635 -101970.025406 853.423576 5990.353699 1051.517334 29395.361705 16627.209661 -3073.232187 -2077.075996 3691.772499 2385.917969 4975.781034 17869.9914 -13730.58444 -1675.271111 6026.351013 2069.0271 6193.938351 99910.270993 -7455.092335 -1935.026131 5622.212677 3008.326416 5698.12654 44396.511418 -2473.65685 -1971.178017 6561.846924 3541.094971 8559.823434 78720.499204 -3.823531 -1033.765564 5528.951721 1335.898438 31664.277193 19402.076231 -26119.612638
2158.380737 4144.665833 1943.538818 -199.934079 5816.868939 31130.621429 1726.63147 6451.394348 1884.141846 30580.939588 66078.720787 28174.228124 1700.382385 6354.048767 914.746704 54778.837817 45376.142928 -10279.886314 1606.45813 6252.672119 -170.15564 95888.83503 22614.145398 -74366.670051 1257.646332 5627.612 1371.694336 89986.790984 3827.664896 0.912698 -2195.274963 3657.292633 2385.081787 539.523293 12169.720543 -12346.342483 -1745.494995 5839.724121 1556.813965 3971.382169 75002.973516 -17663.740359 -2219.487152 5790.859985 2491.790771 930.912928 56844.587209 -9762.960705 -2514.324799 6703.531799 2977.314453 652.839352 88342.967005 -3634.179832 -1413.379974 5712.958069 951.610718 15138.980507 27260.244913 -39772.915938
2172.437553 4148.9505 1930.12085 -171.4187 6732.063833 24847.253869 1815.472221 6471.391296 1948.851318 38587.446373 68334.071902 33439.275057 1752.833672 6492.769775 975.539551 60288.835312 56850.972385 -8203.000002 1789.268303 6322.736511 -105.27832 124615.172702 26402.831823 -65887.297358 714.91642 6011.998291 1898.173828 13482.444217 17736.510758 7533.42984 -2212.912331 3643.381195 2440.435791 154.596073 9832.51997 -9469.075906 -1807.165718 5761.746216 1435.406494 2442.087059 65369.33215 -20944.624168 -2513.298531 6010.807495 2172.086182 -238.270628 74979.75371 -17137.879672 -2962.479591 6695.202332 2870.43457 -881.7115 87677.484497 -5198.941174 -1420.511436 5793.723145 1018.010254 14461.155328 31010.227487 -37141.864146
2219.940491 4148.449783 1935.252075 253.779995 5625.96047 27199.940221 1795.592346 6468.563232 1976.227417 34649.634245 67619.201661 35993.428661 1649.284363 6135.0354 1067.10022 44385.516564 29469.457756 -5385.733761 1471.87912 6183.637695 -16.385498 71740.24294 18887.021787 -54567.7682 831.564484 5803.958435 1247.990112 22290.619394 8813.19337 -382.103341 -2272.229614 3613.001175 2492.940063 -204.053789 5590.933754 -6943.552586 -1855.374603 5622.709503 1270.747681 1417.273338 49775.142728 -25705.519437 -2549.876709 5698.498535 2060.620728 -545.90622 49615.269138 -20139.891221 -2854.136047 6574.842834 2614.109497 -348.64555 79437.947364 -9938.702183 -1528.309326 5860.037842 893.843384 10612.225016 34172.17853 -42291.099537
2402.973709 4157.771301 1925.594482 25464.44348 -418.362161 37142.025919 1620.186081 6414.987488 2016.827393 16414.066724 54816.624688 43063.265686 1646.531448 5992.663269 1118.936768 40596.724711 18147.416786 -3319.385253 1194.591599 6064.90509 103.469238 35993.309355 11319.602434 -37757.279229 953.554001 5788.878784 814.030762 32441.156359 6464.343623 -7259.924142 -2261.558456 3715.999146 2522.91626 -428.862389 11688.433521 -4467.54931 -1735.793533 4983.308411 528.114624 2936.069924 4017.488997 -51984.41687 -2321.775894 5266.122894 1375.981445 41.971652 20571.308037 -42778.429832 -2560.981674 6106.074219 2036.221924 168.822784 48871.536232 -25141.878442 -1583.539429 5654.1008 1194.882812 8342.750258 22026.389009 -29092.170222
2463.534164 4140.319672 1893.050537 54867.435512 -8861.3689 22874.353977 1644.318619 6379.822388 1838.968506 19749.247971 48990.087883 26893.800663 1408.478317 5968.509521 969.56665 19035.012582 16031.973577 -7362.014287 1365.201797 6018.725586 -139.691772 56762.920638 8986.827381 -66249.546745 608.81485 5812.099304 1266.502686 5258.988032 6573.600812 -132.173616 -2348.69545 3801.202431 2541.734619 -1986.100441 24334.171704 -3917.189037 -1659.742355 4951.720428 532.750854 5129.265381 2667.926175 -51893.028207 -2292.39006 5218.820343 1348.421631 190.763216 17580.763987 -44027.835267 -2328.439865 5934.60144 2172.689209 1866.202533 39599.305477 -20761.225225 -1616.233521 5574.065247 735.345459 8013.192771 18122.805384 -47992.083585
2450.831947 4200.113144 1924.47998 45632.037226 -924.940479 31712.472279 1310.708961 6285.803223 1724.25415 1856.420012 37204.060545 18011.990884 1353.468971 5848.924255 836.514282 14216.558577 9870.074776 -12569.268668 1443.064766 6073.553162 -248.154907 65388.933541 9914.324836 -82643.619665 555.508385 5410.090027 1254.719238 2679.098866 1.125166 -220.755851 -2398.846245 3845.514832 2503.018799 -4303.720222 28248.006661 -5621.704454 -1468.434563 4848.775177 512.327881 10978.450592 470.351022 -53167.838092 -2030.512199 5164.130859 1361.829834 2665.204091 14217.518973 -43832.60322 -1782.780266 5948.452759 643.035278 11544.839801 38962.289525 -96313.029397 -1536.624718 5371.129456 236.166992 9852.754686 10543.724321 -74196.24614
2645.523872 4099.184418 2053.447266 122878.455467 -48983.321416 91342.804059 1146.183205 5953.04657 2114.395752 -296.213739 13524.725873 49529.989241 952.894478 5118.565979 1617.614746 -123.293393 -1217.965965 805.560635 1202.245216 5895.39978 863.284302 33152.365264 4766.048015 -68.777173 270.29274 5040.905609 1392.080078 -3411.919048 -4455.841745 13.811659 -2266.79821 3858.860703 2406.844482 -1284.09128 32917.186896 -11311.044586 -1198.217812 4727.696533 422.724609 21123.531146 -24.324674 -58281.363349 -1556.763496 5305.036163 1244.21875 13325.7439 20410.273811 -49939.144459 -1266.897011 6039.898071 490.009766 26744.278693 43483.409959 -108552.10392 -923.709221 5320.927277 156.158447 31590.731785 9296.718856 -80262.322745
2573.367653 4081.828156 2007.473145 79918.395964 -96388.952502 72953.57895 685.285759 5498.781128 1790.917969 -21999.483469 14.01838 22214.124941 852.167015 4650.847168 1319.996338 -1646.611009 -16012.415205 -545.502321 914.47506 5753.043976 1289.071045 11767.284576 1528.688386 11203.502053 76.458015 4616.908264 821.124268 -15071.643711 -22742.404504 -7523.306372 -2269.735832 3864.253769 2375.83252 -1376.613717 27334.769923 -11999.372335 -1069.510078 4630.289307 443.133545 28454.75386 -1126.038807 -56489.504617 -1135.19825 5172.804413 1351.04126 31856.834891 13688.730222 -44501.210406 -1042.270775 6021.553345 680.67627 36241.291584 41304.658734 -94147.620842 -663.178482 5219.146729 140.575562 45720.040613 6166.617873 -80070.93169
2458.45438 4121.893082 1910.839233 38230.351088 -78240.649701 32410.319953 372.52985 5074.950409 1306.773071 -53406.863378 -10207.337299 1381.713907 342.407398 4303.229065 696.05835 -33332.206148 -38191.781567 -18316.74508 135.154476 5106.418915 1425.884399 -7215.085635 -6279.266785 21381.656247 -446.315708 4431.169815 1071.060181 -83337.105857 -36088.268467 -1801.168747 -2183.715572 3946.074295 2126.444702 0.656175 42882.654889 -28669.347638 -768.888988 4629.362793 310.136719 51704.70461 -1553.155014 -61707.003701 -66.745358 5406.160126 475.881348 116776.601612 22744.098513 -87685.291076 -801.115551 6076.797485 912.174072 49205.728214 42755.89999 -78178.906434 -16.752033 5427.122345 600.463867 93970.596216 10798.078897 -54075.915199
2548.866253 4127.556686 1918.404541 62194.09317 -103003.883882 31594.33691 351.969891 4727.780914 1217.626953 -60615.212383 -35461.140004 178.821378 475.145168 4100.59967 462.56897 -23549.879009 -56554.026008 -32554.447448 -592.970619 4155.350418 759.959106 -77877.783456 -63287.603249 -738.553198 -426.013918 4304.455643 831.610107 -85704.114172 -47731.076825 -6925.907679 -2140.681782 4003.295898 2063.381348 20.18125 52707.463004 -35444.505484 -547.659836 4714.142303 396.245117 68526.590998 -677.238752 -58129.784805 -315.790975 5256.677856 1283.068848 89722.905069 14963.270039 -46929.818841 -555.154533 6261.862183 932.478027 61200.080072 50673.239125 -77526.976801 74.000149 5532.717896 1107.624512 98985.866162 13197.311586 -32507.711573
2439.29884 4145.4953 1713.536377 31367.782494 -89019.012309 -3628.078788 263.470936 4538.631744 825.19165 -68776.318994 -54776.686695 -6470.346802 258.576412 3889.491615 78.684692 -42898.844094 -77339.240693 -62997.450705 -520.094719 4084.867554 845.403442 -63657.69756 -70308.744854 -18.592185 -400.153751 4087.942352 1004.909668 -74861.801138 -67606.482251 -2941.965803 -2133.486805 4041.172562 1893.317871 335.982341 63712.427059 -53699.491542 -411.645975 4772.919769 369.372559 85501.560335 -197.662564 -59204.384868 -339.057093 5230.899658 1328.327637 90507.907274 13708.18688 -44843.541892 -490.258617 6276.953125 1057.103271 67078.569892 51116.515856 -70001.241396 63.055019 5506.772919 1256.790771 100833.590265 12182.79774 -26981.486168
2297.944355 4206.321259 1663.205566 1852.305926 -46285.619887 -10685.485567 145.177975 4418.732529 649.345093 -87957.44094 -71019.964124 -14285.79877 43.893223 3698.584633 -25.111694 -73047.165932 -100454.192691 -71654.487711 -372.053909 4012.638397 958.310547 -46300.276729 -79096.324589 796.985931 -413.922005 4040.340042 1088.35083 -77843.373775 -74208.035335 -1467.004909 -2040.094738 4104.798203 1805.343018 2541.100833 81214.766391 -63044.85166 -256.281199 4787.373962 320.437622 102572.433422 -228.002458 -60844.072319 -295.874656 5152.171478 1323.363037 94208.167491 10252.234249 -44469.296296 -429.332447 6232.151184 1210.79834 70751.235631 47838.137958 -60747.704609 96.094723 5499.960938 1232.456055 103541.338368 11406.926721 -27344.238171
2267.109852 4229.978638 1588.7854 22.743319 -52220.455846 -27577.743335 72.17783 4297.57637 626.435547 -102541.730359 -91144.731411 -14372.915331 -96.471786 3721.63559 -167.715454 -98631.737214 -101316.032121 -84201.208015 -498.384533 3884.117737 861.711426 -62512.41696 -95639.06595 79.661903 -509.418468 3929.761848 1022.741699 -98590.308458 -89195.521126 -2074.218345 -1857.307415 4180.349731 1593.875732 12395.266768 101087.599681 -90431.995236 -65.465965 4653.073349 25.211792 124744.116842 -2793.441225 -74411.255206 2.827644 5115.756989 989.553223 122599.554941 8178.273065 -58567.18375 -189.774399 6164.243469 1252.253418 86122.623226 42999.744101 -57445.307147 303.477612 5273.197327 1087.971191 121907.552285 5069.916655 -31784.406096
2287.455273 4235.012589 1513.88855 655.402783 -55483.126673 -65972.200732 76.433201 4236.264801 579.484863 -101404.62325 -101269.649564 -17336.397941 -65.820332 3739.526443 -272.651367 -92757.174945 -100220.650823 -96096.973535 -464.24757 3857.498322 765.560303 -57984.731753 -99514.589921 -263.784825 -518.281269 3834.309616 918.078003 -100018.924007 -101138.788583 -3968.620438 -1810.641956 4201.623917 1506.259155 16517.774893 107069.314824 -105033.347092 -145.967226 4573.386459 -225.552979 114840.724991 -5341.473168 -88138.993642 -40.672226 5153.721771 670.81543 118286.350775 9062.166572 -75050.462826 -110.237923 6052.558289 1299.684448 91952.787515 37430.939549 -55109.627244 239.935131 5237.378387 827.858887 116014.45823 4232.581018 -42347.276018
2282.550964 4229.109573 1549.30481 1120.003016 -53392.797139 -45643.830273 80.400467 4231.383514 601.671143 -98296.541667 -100783.429293 -15887.136998 -65.93565 3704.566841 -230.024414 -90428.956715 -103386.135654 -91129.656481 -452.537518 3841.418686 808.851929 -54946.326392 -100398.032118 -23.417354 -516.935291 3804.163322 936.266479 -96967.600165 -103759.828425 -3580.058042 -1849.492645 4193.163681 1544.379272 14284.115693 106923.557396 -98496.338348 -128.88916 4630.802536 -111.491699 118630.906955 -3370.186029 -81736.263177 -128.774605 5221.782227 782.516479 110709.365579 11564.982737 -69017.306388 -295.545868 6133.614197 1370.720825 79881.921456 41525.235708 -51509.096434 163.852043 5274.191284 1007.831421 110156.084877 5081.372683 -34884.479527
2267.371292 4199.933777 1634.424438 1182.43781 -56269.895102 -14353.855961 116.335335 4217.054672 605.10437 -89235.049349 -99046.626579 -16029.298919 -35.558414 3692.842331 -220.927734 -82473.684405 -101683.844975 -90756.815265 -444.848204 3803.429794 805.97229 -52129.37394 -101732.141539 -49.823717 -491.769524 3734.71962 887.457886 -88636.89009 -109025.463549 -4729.843741 -1934.103775 4136.583939 1657.393188 9091.542585 92867.161758 -81701.945452 -191.287823 4745.233459 100.546265 112895.773306 -667.686908 -70873.371785 -107.783012 5106.179047 1100.103149 114444.281434 8656.633382 -53657.470673 -154.046803 6157.944336 1390.188599 90916.953601 43933.089061 -50839.118907 163.744392 5294.666901 1144.595337 111641.272534 6041.959608 -29936.645553
2395.728569 4098.076019 1695.532227 23336.667034 -126969.249016 -5426.34276 306.616325 4084.814606 589.014282 -60045.540441 -112765.255363 -18446.405769 191.658745 3701.015549 -306.990356 -49064.309423 -95850.378067 -103251.17257 -473.662233 3641.065102 568.679199 -55698.588106 -115721.608382 -5424.191545 -424.070911 3516.861382 -90.709229 -76039.062685 -131722.407275 -54118.860314 -2040.043221 3960.23819 2319.543457 3304.129813 42722.440789 -14088.701766 -772.277374 4673.636627 418.183594 52825.271994 -1064.655602 -56658.163247 -1244.647331 4907.954712 1334.038086 28160.349425 4587.767599 -44323.570955 -1244.29287 5935.523987 993.31543 29152.756015 35628.753563 -73307.079076 -593.545532 5435.592041 1247.489014 52346.475045 10619.719784 -27073.127825
2602.295742 4048.002777 1768.339233 93663.209157 -195323.234878 775.102544 464.194546 4210.195084 762.804565 -45040.132916 -92944.620368 -8234.263936 754.553585 3596.079788 51.937256 -4911.634433 -107397.96343 -63657.663391 408.159771 3101.457787 -871.497192 -471.465335 -188419.985142 -193636.331416 275.857258 4191.116486 1419.019165 -3371.930679 -55738.716785 283.01172 -1999.51685 3852.576447 2383.035278 3242.242499 17758.911156 -9744.319736 -1111.624317 4462.142181 240.171509 25696.529481 -6320.606812 -64397.272898 -1893.770237 4329.598618 -460.892944 4131.821537 -615.488035 -150609.510066 -2189.454899 5272.151794 -13.303223 2752.039772 12752.676325 -142983.20654 -994.495029 4686.567383 865.53772 27982.723862 0.107863 -41317.497984
2719.386711 4005.293655 1871.154175 212792.428506 -276055.144499 2714.094792 471.529045 4269.173813 1215.204468 -38444.637768 -84629.278032 -2.099673 715.131264 3659.702415 489.733887 -4508.339575 -99730.645886 -34721.662351 -308.163028 3493.226032 128.700562 -36812.641899 -133130.300407 -41774.919481 -203.576841 3849.020958 768.822632 -40127.915622 -89785.697842 -10644.982334 -2137.063484 3671.917267 2645.46814 668.926338 3.947733 -2670.401614 -1465.450096 4540.454178 526.786499 10988.004595 -3766.971288 -54886.228298 -2195.758095 4277.809372 -185.438843 700.34514 -1093.958944 -136041.685974 -2470.566139 4919.195099 -1008.547974 610.759587 5218.28476 -244612.621396 -2234.819221 4999.864655 1367.693481 3.742841 1919.050306 -25342.181366
2676.952934 4038.757858 1898.33313 187075.827104 -234867.462267 4875.447735 421.821709 4308.858261 1269.14978 -42812.139749 -81036.09976 74.40655 674.72065 3766.21151 495.219116 -5705.297584 -89096.102234 -35186.706826 -292.799988 3654.637222 1002.179565 -34224.01285 -114716.921577 279.926753 -287.882752 3848.260689 596.821899 -50351.91561 -91323.746163 -17781.721286 -2218.014565 3652.194748 2537.640991 1.851412 -478.119879 -6891.536224 -1433.208733 4586.766663 486.638794 12725.727397 -2887.014048 -57250.141805 -2281.720009 4347.826309 -90.308228 234.660886 -568.060304 -130013.349583 -2513.425636 5115.680542 -812.435913 439.439423 8731.02962 -225346.056701 -2049.999123 5077.134857 1443.284302 852.753364 2778.285821 -23267.357828
2714.475441 4037.023087 1884.662476 239520.452106 -199803.755782 603.884345 455.86544 4329.811478 1284.639282 -36311.663422 -75595.85154 41.329498 484.866371 3873.170242 420.48645 -15348.352625 -75554.952884 -42441.391028 -1.848946 4184.974518 1353.139038 -10972.051372 -58349.974494 10103.992093 -387.905227 4099.070206 1194.49646 -62351.592742 -63330.550583 -1557.62461 -2306.695061 3643.814392 2389.927368 -468.421728 -166.656832 -16386.653496 -1182.445107 4443.501587 444.429321 26509.176711 -6697.676569 -60340.069548 -2215.840416 4588.673553 304.859009 824.333588 343.117459 -104748.687564 -2262.116966 5195.02533 -585.874634 2904.35659 11023.531551 -205099.928711 -1526.721992 5309.01825 1536.200562 11051.896738 7686.276753 -21130.803718
2396.098557 4078.638687 1603.997803 57792.333195 -87057.669177 -80246.34228 552.821655 4210.950699 114.73999 -22049.349546 -86787.065123 -73403.078482 104.940224 3685.729027 -588.459473 -48170.983737 -91887.051901 -151683.895451 -494.352288 3807.426071 332.766113 -47253.264568 -91199.039742 -24406.098706 -440.833726 3729.278831 -113.445435 -62649.319622 -98616.903202 -62701.796303 -2630.261459 3654.195824 2565.939941 -13885.540655 401.259877 -5889.146879 -1067.799301 5096.290436 1445.379639 37264.333698 5742.734148 -21971.910503 -1409.076843 5033.686218 442.756958 24716.219818 9261.400869 -94792.107765 -1517.930069 5904.188538 1084.332275 22255.067313 36457.934722 -72997.940008 -553.383093 5320.183258 1363.463135 61196.317397 8841.56134 -26038.367386
2200.82283 4140.502243 1295.465088 3219.94107 -40158.42297 -360079.656927 464.667969 4120.972137 -353.209839 -30294.23848 -101732.885917 -139897.281533 50.935707 3709.787712 -1158.120117 -55560.340511 -90793.1455 -237787.373843 -667.862625 3847.627869 -316.346436 -68708.233787 -88459.643212 -97618.287218 -573.134975 3880.412712 -916.734619 -86837.680015 -83262.870157 -140880.581468 -2445.412064 3854.195786 2466.398926 -2831.984495 24196.707603 -8486.575224 -695.925846 4988.287201 1228.682861 67862.267711 2279.830958 -27232.443717 -1477.40921 5010.760193 497.695923 21522.044849 8137.782183 -89018.659856 -1305.28038 6090.961914 573.07312 30429.284078 44465.324504 -103068.121614 -544.377308 5555.027008 1289.49707 61690.068594 15516.443905 -27179.795799
2068.293152 4145.898895 1271.68335 -5831.68645 -37661.709398 -394869.086879 300.80574 4113.775482 -343.885498 -49967.760841 -103140.478322 -138249.448098 116.931725 3809.719048 -1272.471924 -48192.971072 -80221.97178 -258964.104955 -889.30748 3927.061615 -805.054321 -103212.748352 -80546.842439 -191798.982558 -587.852802 3928.461914 -958.800659 -91791.238885 -78410.865523 -146122.133132 -2207.189789 3905.151405 2425.214844 742.504781 36526.601485 -10592.660817 -399.624386 4960.900421 1200.74585 97744.27371 1677.836801 -28124.376189 -1373.371658 5056.239929 766.279907 25837.402493 9451.259687 -73774.303767 -1042.717094 6099.318237 693.509521 41885.991382 44765.057776 -94891.462285 -397.655756 5135.118256 575.721436 71456.341538 4372.532413 -57508.949198
2018.460426 4188.490448 1232.635498 -18948.139135 -24959.580531 -418347.316646 164.380074 4132.473145 -280.797729 -71191.604074 -104006.254741 -123154.217613 -19.738121 3898.119812 -1228.977661 -69642.071115 -73658.206855 -246470.060756 -938.763962 4005.039444 -606.172485 -114214.417843 -75279.697597 -145055.878642 -718.286858 3895.9058 -741.919556 -123485.968432 -84468.103564 -117569.308094 -2274.96563 3946.226807 2339.655762 -5.341352 41309.598036 -14192.41027 -535.32629 4661.949768 810.391235 81221.299825 -1100.840796 -41086.178145 -657.320538 5039.811096 1804.171143 70547.874031 8207.5215 -27508.503495 -324.500117 5970.772095 1330.493164 83406.733962 37597.659271 -56011.528047 -241.342936 5064.86084 437.437134 82256.521009 2810.372354 -63434.583181
2040.124397 4243.629303 1277.593384 -16512.093184 -12044.246114 -308594.950906 137.064209 4223.460464 -184.481812 -77250.970029 -95146.613301 -102346.877468 -194.00322 3934.520607 -1078.7323 -101126.498293 -73105.618316 -213994.145516 -962.645645 4060.655746 -276.618652 -120458.918741 -72906.515273 -82931.808906 -797.563324 3899.424286 -633.103638 -145584.657212 -87456.271367 -102256.961189 -2172.219505 4047.745972 2109.387817 887.224634 64916.197181 -29187.431035 -403.196149 4720.442047 584.758301 94202.439813 -720.977963 -48904.642151 -433.4688 4995.710907 1621.223755 88426.174062 6154.197429 -32715.37095 -69.854717 6007.254028 1392.389526 101056.228107 37848.632393 -51299.664442 -241.088018 5098.71994 189.719849 81336.333607 2854.129349 -75340.637601
2209.072189 4262.411652 1556.607666 -4.280697 -6554.567807 -62941.644328 58.135757 4436.571045 530.440674 -95981.275043 -67430.401002 -23283.627676 -578.237038 3950.786285 -55.41626 -193054.630303 -71914.230567 -76548.753426 -775.5793 4154.465866 1021.087646 -94754.64611 -64634.571577 1575.206579 -854.523849 3870.578346 -386.498413 -169256.156765 -91145.790235 -80022.88995 -1966.601028 4117.113113 2039.006348 8216.519089 91359.723255 -37950.815441 -399.597669 4724.67041 298.10791 90912.550848 -722.009646 -62763.638789 -223.518553 5103.229675 1281.307373 104867.276523 9056.544167 -47035.27757 268.972282 6078.408203 1343.197021 125673.648243 40912.991281 -54813.647186 -6.284065 5046.821442 -118.810425 98082.242597 2083.202007 -95553.482131
2118.228149 4233.14621 1668.307495 -8074.006632 -30296.691811 -12362.89003 -156.570454 4427.885818 949.7052 -138203.490587 -70649.436099 -2488.125024 -376.522677 4036.806107 63.047485 -145707.469845 -65277.045877 -64261.182482 -781.007118 4184.764862 1091.611938 -96142.289807 -63495.317504 3533.871072 -682.846146 4027.348785 -264.053345 -126534.52685 -76164.855247 -68523.70812 -1882.594452 4158.421783 1968.399048 14188.539086 102148.225751 -44760.721246 -478.570099 4706.169128 70.065918 82084.682479 -1234.205359 -73801.605691 -339.384589 5160.218658 1028.858032 93618.568401 10313.769209 -58269.022427 250.000038 6026.044006 1351.868286 123782.628441 37711.380513 -54051.938626 -25.726051 5026.970825 -248.397217 96108.012941 1637.537855 -103713.272192
2118.174171 4254.142685 1585.822144 -6744.294079 -26784.122113 -18842.89074 -113.119183 4552.298279 748.998413 -127478.780152 -57799.547386 -7010.026449 -275.648046 4042.08046 -92.095947 -122472.863954 -66273.186805 -73480.800009 -1068.633308 4211.202011 678.90564 -145415.452523 -62550.906211 -960.623238 -618.838558 4033.762589 -412.614746 -110073.789917 -77129.202214 -76290.867549 -1853.535271 4172.560196 1785.939331 17509.926916 101389.478304 -59259.586834 -569.996376 4709.341431 -208.850708 73635.455039 -1445.432099 -85558.924556 -510.781584 5251.32309 715.986938 79269.963908 12941.23252 -71045.515111 96.702652 5988.17627 1261.437378 111864.308965 35343.082228 -55570.049072 -243.701019 4931.936646 -573.356323 78908.223129 631.353408 -122370.423736
2158.098106 4261.74263 1619.658203 -1535.828687 -32495.148331 -7156.35144 -70.464706 4550.432968 755.806274 -117770.172277 -59818.002544 -6320.199552 -242.735014 4054.969482 -95.006714 -114652.040555 -66564.915665 -72698.404122 -962.636719 4226.322174 747.833862 -124407.702413 -62623.867502 -111.274739 -561.5448 4076.506042 -457.226562 -96583.619491 -74382.957011 -79389.833089 -1809.586372 4182.634583 1726.662598 22504.822814 98678.699972 -65595.139829 -592.90596 4745.965424 -309.532471 71986.991315 -1107.473249 -90653.099061 -585.608978 5250.186005 641.217651 73583.542193 12319.280123 -74489.041409 -57.590466 5934.280243 1325.787354 100306.706162 32374.254246 -51811.461646 -400.581484 4865.408936 -773.88855 67588.210582 187.928439 -136709.053206
2195.537796 4248.848114 1681.177368 -1.34576 -21900.920178 -7.308727 8.162613 4623.780212 745.619507 -102324.720377 -48680.497765 -6414.651754 -228.47764 4137.262497 -95.273438 -111206.698417 -56350.733824 -71953.124985 -992.939873 4374.241562 691.103516 -129302.220067 -47976.475013 -534.886861 -534.209423 4228.388214 -485.253296 -90370.616727 -57136.65807 -81274.253179 -1769.336929 4159.328156 1744.910278 27363.600009 101361.152524 -62165.929238 -557.285805 4584.576035 -328.331299 75852.568122 -4045.178592 -91289.761587 -934.394913 5304.423981 377.855225 48190.897758 15498.787615 -89041.524439 -261.42292 5893.433228 1023.239136 85670.354539 31888.473839 -67331.08501 -425.88573 4803.810577 -829.459839 66014.287591 84.862478 -140447.825646
2140.303345 4211.755142 1812.047729 -409.118656 -24753.269352 10058.491496 154.818115 4688.664246 573.99353 -72009.146636 -39167.31514 -17439.975294 -157.702427 4095.40657 -156.257935 -91682.648804 -57184.910916 -82759.594053 -827.80117 4376.882324 686.000977 -95217.210655 -45308.567282 -1272.698882 -507.009745 4211.79451 -581.291504 -78462.415337 -55738.696663 -94857.722637 -1966.190338 4072.004776 2082.800903 11705.182293 77446.634066 -29765.782826 -352.093472 5355.843201 820.223389 101864.734159 14553.386051 -38715.965111 -1404.641113 5368.296967 642.792358 23806.934969 19624.564712 -76375.242588 -336.354642 5279.998169 858.997803 82876.75361 12420.058674 -79502.857205 -247.977982 4682.708893 -470.039062 82061.429284 -9.415335 -116709.578049
2157.638474 4200.128784 1770.402222 -210.846244 -35180.468265 1839.589119 239.057617 4821.450653 525.879517 -61305.90412 -28128.921323 -21121.696182 90.850296 4189.41452 -213.403931 -54657.595031 -49460.297355 -89738.462306 -669.312553 4417.715988 554.001465 -73435.761029 -42554.987238 -5088.528989 -294.121199 4424.334335 -720.527954 -45530.205746 -38881.352258 -110177.054914 -2284.769821 3875.100899 2244.481812 -68.127654 17425.102589 -17452.787671 -868.069763 5381.497955 1026.845093 49750.439311 15800.503821 -31582.007357 -1534.227829 4882.973633 371.172485 17743.580965 3708.523218 -92484.597489 -791.55056 5204.614716 1094.088745 53824.732667 10470.115782 -66203.935668 -856.955376 4827.829132 -299.059448 40139.466827 273.173969 -105237.307943
2221.447029 4186.102066 1842.572632 1784.984438 -25285.444744 20748.270292 436.608543 4959.22287 464.881592 -36979.693479 -16614.284337 -24593.830028 436.523018 4307.094345 -279.432983 -17990.984954 -38167.86177 -95688.377814 -92.911339 4418.005524 690.36499 -15534.738699 -40495.252861 -1081.923751 -186.304588 4447.61116 -714.036255 -31917.835976 -35181.030147 -108027.585706 -2062.335777 3957.498016 2105.213013 4797.965764 45300.043124 -27219.976827 -597.57988 5619.36554 1146.654663 73895.591505 34870.600392 -27228.33199 -986.686516 6178.571777 1965.914917 46134.373764 75818.995327 -20700.462056 -654.998035 5666.265717 1060.982056 61512.548262 25261.084836 -67306.098164 -1279.694633 5661.230927 1230.270386 19951.44705 18451.165396 -26391.829894
2354.475327 4184.331589 1958.781738 25741.343986 -33890.140217 80908.701875 486.076965 5196.86142 862.93335 -32401.40071 -5761.579942 -3621.264946 482.511826 4605.400391 65.702515 -15020.110007 -20210.742773 -59937.854754 -65.68716 4812.961273 1012.928467 -14224.854733 -17825.691879 2557.056178 87.107582 4661.968231 -394.472656 -8141.518882 -22402.147993 -76127.074376 -1993.19252 3953.201141 2585.274658 8372.119203 40721.367464 -1518.469818 -680.409317 5635.314484 1440.826416 65336.407874 35309.720701 -18689.683609 -1040.80864 6374.342041 2123.739014 42335.843841 93212.797533 -16358.179371 -763.688469 5665.523376 1336.574707 54875.132396 24837.658885 -52614.146237 -1289.445267 5668.726807 1237.095947 19331.498329 18325.748132 -26073.904371
2387.768898 4209.325485 1918.432617 56287.059954 -21872.853027 66171.263269 549.005699 5150.588074 727.406616 -21954.002316 -7797.755461 -7866.210373 423.506432 4441.452026 48.163452 -15731.318356 -30193.977655 -59955.824154 81.226044 4862.630157 1017.425537 -4793.998162 -15864.558184 3155.510392 -22.814636 4793.894958 -599.867554 -12175.468925 -15970.969911 -94076.035551 -2323.594475 3925.854988 2486.036377 -60.99953 31286.627348 -3642.515061 -772.757378 4936.540833 935.603027 61371.373026 684.204109 -33579.150836 -1776.265984 4873.425598 1289.331055 10599.559557 3732.167356 -43812.182233 -807.708855 4939.30954 789.520874 55162.91918 5316.431279 -82153.628748 -1361.412086 4402.019958 971.578369 18460.180529 -1675.643637 -35166.321
2417.764778 4211.687698 1906.33606 63868.396526 -13318.911623 56352.568413 579.552803 5213.483582 756.829834 -20533.434175 -4948.556175 -6843.32382 493.284035 4490.044327 84.251099 -11887.749072 -26304.343869 -57136.579918 118.668175 4876.13266 1058.217163 -3981.723564 -14667.963108 4282.68041 44.929008 4832.994232 -588.770752 -8529.846687 -13571.285964 -93433.355292 -2354.499321 3914.542351 2490.261841 -549.89848 31975.97382 -3657.189387 -795.001221 4901.883545 927.434692 58194.787935 458.577126 -34030.167686 -1771.208 4623.385162 1258.001099 10344.151939 522.262079 -45327.588808 -795.623283 4948.943787 886.032104 55089.561512 5721.518484 -76563.636162 -1341.165581 4256.253281 1027.241821 18719.814982 -3502.403054 -33188.056258
2423.98716 4237.275696 1873.455811 78453.014083 -6661.212433 42562.700892 640.875816 5355.095215 725.048218 -14231.890277 -1542.039268 -7885.552148 538.64933 4570.6604 120.944214 -7940.611053 -22158.87672 -53360.732424 97.408905 4970.645599 1065.852051 -3920.895118 -11228.571562 4774.261536 175.719566 4880.858765 -633.347778 -1715.433657 -11921.516512 -97275.695014 -2614.786186 3941.025276 2303.319092 -11487.070009 36812.695858 -11570.916489 -851.128845 4838.044128 896.49292 55330.612788 23.110782 -34892.274173 -1112.055855 3805.874863 773.515015 41578.573897 -12311.844657 -67871.068989 -886.46904 4876.751404 860.958862 51348.222555 4396.548321 -77672.615031 -740.249786 3853.927231 770.88562 49940.988914 -13472.475864 -43428.362669
2444.373207 4328.85994 1852.010498 82330.008944 504.203545 35813.788101 535.306511 5471.595917 942.801514 -23406.726093 -450.464133 -1195.097373 839.003029 4636.095276 1396.088867 -31.162568 -20740.678877 47.947916 282.615471 5545.53833 1053.724365 -349.14073 -133.010289 4594.651409 -58.003349 4850.427551 50.211792 -15146.738731 -14923.795005 -39505.84617 -2554.817619 4026.285477 2166.351318 -8210.29459 50816.86316 -20022.889835 -739.940968 4335.293274 574.194946 64068.252481 -14268.36946 -47031.468461 -977.989693 3397.07232 1040.551758 49299.740697 -33685.651545 -54388.502135 -846.427727 4396.805801 1481.751709 52824.420944 39.952895 -44457.632873 -762.929764 3330.227051 955.736084 47748.316754 -37639.877453 -35439.260246
2517.641487 4290.651703 2043.158569 117194.108138 -452.573908 117364.628333 552.126427 5469.320984 1355.557251 -23145.463221 -322.717826 2518.424335 758.529472 5189.330139 2286.066284 -1088.467204 -1492.053222 25813.37999 759.969521 5688.678436 1289.428101 9920.893235 274.361342 12659.403861 111.128654 4490.670929 1283.630981 -5137.442449 -34641.840615 -45.879947 -2525.511742 3949.351501 2355.646362 -7248.441038 32807.161445 -11690.893073 -699.30603 4409.903793 831.167603 66568.366981 -9727.071785 -39291.184285 -855.290222 3714.490623 33.580933 56809.063902 -16768.543278 -115379.686793 -463.410106 3499.515114 1033.981323 75115.492054 -9114.456458 -70694.605562 -266.645746 4668.684845 1221.932983 81514.62399 -41.783003 -27809.588979
2464.255524 4265.628967 1801.75354 71599.342422 -16108.397195 11717.741416 389.455261 5281.084137 1159.273071 -42424.306715 -4693.145689 175.762584 701.490479 4838.548584 1994.544067 -3292.408545 -11825.007638 13131.340517 298.59108 5365.857697 1096.022339 -624.105531 -2052.23133 5470.156345 -181.389389 4711.403503 451.464233 -31453.251288 -22576.475983 -18500.293617 -2152.925262 4067.430115 1524.026489 1364.452562 60909.165322 -98592.800985 -793.276901 4159.13681 -485.485229 55687.372159 -26423.16205 -102197.336644 -1063.383713 3865.078163 509.164429 41272.059284 -12023.215621 -82932.214263 -306.183267 3900.836296 1303.435669 83922.281124 -2740.415329 -53866.60009 -355.291047 4317.995071 893.723755 72614.803901 -3469.478528 -38682.119607
2490.610924 4251.583557 1722.937622 94090.106519 -41986.561778 1952.973031 369.622002 5088.127441 1005.421753 -42912.449012 -14272.58302 -320.981091 691.681404 4531.219025 1760.996704 -3099.650026 -28993.768164 5749.785871 54.955597 5167.150421 1105.108032 -6914.544852 -7185.882828 6826.142483 -32.161293 4699.462433 169.673462 -15076.416925 -24699.864909 -31734.242633 -2227.052498 4097.778702 1543.341675 265.669505 62793.253267 -91515.537456 -821.731491 4251.636887 -421.394043 54593.054509 -21642.472195 -96857.336373 -875.181313 4512.205811 613.453369 54612.709864 -79.300102 -75697.699224 -103.642693 3965.039291 1164.262085 99753.864326 -2288.47372 -59765.070482 -338.1248 4805.396729 782.579346 75093.144218 25.928393 -42336.359415
2483.02681 4253.413239 1687.953491 89823.389984 -39837.460984 658.561114 356.09108 5077.850342 982.276001 -44515.708176 -14804.222271 -354.962336 613.381119 4599.93454 1811.820679 -6151.095257 -24775.662639 7892.984112 -109.255695 5151.052094 1170.303345 -15637.246268 -7649.16204 10881.956368 11.79245 4691.029816 173.405151 -11713.988116 -25146.139149 -30403.415093 -2213.035049 4106.041794 1492.335815 452.0064 66166.857718 -96591.067374 -787.989807 4241.248779 -456.447144 57508.474749 -22291.223523 -97794.028532 -840.519485 4530.723419 569.598389 57068.691993 -33.285804 -77049.254558 -97.766418 4000.302315 1171.738892 100201.609319 -1906.792986 -58357.822706 -344.487004 4810.258636 738.234863 74612.273074 34.592362 -43424.570672
2496.895294 4204.051361 1682.481689 101713.9431 -66422.160435 1304.481238 356.412811 5013.769379 1059.11377 -43670.855833 -17407.949976 9.93306 573.088455 4204.516754 1576.676025 -7775.313519 -51463.085709 2290.960103 183.602562 5108.832245 1075.101318 -2361.170632 -8345.227779 6980.601475 -552.518196 4726.517487 650.402832 -85684.886906 -21968.656625 -8813.359616 -2195.848541 4082.064972 1443.840332 883.02187 64734.365299 -102218.955185 -838.35392 4066.07605 -537.617798 53758.859089 -34167.130594 -101823.186007 -704.591465 4449.224091 441.930542 67737.163564 -246.748245 -83447.25825 -290.98012 4652.732697 1425.418701 86557.64544 1158.457934 -45203.533261 -283.240728 4477.938461 592.085571 79860.161593 -1394.087986 -49384.090399
2494.965401 4215.311356 1664.588013 97924.958201 -59643.556886 1080.13666 365.616264 5046.744385 1025.910034 -43114.922689 -15694.943443 -1.453836 697.080956 4248.098984 1498.440552 -2855.801611 -48231.455777 1307.279443 184.91024 5118.38028 1047.924194 -2441.152479 -8182.504776 6473.903865 -525.297279 4741.586609 695.733032 -81341.10842 -21387.641006 -7051.421702 -2189.15081 4088.383408 1423.027954 929.613774 65422.006728 -103167.718625 -846.755638 4011.842384 -569.196777 52673.140076 -39323.5297 -102826.129667 -811.25145 4185.662384 476.853027 59346.916507 -3495.60508 -80589.956064 -476.707129 4170.037537 1510.840454 73665.781843 -494.923838 -40700.237704 -359.206109 4067.908859 654.728394 73669.728305 -8972.271686 -45821.503836
2487.568054 4227.521133 1656.260376 91470.857045 -49762.545195 1110.231075 365.668182 5087.573853 1008.842163 -43565.21225 -13481.327882 -10.379622 740.178833 4278.43071 1434.096069 -1766.680066 -45922.63828 667.339972 -94.813957 4999.623718 1327.254028 -14828.721174 -12470.85551 23842.403415 -486.22611 4705.572357 683.740234 -74830.830474 -23483.947634 -7141.969859 -2186.621857 4097.48497 1426.350708 901.195922 68259.626509 -101158.761339 -849.503441 4009.570045 -576.127319 52121.694361 -39674.613815 -102717.172867 -836.883621 3949.163017 485.700073 57214.137153 -9542.808087 -79599.627834 -425.135033 3734.396858 1471.348267 76801.621798 -5293.964337 -42053.475987 -362.011983 4019.639664 694.931641 73168.210696 -10327.31475 -43649.492058
2445.252342 4226.807327 1675.814819 73362.47225 -40412.482787 1137.231443 330.462608 5041.156006 937.614136 -46799.941875 -15425.216503 -627.139107 481.874962 4560.80658 1789.347534 -13151.806309 -25553.245947 7777.412432 -375.697997 5014.970093 1249.712524 -36596.518233 -11424.970989 16788.322994 -494.929342 4718.2901 797.579956 -74882.916386 -22105.915869 -4762.190993 -2172.123909 4091.127472 1386.404419 1452.400172 70349.150434 -111224.321186 -780.866585 3995.364265 -583.468018 58733.339533 -39894.969971 -104347.133026 -950.104866 3921.635742 465.83313 49950.483473 -10047.129802 -81812.112105 -554.856367 3654.459953 1447.450562 68957.204248 -6501.521619 -43986.0741 -401.900058 4012.20253 761.411133 70823.13522 -10205.02169 -41600.834092
2285.105743 4213.717041 1531.780396 16617.306424 -22382.495424 -23442.735435 258.655701 4538.833847 313.491211 -54997.087444 -54040.32373 -32039.03303 257.184525 4218.171082 1251.062622 -31590.371112 -46681.236061 -204.152454 239.939117 4517.882156 180.43335 -1037.614301 -35216.560676 -22061.798107 -456.160526 4325.083466 173.215942 -66686.643813 -46070.365383 -30129.686624 -2212.477112 4043.597336 1337.164917 708.462968 67062.784151 -122505.10779 -713.053932 4017.704773 -558.255615 65605.31418 -34480.434964 -103655.099194 -944.915695 3957.663879 481.427002 50824.081977 -7760.275285 -81719.21254 -565.154619 3810.128365 1495.598755 68800.212546 -3381.283471 -42450.089923 -467.508793 4429.952011 810.437622 66615.346999 -1428.44967 -40112.897859
2362.032967 4209.914474 1619.060059 33357.500139 -49955.988208 -4135.396462 340.134239 4575.267868 442.004395 -47019.648071 -53705.389581 -22779.010582 284.683418 4699.786835 1415.594482 -30744.557105 -17715.079227 195.512027 237.276688 4680.401611 313.621216 -1429.292407 -27187.749931 -13798.308374 -612.045422 4125.244141 167.74231 -99976.87309 -66592.771582 -31142.149911 -2226.849174 4063.142548 1497.436523 217.334876 61948.387193 -96930.574678 -723.652458 4155.309372 -368.515015 62846.397022 -26175.322879 -93036.559086 -1005.075798 4237.931519 648.546753 45601.836463 -2313.282062 -73130.953082 -342.131634 4299.64241 1504.395752 82203.500211 -29.67081 -42600.967824 -413.748122 4690.850372 934.719238 69111.23435 -39.587954 -35537.608529
2382.123642 4228.419266 1674.655762 33871.422579 -38593.499647 3.538314 356.359329 4881.853638 645.123291 -47311.004693 -26004.047872 -10369.240956 361.030655 4838.343048 1625.794678 -25137.660844 -11742.602343 2815.182294 -172.074165 4739.613037 666.9104 -21611.261634 -24121.988493 -711.241426 470.617065 3643.909073 1046.821289 1288.979531 -121512.444346 -1049.723969 -2212.214432 4041.851501 1507.773438 178.141985 52798.607482 -95196.30553 -806.113777 4216.92482 -422.330322 53949.002836 -22137.540046 -96171.974414 -1143.875885 4670.934906 470.393677 36089.025469 451.391663 -83025.450094 -563.337307 4905.948486 1353.620605 66554.34797 4100.311791 -49574.690155 -407.42157 4760.711365 777.306519 68219.080189 7.294822 -42024.698193
2384.581757 4226.607895 1686.609497 33169.248744 -34654.380408 226.370622 360.494995 4896.711273 666.491089 -47358.043331 -24384.033772 -9384.204829 364.083328 4852.487793 1646.781616 -25272.76468 -10910.332116 3226.284536 -162.070923 4764.169769 683.50708 -21201.545669 -22425.466885 -511.618509 439.32373 3660.071106 1073.988647 578.560704 -118526.23865 -788.676679 -2217.24411 4037.088547 1522.374878 99.529756 53546.957625 -92988.701039 -816.534462 4229.19075 -408.95752 52691.373084 -20843.635528 -95430.839219 -1167.790756 4694.104919 472.423706 34489.116876 682.81334 -82956.035047 -624.209976 4959.081879 1370.090942 62573.446436 5038.07967 -48824.421964 -450.980592 4826.439056 781.787109 64776.5681 163.013121 -41867.332799
2183.35968 4358.284073 1328.689575 20.424423 4118.849626 -124066.124317 432.472916 4697.782288 -271.315308 -37697.848219 -41614.587712 -97168.560558 349.928894 4877.559967 703.567505 -25601.698021 -10179.34453 -11978.090803 -221.260548 4959.032593 -252.008057 -24965.510405 -13554.908037 -62822.467618 21.424103 4508.957977 1085.588989 -12258.070588 -35086.131803 -339.6577 -2244.480133 4076.748886 1494.664917 16.8522 65578.623158 -89890.636944 -832.871246 4266.57486 -469.633789 52212.921062 -18807.689867 -96219.101606 -1577.899551 4811.671295 73.496704 15843.66427 1956.147881 -104364.585476 -1003.998909 5205.796814 921.52771 42400.60844 9763.094232 -69867.483802 -703.473969 4852.324677 716.480103 48808.173007 241.591943 -42643.270734
2114.245644 4340.794678 1379.007568 -687.757278 12314.593786 -117777.169642 462.334328 4646.695099 -336.75415 -30771.112692 -42580.616171 -114110.404062 216.269875 5138.09433 495.037231 -35480.738513 -2032.771834 -24354.230592 -98.817158 4941.177368 -560.170898 -13816.347857 -12620.961403 -116085.902493 -27.762184 4675.069275 1087.177734 -13234.320041 -22126.482884 -633.013344 -2349.523277 4067.155991 1874.473877 -409.315129 77846.314405 -44851.135779 -672.288094 4696.238556 230.006714 69887.835395 -854.940713 -61270.051749 -1708.358879 4925.91507 391.433716 12485.887584 4813.063413 -87395.227541 -925.404282 5436.052399 971.010742 48249.678772 16938.555168 -69478.800958 -890.637474 4958.335114 1266.102295 39980.987086 1288.616319 -23496.106812
2130.862541 4334.074707 1476.516113 -313.802618 25352.934958 -55511.235978 570.585823 4630.71106 -305.335693 -21547.896821 -41147.191713 -110090.062596 293.552208 5245.478516 420.858765 -28247.75114 -379.472956 -29253.195959 58.874168 5107.98996 -657.388916 -6274.624207 -6001.938191 -134945.991782 28.274727 4809.431458 1099.454346 -9795.929946 -13915.984696 -586.553907 -2485.844002 3969.043198 2302.042236 -5041.933662 52909.165587 -10370.617058 -835.203323 4952.843018 835.706787 54427.417598 1346.034976 -36243.482288 -1754.328346 5046.733398 301.942749 10760.682735 8829.176559 -93143.93866 -1190.505867 5461.914215 1141.273193 34968.594916 18690.951329 -60463.789513 -1071.576729 4857.143402 1560.048828 30202.757544 685.213292 -15156.744867
2278.400536 4242.739639 1706.271973 10022.870557 10439.254467 -24.283954 818.058815 5184.615936 98.239746 -6803.107975 -3456.408547 -58948.887007 1232.947807 5426.144867 955.983887 9783.101066 652.853376 -6110.594135 545.818291 5605.324097 111.956177 1573.539679 451.802574 -31947.322985 -97.785778 4873.795166 860.213623 -21803.86286 -8895.687724 -4773.707135 -2757.256813 3704.776764 2573.354492 -30373.894398 6872.867467 -1603.522384 -1696.426582 5528.886871 1435.123291 5247.481066 33529.07774 -18635.093449 -2255.067635 5039.520416 681.083984 653.89041 10597.49362 -73371.500523 -1715.778847 5612.910767 1426.639404 14771.704711 26049.425203 -47874.1351 -2613.067665 5185.983429 591.587524 -1864.400284 6460.333928 -52175.161768
2310.907669 4246.866226 1853.543701 9123.055656 14386.307533 31571.249253 964.451828 5903.078613 819.175415 -2655.562381 12143.432638 -4505.979553 1390.759811 5637.096405 1666.066895 17930.271239 4287.742269 3016.635373 783.550949 6030.853577 831.011353 8240.631726 9433.289453 59.330847 137.167549 5001.471405 991.243896 -6774.45356 -4851.215636 -2158.018016 -2760.781326 3621.709938 2631.170654 -35625.192158 665.402146 -532.590795 -2061.159744 5754.095459 1775.192871 -0.780787 55620.562912 -10689.662755 -2946.602707 5470.564728 1265.474854 -6992.570491 30116.909089 -44913.732859 -2017.37587 5778.289337 1736.202393 6547.624753 32782.730756 -34067.31435 -2003.40889 5922.069702 567.084961 1315.900248 33469.700464 -53010.38277
2311.487007 4246.921921 1853.870239 9181.160205 14365.998846 31725.840581 965.482368 5904.003906 820.165405 -2632.859027 12186.057009 -4472.64965 1390.513039 5640.158386 1668.396606 17891.348549 4359.874136 3065.151012 784.248161 6032.193298 831.808472 8261.205761 9475.853347 62.691489 137.947655 5002.829132 993.595581 -6745.795161 -4818.605432 -2121.755924 -2761.540947 3620.965233 2632.075806 -35760.344404 634.045847 -521.249476 -2063.496056 5754.2099 1776.776733 -1.838107 55622.31189 -10657.640786 -2950.239677 5471.94519 1268.560181 -7090.368628 30189.037262 -44781.796594 -2020.227165 5779.172211 1738.12439 6487.563114 32815.563956 -33989.051362 -2009.209709 5923.302917 568.249512 1255.617165 33527.216409 -52952.128113
2311.572762 4246.927643 1853.868408 9184.102974 14363.634071 31729.440221 965.595741 5904.093323 820.244751 -2631.573658 12190.118868 -4469.754677 1390.498543 5640.498962 1668.623047 17884.833905 4367.940444 3070.018842 784.41761 6032.185059 831.732788 8265.853234 9475.203916 62.426263 138.05233 5002.94693 993.847656 -6743.871144 -4815.837019 -2117.796895 -2761.585197 3620.877419 2632.259521 -35775.506195 630.431455 -518.937766 -2063.753929 5754.237213 1777.050781 -2.003392 55624.110396 -10652.040078 -2950.685844 5472.140808 1269.061279 -7103.37699 30199.44773 -44760.229243 -2020.561485 5779.313507 1738.449707 6479.775752 32821.031367 -33975.675846 -2009.912834 5923.48175 568.481445 1248.027899 33535.742062 -52940.422056
2187.911186 4277.553024 1898.474121 -76.160052 50458.371095 45448.057522 1875.947075 6673.639221 1896.276855 44331.802871 87237.972878 35777.735447 2094.764824 6647.224121 2874.941406 116834.26389 65783.564741 76442.341815 1957.332115 6602.627869 1758.544922 154561.103338 40722.534064 58564.987747 1815.747185 5367.619171 2183.267822 227337.875433 6.786322 21427.111181 -2963.369942 3618.922005 2615.230713 -65716.150012 1581.557255 -969.265554 -3295.898323 5996.61499 2142.674561 -50161.929246 87892.422958 -4866.599521 -4233.860664 5573.134766 1814.65332 -75500.173001 37523.431696 -25183.316918 -3803.3675 5803.805542 821.778564 -17354.256008 34798.060196 -81229.272161 -3827.32563 6123.28064 1001.959229 -46413.475085 45727.746825 -34652.990496
2207.943611 4284.001389 1870.270386 -259.987287 54857.721417 36659.54868 1933.024025 6688.929749 1855.896606 47881.789445 89133.755611 33044.275114 1998.454323 6685.639343 2858.7323 93439.093409 69322.189351 75789.897826 1710.516548 6699.107971 1768.471069 104343.231446 47751.354817 61046.481011 1410.443916 5782.510071 1637.686157 111177.411072 6327.947737 3435.681282 -2957.214928 3637.981834 2624.721069 -69724.875985 2755.033146 -680.483586 -3319.479027 6022.34436 2186.16272 -54460.319069 91198.933141 -4182.812957 -4256.671715 5567.054749 1894.155884 -79738.235692 37041.241685 -22437.196637 -3955.487022 5856.008606 867.260742 -23504.8157 37012.104905 -77857.220055 -3913.521385 6186.260376 1075.027466 -53495.237104 49432.435284 -31488.511663
2138.528976 4328.893433 1863.355713 -6744.083916 77028.943279 45717.4114 1955.584335 6743.37616 1916.455078 50546.226603 93558.561365 41054.950026 1961.680374 7084.508057 2862.335205 86774.208387 110776.640672 78825.35897 2041.022263 6998.355408 1740.078125 165648.29468 71397.969728 60719.847801 1835.277939 6786.136169 3353.980713 224237.724023 68699.206048 118340.06951 -3006.607437 3644.926605 2748.748779 -79521.282255 1655.642663 170.09907 -3443.101273 6042.055054 2468.182373 -65620.069742 90728.309555 -1246.960062 -4436.399918 6064.676819 2038.018799 -95798.469682 72533.686311 -17658.000354 -5121.128616 6822.179871 1605.087891 -85932.120813 90804.574118 -38612.707424 -4300.421524 6684.959106 1432.036133 -81344.567824 83044.964428 -18841.001752
2156.156197 4320.298004 1962.144775 -4986.114701 77627.749179 90829.608071 2055.84034 6738.763733 2133.848877 63406.256823 94206.335519 62051.797666 2067.932625 7038.901978 3095.488281 104931.773325 106329.42256 102037.219909 1757.197762 7310.133972 2042.89917 111039.892254 104834.979287 101000.639589 1560.67173 7160.173035 3384.01123 145105.731604 111186.642125 118937.114162 -3020.697899 3630.473175 2787.023926 -83424.248138 1354.9687 274.784665 -3468.681908 6031.188049 2514.213867 -68533.720295 90489.497732 -1107.655726 -4464.82296 6118.765869 2093.825684 -98948.461404 78154.883004 -16844.880369 -5245.768089 6877.665405 1872.44751 -95300.112232 95359.825104 -28995.587045 -4443.265038 6779.120178 1711.912842 -93499.170525 91491.751847 -12205.642691
2158.287163 4334.951248 1985.715942 -6968.647123 87451.322723 98007.582548 2115.406303 6760.784607 2205.005493 69801.011833 96510.126418 69151.391754 2089.2062 7006.1203 3185.841675 105938.878356 101693.666598 111327.860037 1716.968193 7347.359009 2169.447632 101692.873961 108423.751576 120256.17107 1402.480431 7091.920166 3333.81897 104528.784948 102151.525282 111828.125077 -3033.712959 3645.617447 2840.686646 -89434.479579 1887.224177 729.764527 -3536.467171 6049.879456 2611.430054 -76758.793744 92240.698241 -640.83046 -4438.192329 6165.080566 2011.830444 -97943.534574 81843.527276 -19410.713905 -5281.39637 6895.407715 2001.705933 -99152.970063 96195.552111 -24898.14989 -4515.734444 6840.980225 1879.220581 -101157.207719 96225.149211 -8902.507201
2143.389416 4390.675812 1946.987915 -11343.859408 94045.862573 91085.5897 2117.634563 6825.006104 2152.073364 68666.399016 98553.182431 66173.714877 2082.850018 7028.22876 3145.192261 102899.915376 98402.425583 109915.543708 1684.559917 7330.285034 2122.650757 94936.555101 100751.14999 117144.677852 1381.342449 7116.998291 3243.306274 98010.292251 99181.021389 105212.128094 -3055.147114 3723.419876 2897.313843 -96156.2938 4040.911858 2443.145233 -3640.527363 6124.055481 2774.697876 -88694.132143 95606.541297 -48.380683 -4434.580708 6297.552795 2045.253296 -98526.308631 89643.869486 -17710.73142 -5316.423054 6985.24231 2012.686157 -102565.609293 99055.366542 -23546.381198 -4451.175556 6923.295593 1879.575806 -96380.002267 99001.436712 -8326.503618
2155.768166 4438.290939 1871.993408 -9685.967078 98898.439802 72639.670868 2101.919746 6877.969055 2022.702637 65807.036269 99918.483176 56423.153729 2072.516975 7088.665466 3015.214844 100299.883912 100356.695934 100023.98374 1707.270699 7369.610291 1973.546143 97950.228124 100263.44995 100000.178386 1392.635841 7184.490356 3144.293213 99590.675431 101992.178246 99828.604798 -3068.990288 3797.60746 2857.324219 -100035.304394 7365.743753 2645.996277 -3668.887138 6198.312378 2775.598145 -92209.304222 99989.365428 -5.386161 -4441.338005 6314.527893 2011.193848 -99511.716577 87071.589994 -17351.05073 -5280.139275 7038.908386 1852.491455 -100079.982705 99782.322557 -27425.591162 -4488.955803 6976.639099 1853.337402 -99989.012253 99844.411816 -7920.582257
2153.391342 4434.912186 1879.572754 -9846.192919 99975.663197 70927.196467 2098.773575 6874.27002 2033.719482 65568.322715 99998.015789 56507.415841 2069.410019 7079.759827 3027.288818 100005.429042 99810.05989 100234.430281 1701.931229 7362.528687 1986.94458 97338.993422 99946.140515 100506.840543 1382.234421 7162.130737 3157.752686 97741.730888 99848.444979 100157.80836 -3070.54985 3793.095779 2861.787109 -100047.096632 7331.425133 2491.977715 -3669.811935 6193.971252 2783.167725 -92144.877483 99974.32269 -6.653969 -4442.860947 6311.893616 2019.683838 -99513.245107 87224.900619 -17398.123258 -5281.137619 7037.614136 1864.656982 -100041.444536 99997.252817 -27358.211627 -4490.560226 6974.195862 1863.254395 -99997.588004 100001.442929 -7927.403691
2153.28289 4434.797516 1879.815063 -9851.469867 100019.914133 70844.952073 2098.642235 6874.144592 2034.059448 65560.842159 100001.62346 56503.635297 2069.264488 7079.691772 3027.614136 99993.364704 99819.623982 100228.836539 1701.808128 7362.532959 1987.284546 97332.117649 99963.320898 100501.475491 1382.15435 7162.353516 3157.957153 97741.699318 99892.293953 100140.341783 -3070.625496 3792.928047 2861.90979 -100046.142321 7329.189642 2485.457869 -3669.852791 6193.81012 2783.36731 -92140.553893 99972.685754 -6.739541 -4442.885628 6311.777954 2019.879761 -99508.025079 87228.170846 -17402.776253 -5281.137581 7037.532654 1864.894409 -100035.384587 100002.247723 -27363.055995 -4490.557137 6974.009399 1863.424683 -99990.298592 99998.236434 -7931.192109
2151.239777 4433.254318 1882.276001 -10187.255459 100784.470744 69158.447335 2095.058594 6872.400208 2037.293091 65075.76468 100061.520309 56283.322403 2061.383057 7078.374329 3030.571899 98593.825335 99916.968248 99970.690446 1695.614014 7359.918213 1989.354858 96386.847383 99911.478061 99999.781973 1371.101227 7158.267517 3156.151733 95517.881771 99664.535082 99419.848596 -3070.685272 3790.902367 2864.227905 -100005.247556 7344.687787 2412.110961 -3669.091339 6191.908875 2786.963501 -92029.425189 100008.701434 -7.534293 -4442.556 6310.815125 2024.133911 -99453.929429 87341.761661 -17426.500146 -5280.229034 7037.687073 1871.659546 -99948.137047 100170.675789 -27305.562267 -4490.518341 6972.469482 1868.428345 -99965.564812 100051.631278 -7934.04543
2151.186333 4432.937775 1882.7771 -10204.224045 100854.926488 68991.520915 2095.076256 6872.054138 2038.052979 65073.000385 100065.399789 56282.204452 2061.7416 7078.711548 3031.195068 98652.588136 100000.0 99953.50209 1695.791893 7360.339966 1990.072021 96409.212705 100000.0 99991.259278 1372.156334 7160.74646 3156.352539 95726.283215 100000.0 99361.091064 -3070.625038 3790.538101 2864.821777 -100000.0 7345.694541 2407.60431 -3668.966103 6191.557312 2787.945557 -92019.635841 100011.710408 -7.423483 -4442.718544 6310.694275 2025.45166 -99472.75743 87365.838733 -17412.084109 -5280.306129 7037.851257 1873.92334 -99956.760672 100209.914215 -27252.223151 -4490.873756 6971.983032 1869.924316 -100000.0 100041.635363 -7920.468211
2151.186333 4432.937775 1882.7771 -10204.224045 100854.926488 68991.520915 2095.076256 6872.054138 2038.052979 65073.000385 100065.399789 56282.204452 2061.7416 7078.711548 3031.195068 98652.588136 100000.0 99953.50209 1695.791893 7360.339966 1990.072021 96409.212705 100000.0 99991.259278 1372.156334 7160.74646 3156.352539 95726.283215 100000.0 99361.091064 -3070.625038 3790.538101 2864.821777 -100000.0 7345.694541 2407.60431 -3668.966103 6191.557312 2787.945557 -92019.635841 100011.710408 -7.423483 -4442.718544 6310.694275 2025.45166 -99472.75743 87365.838733 -17412.084109 -5280.306129 7037.851257 1873.92334 -99956.760672 100209.914215 -27252.223151 -4490.873756 6971.983032 1869.924316 -100000.0 100041.635363 -7920.468211
2151.186333 4432.937775 1882.7771 -10204.224045 100854.926488 68991.520915 2095.076256 6872.054138 2038.052979 65073.000385 100065.399789 56282.204452 2061.7416 7078.711548 3031.195068 98652.588136 100000.0 99953.50209 1695.791893 7360.339966 1990.072021 96409.212705 100000.0 99991.259278 1372.156334 7160.74646 3156.352539 95726.283215 100000.0 99361.091064 -3070.625038 3790.538101 2864.821777 -100000.0 7345.694541 2407.60431 -3668.966103 6191.557312 2787.945557 -92019.635841 100011.710408 -7.423483 -4442.718544 6310.694275 2025.45166 -99472.75743 87365.838733 -17412.084109 -5280.306129 7037.851257 1873.92334 -99956.760672 100209.914215 -27252.223151 -4490.873756 6971.983032 1869.924316 -100000.0 100041.635363 -7920.468211
2151.186333 4432.937775 1882.7771 -10204.224045 100854.926488 68991.520915 2095.076256 6872.054138 2038.052979 65073.000385 100065.399789 56282.204452 2061.7416 7078.711548 3031.195068 98652.588136 100000.0 99953.50209 1695.791893 7360.339966 1990.072021 96409.212705 100000.0 99991.259278 1372.156334 7160.74646 3156.352539 95726.283215 100000.0 99361.091064 -3070.625038 3790.538101 2864.821777 -100000.0 7345.694541 2407.60431 -3668.966103 6191.557312 2787.945557 -92019.635841 100011.710408 -7.423483 -4442.718544 6310.694275 2025.45166 -99472.75743 87365.838733 -17412.084109 -5280.306129 7037.851257 1873.92334 -99956.760672 100209.914215 -27252.223151 -4490.873756 6971.983032 1869.924316 -100000.0 100041.635363 -7920.468211
]