11-08-20_Colby_4KDepth.snake_below_blue_chair.0000000005 [ 2401.964417 3615.252609 -563.188477 2133.396759 5147.796478 -2088.617554 2065.421753 5963.705139 -1703.882446 0.0 0.0 0.0 1392.629089 6462.93335 -2277.109985 0.0 0.0 0.0 1655.027924 6132.869263 -2012.265625 0.0 0.0 0.0 -2097.543335 3698.958092 2959.455566 -2814.642029 5785.693665 2964.023438 -3504.309692 5863.360901 2280.604248 0.0 0.0 0.0 -4114.708557 5913.96637 1492.919922 0.0 0.0 0.0 -3234.194336 6879.772949 2597.164307 0.0 0.0 0.0
2480.823021 3784.501038 -637.89917 2082.226982 5215.775757 -2313.449097 2239.630241 6089.649658 -2037.835083 175.905914 31.746521 -273.514404 1499.036446 6346.274719 -2726.394653 108.104782 -210.856628 -388.846436 1693.642159 5730.246887 -2808.069458 40.311661 -496.820374 -735.365601 -2140.53257 3881.768646 3069.70459 -2936.99894 5993.352661 2847.180176 -3619.939613 6496.622314 2315.739746 -113.932495 539.063416 95.57373 -4228.840675 6693.748779 1514.493408 -112.434692 685.584412 82.011719 -3611.151772 6497.532349 2105.358887 -375.26001 -476.438599 -431.367188
2549.966278 3816.806335 -615.057983 2124.127197 5117.548828 -2387.127075 2147.900391 5953.629761 -2792.784424 -48.775024 -148.270874 -728.616333 1370.055313 6643.059387 -2704.519043 -86.026306 284.533691 48.208618 1560.546875 5954.248962 -2658.079834 -90.140457 211.751099 176.322632 -2164.596405 3940.693054 3046.401367 -3024.400482 6022.412109 2784.841309 -3712.038422 6576.84967 2314.106445 -49.143982 67.976379 24.699707 -4310.495453 6820.092468 1517.862549 -38.699951 114.092712 29.702148 -3746.969757 6606.750793 2141.555176 -92.863159 96.967468 62.529297
2580.480728 3862.535095 -566.771851 2135.646133 5145.201263 -2354.282227 2117.79274 5953.972778 -2816.883545 -12.51709 -24.648438 11.8396 1655.988617 6808.77594 -3203.637695 303.523865 140.725098 -463.179932 1534.40361 5948.50769 -2723.252563 -8.552704 -30.732727 -29.234009 -2187.308121 3965.029755 3010.330811 -3036.067581 6057.421265 2749.224854 -3732.927017 6604.894104 2278.635254 -3.298035 3.052979 0.467529 -4338.366776 6848.164062 1484.415283 -10.280762 3.080139 2.491455 -3803.780899 6601.391907 2077.166748 -39.220581 -30.350342 -28.449707
2650.94326 3900.706482 -514.533081 2193.897362 5162.222443 -2318.719482 2032.187157 5897.036133 -2871.235962 -67.724762 -72.651062 -3.358765 1479.324684 6524.459839 -3502.04834 -158.783112 -300.030518 -247.416992 1495.279427 5946.661377 -2843.428955 -21.243362 -17.56073 -69.182739 -2205.23777 3981.953125 2968.179932 -3055.276222 6077.104187 2699.898682 -3754.535866 6622.513123 2226.850586 -3.728027 1.904602 -0.791016 -4348.523293 6884.174805 1427.587891 7.724304 20.296326 -5.83374 -3838.415871 6629.40094 2048.537598 -16.75415 12.294617 22.364502
2649.008141 3923.940353 -489.978638 2198.852348 5170.229645 -2310.267334 2010.607262 5869.160767 -2901.73584 -0.718689 -42.791748 22.605591 1662.078972 6513.033142 -3652.88208 203.615494 -26.343079 -97.728271 1441.919365 5946.250305 -2904.607544 -32.498856 -15.327454 -8.07312 -2229.29203 3995.79689 2919.500732 -3081.370583 6090.650635 2629.614258 -3774.723549 6650.352783 2161.652832 0.673523 12.923279 -12.092285 -4396.346779 6908.536987 1380.656738 -26.96228 9.445801 6.174316 -3853.607826 6621.739807 1929.362793 5.66925 -22.577515 -66.069336
2644.79187 3936.885834 -486.395264 2195.033722 5180.965576 -2308.409424 2003.633575 5873.568726 -2906.33606 4.30481 -3.821411 28.7146 1643.472061 6499.515686 -3667.145386 -7.328415 -21.746826 19.051514 1438.128433 5950.26123 -2915.389404 7.487564 -4.218445 22.532959 -2239.615326 4002.761307 2903.085327 -3094.640045 6095.4953 2605.905151 -3789.801788 6654.77417 2140.036011 -3.799744 -3.807983 11.697998 -4414.911652 6914.315796 1362.22229 -7.286377 -2.450562 14.880371 -3869.254303 6630.745544 1914.671021 -4.367981 0.776367 18.623047
2619.095726 3978.920364 -397.575684 2108.769035 5172.424316 -2230.423584 1955.059471 5844.052734 -2858.704834 -8.575439 -36.937256 87.349854 1812.448845 6569.624329 -3598.989868 208.975449 62.687378 107.874146 1443.50544 5858.279419 -2880.029297 45.375671 -99.403076 75.078735 -2253.219643 3982.8582 2901.500244 -3089.209023 6066.38916 2537.148438 -3831.691322 6586.22345 2105.32959 -1.890869 -75.971985 5.012207 -4514.917336 6886.484375 1397.651367 -60.007019 -35.252686 75.147705 -3616.904945 6583.846436 1759.024658 292.348022 -54.320374 -115.927734
2561.777077 3975.751801 -291.444092 2004.176521 5157.355804 -2096.065674 1770.827522 5737.511597 -2777.644043 -114.728088 -91.680908 66.160889 1729.598427 6581.942139 -3379.798584 -13.346558 27.17804 204.291382 1298.252983 5848.709106 -2915.528564 -75.748596 5.289917 -50.39917 -2312.443352 3829.55452 3011.075439 -3111.228142 5876.569519 2499.307861 -3876.632195 6189.024963 1943.945312 24.562988 -382.338257 -176.28418 -4635.763054 6803.686218 1649.317627 -51.341858 -67.937927 236.766357 -3237.599297 6219.312439 1670.119629 448.809509 -349.673767 -103.804932
2485.948296 4013.266525 -158.422852 1921.434593 5322.236176 -1846.600952 1689.452019 5676.389618 -2660.389404 -20.666962 -71.742706 93.007812 1695.091209 6524.03717 -3244.403076 26.201324 -68.525696 111.148682 1177.454567 5961.275635 -2772.88147 -60.089874 101.945801 118.400269 -2321.372719 3738.778229 3094.981689 -3243.198586 5610.126343 2285.847168 -3632.884865 5455.868988 1391.468506 304.455872 -743.776703 -576.723633 -4427.574806 5205.634003 817.358398 268.89679 -1608.672943 -856.206055 -3505.076332 5456.523438 1145.865479 -206.768494 -773.409729 -548.500977
2489.406567 4036.100998 -122.163086 1787.05946 5163.372803 -1874.932861 1633.96162 5596.098785 -2664.179688 -40.740814 -95.488892 22.412109 1668.464031 6457.294312 -3218.097534 -11.877594 -81.940918 52.507935 1145.866833 5848.743286 -2821.140747 -16.83815 -127.730408 -22.056885 -2356.272449 3718.549805 3046.595459 -3361.441517 5220.256958 1745.072021 -3618.440723 4786.533661 901.121826 29.193726 -684.533386 -464.144287 -4388.045521 4439.735336 351.950684 54.27887 -781.096725 -439.205322 -3248.870411 4695.440826 648.441162 270.955505 -776.28067 -471.221924
2489.75708 4054.129639 -120.690918 1676.217346 5134.900818 -1831.096802 1565.06958 5558.928986 -2623.254395 -68.63266 -51.921692 95.455322 1602.066498 6383.208923 -3215.979004 -66.138153 -88.83728 56.64856 1105.818787 5812.320404 -2813.944702 -39.788666 -51.174774 61.726074 -2330.352325 3813.586044 2704.199219 -3241.692352 4438.364334 792.218018 -3286.242218 3702.524834 154.395142 332.457886 -1098.760719 -692.196655 -4173.612518 3266.961261 12.767334 214.692383 -1187.525967 -284.65332 -3192.509308 3588.149681 52.281494 56.620483 -1122.043037 -541.629639
2458.828678 4048.70018 -141.522217 1540.778446 5162.79892 -1777.525024 1487.575397 5499.412842 -2616.818848 -64.202957 -34.563446 55.275879 1541.241398 6318.171692 -3216.816406 -47.533875 -40.084534 48.00293 1047.33469 5711.482544 -2878.741455 -45.192871 -75.885162 -15.956421 -2435.362911 3780.277939 2385.534668 -2918.082638 3842.720947 230.32959 -3084.351559 2967.776527 -167.30835 215.181885 -709.795609 -272.863159 -3506.305599 2093.692703 69.775391 680.598145 -1148.31586 105.848389 -2957.828121 2857.823448 -419.179688 247.972412 -705.373535 -422.62085
2463.92046 4048.082047 -179.431763 1439.062519 5140.062408 -1782.223511 1455.657368 5474.496002 -2629.129028 -42.401352 -21.341705 38.934326 1479.379673 6287.437134 -3247.926636 -72.345047 -27.159424 20.134277 999.667072 5638.009491 -2943.656616 -58.15094 -69.897919 -13.670654 -2550.067883 3769.267731 1925.962524 -2765.821362 3111.662807 -184.793701 -2677.113171 2210.244751 -560.409546 396.755066 -753.956642 -341.856689 -2720.103893 1208.515778 -621.187134 775.718384 -881.601791 -639.718018 -2549.079113 2060.656204 -436.99585 398.265686 -793.59211 33.428345
2421.951733 4033.794174 -139.325562 1372.78265 5099.257507 -1717.360229 1319.418774 5427.562408 -2556.404419 -90.65033 -43.11676 96.80481 1239.00259 6145.20813 -3266.54541 -194.788818 -138.41217 5.461426 875.579433 5588.948822 -2849.93103 -78.499374 -45.243835 117.805786 -2766.680317 3630.050316 1711.967773 -2857.089252 2688.182259 -275.81604 -2791.266193 1726.616669 -400.227051 -68.564758 -479.811249 184.262695 -2841.321735 743.757324 -550.391235 -75.629578 -460.94162 94.876099 -2595.397053 1611.499786 -817.633057 -0.729675 -445.339584 -356.557007
2425.343304 4018.996582 -93.977661 1354.770565 5037.853546 -1695.038452 1215.342693 5397.15744 -2513.439941 -91.292114 -16.814575 61.381226 1128.595028 6033.144226 -3299.841919 -97.623596 -98.473511 -14.879761 827.806377 5611.922455 -2759.765625 -34.98909 36.564026 108.582153 -2891.475697 3486.521645 1108.361816 -2719.716663 2123.786316 -618.485107 -2672.504749 1151.093292 -600.03418 131.54541 -561.932983 -181.390381 -2568.554249 163.877258 -499.239502 285.551453 -566.289673 69.568481 -2328.920307 1074.263611 -951.922607 279.260712 -523.645782 -115.872803
2359.787388 4010.034103 -62.592163 1338.04491 5030.270386 -1668.151855 1150.152073 5391.479797 -2466.842041 -26.255341 -15.765533 62.323608 1058.082905 6029.945068 -3238.778076 -31.576843 -13.287048 76.789551 770.079098 5632.382202 -2675.498047 -18.792 10.371857 99.993286 -2973.899136 3258.634415 677.661743 -2623.012905 1734.713287 -850.736084 -2575.910854 776.357269 -745.540161 135.529175 -384.823914 -129.780273 -2534.73135 -198.600769 -585.809937 72.758179 -372.565918 -70.844727 -2272.177486 806.733246 -918.436279 95.678101 -277.618256 49.212036
2323.317871 4021.839905 -9.684448 1339.882278 5037.444305 -1633.606567 1134.568176 5399.381256 -2424.736328 13.061981 -9.869537 48.112793 1014.485168 6005.090332 -3215.209961 -14.951859 -42.625732 29.575195 740.822716 5644.818115 -2616.953735 -0.610504 -5.335083 64.551392 -3021.212006 3049.472504 321.818237 -2434.472351 1490.533752 -1085.047607 -2530.377655 561.448364 -852.77771 74.179077 -232.679901 -101.230469 -2266.599274 -385.666199 -778.634644 296.777954 -204.836426 -186.817627 -2179.198456 676.342773 -880.393677 121.624908 -148.161469 44.049683
2318.508272 4026.27121 -2.542725 1336.143084 5041.877594 -1627.593994 1131.223497 5404.42215 -2418.718262 5.244675 3.226318 2.453613 1011.022844 6011.329651 -3208.470459 5.127029 4.424744 3.175049 736.807871 5648.165894 -2611.509399 4.574509 1.533203 1.879883 -3026.186857 3034.756775 304.928589 -2427.22415 1472.883911 -1094.083252 -2511.25186 540.473633 -870.006104 27.715149 -22.789307 -20.792847 -2219.024076 -399.995422 -819.486694 56.164551 -16.143799 -44.416504 -2156.627989 657.107544 -918.087158 31.159821 -21.049805 -41.257935
2317.396998 4045.938568 157.930908 1271.108546 5062.74704 -1422.127075 1185.543132 5348.854828 -2263.581543 72.767792 -52.84729 152.266235 922.322154 6009.483643 -2969.381104 -70.252533 0.874023 236.218872 724.114146 5612.509003 -2509.994507 5.754433 -32.936859 98.644409 -2803.660588 2832.965279 -187.852783 -1949.772954 1168.127594 -1302.407227 -1984.437261 249.242859 -1021.883545 545.262756 -288.510742 -154.747925 -1789.342809 -685.448914 -1263.099976 448.129425 -282.733459 -446.483765 -1670.301976 374.136047 -1279.53186 504.77417 -280.251465 -364.315186
2345.033236 4065.506744 179.238892 1272.952013 5074.603424 -1402.783813 1193.62462 5373.731689 -2244.954834 10.853119 18.614044 33.711548 918.361101 6016.69281 -2969.190674 -1.189423 0.94635 15.275269 719.718142 5603.642578 -2505.617065 -1.624374 -15.129242 19.46228 -2726.541166 2776.578255 -295.385132 -1729.678373 1160.686188 -1383.770142 -1592.21179 231.765747 -1156.851196 394.997101 -23.739929 -119.882812 -1391.615629 -713.269043 -942.254028 400.49881 -34.082947 335.930786 -1364.98538 298.334045 -1424.678345 308.088226 -82.064819 -130.061646
2347.240057 4055.669861 196.246948 1258.576345 5066.284637 -1375.753174 1172.621298 5361.723633 -2219.320068 -13.969421 -2.476196 18.922119 911.590567 5998.625793 -2955.177612 0.263367 -8.535156 7.300415 714.034948 5594.948883 -2481.453247 1.350708 0.838165 17.451172 -2625.326166 2834.08432 -336.655884 -1512.287989 1248.927307 -1359.064331 -1431.222315 296.369019 -1214.842529 168.023376 74.135132 -64.703979 -813.190241 -477.455444 -1202.972412 585.45929 245.345459 -267.43103 -1118.012476 217.504883 -1418.55957 254.006805 -71.297302 -0.593872
2347.577276 4047.674713 184.954224 1233.133764 5096.414795 -1354.396362 1174.591513 5352.85553 -2216.312866 4.771271 6.69281 17.803345 878.656301 5987.627563 -2945.74707 -30.133209 4.562683 24.226685 680.238066 5602.407532 -2479.840088 -30.995827 23.019562 16.409302 -2562.054529 2868.051453 -271.592407 -1373.747492 1355.225983 -1334.96582 -1277.131128 389.786987 -1343.363647 156.892242 108.978882 -113.724976 -819.367762 -382.544556 -916.82251 -3.376465 110.471802 300.946045 -943.007593 505.625916 -1472.733765 177.805939 303.681946 -39.378052
2367.247643 4055.804138 173.536987 1218.078942 5127.274933 -1340.669556 1188.659158 5353.598633 -2217.380981 9.076538 -8.479614 11.148682 861.582742 5971.318359 -2955.545654 -22.064667 -25.531921 2.418213 686.259522 5606.510773 -2496.098633 1.03035 -5.119476 -4.041748 -2491.621833 2969.750309 -227.619019 -1354.761939 1371.567078 -1245.525513 -1304.776435 397.45697 -1236.351929 -32.636414 -1.552734 119.228516 -891.40882 -391.965027 -784.235229 -77.032166 -18.643188 144.804077 -977.102714 561.660461 -1444.835815 -39.086227 46.811829 40.114746
2359.089618 4062.250824 187.695312 1208.411212 5159.910126 -1320.449219 1188.769641 5358.219452 -2208.272705 22.588882 5.727081 -8.52417 832.552295 5983.747253 -2932.409058 -6.552048 13.535156 5.50415 647.550044 5603.02597 -2490.004272 -16.231079 -2.37854 -11.538086 -2510.889783 3078.845892 -107.996216 -1429.625592 1532.275543 -1276.235962 -1559.034314 563.33313 -1210.963745 -231.77948 166.982422 7.755737 -1532.404828 -225.355835 -590.860596 -618.517609 167.715454 175.742188 -1322.021832 645.645447 -1440.157471 -322.44072 85.091248 -12.954102
2378.921475 4101.328888 194.360352 1225.534253 5206.909332 -1320.261841 1202.198758 5376.558075 -2218.078613 11.897278 3.536377 -17.071533 841.117597 6016.048584 -2934.049072 7.033463 17.499084 -8.90564 633.693166 5612.343292 -2500.910645 -15.388718 -5.484924 -18.171997 -2522.25986 3225.625038 94.453125 -1633.574862 1784.284973 -1355.701294 -1997.899356 899.852142 -1124.294434 -440.396881 321.716766 79.403687 -2123.732638 -31.648865 -759.859619 -592.85965 178.904724 -176.264648 -1845.28934 819.890442 -1328.074951 -524.799347 159.442749 104.816895
2394.960389 4111.865463 219.368286 1245.858445 5222.37854 -1288.618164 1202.499681 5363.740387 -2188.764648 -1.925125 -3.815002 -5.305786 842.320542 6006.178589 -2899.653931 -1.023102 -0.86731 -0.224609 637.272439 5602.16629 -2466.374512 1.353226 -1.174316 -0.083618 -2487.673278 3464.621487 436.399536 -1806.063781 2106.20842 -1188.659058 -2238.904662 1250.477905 -976.334229 -243.231354 359.628448 113.340454 -2533.470702 310.031128 -773.482666 -411.964111 350.682678 -48.242798 -1971.569304 1134.094543 -1307.962646 -128.506012 323.206787 -14.507446
2403.268852 4131.105957 212.731323 1257.103462 5233.792877 -1301.099854 1209.92733 5370.324554 -2201.187744 0.705338 2.352905 -17.164307 881.704597 6022.235413 -2917.925415 32.661743 11.825562 -23.012695 643.334923 5607.12204 -2478.726807 -0.659828 0.724487 -17.093506 -2436.444435 3530.175934 506.45813 -1849.013252 2145.498962 -1131.140137 -2271.323738 1280.640106 -938.517456 -39.141388 25.930939 33.075562 -2573.465004 331.754456 -799.432983 -46.716614 17.492065 -30.691528 -2036.082344 1161.913147 -1326.358032 -71.235352 23.587341 -23.136597
2431.972222 4125.180435 198.903809 1270.493646 5206.404877 -1309.806519 1223.690896 5360.153961 -2204.534912 3.0233 -5.087585 -14.140015 905.054498 6008.913879 -2924.360352 12.609634 -8.238525 -17.227783 672.025819 5595.069427 -2483.604736 17.95063 -6.969604 -15.670776 -2390.478492 3686.994781 810.045166 -1782.163062 2286.169586 -797.460938 -2141.047034 1381.012421 -697.833862 119.536438 105.455322 229.890747 -2493.866706 1008.031311 -1559.086304 68.858032 681.359863 -770.446167 -1840.407691 1049.061127 -839.091797 184.934387 -107.769012 476.473389
2426.945262 4117.815399 184.057007 1263.653941 5198.412781 -1322.387085 1220.134883 5346.78894 -2217.805786 -3.22052 -3.029327 -18.275146 900.192561 6004.630432 -2928.147583 -4.526443 6.052246 -8.791504 679.801059 5589.811096 -2500.733032 8.110733 5.077362 -22.132568 -2370.758748 3714.067268 866.697388 -1779.978566 2487.513351 -882.27356 -1626.805043 1543.950958 -673.789062 514.577484 173.274231 19.040527 -1911.274495 1652.801514 -1628.644409 582.927704 655.105896 -74.562378 -1701.857686 1293.720245 -1306.241455 138.885498 254.994812 -472.153931
2453.870821 4145.257187 152.670288 1229.537325 5182.342682 -1336.432495 1218.013964 5326.266785 -2233.718872 -7.717285 -13.829651 -45.635986 919.909029 6015.760193 -2923.499146 14.120102 17.822266 -25.074463 712.125978 5587.428741 -2538.47229 26.728554 4.31015 -67.462158 -2392.465696 3767.751732 1187.885132 -1643.21826 2802.891884 -661.906738 -1683.848753 1916.252441 -249.852905 -62.640076 378.993988 394.213257 -1460.352659 1747.871246 -1212.435303 445.32547 101.762238 386.486206 -1585.579557 1590.986481 -864.165649 110.681763 303.95874 412.352905
2459.282207 4129.08371 140.535889 1262.66943 5184.183807 -1352.312012 1238.059597 5323.5495 -2248.300781 16.530914 1.873169 -21.988525 939.596767 6016.276245 -2931.785889 16.173019 5.106506 -15.693359 715.520954 5578.117523 -2544.186401 -0.119743 -4.720764 -13.120728 -2380.068989 3777.841301 1330.841064 -1652.370472 2955.038013 -589.780273 -1805.502186 2152.433243 -54.712524 -125.168152 240.771255 187.733765 -1533.530445 1715.848236 -912.887573 -76.692505 -27.432556 292.141113 -1562.139912 1729.363251 -851.542358 19.924927 142.967224 5.216675
2469.456797 4108.192062 171.78772 1316.088572 5175.239868 -1348.410645 1244.883738 5303.792267 -2244.11438 13.829269 -6.979828 -18.475952 969.046412 5994.216309 -2940.291748 36.454773 -9.282532 -31.168213 711.325464 5582.69165 -2510.222168 2.809639 17.351532 11.30188 -2365.722647 3816.006355 1460.85083 -1700.729361 3100.847855 -526.096802 -2051.504354 2389.291077 44.684448 -238.99704 249.635239 76.734619 -1690.629263 1855.932617 -721.882324 -150.093689 152.861786 168.342896 -1656.275473 1811.811981 -585.880737 -87.130432 95.226135 242.999268
2551.76827 4101.755371 258.117676 1372.072072 4974.213715 -1370.084229 1259.386373 5200.708771 -2244.172363 25.255127 -120.009155 -31.289673 1097.909474 5797.550049 -3056.798706 139.615555 -213.591919 -147.738647 769.314656 5499.773407 -2479.032593 68.741684 -99.843903 -0.042114 -2331.740947 3855.538559 1724.60083 -1794.256358 3426.39843 -385.671997 -2220.186076 2553.075562 -259.790039 -157.92923 146.858826 -335.706177 -2195.005717 2038.691864 -1121.268921 -493.623962 165.833588 -430.618286 -2150.737834 2273.955231 -492.060547 -483.709869 445.21759 62.588501
2567.537143 4046.070862 406.472168 1358.150699 4674.651337 -1261.626587 1273.307788 4903.751068 -2121.940308 75.33577 -310.62561 77.426147 987.594363 5510.655823 -2868.383179 -48.900757 -300.562134 143.609619 735.498111 4918.721161 -2421.289062 27.597809 -594.720154 12.937622 -2362.397855 3837.592163 2048.280029 -1972.848599 3534.871483 -76.600342 -2510.456326 2738.378601 -138.528442 -228.855896 171.635132 76.455688 -2658.684171 2493.135223 -1082.426147 -402.264099 440.775452 -5.963135 -2379.422391 2500.58075 -691.654053 -167.270203 212.957611 -244.399414
2658.166757 4044.004593 585.526733 1399.774423 4430.243301 -1104.516602 1301.347299 4571.249695 -1977.105713 34.479904 -363.534698 123.880615 1178.028665 5501.805573 -1638.187256 196.874695 -39.883575 1209.241943 701.887078 4536.715469 -2201.452637 -27.170639 -413.039017 198.882446 -2394.6137 3850.686302 2034.215698 -1931.984763 3714.746361 -80.822754 -2521.622519 3148.605309 -579.639282 -4.7258 379.193382 -462.064819 -3093.932242 2387.221527 -814.282227 -428.807678 -136.947021 247.189941 -1940.155845 3076.150761 -560.599976 445.70694 544.536686 110.100098
2797.836348 3630.044632 530.81604 1296.03932 3789.759483 -935.172119 1209.91841 3161.774659 -333.671875 -80.547028 -1361.541991 1738.763428 672.741667 2796.473236 400.836792 -494.405136 -2657.399292 2134.353638 594.863096 3223.328338 -1456.35376 -96.14212 -1265.454087 840.428467 -2501.685137 3608.594856 1784.028931 -1677.5497 4056.755905 -129.82666 -2504.4424 3781.709862 224.91394 28.061981 681.037598 899.882812 -2031.654619 3790.853958 -614.940796 1073.159485 1451.565475 294.671021 -1822.341417 3550.347328 535.57312 128.696289 522.129612 1191.502686
2802.040133 3601.399574 466.398926 1288.096805 3570.415115 -1008.911133 1258.051791 3054.127026 -299.732056 86.783295 -125.711904 33.310547 701.798816 2801.522446 472.830811 67.707062 -13.01506 71.364746 680.697207 2877.050858 -1466.703491 124.484024 -364.34175 -10.979004 -2605.067868 3586.449089 1705.383301 -1638.646512 4086.588211 -138.33313 -2505.495877 4100.192566 237.862549 37.596436 300.418434 12.319336 -2090.728269 3977.00943 -628.188477 -20.423737 168.091202 -13.876953 -2055.887876 3926.393585 -568.986206 -194.896545 357.981987 -1105.188599
2771.71309 3622.547684 379.528809 1069.9861 3284.956193 -890.912476 441.112504 2968.226128 -342.10083 -825.684814 -106.505146 -59.631958 -37.334132 2927.41394 537.104492 -747.878475 105.287247 47.010498 188.725991 3098.744555 -1736.420898 -500.716743 201.089449 -286.980591 -2403.873458 3717.259941 1782.043457 -836.979842 4039.76799 304.713135 -993.248992 4037.405014 1253.1604 1503.501358 -83.3918 998.034668 -677.352386 3673.732414 394.343262 1404.630356 -323.881264 1005.268555 -1389.560409 3756.451263 -360.112305 657.58194 -190.54657 191.610718
2860.380695 3479.836006 68.530884 1240.565174 3187.197833 -1332.910767 986.932056 2752.378654 -589.84375 525.410614 -226.083679 -215.248413 697.985446 3024.536915 335.785522 714.910641 86.886768 -168.824463 515.094821 3009.720535 -2056.858521 305.959892 -99.260225 -287.943115 -2259.990857 3871.600189 1245.014038 -888.3336 3726.241341 -454.978638 -1090.425503 3233.405554 351.349487 -117.585449 -814.235666 -869.316406 -961.797421 3539.983444 -581.112671 -304.853973 -143.985176 -942.961426 -526.797535 3513.747807 374.985962 842.353935 -252.939663 767.592773
2777.009635 3396.74572 25.672607 1036.271644 2937.097206 -1162.877808 852.991614 2512.206268 -396.013184 -111.508408 -220.644493 139.998169 636.368384 2958.698521 477.977295 -39.185028 -46.310501 88.359375 371.449714 2830.892906 -1869.428711 -121.213074 -159.299736 133.597412 -2215.784249 3928.580704 1511.865234 -676.667924 4099.228516 -29.13269 -95.58259 4129.273376 739.927979 1017.274947 915.395715 334.746094 -688.733697 3834.643059 6.906738 295.495758 314.187508 534.187012 -1245.170312 3524.279423 177.736206 -695.940742 30.059509 -251.082153
2780.739958 3317.335014 -158.773193 995.876067 2817.200851 -1269.258423 722.422926 2383.041306 -533.383179 -163.868408 -137.708664 -106.229248 256.423724 2409.93721 358.529663 -413.244381 -557.305012 -88.306885 37.799103 2538.74054 -1729.72168 -366.950331 -300.696068 170.847778 -2068.142641 3947.953949 1094.066772 -653.910043 3652.326622 -549.27002 -292.330091 2843.676338 -164.105835 -230.047221 -1294.140739 -872.893066 -613.979433 3679.034843 -585.780029 41.454544 -164.151917 -561.546021 237.070029 3743.759079 -815.202637 1448.94062 210.935955 -961.798096
2706.945624 3253.385916 -274.529419 875.786109 2790.94696 -1329.208374 583.714232 2235.037537 -687.167969 -126.358147 -155.708542 -153.829956 15.962219 2306.937637 142.354736 -228.110957 -110.704346 -216.220093 -211.598744 2481.157455 -1565.892944 -237.0473 -65.287857 163.783569 -2059.706597 3979.965363 1059.588013 -571.919541 3550.765419 -489.875488 42.553563 3117.636595 118.306885 347.234201 266.255484 282.367554 -603.12716 3717.948875 -333.323975 23.20282 31.209259 252.410889 271.709762 3696.86367 -1419.37561 46.99028 -54.600182 -604.21814
2706.992102 3253.21411 -274.480591 875.829611 2790.840454 -1329.202271 584.121313 2234.324722 -687.516479 0.442696 -0.662155 -0.692139 16.510801 2305.430984 142.176514 0.584197 -1.455994 -0.521851 -211.585855 2480.728378 -1565.563354 0.048504 -0.378418 -0.014038 -2059.230127 3980.059814 1059.202881 -571.251993 3550.152721 -489.894409 42.341704 3114.873819 117.646484 -0.176244 -2.712116 -1.004028 -602.592783 3719.804039 -328.869629 0.569992 1.905823 4.110718 274.882669 3690.28553 -1419.65271 3.208523 -6.527481 -0.620728
2778.16896 3260.873929 -218.106689 859.992766 2719.749718 -1054.381714 496.136146 2171.363907 -444.382324 -77.159157 -70.082703 235.073853 -247.640061 2227.622452 232.053833 -253.324852 -84.93042 81.817017 -84.575753 2451.908264 -1515.020142 137.836113 -35.942001 42.48291 -2162.709489 3994.469452 1235.435791 -727.527299 3208.506331 -218.216553 -391.191163 3245.49454 686.779785 -422.706857 123.498833 561.072998 -659.311891 3395.484819 -254.089355 -45.893097 -331.441107 66.719971 468.986106 2682.881279 -314.591064 204.929447 -1014.526138 1097.001343
2778.617079 3260.892656 -217.667847 860.566695 2720.175552 -1054.375 496.926444 2170.663986 -445.288696 0.568619 -0.437164 -0.493164 -247.158277 2225.004501 230.932007 0.260105 -2.355194 -0.708618 -83.006933 2451.879044 -1516.682739 1.347141 0.233536 -1.24939 -2164.680345 3993.984451 1238.790894 -728.749864 3210.99649 -215.657349 -395.065248 3248.778868 690.265503 -4.095764 3.547084 3.898926 -660.892503 3398.546696 -251.266479 -1.802292 3.324633 3.236084 470.538352 2689.076691 -305.256348 1.330566 6.458168 9.747925
2778.617079 3260.892656 -217.667847 860.566695 2720.175552 -1054.375 496.926444 2170.663986 -445.288696 0.0 0.0 0.0 -247.158277 2225.004501 230.932007 0.0 0.0 0.0 -83.006933 2451.879044 -1516.682739 0.0 0.0 0.0 -2164.680345 3993.984451 1238.790894 -728.749864 3210.99649 -215.657349 -395.065248 3248.778868 690.265503 0.0 0.0 0.0 -660.892503 3398.546696 -251.266479 0.0 0.0 0.0 470.538352 2689.076691 -305.256348 0.0 0.0 0.0
2725.43416 3326.615534 -136.887817 877.946978 2782.513351 -1123.626099 583.569841 2234.766541 -475.176392 136.034813 53.734512 -58.752441 -132.412505 2320.600433 229.377441 164.137187 85.22789 -30.419312 1.041622 2557.700577 -1623.308716 133.43997 95.453491 -135.490723 -2577.710524 3842.559433 1433.792114 -864.886885 3770.345268 68.786621 -339.241247 3973.960114 854.924927 105.215416 714.813204 135.794678 -858.858061 3938.294373 11.880493 -148.574142 529.379635 234.282227 -865.722837 3444.069462 824.376831 -1286.869774 744.624729 1100.768433
2777.73715 3346.989403 -154.84436 902.787428 2820.712738 -1131.965332 520.846777 2270.889053 -523.637085 -82.017326 33.765335 -53.74939 -307.283678 2330.063934 60.349731 -194.165435 7.106323 -174.316406 56.318464 2671.582947 -1652.299805 35.98258 111.525192 -34.279785 -2443.387117 3895.761909 1308.765869 -764.582796 3651.816788 -101.987305 -643.311396 3606.793404 863.353271 -323.36441 -369.523888 3.139648 -535.745745 3775.256462 -114.154663 303.818054 -165.395088 -131.323853 -241.792459 3382.934809 754.764404 604.636116 -63.491831 -74.901123
2782.791028 3380.587177 -100.976562 943.873487 2872.238884 -1163.188477 569.612546 2384.834518 -496.658936 17.880592 128.931732 45.628662 -248.679671 2355.850601 107.073364 27.71883 40.772934 65.374146 129.825368 2645.008354 -1669.454346 42.621727 -11.588326 1.495972 -2282.644916 3902.793312 1077.767944 -810.660586 3655.488663 -553.771362 -693.096652 3339.756436 362.382202 -80.670433 -252.0507 -482.320557 -659.437556 3525.691833 -619.557495 -154.576988 -234.578362 -486.752319 -1172.386661 3648.807068 100.667114 -961.479378 280.858526 -635.446777
2775.53369 3384.829369 -90.518799 942.101302 2877.23793 -1155.488281 560.980773 2397.30629 -489.368896 -0.957565 18.792572 20.834351 -272.367177 2399.728394 91.315308 -16.013298 50.198593 -2.213745 117.976584 2640.245476 -1649.797363 -4.174576 1.557922 33.201294 -2270.735078 3908.121338 1091.722412 -794.754014 3646.132774 -529.151001 -669.63099 3263.480755 358.406982 31.13987 -69.95488 9.569092 -651.550393 3514.419212 -607.748413 15.561371 -4.95182 25.353394 -1192.643266 3641.816711 32.1875 -12.582397 -0.669556 -54.935303
2716.717148 3431.301384 -13.430786 892.555313 2916.402893 -1060.621948 446.37619 2355.532761 -517.831421 -91.883316 -45.635223 -42.303467 -558.370438 2428.373642 -572.232666 -263.281994 24.783554 -677.388916 113.486671 2577.696838 -1509.942017 18.231354 -66.410332 126.014404 -2180.759964 3961.844711 1134.414673 -632.588844 3626.462898 -381.981201 252.456741 3492.060509 -13.62854 944.808998 224.718059 -385.876465 -566.574783 3606.605644 -560.806885 107.696877 88.324738 33.100586 -284.090767 4037.444229 277.045288 931.273766 391.765823 231.016846
2705.960135 3453.977127 56.617432 883.984733 2922.76989 -973.479614 303.812156 2403.106079 -529.555664 -153.861771 62.33345 -25.996704 -128.658676 2795.816307 -1348.575439 418.414025 382.202797 -790.615234 220.108562 2550.633469 -1517.687378 95.324154 -12.303238 -22.017822 -2115.676827 3965.451279 1058.150024 -577.641435 3663.679733 -466.663208 159.037414 3318.312492 52.757568 -104.717064 -158.987885 52.113647 -42.060261 3540.416775 -889.592896 513.216786 -51.428738 -343.058472 292.174697 3863.236351 289.348755 564.967728 -159.447746 -1.968994
2702.418518 3469.456425 75.962524 858.819733 2911.364861 -908.109131 373.334084 2321.160355 -436.503296 65.947762 -83.705368 84.6698 -269.758987 2799.524231 -1047.30896 -144.674478 1.94828 292.883911 222.422371 2553.5009 -1513.982544 -1.260357 1.107788 -4.677734 -2119.486237 3969.866028 1069.933472 -584.71386 3757.198448 -478.345337 -154.196987 3356.7243 289.258423 -316.808567 36.652164 228.118286 127.095947 3519.153271 -646.481934 165.582042 -23.023148 234.728394 226.3064 3860.683136 489.662476 -69.442463 -4.312859 191.931152
2703.575325 3485.097694 155.828247 818.547478 2903.497581 -729.108276 418.342781 2418.224716 -88.7146 84.332237 84.426117 329.776001 -311.756496 2475.472794 602.871704 -2.673969 -336.689682 1632.167969 120.946388 2491.668701 -1465.564575 -62.152443 -74.470444 30.405273 -2211.284447 4012.55455 1229.761353 -665.526543 3833.697052 -310.513916 -898.745995 3728.455505 621.509399 -705.225468 359.09296 314.238281 85.673256 3633.984604 669.157104 -2.099152 102.193089 1297.626343 -77.288634 3973.167496 879.837036 -264.271494 99.846115 372.161865
2675.695515 3502.430286 110.982666 813.409595 2943.61969 -841.520386 369.079456 2469.53125 -220.394287 -38.796844 40.682755 -128.961182 -369.277763 2422.205353 465.178833 -47.054787 -63.89122 -134.974365 75.079632 2513.423843 -1556.815796 -35.400276 11.131363 -88.532715 -2298.299541 3973.294754 1223.591919 -800.556164 3929.800491 -377.01416 -1043.33395 4001.87027 557.108765 -134.121475 262.790985 -61.682129 -81.377752 3823.842964 718.156128 -156.584527 179.234581 51.717529 -240.141706 4051.887665 788.568726 -152.386593 68.09639 -88.549805
2683.407173 3519.595432 140.808105 849.971886 3015.316429 -901.223145 377.86129 2554.421692 -288.782959 11.76445 88.684082 -72.340088 -368.88546 2463.019104 385.359497 3.37492 44.607391 -83.770752 2.471457 2548.160477 -1517.510376 -69.625559 38.530273 35.354004 -2350.321159 3947.531128 1225.452271 -884.465218 4015.875244 -407.947388 -1106.001472 4217.065048 513.983765 -59.684906 218.988419 -47.076416 -175.578647 3939.28421 721.516724 -91.218278 119.234886 -0.59082 -445.23983 3983.375854 733.960571 -202.115507 -64.71817 -58.55957
2621.618166 3552.961369 100.722046 907.68384 3127.866478 -1165.918579 396.80871 2689.729576 -565.032349 45.702553 117.874718 -267.337646 -426.0851 2568.595123 12.196655 -30.444508 88.142853 -364.251099 137.02445 2874.063835 -1784.157715 161.308126 308.470192 -257.735596 -2462.04669 3902.251587 1270.05249 -978.340635 4147.305908 -336.665039 -1464.847441 4466.898193 441.081543 -332.090836 232.399979 -63.990479 -517.277365 4286.034393 685.482178 -314.943585 329.317017 -27.122803 -642.023611 4124.461746 789.16626 -170.028648 123.652725 64.117432
2749.332418 3615.505524 176.980591 1124.138556 3271.25947 -1215.685425 650.572042 2733.458252 -671.168823 215.051765 45.439796 -94.056396 -64.704058 2829.638481 35.285034 322.669475 262.754478 35.168457 345.452719 3164.95986 -1972.74353 169.716702 292.607145 -176.505737 -2428.110209 3840.963669 1222.546387 -980.15893 4311.146317 -359.0271 -1454.015665 4453.374786 474.206543 -27.879791 -11.812286 45.205078 -549.081125 4085.223999 650.24292 -70.515327 -199.099274 -23.15918 -625.564852 4125.582504 835.046387 -22.252808 2.831879 57.960205
2716.374102 3699.832764 265.412598 1021.116076 3343.65335 -1073.480225 711.643114 3001.404362 -290.339966 50.19455 277.849369 360.19043 402.722673 2563.235168 577.386475 456.55021 -256.500053 521.463013 464.487391 3274.656652 -1878.285522 108.15815 119.600051 73.81958 -2375.35594 3709.927979 592.259521 -880.037107 3790.770683 -1042.674561 -1317.758131 3684.758644 -173.758545 125.381012 -758.712883 -668.603516 -1784.063215 3488.401737 691.78833 -1245.858612 -586.919003 20.906982 -688.655615 3679.571915 -32.084351 -73.967285 -436.10733 -887.769165
2778.237104 3735.733109 413.991699 1069.393568 3596.92873 -892.935181 646.314116 3467.998428 -114.831543 -65.006638 449.260693 176.585083 163.710814 3012.480545 639.024658 -238.689499 431.912003 62.714844 125.603437 3557.365437 -1514.478149 -338.561592 265.375411 364.884033 -2383.078508 3744.985237 737.268066 -886.813021 3347.900786 -802.015991 -1293.946886 3826.508904 -71.351318 24.133606 124.416885 103.483887 -1723.632097 2941.95816 15.291748 60.753479 -563.776951 -675.419922 -994.855165 3027.773132 -1283.793945 -305.87719 -669.132156 -1250.632935
2720.828495 3720.417747 422.736206 952.593327 4012.309494 -717.490845 568.687305 3552.889214 -69.989624 -88.899536 124.09153 55.091553 -75.9725 3407.609549 666.625366 -250.95604 434.329748 37.850342 276.517887 3771.975327 -1409.082031 139.641724 253.810635 115.645752 -2586.614285 3788.440361 1429.364624 -1584.491177 2772.425003 -180.10437 -1659.909725 2313.917236 -1008.175049 -377.235565 -1473.390923 -926.574097 -1536.598568 2523.013535 -66.248169 175.760803 -379.743881 -71.290283 -1593.858089 2438.787689 -1288.039551 -610.27565 -549.784698 6.004028
2622.144127 3864.790688 484.087524 765.172234 4571.036606 -355.827026 607.576637 4310.958481 486.472778 33.523712 716.829338 586.074219 -21.230021 3545.955105 657.306519 49.37686 97.105627 20.292969 1037.790337 3713.344002 552.996216 755.90683 -99.871254 1991.690063 -2731.413307 3778.995628 1430.838013 -1751.356544 2348.394928 102.684326 -1957.232246 1817.574921 -675.493774 -302.688141 -537.582245 362.293091 -1989.533119 834.382935 -586.453857 -458.300171 -1729.870529 -490.593872 -1755.220375 1678.941345 -809.98291 -166.727905 -801.086273 507.668457
2673.513145 3806.223297 433.153076 1161.51989 4773.560638 -784.514771 1194.387016 5160.266876 28.064575 648.387527 892.225571 -453.435669 506.918869 5796.156921 -351.57959 589.726038 2293.118992 -1003.913574 613.561974 4809.502869 406.269531 -362.651215 1139.076042 -141.75415 -2838.984413 3627.760277 917.39624 -1935.392799 2273.620224 -557.144165 -2177.626076 1335.425568 -522.215576 -158.816681 -439.232178 158.250732 -2494.833717 394.222717 -529.845581 -443.72345 -397.243042 61.580811 -2183.567848 1133.549194 -745.817261 -366.770325 -502.474976 69.138184
2596.102009 3910.91568 394.319458 1167.82198 4947.407227 -880.751343 1072.169361 5484.46167 -160.020752 -124.039612 328.438263 -174.865723 693.374043 6070.511475 -896.137695 184.633217 278.598022 -531.338501 807.246952 5082.621613 448.186646 191.863022 277.362213 55.136719 -2935.860882 3388.403444 601.228638 -2019.463024 2058.233414 -899.349365 -2411.620922 1169.716949 -962.250366 -235.816803 -161.465149 -426.815186 -2453.332958 261.751404 -1371.94519 39.678802 -128.227844 -828.880005 -2506.889782 1173.551025 -1115.071411 -325.14389 44.2453 -356.034546
2536.993227 3991.039658 423.67981 1240.545473 5085.332489 -930.234375 1119.169817 5812.875977 -412.527466 42.409897 322.202759 -278.737183 781.435366 6232.260742 -1268.457642 83.470764 155.53772 -398.550415 903.842897 5398.569336 373.087769 92.005386 309.736176 -101.329346 -2890.132322 3390.089216 597.212524 -2237.798185 1961.154327 -940.311279 -2465.811796 1018.188629 -957.125244 -58.781433 -157.739868 -21.105347 -2492.771482 104.150391 -1346.696777 -44.029083 -163.812561 -0.982056 -2624.539671 1045.602112 -1124.171143 -122.240448 -134.160461 -35.3302
2469.811897 4079.110031 399.876709 1323.32859 4939.100037 -1235.968628 992.84771 5591.84082 -1765.119019 -109.574127 -245.172119 -1346.646118 637.210808 5585.097504 -2713.850098 -127.476578 -671.300201 -1439.447021 793.922768 5506.218414 -300.836182 -93.17215 83.512115 -667.978516 -2958.613396 3389.295788 587.373047 -2355.940514 1913.821411 -932.583618 -2487.76226 999.169159 -630.557251 -5.202484 -43.156433 332.513428 -2535.805779 151.087646 -1150.482178 -26.286316 22.800293 202.160034 -2827.039604 1035.092163 -1194.486084 -185.751953 -34.646912 -64.369507
2436.850014 4178.987427 404.232178 1239.350624 5076.479187 -1171.856079 1048.538933 5562.830658 -1907.539673 27.542725 -21.836395 -131.229248 564.423485 5800.44281 -2764.503784 -100.935822 222.519073 -39.46228 592.870979 5739.726562 -572.406006 -229.200287 240.681915 -260.378418 -3073.518791 3217.305193 589.654541 -2434.636345 1640.894623 -807.003174 -2672.487602 698.935547 -813.067627 -212.87384 -293.059845 -171.31897 -2706.170464 -14.35791 -1506.31958 -198.513184 -158.27179 -344.645996 -2827.285576 717.330933 -1219.984741 -28.39447 -310.587463 -14.307251
2367.8759 4226.179581 415.828247 1225.503159 5117.755585 -1210.857544 1025.488815 5417.490387 -2040.438843 -11.403427 -144.533997 -144.356079 624.232788 5842.908936 -2869.960938 71.455994 43.2724 -116.914062 761.472778 5373.09906 -2263.284302 180.248489 -365.821228 -1702.335205 -3141.186905 3214.420357 636.862183 -2507.776718 1607.448273 -735.499878 -2701.489639 663.840942 -878.571777 -17.355347 -34.28833 -76.96106 -2763.806534 -147.485352 -1455.719604 -45.98938 -132.321167 39.143066 -2804.198074 626.517334 -1072.206421 34.734192 -90.007324 136.321411
2355.768652 4241.268463 449.0625 1221.119146 5134.234924 -1178.441162 1002.452612 5411.041718 -2009.987793 -20.413818 -2.678528 29.816895 679.564734 5923.749084 -2822.556763 57.95433 84.610291 46.77002 712.443762 5346.612244 -2252.323608 -46.406631 -22.716675 10.326538 -3148.544703 3198.4554 632.63916 -2526.914606 1589.190369 -737.774048 -2722.634668 650.178223 -898.563843 -18.522644 -9.892578 -20.626221 -2794.473047 -178.46344 -1447.03125 -28.044128 -27.207947 8.054199 -2743.049707 554.245911 -1094.033203 63.770752 -68.501282 -22.460938
2363.588352 4288.662872 458.223877 1241.026402 5112.375946 -1226.80481 940.749454 5403.272095 -2032.267456 -71.743622 -23.813324 -22.25769 628.972874 6048.572693 -2755.737305 -60.632324 108.779907 66.841431 611.492939 5384.112701 -2238.672485 -110.991287 21.456757 13.673096 -3133.546352 3205.6423 573.052979 -2550.904751 1544.042206 -768.331909 -2783.554287 599.128723 -856.557007 -70.960083 -67.093201 42.028809 -2858.817959 -90.253906 -1578.372803 -74.385376 72.165833 -131.31958 -2630.153561 391.438599 -1172.88269 102.855682 -178.851013 -78.827515
2348.624382 4280.074921 457.572632 1260.875206 5133.634644 -1228.193359 936.89724 5396.226959 -2031.582642 5.944519 -5.667572 -4.65271 560.109215 6086.719055 -2674.21875 -59.066925 39.523926 76.18103 623.254738 5383.225861 -2226.032715 21.558533 0.490723 7.302246 -3144.680061 3220.99576 590.986938 -2595.128365 1521.146545 -706.387939 -2730.298958 566.149292 -846.403198 63.052063 -31.601868 4.816284 -2651.529732 -32.515564 -1641.519775 217.084961 59.115906 -68.484497 -2354.748421 393.525085 -1280.161743 285.201874 3.46405 -112.616577
2350.129328 4288.107224 461.170654 1276.209803 5140.095673 -1234.657593 947.251749 5400.04303 -2037.038574 12.917252 -4.111176 -2.440186 558.12356 6096.419983 -2666.072998 0.577087 1.773682 11.161499 638.54455 5388.631287 -2233.502197 17.852554 -2.52182 -4.453735 -3156.931219 3231.244607 601.31958 -2626.439734 1508.353729 -673.983154 -2603.023748 539.848022 -781.846313 129.837952 -34.228516 67.572632 -2421.491766 -73.829956 -1548.374634 232.600708 -49.241638 96.160889 -2278.76029 374.72229 -1069.274292 78.550873 -26.730042 213.903198
2360.016766 4280.597916 438.070679 1292.822552 5164.476471 -1246.940918 956.246243 5393.738861 -2055.961304 0.51651 -2.375336 -5.701904 567.604809 6102.061157 -2672.593994 1.003265 9.570007 6.699829 650.083981 5382.150269 -2250.645142 3.061447 -2.552185 -3.922119 -3120.409718 3241.164169 604.806519 -2587.474384 1569.14032 -737.201538 -2621.132832 594.751892 -714.902954 -26.587067 58.832703 80.164185 -2527.099476 -105.993652 -1420.702515 -114.085693 -28.234863 140.892944 -2212.448444 368.77533 -950.192261 57.833862 -2.018127 132.302856
2374.964943 4285.159149 443.773804 1303.205757 5155.731354 -1251.741943 983.704643 5392.199554 -2067.915649 17.005157 -3.310242 -9.86084 576.958733 6096.071777 -2681.820068 -1.099319 -7.760315 -7.132568 671.139717 5388.940735 -2249.393311 10.602493 5.019531 3.345337 -3042.118645 3278.060718 534.829712 -2561.767082 1598.333282 -825.65979 -2645.464745 643.528137 -633.862305 -34.785156 47.00531 83.134155 -2775.649834 -182.096252 -1185.255127 -259.003601 -77.873535 237.540894 -2284.558372 365.290222 -821.705933 -82.563171 -5.256042 130.579834
2398.302746 4282.024612 449.104614 1296.990337 5145.831604 -1240.507812 989.667187 5373.031464 -2067.353516 10.845566 -13.445129 -9.346313 560.068798 6102.409668 -2640.297241 -12.006912 12.060852 31.61438 671.085873 5379.517365 -2233.548584 4.829178 -3.700409 5.936279 -2978.363667 3397.700777 592.96936 -2577.32317 1730.824127 -820.247192 -2707.215595 786.338654 -589.995728 -56.867828 148.533478 33.95813 -2944.494343 -117.903137 -958.098755 -163.961487 69.916077 217.247925 -2322.624836 517.556458 -690.282593 -33.183441 157.989197 121.514893
2401.176662 4282.571411 446.681519 1316.874599 5134.786377 -1253.490601 994.502239 5376.528473 -2068.174438 1.185684 1.357727 9.526978 569.06332 6093.486633 -2655.684204 5.345154 -11.062317 -5.039062 686.91061 5380.691223 -2249.923096 12.175369 -0.965424 -6.026611 -2935.92432 3494.652576 735.856323 -2531.491489 1895.233765 -745.010376 -2700.422001 934.534607 -666.212769 3.144226 146.056671 -65.869141 -2960.574894 136.807556 -1214.796143 -19.729919 252.571411 -246.349487 -2532.937717 666.728516 -1074.746704 -213.96225 147.032776 -374.116211
2413.128262 4268.367538 416.192627 1309.474697 5130.406647 -1260.783081 997.198467 5377.530365 -2075.758057 -5.583496 2.055054 -8.037109 573.576488 6096.430664 -2658.650513 -3.766556 3.997192 -3.4198 690.707302 5378.118134 -2260.115967 -4.483032 -1.519928 -10.646362 -2857.842045 3553.42907 795.81543 -2432.879887 1968.098297 -687.814331 -2732.965641 1038.686829 -685.93811 -40.823364 105.205383 -20.178833 -2962.900639 618.549194 -1564.3396 -10.605469 482.7948 -349.996948 -2701.112919 844.943695 -1152.264404 -176.454926 179.268341 -77.971191
2426.726618 4198.588104 381.768188 1337.901087 5015.560608 -1296.261597 959.566507 5310.983582 -2054.102173 -39.190521 -45.272369 28.874512 572.899027 6020.284424 -2654.689941 -2.236023 -54.871826 11.179199 656.129389 5300.955505 -2263.793335 -36.136475 -55.888214 3.54126 -2795.410986 3574.79105 1001.898804 -2353.379278 2094.984131 -548.099976 -2336.524725 1172.932587 -835.305786 394.882355 155.520172 -142.149048 -2546.412268 1064.853821 -1796.189575 414.92981 467.579041 -224.631348 -2686.194983 1396.303253 -1397.277832 13.359375 572.633972 -237.7948
2482.769537 4143.375626 437.191162 1377.955999 4796.67099 -1281.738281 992.800055 5119.877625 -2016.884155 23.177109 -189.811096 52.360229 581.124334 5769.84436 -2654.793091 -1.831131 -249.145203 15.039062 643.709249 5028.245087 -2217.36145 -22.476578 -271.415558 61.574097 -2704.135675 3609.363594 871.152344 -2232.779932 1986.085739 -493.461304 -2242.323847 1685.599976 -1404.093018 84.14444 513.96225 -553.64502 -2203.269129 1901.192017 -446.464844 333.0867 837.633057 1364.866943 -2248.108301 2414.7995 -347.138062 428.030243 1019.791107 1065.281982
2464.323688 4054.004364 412.537231 1341.529193 4612.065582 -1295.149536 916.686358 4917.033844 -2002.348022 -95.253906 -178.014069 5.144653 564.024272 5771.749725 -2347.666016 -36.240273 26.735077 297.735596 597.957416 4901.681824 -2176.618652 -64.892044 -101.733551 31.351318 -2559.573255 3588.597412 791.17981 -2043.391919 2134.629745 -699.517212 -1721.313214 1665.190582 -1456.338501 501.870422 4.420319 -61.636963 -1803.238111 1600.04303 -491.853638 380.890808 -276.319275 -54.780273 -1577.058911 1769.586029 -30.123901 651.90918 -620.383759 307.622681
2474.705858 4019.852905 413.615723 1372.247515 4304.505157 -1332.426147 719.703035 4642.537689 -1789.44519 -254.881058 -321.470642 224.987183 471.611032 5492.994232 -1391.638794 -150.310974 -325.72998 968.111572 370.691957 4484.156952 -1940.953369 -285.163193 -464.499359 247.749634 -2404.414778 3646.509361 1028.331299 -1752.839308 2314.060745 -473.612671 -1601.524305 1814.005432 -1245.183105 61.891174 101.840363 223.239746 -1372.459974 1329.240112 -455.441284 372.880402 -317.777405 48.496704 -1293.773146 1859.121399 -1172.261963 225.388031 42.560883 -1130.053711
2474.937732 4090.865326 630.497437 1341.757648 4157.831116 -1110.690308 641.043727 4657.314911 -1045.964355 -97.371254 1.112671 725.480957 754.532993 5314.93103 -344.283447 264.210014 -191.727753 1029.355469 503.780353 4512.558441 -2055.231934 114.37645 14.736938 -132.278442 -2297.93977 3641.257477 977.958374 -1599.927075 2451.378937 -611.80603 -1456.030896 1792.229156 -1250.661011 126.781464 -35.440826 -23.477783 -1025.637982 1379.030151 -509.047241 328.110046 36.125488 -71.605835 -1152.438595 1906.593475 -1232.346191 122.622604 33.807526 -78.084106
2656.472431 3925.068893 579.53064 1245.867344 3886.084938 -936.446533 417.538105 4005.4319 -738.984985 -205.870247 -640.91713 266.499634 -104.038233 4365.077057 -11.2323 -840.93585 -938.888092 292.571411 80.282131 3932.844772 -554.44397 -405.862846 -568.747787 1460.308228 -2241.588634 3600.727978 932.230835 -1366.09074 2354.312134 -509.555664 -1375.708355 1763.337555 -1222.171631 97.957916 -17.92572 -11.990356 -802.81689 1847.510681 -471.030273 240.456467 479.446411 -2.462769 -1005.777019 1890.315857 -1282.327271 164.296951 -5.311737 -90.460815
2600.783005 3901.513367 549.625244 1171.622086 3682.05925 -932.235718 381.33812 3717.918854 -596.046753 -20.558777 -280.66185 133.097534 -100.31147 3992.600861 193.215942 19.367971 -365.625 194.607544 394.725838 3758.408203 -1295.889282 330.084915 -167.585373 -751.286011 -2200.57579 3624.74247 805.062256 -1307.836533 2383.947296 -629.938354 -1362.281876 1677.53006 -1225.410156 29.067688 -78.956299 -13.079224 -582.827873 1879.351654 -724.804077 235.630226 38.692169 -263.614502 -973.489227 1899.195251 -1387.860718 47.929001 15.730591 -115.374146
2570.279875 3827.759819 529.241943 1084.000425 3432.190638 -880.617676 453.790236 3436.12155 -286.343994 122.181931 -286.008425 291.350708 -142.3667 3584.382095 466.948242 7.674584 -412.429886 255.380249 190.265818 3544.625587 -1634.743042 -154.730206 -217.993736 -357.205811 -2237.191133 3695.308151 734.261475 -1216.013536 2454.599304 -637.581177 -1134.096804 1811.038361 -1307.663574 277.914886 129.29718 -100.605469 -1054.911013 1777.620239 -356.101074 -422.353325 -105.942535 350.350952 -712.386942 2216.264343 -1131.51062 310.8321 312.857971 237.998047
2724.156191 3825.738869 567.580566 1207.494204 3276.260943 -791.889038 562.203982 3229.788845 -201.526489 57.623062 -186.552126 148.892212 -102.63972 3356.888199 511.037598 -11.063704 -207.713318 108.164062 535.478518 3325.168676 -1625.950317 294.422016 -199.676332 72.867432 -2156.768796 3644.530487 934.367676 -1181.571805 2569.063034 -632.824097 -599.928854 2233.270569 -1294.819946 483.377266 442.012787 76.918335 -603.559034 1828.764038 -417.557373 400.561295 70.924377 2.618408 -582.149312 2245.34523 -1410.090942 79.446945 48.861465 -214.505615
2614.30625 3794.292984 392.357178 1207.357855 3184.054852 -1083.983154 486.83917 2957.192974 -625.228271 -21.350136 -268.508651 -441.25061 -330.766897 3121.599112 -88.555908 -174.112501 -231.201868 -617.142334 191.489592 3381.655893 -1153.097534 -289.974251 60.574436 455.303955 -2234.684229 3718.695793 1232.543945 -1310.957956 2781.99131 -475.15625 -609.310656 2517.523346 -1061.043091 44.632874 288.339996 216.228027 -877.37565 2279.417572 -154.572754 -219.801941 454.740753 245.435791 -682.797403 2547.957306 -1254.125366 -46.633415 306.699295 138.416748
2624.760199 3699.398842 325.588379 1205.914831 3051.950607 -1098.66272 341.907377 2931.675262 -1187.624512 -138.384705 -4.264355 -561.102295 -617.970362 2788.014107 -1025.808105 -280.656376 -312.331648 -935.958252 64.218063 2949.171562 -1355.258789 -120.72444 -411.230974 -200.86731 -2215.891199 3755.787811 1487.457275 -1328.458796 2836.603203 -227.773438 -580.154924 2541.178665 -721.898193 35.70282 44.908676 340.438843 -1284.163599 2784.078674 -104.813232 -400.24086 525.914459 51.053467 -851.407099 3080.30695 -721.643066 -162.062607 553.603001 533.776245
2626.437798 3699.900665 333.150635 1208.261223 3059.598045 -1093.928833 343.380318 2949.288406 -1184.360962 4.312248 20.450974 4.492798 -622.01786 2820.419807 -1046.782227 -1.208191 35.24353 -19.744873 71.446495 2984.272194 -1357.645264 10.067739 37.938461 -1.157227 -2215.136299 3755.308533 1492.362061 -1327.904701 2838.680229 -223.431396 -574.588509 2547.169189 -711.61377 8.405724 8.828354 11.513672 -1284.652061 2783.92807 -99.61731 2.350845 2.687225 6.425171 -835.126534 3102.569942 -687.514648 19.119873 25.100822 35.357666
2671.070099 3700.849648 435.498657 1212.665863 3185.635407 -1003.883057 1096.535263 3092.590199 -139.399414 744.28009 154.684544 1049.996338 862.653732 3878.072815 405.801392 1475.796738 1069.035759 1457.618408 470.789337 3700.302315 -720.201416 390.467987 727.412872 642.478638 -2126.783142 3754.241714 1211.168823 -1217.100601 2776.294594 -460.370483 -509.023972 2594.443779 -1058.393555 56.689682 58.657341 -341.744995 -1174.422226 2758.14167 -375.324097 101.35498 -14.403648 -270.671997 -495.260582 3069.947596 -972.01355 330.991096 -21.239595 -279.464111
2671.912613 3712.817078 478.135376 1331.437454 3199.702413 -1056.987915 478.480797 3171.534147 -875.413208 -602.781868 83.45109 -732.147827 -467.905731 3307.886448 -664.724121 -1315.286865 -565.679226 -1066.659546 108.039436 3200.605145 -1265.241089 -347.477303 -495.190029 -541.173706 -2114.922867 3742.915192 1161.600952 -1236.975708 2726.1203 -489.042969 -539.66114 2574.15741 -1099.987183 -15.364571 -15.779228 -37.727661 -1002.611771 2582.277451 -256.306152 187.083054 -171.357079 122.883911 -710.185585 2491.85173 -1320.109863 -199.652405 -573.588724 -344.230347
2668.903913 3713.877411 467.553711 1334.897261 3203.249128 -1073.17627 469.904394 3182.689064 -962.654419 -4.813309 10.863473 -76.072388 -487.340288 3341.580219 -834.194336 -15.671463 33.402328 -158.301392 124.216852 3224.886302 -1320.792236 19.94051 23.989715 -44.382324 -2127.716265 3735.91938 1164.577637 -1246.172686 2715.147972 -480.880127 -534.1541 2539.319916 -1067.554932 9.270134 -35.128937 43.601074 -977.687654 2542.163544 -213.792114 28.68721 -40.40535 53.682861 -678.54043 2470.244141 -1284.945068 35.408249 -21.899033 46.333618
2665.13957 3725.654106 474.363403 1288.461714 3167.259116 -1021.861572 413.341856 3182.192566 -1037.165527 -53.865089 5.512414 -83.154297 -562.732401 3291.22261 -1019.573975 -72.694664 -44.348698 -194.022827 101.501989 3263.623252 -1354.884033 -20.017414 44.745861 -42.734985 -2212.334185 3706.268883 1203.861694 -1259.02997 2694.00528 -416.488647 -562.618036 2515.111008 -1025.906372 -25.766487 -18.199997 33.005371 -898.535357 2516.499405 -120.688477 81.849747 -19.655228 84.460449 -677.308474 2453.076324 -1218.120728 3.929405 -11.158905 58.181152
2702.62877 3771.294594 646.94458 1271.65709 2973.13818 -668.066406 436.646676 2938.634605 -917.839355 -7.862358 -225.477517 102.69104 -469.508491 3015.296936 -1279.823608 62.056732 -257.84523 -276.884766 653.862901 2709.017487 179.005737 521.193733 -536.525321 1517.254639 -2192.931228 3623.530502 1087.39624 -1046.341491 2815.152435 -512.073364 -278.469138 2538.885727 -976.925049 252.98172 41.855164 32.346191 -914.088454 2906.582966 -355.320435 -46.720276 408.164005 -251.26709 -559.177451 2685.595856 -1185.009155 86.963844 250.599976 16.47644
2703.26458 3749.752426 535.916748 1272.772636 2988.50769 -798.569946 659.585991 2973.79467 -1417.715454 215.977211 36.304474 -480.890503 -316.72945 2997.02013 -1365.71228 145.816936 -17.132397 -66.903076 478.846321 3528.211899 -1269.207153 -181.978683 820.338821 -1429.227295 -2170.230751 3597.703514 1051.983643 -971.322746 2884.439907 -552.012329 -239.498005 2763.879089 -1126.878052 32.009029 226.137772 -130.967407 -830.425606 3010.775719 -410.0 76.700745 105.337162 -35.69397 -298.237858 3032.174873 -1231.77124 253.977489 347.723427 -27.776489
2728.155851 3773.943329 592.312622 1307.950163 3062.646961 -784.639282 692.165022 3025.948277 -1401.997681 13.754044 41.807537 9.7052 -286.923208 3047.649727 -1405.679321 10.981255 40.283527 -45.979614 518.837996 3350.01791 -1536.329346 21.166687 -188.540058 -273.134766 -2133.656435 3612.479858 1025.510864 -1009.3958 3008.428764 -678.209839 -313.351526 2794.620361 -1272.207031 -92.678509 20.395203 -151.341553 -834.228258 3141.741438 -540.883179 -22.62764 120.61965 -136.895752 -253.42494 3044.233971 -1358.214111 25.98793 1.713028 -132.455444
2750.749927 3794.808693 644.893188 1354.259143 3177.964542 -799.135132 678.181186 3085.177555 -1342.695923 -26.267853 50.791473 58.609619 -286.726117 3120.563745 -1504.387817 -12.086926 64.476213 -99.400635 452.45811 3283.526082 -1523.276367 -78.663902 -74.929633 12.36084 -2108.179669 3596.956444 996.990356 -1124.262738 3144.700494 -834.888916 -429.047627 2744.160652 -1323.422241 -127.980118 -58.897514 -51.907349 -901.483045 3233.475354 -642.700195 -79.538803 83.296111 -102.509155 -354.051366 2981.81015 -1421.000366 -112.910442 -70.861626 -63.478394
2702.220531 3802.762642 612.734375 1243.50059 3356.964979 -843.287964 547.252345 3104.839458 -1310.311279 -137.750702 28.803749 30.501709 -381.573758 3165.665488 -996.166992 -101.669502 54.243588 506.337891 207.392993 3249.774947 -1421.635742 -251.886978 -24.609289 99.75769 -2086.195607 3588.044968 1048.465576 -1262.747579 3237.119188 -890.263062 -593.271718 2681.725616 -1253.436279 -171.045952 -53.29319 68.103027 -914.46465 3270.541263 -558.760986 -19.803467 46.207755 82.056274 -521.572347 2871.989174 -1374.891968 -174.342842 -100.679131 44.225464
2704.652048 3837.194176 636.778564 1291.401011 3450.351009 -871.582642 510.440317 3129.598455 -1093.917236 -47.629471 6.397791 215.349121 -267.093099 3080.830698 -499.908447 103.663216 -103.195996 495.213623 135.821778 3456.595535 -498.709717 -82.388659 188.459382 921.881104 -2145.157827 3565.293579 1209.572754 -1526.833242 3477.126904 -826.268311 -1064.960378 3068.870897 -1535.955811 -482.506104 368.784075 -283.564453 -1249.792989 2893.219452 -607.362061 -346.145782 -395.683017 -49.645996 -860.380987 2843.403664 -1441.676636 -349.626083 -46.946716 -67.82959
2665.021863 3874.114151 627.938232 1303.55824 3494.791222 -934.552002 773.94299 3451.789265 -239.740601 285.336227 291.27284 826.414185 29.574332 3553.109665 391.97998 318.500986 441.360998 864.125977 308.743062 3441.875744 -1079.734497 194.754839 -45.63776 -608.787231 -2328.534961 3546.143627 1870.889893 -1850.561786 3961.424408 -166.515503 -1850.581012 3296.964107 -833.970947 -763.787079 197.175241 674.222412 -1915.958667 3367.970724 125.977783 -644.332123 443.833303 705.577393 -1326.6682 3288.913307 -327.295532 -444.453659 414.591675 1086.618652
2683.472052 3903.181496 643.070679 1390.173712 3708.98262 -1017.980957 696.658087 3622.224579 -487.053833 -96.241379 159.223156 -254.202271 -258.162279 3516.923828 -269.593506 -306.693087 -47.397995 -668.462524 178.266134 3530.320568 -1201.409912 -149.433403 77.232666 -128.564453 -2337.257166 3538.764362 2106.658325 -2146.685419 4200.723572 79.643555 -2261.364222 3991.436844 -834.777222 -429.739685 683.260579 -7.695312 -2196.042719 3971.590576 130.919189 -299.040527 592.407694 -1.947632 -3240.548334 3928.429337 412.329712 -1932.836609 628.303871 732.736206
2838.581858 3891.516113 920.545044 1711.573496 3911.934509 -868.143921 898.837976 3609.125214 -1003.188477 208.465347 22.032776 -541.925659 849.04603 3009.822006 -1783.274536 1113.493767 -471.969681 -1539.472046 723.991556 3479.49934 -1255.021973 552.01088 -15.689087 -79.403076 -2483.527822 3443.79734 2507.53479 -2631.270132 4552.17865 681.742554 -2710.080557 4306.628494 -227.49939 -442.430878 350.323792 581.486816 -2943.709097 4616.529541 659.475708 -741.38092 680.071106 502.765503 -2483.725424 4275.808563 -231.990967 763.108368 382.511368 -670.111694
2753.291932 3920.189285 876.213989 1643.024904 4068.900757 -923.66333 808.334581 4131.927338 -1195.682373 -102.32132 520.462646 -191.019287 898.741304 3840.947151 -2135.166016 37.87735 828.785667 -350.41687 354.257661 4135.996552 -981.820068 -381.551819 654.157734 274.676514 -2507.817076 3371.294699 2689.420776 -2865.091857 4899.822388 1224.896851 -3093.50067 4708.698273 325.230103 -395.238037 399.730301 554.204102 -3578.907164 5548.265533 280.869141 -647.015991 929.396515 -377.131958 -2924.325866 5119.859772 -7.312622 -452.418365 841.711731 226.152954
2708.291881 3996.632538 870.361328 1617.071788 4282.580948 -964.686279 886.751277 4567.243347 -534.14856 71.95343 423.126068 655.615234 649.775569 4065.659943 -1370.402832 -255.429001 212.52285 758.844604 617.189739 4386.272354 -1038.691406 256.468811 238.085861 -62.789917 -2596.564991 3353.120251 2836.077881 -3160.818837 5132.56546 1707.657471 -3445.22588 5132.82196 787.712402 -358.188477 411.933746 456.563721 -3728.700917 5493.786011 -85.403442 -156.257019 -66.669464 -372.191162 -3267.554677 5512.373657 531.107178 -349.692078 380.323944 532.501221
2628.938783 4054.176025 804.080811 1588.276246 4300.497055 -1087.305908 868.830064 4655.817871 -675.13855 -26.595459 91.793518 -157.419434 392.015107 4546.139526 -1561.298218 -266.434708 483.698578 -207.324829 609.888528 4504.198532 -1277.584229 -15.975456 121.145172 -255.322266 -2592.360656 3399.682159 2971.860352 -3292.597777 5250.158386 2009.216309 -3732.406737 5365.671234 1150.955811 -295.855103 236.068268 346.813965 -4122.332274 5802.444153 346.486816 -402.305603 311.877136 415.460815 -3539.534117 5735.795288 880.932617 -280.653687 226.640625 333.395996
2695.959994 4052.357635 883.362427 1679.037081 4316.381683 -1030.145264 1018.585726 4800.999146 -642.417603 132.663956 154.978943 30.176392 405.422503 4860.89386 -1451.572266 -3.684311 324.552002 107.181396 714.49309 4565.34668 -1264.348145 87.512856 70.945816 10.691528 -2582.190031 3429.410706 3042.069702 -3308.107084 5344.116058 2209.175415 -3925.476164 5564.325714 1486.254272 -210.161133 208.452148 332.753906 -4400.156034 6023.585205 735.890503 -294.915466 230.938721 386.859131 -3691.680998 5901.725159 1161.088257 -169.238586 175.727539 277.611084
2779.764471 4061.700668 993.960571 1775.965948 4362.686005 -929.056396 1075.821218 4896.301117 -701.567993 28.325729 97.913666 -64.987793 382.942305 5027.379913 -1438.94104 -51.389961 169.097748 6.793823 753.367529 4651.832733 -1186.775513 9.964676 89.097748 71.735229 -2562.393427 3457.37114 3107.778931 -3319.746637 5390.744629 2328.757935 -4020.493708 5838.114014 1811.817017 -123.927307 276.399994 319.725342 -4622.709284 6614.301758 1610.265503 -251.463013 593.328247 868.537598 -3832.057428 5959.164124 1412.505493 -169.286194 60.050659 245.579834
2820.072541 4070.339279 1043.214722 1817.957978 4403.901825 -880.042725 1109.076142 4941.585236 -684.536743 7.260818 41.325073 24.672852 401.336579 5111.936188 -1402.1875 -7.599831 80.597229 44.395142 751.996675 4688.497772 -1109.855957 -27.36496 32.705994 84.561157 -2550.848479 3473.631382 3127.230835 -3341.766448 5408.269196 2373.109741 -3916.364226 5866.601868 1723.629761 78.135376 24.528809 -80.545654 -4521.83908 6401.678772 1126.414185 74.876099 -216.582031 -476.209717 -3847.981353 6140.027466 1556.668091 -41.91803 176.904297 151.804199
2867.177048 4082.141113 1087.079468 1854.769516 4445.006485 -834.349976 1109.697723 4940.407562 -646.824341 -24.577103 -10.222778 41.279297 406.975346 5224.812775 -1337.937622 -19.559917 103.831482 67.816772 737.638741 4720.542145 -1041.815796 -39.556618 22.999268 71.607056 -2525.333633 3519.73568 3143.208618 -3349.206009 5470.303497 2444.223022 -3999.683914 5876.144104 1826.935425 -108.518372 0.497131 106.872559 -4685.047073 6380.595398 1286.069946 -188.406677 -30.128479 163.222656 -3798.680801 6354.249878 1604.230347 24.101868 205.177307 51.12915
2887.30217 4082.543411 1118.424683 1875.008926 4463.094635 -805.281372 1113.427582 4944.53186 -638.946533 -9.701233 5.231781 2.680054 415.994797 5238.813477 -1334.67041 -4.41164 15.108185 -1.930542 752.358627 4733.296051 -1034.896851 1.288795 13.861389 1.721191 -2523.561478 3526.008301 3158.182983 -3350.578995 5488.086853 2479.525757 -4015.263443 5917.481079 1890.443726 -29.01062 42.444458 58.310547 -4710.851822 6440.086365 1376.329956 -39.23584 60.59845 85.062256 -3808.101578 6357.932434 1634.171753 -22.851868 4.790039 24.743652
2911.868811 4075.615387 1154.921875 1896.226416 4483.6689 -764.091187 1119.616919 4947.551727 -612.611084 -12.877121 5.488739 16.605835 428.516874 5260.389709 -1308.187256 -6.54438 24.045105 16.75354 775.681601 4743.078918 -1024.949951 4.256516 12.25174 0.217285 -2515.459375 3528.823681 3170.806885 -3347.410364 5498.243256 2511.837158 -4002.074976 5959.904175 1934.278564 -5.877991 44.891968 34.105225 -4686.558924 6503.097534 1424.488525 5.22644 65.480042 38.428955 -3794.378443 6363.613586 1667.86499 -5.343323 8.150024 23.963623
2912.631588 4075.151138 1154.751587 1897.016201 4483.406143 -764.213867 1120.47514 4947.454071 -612.929688 -0.127029 0.127563 -0.005493 429.713802 5260.426483 -1308.769531 0.211678 0.261993 -0.269165 776.725826 4742.754517 -1025.707397 0.058975 -0.099182 -0.444336 -2514.215946 3529.591026 3170.985718 -3345.66431 5499.316864 2512.355347 -4000.169315 5961.739502 1935.237427 0.92041 2.060547 1.271973 -4684.112492 6506.584778 1426.500854 1.461182 3.712463 2.325439 -3792.550907 6365.528259 1669.293823 0.842285 2.139893 1.741943
2917.977352 4071.92955 1154.860229 1902.818356 4482.320709 -763.881226 1126.227093 4947.934113 -617.773438 -0.881653 2.023315 -3.428955 443.989468 5258.752136 -1322.920532 7.642059 -0.131073 -12.736206 785.300121 4740.896301 -1034.819946 1.940689 -0.314941 -7.697754 -2506.451969 3532.358952 3175.300903 -3335.991459 5504.840393 2522.564087 -3991.958866 5972.735901 1951.557007 1.576843 12.539673 17.734375 -4675.777531 6525.267334 1451.016235 1.701355 20.22583 25.930176 -3787.364445 6377.58667 1689.671021 -1.447144 13.601685 21.791992
2918.058062 4071.887054 1154.855347 1902.903032 4482.302475 -763.887329 1126.310396 4947.939148 -617.852783 -0.015411 0.017548 -0.073242 444.192266 5258.724365 -1323.132324 0.104084 -0.015259 -0.205688 785.418901 4740.872955 -1034.949951 0.020065 -0.010834 -0.123901 -2506.35478 3532.397099 3175.359497 -3335.874434 5504.919128 2522.709351 -3991.87602 5972.889099 1951.801147 -0.015869 0.16571 0.250244 -4675.709333 6525.516357 1451.382446 -0.030518 0.261536 0.372314 -3787.332258 6377.778931 1689.985962 -0.066528 0.204773 0.321045
2940.731182 4062.6651 1168.762817 1932.150555 4482.667542 -753.984375 1153.615017 4953.13797 -629.44519 -1.183929 4.929352 -13.467407 500.03355 5261.967773 -1363.561401 27.352734 2.973938 -42.304077 830.644207 4732.963409 -1073.577271 16.736755 -8.179016 -40.502319 -2490.672321 3551.778355 3175.299683 -3311.784992 5533.935089 2533.410034 -3966.892414 6019.797974 1974.796753 -3.504944 46.639404 21.120605 -4654.657001 6570.011292 1475.004272 -7.436218 44.225464 21.746826 -3772.766438 6410.128479 1717.161255 -13.922729 32.080078 25.300293
2991.567898 4045.403214 1231.043701 1978.476467 4491.469345 -686.095581 1155.765133 4887.203827 -579.978638 -30.506058 -75.022583 49.140015 523.657894 5333.038788 -1262.141724 -9.03183 61.982574 101.09314 876.723843 4709.299164 -1081.659546 13.423462 -32.752686 -8.408813 -2474.055576 3606.795616 3139.755859 -3278.030491 5598.748322 2498.383789 -3941.495457 6103.675842 1965.307617 -7.259216 74.789429 -9.815674 -4634.929295 6665.048523 1483.967285 -12.928467 85.948792 8.636475 -3758.397617 6436.338501 1666.887207 -18.287354 17.121582 -50.600586
]