11-08-20_Ishan_4KDepth.grey_monkey_below_orange_chair.0000000006 [ 2038.062439 4086.328659 -119515.831605 48021.811063 1848.03894 6336.412354 38580.991785 72472.475348 1608.132019 6178.782959 0.0 0.0 13393.34967 115294.233457 1468.004303 5798.443451 0.0 0.0 41692.258859 19545.663731 1323.094482 5634.008026 0.0 0.0 61455.186962 42179.642853 -2629.404449 3712.405014 13.987391 45613.439585 -3236.905212 5935.272522 -72905.527726 91467.302039 -3928.457947 6162.911682 0.0 0.0 -77494.773111 88247.577216 -3995.036011 7158.85437 0.0 0.0 -40878.923649 110913.657817 -3397.311707 5693.793335 0.0 0.0 -32194.75837 54865.783748
2139.108086 4136.317139 -86429.111597 48609.081184 1863.84243 6418.322449 43287.570231 76678.837269 1619.562035 6092.946167 30.084076 -133.208923 15712.337742 97519.211913 1083.811455 6056.164246 -365.538788 210.348663 11250.474386 30296.377137 1042.635307 6016.116028 -261.805115 334.73587 25499.553355 76490.239024 -2727.819099 3848.069801 -980.998403 74761.272042 -3440.421638 6079.030762 -93368.181002 100080.176345 -4136.211433 6378.005371 -189.099426 167.721558 -96337.471811 100046.114686 -4724.141731 7018.552856 -710.45166 -187.673645 -88198.131776 99990.795446 -3978.490486 6371.827087 -562.524719 630.661621 -69074.265645 91953.867131
2139.444466 4136.899643 -86690.367461 48601.094155 1863.239784 6418.907471 43011.670995 76674.76665 1616.582375 6092.642822 -4.343567 -0.921326 15366.089451 97401.45156 1079.681282 6058.053894 -5.49408 1.271667 10939.80502 30368.506602 1038.346138 6020.874023 -5.653076 4.140015 24894.837678 76978.052417 -2727.495995 3848.338509 -1009.867084 74631.852299 -3441.183281 6078.981323 -93618.160606 100019.204828 -4139.014091 6378.045959 -4.166565 -0.577393 -96775.712039 100004.228028 -4729.200249 7019.322815 -6.422424 0.151978 -88707.863688 99999.411726 -3983.427544 6374.595642 -6.300964 2.150574 -69566.127394 92096.631159
2139.478455 4136.946869 -86712.577246 48600.115145 1863.202972 6418.950806 42989.531177 76673.749013 1616.352081 6092.569275 -0.351562 -0.125122 15338.233332 97385.464419 1079.402618 6058.140869 -0.399933 0.0354 10917.36017 30370.515752 1037.987823 6021.311646 -0.479584 0.386047 24843.870012 77023.61899 -2727.46048 3848.35762 -1012.264317 74619.829138 -3441.251831 6078.968201 -93640.500955 100013.295454 -4139.274902 6378.039246 -0.38208 -0.058289 -96815.949088 100000.0 -4729.671936 7019.384766 -0.592957 0.010376 -88754.999241 100000.0 -3983.845825 6374.841003 -0.539551 0.193787 -69608.326564 92109.50096
2139.478455 4136.946869 -86712.577246 48600.115145 1863.202972 6418.950806 42989.531177 76673.749013 1616.352081 6092.569275 0.0 0.0 15338.233332 97385.464419 1079.402618 6058.140869 0.0 0.0 10917.36017 30370.515752 1037.987823 6021.311646 0.0 0.0 24843.870012 77023.61899 -2727.46048 3848.35762 -1012.264317 74619.829138 -3441.251831 6078.968201 -93640.500955 100013.295454 -4139.274902 6378.039246 0.0 0.0 -96815.949088 100000.0 -4729.671936 7019.384766 0.0 0.0 -88754.999241 100000.0 -3983.845825 6374.841003 0.0 0.0 -69608.326564 92109.50096
2139.478455 4136.946869 -86712.577246 48600.115145 1863.202972 6418.950806 42989.531177 76673.749013 1616.352081 6092.569275 0.0 0.0 15338.233332 97385.464419 1079.402618 6058.140869 0.0 0.0 10917.36017 30370.515752 1037.987823 6021.311646 0.0 0.0 24843.870012 77023.61899 -2727.46048 3848.35762 -1012.264317 74619.829138 -3441.251831 6078.968201 -93640.500955 100013.295454 -4139.274902 6378.039246 0.0 0.0 -96815.949088 100000.0 -4729.671936 7019.384766 0.0 0.0 -88754.999241 100000.0 -3983.845825 6374.841003 0.0 0.0 -69608.326564 92109.50096
2139.478455 4136.946869 -86712.577246 48600.115145 1863.202972 6418.950806 42989.531177 76673.749013 1616.352081 6092.569275 0.0 0.0 15338.233332 97385.464419 1079.402618 6058.140869 0.0 0.0 10917.36017 30370.515752 1037.987823 6021.311646 0.0 0.0 24843.870012 77023.61899 -2727.46048 3848.35762 -1012.264317 74619.829138 -3441.251831 6078.968201 -93640.500955 100013.295454 -4139.274902 6378.039246 0.0 0.0 -96815.949088 100000.0 -4729.671936 7019.384766 0.0 0.0 -88754.999241 100000.0 -3983.845825 6374.841003 0.0 0.0 -69608.326564 92109.50096
2143.136101 4142.89566 -86317.110523 48731.906315 1878.568993 6427.533264 44867.049031 77071.782356 1560.257225 6075.032959 -58.196716 -22.900085 11075.358678 94481.563196 1102.88662 6096.922913 21.382141 33.418274 12149.683866 32296.815358 1013.128471 5896.696472 -26.961212 -129.978943 22062.571223 62443.653838 -2722.367134 3855.96981 -930.318036 75454.853261 -3444.374886 6084.987793 -94256.481585 100073.205638 -4167.160225 6385.352173 -29.987183 1.949158 -100000.0 100141.432859 -4779.864693 7049.832458 -52.294617 25.083923 -92961.265841 101427.209946 -4031.793098 6421.477966 -50.049133 41.273193 -73578.395139 94871.035129
2143.136101 4142.89566 -86317.110523 48731.906315 1878.568993 6427.533264 44867.049031 77071.782356 1560.257225 6075.032959 0.0 0.0 11075.358678 94481.563196 1102.88662 6096.922913 0.0 0.0 12149.683866 32296.815358 1013.128471 5896.696472 0.0 0.0 22062.571223 62443.653838 -2722.367134 3855.96981 -930.318036 75454.853261 -3444.374886 6084.987793 -94256.481585 100073.205638 -4167.160225 6385.352173 0.0 0.0 -100000.0 100141.432859 -4779.864693 7049.832458 0.0 0.0 -92961.265841 101427.209946 -4031.793098 6421.477966 0.0 0.0 -73578.395139 94871.035129
2143.700027 4142.446747 -86336.715155 48765.415335 1879.384537 6427.284851 44892.003446 77115.017732 1561.098862 6074.581604 0.2005 0.146179 11088.856384 94499.960418 1104.20723 6096.13678 0.679474 -0.188599 12189.924253 32285.777957 1013.805008 5899.073029 0.0354 2.974091 22066.11488 62760.17716 -2722.276535 3854.951172 -945.139329 75298.108841 -3445.134811 6083.540344 -94422.000278 99995.568378 -4169.499435 6384.196167 -2.980347 -0.558472 -100319.268752 100100.899372 -4783.976059 7049.137878 -4.752502 -0.097046 -93348.355669 101421.668801 -4035.69603 6422.503052 -4.544067 1.62262 -73944.297882 94980.435723
2159.587898 4094.678268 -79950.738862 46699.212077 1966.108284 6389.290466 59757.821439 77178.494403 1573.715248 5949.277344 22.360229 -86.797485 12645.723041 83891.344057 1124.758492 5995.068665 30.295105 -62.56134 14051.697417 28728.581517 1075.622139 5732.864075 71.560974 -127.702179 29811.231471 49889.701297 -2733.395805 3811.332092 -982.679778 73408.194772 -3499.869194 6009.812622 -99814.288286 96804.729165 -4229.813347 6361.564941 -50.570068 15.875549 -105814.140391 101256.334208 -4862.316704 6977.220459 -68.596802 -33.410645 -99025.124169 99522.97784 -4208.886528 6711.703491 -163.446655 327.707214 -87708.955286 118367.22817
2154.805222 4088.89183 -81664.430869 47214.130337 1931.106186 6374.526978 53774.549479 76356.68864 1532.190933 5892.638092 -43.717499 -48.525848 9697.27942 78235.575779 1077.551804 5939.936066 -49.399872 -47.019196 11083.847779 26191.72285 1040.488052 5711.152191 -37.327271 -13.59848 25626.180302 48606.091406 -2690.348282 3831.701355 -179.26863 84243.534228 -3461.953049 6024.042358 -95520.510421 98822.904099 -4366.499557 6339.341125 -138.879395 -14.110413 -121658.207398 100229.039786 -5123.388596 7072.033691 -263.265076 102.926636 -122367.260374 105429.685994 -4131.355209 6387.188721 75.338135 -316.401367 -81218.478634 95744.450772
2136.626053 4060.569305 -85950.535059 45187.47674 1815.39299 6320.492249 37314.880294 72110.419349 1369.521561 5800.906982 -161.623535 -72.642365 2189.912148 70137.848415 1037.664261 5802.794189 -38.841705 -118.053131 8997.261419 20339.050923 858.752213 5660.557709 -180.690002 -31.505737 9840.228312 45696.428627 -2683.648605 3808.211555 -99.687826 82520.588253 -3459.067001 5991.329346 -95053.677968 97589.796162 -4373.027878 6260.297852 -5.482483 -59.954529 -122306.347172 95922.518793 -5114.373398 7014.069824 10.061035 -38.875122 -121429.853471 103178.727894 -4079.258347 6142.770386 53.1427 -225.32959 -76790.216919 81094.710758
2179.189682 3991.585541 -74073.899138 36442.007302 1847.927322 6241.184998 42519.259923 65927.929426 1440.77919 5642.944031 77.312317 -131.431274 5114.638449 56610.700829 1057.469559 5695.841827 25.859985 -80.420685 10362.278677 16775.302905 871.533279 5708.782501 18.835754 74.75647 11139.677595 52746.695565 -2652.166367 3781.038246 42.457795 82270.88585 -3458.798141 5948.84613 -94305.282064 96155.889451 -4469.652634 6124.805908 -90.570068 -108.960266 -133262.735454 88338.015452 -5174.865341 6809.96521 -54.437256 -177.572937 -126544.891326 93205.718212 -4034.888229 5927.175903 50.424805 -189.062805 -72703.199476 69740.795939
2226.916275 3911.912918 -65921.607005 25876.620956 1839.987869 6136.149597 39780.100888 56638.97868 1455.555954 5484.711609 2.72049 -137.385559 5239.814442 44018.408706 1279.420395 5481.903381 209.894562 -193.091583 25006.85184 9619.07377 972.814102 5431.781921 89.224548 -256.153717 18389.818777 30690.673478 -2537.590561 3700.908165 2660.61219 60832.258064 -3397.196274 5792.90451 -88543.90659 84437.55634 -4413.76152 5842.024689 43.834839 -261.934357 -127901.293408 71383.154052 -5223.174973 6416.25061 -60.365906 -372.867737 -132340.381673 73913.717335 -3880.731125 5866.65451 142.10083 -39.67453 -61786.909442 67466.840181
2281.236534 3813.732185 -47137.442499 11006.356106 1500.399895 5776.942749 9488.292938 24130.600974 1198.77285 4900.071411 -219.364471 -596.040649 5.044229 7706.967662 840.203514 4693.935394 -401.798248 -799.368439 2528.495766 -1029.807487 710.301094 4901.414795 -225.094376 -541.767578 3571.622576 3595.68548 -2634.410133 3608.32325 648.714589 31029.56403 -3542.011147 5636.91925 -101262.191474 70974.090292 -3826.754494 5434.895325 624.425659 -418.529816 -63480.100789 48037.989265 -4590.966835 6152.915344 669.62677 -274.735718 -75315.750264 61128.791563 -3768.217812 5844.209442 149.931946 -33.84552 -51231.258514 65556.765507
2368.550987 3793.814735 -34477.642189 11925.838123 1469.552116 5601.582489 6735.182883 15018.644867 1156.269798 4700.730896 -57.079773 -171.012573 -256.160617 2785.846177 763.321648 4672.030029 -91.458588 6.422577 662.27344 -963.778033 791.132393 4614.428864 66.254578 -258.65799 6738.385513 24.527007 -2693.997078 3542.035789 -50.847094 22626.18009 -3531.145668 5596.018524 -101716.942118 70009.99655 -3751.667519 5395.061493 60.510254 -11.50589 -58424.486026 47461.285037 -4149.206886 6098.404541 427.183228 -26.182861 -47279.123716 59973.677898 -3344.300575 5438.53714 409.340515 -377.34436 -27443.566469 46118.863352
2489.010353 3796.895599 -20090.8318 9248.640425 1404.997292 5493.941803 2908.352776 8494.382891 1204.079781 4674.745941 29.038544 -54.596405 -45.159719 1730.943565 749.172554 4573.591461 -32.920532 -127.050018 285.545317 -2676.337933 717.146034 4768.132019 -92.757797 125.091705 2583.967385 995.848365 -2697.812004 3577.803364 -291.014456 24109.090719 -2967.240562 5836.255798 -45836.010322 87116.129392 -3034.292259 5479.43985 698.603821 55.766907 -15246.578677 50288.929751 -3140.197105 5911.234436 990.238342 -215.781555 -7277.635549 50873.580386 -2563.180199 5676.83609 762.348938 209.6875 -2771.750988 56499.485708
2617.942619 3820.869675 -8235.719815 8805.492669 1286.332817 5394.232483 103.375556 4040.339383 1207.546654 4644.7995 -7.457581 -58.488312 -82.894105 878.019063 732.252235 4475.256271 -27.844772 -126.87706 88.810702 -5240.852264 787.47036 4512.690125 59.399872 -283.983765 5019.389251 -831.791642 -2505.378304 3774.793777 3934.804506 72608.335984 -1522.606544 5883.325806 3798.335663 88702.72169 -1906.254311 5131.96991 1117.113495 -376.01181 4301.756057 32807.245042 -1589.26281 6006.965027 1540.009842 67.188721 14442.299683 53626.88232 -1263.912697 5288.697052 1288.343048 -416.680908 19138.39059 36904.188743
2832.618542 3832.520752 -179.75387 9967.018668 1156.415691 5342.482147 -2093.496615 2708.57602 1351.776104 4709.230042 108.547974 64.525452 655.514578 1835.306828 1062.252331 4489.684906 294.318619 14.523544 7819.063543 -4904.025427 1052.643566 4232.487793 229.49173 -280.107422 21955.936734 -7817.07755 -2850.434895 3488.948689 -10948.570438 5738.713896 -1493.378086 4650.637817 3646.906892 14360.215333 -1904.053822 3979.498405 -33.480988 -1152.376595 3590.564087 2397.410842 -1124.771595 4305.743484 428.809738 -1701.126633 31468.158121 6253.496343 -1371.346836 3868.030815 -143.115616 -1420.571327 13718.395776 1344.7872
2777.579536 3991.901436 -1745.783069 27320.970093 978.906975 5406.040649 -11943.946491 3512.190482 1721.168404 5814.18335 358.76297 1073.768921 19688.46085 68986.70696 1422.571297 4785.355988 349.689636 264.486694 33229.564424 -726.856972 1006.56086 5296.930084 -56.712036 1033.257904 16658.063577 17250.134425 -2586.905022 3780.465431 42.688872 63619.489965 -1014.2342 4098.981323 22647.867055 1272.164637 -880.915222 3286.157351 1012.50927 -724.525442 53491.587381 -1164.950617 -971.517677 3959.500809 142.624588 -377.427063 38582.081151 2047.109369 -433.110638 2996.268044 927.606869 -902.947159 64840.313634 -3859.585486
2731.007843 3943.273392 -1853.524386 22668.819099 963.719788 5286.555786 -9936.592219 1371.132691 1871.29425 5577.031708 193.758392 -217.370453 40912.665154 47591.603882 1406.753082 4739.489594 27.814331 -26.085205 36007.246005 -973.935863 818.604279 5061.785889 -144.324036 -215.363007 6469.924451 7316.443897 -2751.701965 3661.158962 -2183.443138 34137.217951 -960.968666 4275.514374 28603.960291 4098.137968 -710.206337 3475.876799 214.341431 209.500637 71587.548501 -102.092016 -750.913391 4095.043182 264.236832 155.323563 53675.912303 3500.948406 -85.288906 3271.8013 391.454277 295.314445 97761.478176 -888.840313
2931.041603 3854.371338 1071.167887 9659.577985 1003.889961 4851.523743 -8919.488676 -3968.419421 1795.385933 4435.957794 -100.563354 -1154.560547 28938.839354 -331.119586 1139.345741 3711.141891 -292.062378 -1041.834335 12401.016609 -40343.967215 977.048378 4009.618759 133.789062 -1065.653763 15754.351632 -19911.401398 -2769.651146 3597.860203 -4284.374369 17612.243047 -891.272354 3997.869644 31608.99047 482.904858 -1037.253532 3786.486397 -351.702232 297.122965 43278.55529 574.682067 -101.89146 4029.682007 624.366894 -78.847809 99219.062609 2714.470703 0.445633 3593.58551 61.079502 308.297577 103505.677885 15.360717
2741.22879 3944.637833 -2203.686127 18892.702 788.078537 4386.664963 -27386.38622 -28793.578172 1405.94986 4402.36763 -384.0065 -47.146072 2240.143393 -775.512747 585.771255 3744.233513 -548.144913 19.535713 -1279.791822 -39076.165679 467.862701 4005.863228 -503.756104 -17.31144 -1955.878405 -20964.020774 -2694.516144 3664.278431 -902.452872 28407.608133 -838.42659 3953.335609 35719.641364 184.591963 -1033.755417 3670.916119 8.927689 -129.126186 43909.502605 83.964947 -44.486485 3993.418846 62.834549 -49.819069 104571.168945 2269.055468 -32.65976 3576.640301 -27.675819 -30.501118 100882.598968 0.338682
2595.32753 4019.028358 -12059.326589 26601.398886 677.907181 4301.261673 -41029.751018 -37682.489725 847.779846 4478.818054 -557.770767 52.29332 -17164.692214 -293.882157 341.499557 3610.854492 -243.872452 -157.536125 -10248.495736 -49876.189189 60.261993 4019.484138 -407.201462 -10.536194 -32917.818581 -21617.944145 -2606.950302 3769.914474 74.416775 50076.91209 -831.743164 4034.792099 36236.362707 477.900422 -1166.665192 3497.639723 -132.510529 -197.4335 35013.641994 -181.713442 -266.614704 4027.526741 -221.728973 9.95079 86312.04736 2354.834013 -413.141174 3349.103236 -380.082169 -251.694169 68264.808584 -726.702267
2729.089565 4025.207558 -3649.486494 24852.306242 746.774197 4267.434387 -34544.866472 -42198.787022 941.522198 4035.99781 74.314728 -459.67968 -11503.066918 -12375.373594 72.995663 3875.146599 -287.931519 247.432671 -31870.084285 -33503.039907 63.274746 3992.793579 -16.414871 -43.549995 -34955.428078 -24427.396274 -2665.108433 3814.234085 -649.146024 58754.60089 -985.008106 3962.728386 24695.214361 81.355856 -1601.519108 3808.213348 -454.28154 293.71419 12151.728435 408.263305 -586.52422 4087.713699 -339.337139 43.327522 61757.716701 2746.879681 -820.53133 3427.399937 -426.81778 61.437265 39204.878863 -409.46306
2762.391014 3917.082596 -1830.298374 11871.791821 768.16082 4262.273407 -31014.246924 -41504.719705 653.19355 3856.52195 -280.831757 -166.708221 -38827.447851 -21132.939232 -36.919003 3910.975418 -102.417774 48.596458 -42441.399059 -30668.769259 -7.163162 3875.307426 -62.941017 -104.718513 -43335.503717 -31885.197846 -3046.634865 3503.397474 -36059.302706 1627.134032 -1378.61866 4366.70311 6871.016576 4788.715494 -2133.237648 4106.637878 -524.221649 311.192169 462.830001 3124.328077 -1153.713036 4231.77887 -559.691925 156.832809 30217.112398 4418.234018 -1693.051796 3532.957878 -865.023575 118.32558 4867.539488 -53.121899
2692.654343 3885.342255 -3376.883811 10961.638915 753.478928 4200.514297 -28729.148281 -45063.716155 627.201538 3682.01004 8.269196 -151.114693 -37792.442804 -31084.026423 -66.545429 3848.535042 4.634781 -39.043159 -41930.354823 -32935.976603 23.697128 3768.017464 65.121498 -83.892746 -34681.236857 -38575.566403 -3450.59639 3063.590279 -124188.843469 -58534.615353 -1760.406723 4365.580902 257.824312 5244.254889 -2674.323959 4525.968399 -506.825104 442.727737 -4129.816503 11378.802244 -1722.852707 4555.819016 -534.878464 347.437363 10498.315661 9528.77815 -2315.005112 4634.055023 -587.692108 1124.494362 -301.161809 13397.887277
2650.070229 3845.261574 -4717.115858 10435.033266 814.131813 4112.18399 -20418.947019 -50245.133042 1011.30619 3748.905449 402.226181 101.990013 -4328.731577 -24157.897088 -14.090881 3843.13015 70.576077 29.689713 -34530.883169 -31204.553418 112.094841 3657.549591 106.519241 -75.373268 -22601.247587 -45129.51046 -3431.124229 3145.375919 -112814.75615 -26473.961487 -1748.792839 4340.266724 474.171508 5450.809314 -2477.694664 3935.955162 214.750824 -554.918633 -779.434237 1851.467641 -1899.323235 3959.263 -158.348999 -561.461411 6614.99352 2235.760911 -1787.61837 3932.610092 545.50827 -666.350327 4034.060896 1835.25095
2586.098976 3925.977097 -7724.238218 20580.452173 817.047005 4106.192932 -18310.900967 -50827.290196 1290.569649 3763.141136 298.785858 14.420624 884.592325 -23248.94374 245.669441 3812.599945 279.282722 -30.345268 -12289.786264 -32974.734314 441.615181 3575.351372 349.04274 -82.013283 -1071.020185 -52844.68374 -2995.722923 3566.177998 -18470.275905 15048.299998 -1249.720345 4112.636948 14764.472449 1679.755069 -1875.399742 3552.140198 621.817322 -383.630028 5978.46461 -0.93948 -1077.917595 4013.330612 840.92804 54.252548 37457.169586 2719.335375 -1224.795952 3580.275383 582.344818 -352.149773 22453.021281 18.567441
2775.117722 3865.48336 -138.336825 15934.238577 1034.818344 4279.1082 -4371.046524 -32732.478548 1720.318069 3981.016083 416.906128 244.627266 26583.874287 -10485.36191 678.522873 3779.948082 420.011139 -5.899544 3.537509 -33324.552091 1163.40416 3406.383038 708.946686 -142.216015 42499.718175 -67665.700374 -2687.603683 3729.038467 -37.315493 63104.806426 -854.743004 4077.791519 38024.809989 1585.322456 -1359.139252 3232.630653 503.418198 -292.757225 26413.096756 -1193.367703 -865.20359 4089.423752 199.871712 102.845459 48491.407658 3765.874543 -476.95879 3699.903564 734.994869 146.380501 66978.38507 413.12067
2792.73159 3909.869766 1.441037 22382.339758 1128.149986 4117.591629 -925.014811 -46928.351076 1855.060997 4044.346695 147.126923 64.727402 44137.250734 -7947.298147 928.690758 4009.850388 262.55188 231.299095 5235.313768 -20991.916267 1184.933891 3529.622498 33.913727 124.63625 47341.882201 -54577.64674 -2663.88401 3733.806763 95.29033 65221.959762 -687.626286 4076.836853 52679.532883 1590.410732 -628.714905 3715.15316 742.808342 483.919296 83080.543254 439.104606 -729.450226 3994.810867 148.13736 -93.216095 57587.412573 2810.10902 -65.982838 4320.030594 423.359947 621.523819 103402.347583 7802.196891
2682.198257 3940.742874 -2430.128413 29172.149097 971.710434 3992.085266 -7289.887839 -58684.096259 1740.348892 3773.000259 -121.042175 -260.715942 29373.188377 -20311.705904 778.087769 4025.447693 -156.93306 26.227798 913.92653 -19772.576315 1150.706863 3519.285717 -40.557098 0.293713 41581.775859 -54548.463736 -2652.161484 3692.216415 147.187184 54942.779097 -643.578243 4105.828705 56061.908829 2079.517313 -771.770325 3705.007744 -149.38549 0.485077 69144.991007 441.439249 -661.962204 3946.387749 61.157951 -37.792625 61570.554581 2462.400508 -57.69989 4119.540176 1.952877 -189.859924 103588.61735 4563.856931
2720.876656 3898.880844 -1803.733652 26027.206934 954.490242 4097.39975 -9785.755809 -45608.711567 1604.789925 3509.388409 -158.440247 -240.2952 14574.682881 -36752.841452 657.086601 4001.475296 -143.882446 -0.655746 -70.391491 -19802.617564 592.784767 3499.557743 -580.803375 3.588676 67.456808 -54192.526497 -2606.378136 3650.002861 492.808019 49101.63205 -636.292076 4029.269943 54650.650036 1437.407336 -794.884834 3793.926544 -45.995789 112.235451 65111.646268 1148.028621 -664.978924 3978.077698 -25.897999 55.006599 59867.592026 2976.094215 -99.669819 4053.658371 -64.851208 -42.565155 97492.606413 3956.28589
2880.418816 3860.536995 0.128307 16552.573897 901.645241 4205.600586 -18816.681478 -38084.099875 1498.662071 3493.359737 -166.552887 -41.675034 4552.369439 -40096.722401 633.166161 4063.292084 -84.345474 36.170425 -962.868692 -18179.629637 334.763107 3625.517426 -318.446693 100.31332 -9818.443304 -44714.560606 -2501.416969 3689.984589 1745.259981 53502.731036 -686.502953 3954.919891 45155.323867 550.977274 -755.498199 3691.595688 -21.038399 -127.977219 63307.196722 368.834176 -754.79744 3894.875832 -150.243549 -108.848228 50459.260972 2006.68193 -23.778496 3956.02829 15.46629 -123.276443 98929.651516 2441.406714
2868.403721 3855.628433 1.535618 13942.04982 790.690632 4272.106552 -28864.972168 -33799.535786 1340.002689 3590.002213 -144.605408 80.829182 450.901304 -33743.855262 477.429752 4048.388214 -141.682434 -30.717163 -4769.390768 -19553.484833 214.044704 3701.466179 -106.664429 60.13546 -18232.792157 -39469.183133 -2560.927944 3665.026951 474.999706 41480.928629 -713.41692 4139.410248 44110.353229 2287.820658 -275.887158 3555.503712 493.665016 -151.90527 112331.609081 3.180047 -754.630795 4095.744247 14.220619 185.055122 51315.325184 3768.127856 -280.962641 4463.758163 -243.130171 491.91658 77555.721832 10657.291259
2869.259186 3772.728615 230.745224 7186.753721 930.778961 4156.831665 -12538.476875 -42276.162924 528.85498 4593.788528 -779.716492 1021.463928 -52018.559764 645.682927 925.280609 4281.564102 479.282074 250.8535 3550.845199 -9798.092497 -129.129848 4291.849899 -311.743336 608.061333 -57634.283958 -4808.815162 -2777.338562 3632.375317 -3542.401296 37449.234331 -951.973839 4550.442047 28965.056207 12042.889405 -1034.900131 5373.29483 -727.581756 1835.468731 44952.564401 45067.223129 -810.120239 4516.548767 -24.058228 438.482132 49871.262488 10138.950433 -398.959103 4706.017609 -86.565244 259.937057 70572.850212 17338.421747
2970.277328 3655.512085 6995.59257 2339.551613 1311.076736 4264.756775 1283.880183 -29344.991239 1850.186691 4104.573746 1378.724213 -443.299866 45268.510668 -4269.085444 1362.335434 4211.422272 494.447327 -24.226913 36982.904354 -10594.662024 1127.000351 3943.720169 1313.522701 -302.214813 41015.467865 -17854.538644 -3178.320694 3301.694288 -44332.118995 0.230485 -1837.866135 5158.800049 117.899515 41706.679581 -2800.519485 4793.905792 -1708.226852 -533.474121 -5942.410271 22833.348318 -1816.118088 5107.289886 -948.605347 636.656036 9359.654859 24889.709055 -1459.012451 4617.776489 -1002.660847 -42.326202 13693.015617 16140.247932
3319.054985 3554.793968 42787.776875 -233.356021 1812.943687 5163.083801 33790.678952 561.460686 2137.720604 5122.165527 223.903656 993.659897 80858.326407 19064.776665 1333.120232 4745.672455 -92.845459 510.318298 28018.626924 -393.276753 1451.398277 5468.753662 260.76767 1501.101608 84325.748667 34460.14958 -3202.135201 3191.699457 -61996.311787 -8155.261441 -2068.224068 5042.751617 -2086.683852 33858.907403 -2346.23539 4502.688599 390.653839 -315.149078 -120.367079 13216.514601 -2116.206093 5046.259918 -363.718262 -84.961853 2324.588666 22544.54488 -1894.147682 4659.015808 -498.765488 17.307434 1855.733047 16625.004332
3371.727943 3595.035915 55100.402024 -21.623229 2307.422218 5657.070618 125889.93399 16776.969702 2265.732765 5114.319611 139.867401 -27.276764 108292.228135 17553.969237 1441.082191 5119.24057 119.8172 354.137268 39819.883207 1431.545347 1768.754768 6540.3125 329.211731 1052.127991 161055.76004 167609.801152 -3242.674828 3277.420349 -68434.331348 -2058.402972 -2250.247612 5211.417236 -6147.52929 42254.316403 -2318.221855 4543.685684 39.868774 21.566238 -17.839138 13791.33166 -2043.166161 5032.481995 84.895172 -33.208771 3545.207239 21659.43382 -2038.2304 4535.44281 -132.227478 -143.003845 551.136827 12834.866975
3364.344864 3398.805676 49662.239834 -9426.096391 2529.833755 5545.925598 179032.754946 11691.366347 2335.141373 5346.31897 49.28772 247.187653 118912.785604 33523.237197 1263.8694 5247.745209 -197.333679 143.692932 21485.855784 3749.654888 2177.038651 6469.177551 388.162994 -55.946655 283140.891119 158008.624472 -3244.395981 3104.519062 -73549.877653 -23189.351159 -2447.708359 5175.193176 -14460.166108 41014.683002 -2441.092148 4664.8349 -142.99118 136.337509 -807.926427 17708.382015 -1869.595718 5206.699066 153.449554 189.405365 6402.653534 26945.38388 -1989.487686 4197.112579 28.621826 -323.141937 768.360399 6073.733409
3551.778145 3268.696382 93792.217012 -20850.777209 3521.880684 5523.044586 577631.856929 12404.624726 3140.811653 5513.242188 811.25885 204.375 365097.57512 50594.139268 2311.540108 5891.609497 1053.259277 681.316071 184297.002611 29645.440895 2703.009834 5909.737244 531.559753 -521.988525 505833.888225 82074.28906 -3300.698967 2933.727226 -86138.53035 -58888.431849 -2921.941032 5128.190155 -44258.81958 40457.922693 -2584.863243 4593.212585 -138.182526 -34.170532 -2684.340006 16680.724133 -1905.306053 5288.070526 -30.121765 118.823242 5775.60529 30555.836443 -1978.582268 4247.95433 16.493988 88.293533 909.8939 7672.86467
3700.508232 3011.607208 142486.202105 -67831.947116 3384.400444 5276.858826 517000.402693 3984.314644 3003.862419 5142.45224 -120.860596 -340.982819 319890.36549 24064.803203 2007.258873 5522.74353 -288.192596 -339.058838 123862.537581 13681.251045 2872.32708 5093.616638 185.405884 -786.313477 598600.693275 14221.137843 -3389.889717 2807.636223 -106033.347019 -94826.14425 -2971.76899 5057.327881 -47031.0289 38108.064872 -2780.309944 4842.645416 -179.358063 279.23996 -6751.235359 25978.827823 -2287.072182 5534.619904 -365.67749 276.356506 740.093539 39830.568262 -1860.591469 4606.26297 134.079437 388.115768 2504.092258 16915.858524
3647.21447 3018.114872 119065.371581 -71840.567736 3238.820305 5253.505707 438945.407235 2824.833619 2949.905205 5189.671783 -75.680542 25.856018 293103.197688 25735.014548 2172.687492 5415.485382 143.705292 -128.621674 152501.753544 9220.300315 3098.870049 5184.403687 204.819641 69.423523 710155.580519 17960.678293 -3353.187141 2780.08728 -101788.498068 -116346.102518 -2871.055489 5047.128754 -40672.957354 36349.321879 -2703.247108 4804.0065 55.339508 -60.002441 -5299.842772 23807.841804 -2884.93885 5290.900574 -619.589996 -265.082855 -3076.688257 30910.173319 -2335.092812 5119.386597 -496.22467 491.760101 -553.254983 33807.229243
3548.736191 3181.204658 104537.027735 -31605.646473 3041.659775 5390.525208 374809.873036 7526.300265 2500.746384 5346.584015 -400.985107 170.58136 170715.397804 38158.22835 1740.255661 5379.293518 -384.258118 -22.522736 82582.369386 8529.416387 2350.637741 5020.409088 -700.058594 -150.32547 368231.860385 10413.412706 -3414.854507 2695.785637 -105608.482512 -151302.32032 -2957.685623 5002.102966 -43710.737128 34643.200168 -2754.001846 4720.345306 -2.581024 -69.992065 -5363.635029 21395.092709 -2889.057541 4861.302185 44.055023 -415.92926 -2459.127789 19189.825265 -2334.693375 5020.31662 48.573151 -85.400848 -266.365241 30458.347461
3404.475098 3351.57402 65056.151784 -9579.65342 2081.734924 5280.579376 80328.43956 3497.64123 1658.761292 4824.181366 -855.698242 -536.278076 19480.405756 7320.356767 1890.879059 5165.957031 136.910248 -227.211914 105054.536007 3064.300576 1909.172821 4130.659485 -455.17807 -903.625031 205615.020417 -8124.762784 -3283.919373 2967.341614 -74773.031736 -45924.000965 -2461.562195 5191.0289 -13524.832642 44692.275401 -2328.191376 4751.139374 412.097321 16.91864 -12.192828 21966.496988 -1638.785858 4160.681381 1236.558533 -714.496231 13318.486804 5546.833898 -2299.829407 4488.810349 21.150818 -545.381699 -173.85003 13190.452332
3392.372704 3399.233665 64311.216874 -11859.39283 1391.942406 4490.80719 2854.163656 -17537.800593 881.14994 4912.603302 -768.898239 19.169312 -11295.206727 8007.253792 1971.500664 4825.232697 89.334717 -409.976959 121173.998527 -130.043657 1203.92498 3810.462494 -696.534729 -389.449615 47851.175992 -29917.19549 -3330.577431 3149.190693 -84173.257757 -19036.188603 -1529.117775 4444.654846 4186.421026 8765.213841 -2531.811104 4163.568115 -194.906616 -656.823883 -1330.688833 5311.61729 -1482.050591 4376.146469 165.44838 146.212463 18901.219142 7670.98063 -1432.940788 4041.41037 875.60173 -516.652603 13599.616184 3401.177209
3349.02523 3305.860806 56574.990426 -26205.613045 1418.930626 4444.865036 4208.64844 -21023.030591 676.259422 4658.908691 -197.973404 -264.085541 -28757.327582 1254.714005 1753.024101 4576.231995 -211.559448 -259.391632 84863.494461 -2877.513655 1194.852715 3751.631355 -2.155151 -69.222069 47533.999693 -35226.814251 -3396.127663 3042.50885 -99792.815563 -47233.7532 -1624.847603 4251.829147 2267.90497 4131.491467 -2022.570992 3314.484482 516.157227 -859.474564 2588.563854 -660.027696 -1569.421806 4269.337997 -80.454102 -117.199402 16064.707452 5941.005056 -1786.438789 3475.905933 -346.580887 -575.895367 4256.112915 -22.020288
3498.431778 2864.077988 92002.419751 -140632.695939 1772.902756 4295.227966 34268.270018 -29904.817751 1531.588211 3373.265791 857.424011 -1261.277666 10936.333099 -49629.12764 1725.611801 4434.643631 -25.317078 -117.223129 80950.344779 -5289.773831 1400.494766 3129.583607 207.737274 -597.682514 82955.771123 -99101.311236 -3428.431931 2824.648018 -108358.938915 -121452.635302 -1723.113022 4240.046768 848.413472 4368.38246 -1261.404114 3310.841844 763.2621 20.722597 32419.982709 -543.559415 -1741.704483 4253.967743 -170.187454 8.99498 10823.974305 6065.958135 -1073.724823 3153.676548 714.809189 -297.864151 29311.148815 -1390.073831
3518.644409 2797.024651 98003.755544 -167248.352726 1805.888824 4253.765717 38824.669715 -33142.676758 1614.680176 3325.665689 85.412292 -47.038274 17394.19445 -54012.190321 1722.066345 4402.339935 -1.225128 -31.741867 80763.32499 -6068.349369 1380.320587 3179.112768 -17.853851 50.09099 79526.562478 -92507.356936 -3409.765015 2812.969933 -102370.366587 -126761.682062 -1725.260162 4249.306412 850.354856 4557.874998 -1367.549133 3309.277465 -103.824692 -1.00255 26400.981291 -548.934051 -1752.316742 4245.848083 -8.291931 -7.557831 10594.982132 5960.881817 -1165.124893 3071.382809 -89.079742 -81.731911 24963.830149 -2136.887077
3471.877823 2906.429062 95609.694076 -116546.209856 1640.51796 4238.60672 23710.053326 -32514.220033 1458.740768 3317.905836 -118.07663 15.175939 8860.960642 -52577.821016 1593.228226 4392.233582 -90.975342 12.829437 67479.999328 -5747.230699 1288.623734 3125.013275 -53.834076 -31.163702 69624.75979 -96583.051491 -3397.386703 2780.039635 -88725.882613 -131631.944772 -1603.67363 4122.325668 3579.074419 2754.900481 -1808.436203 3325.429804 -403.024292 39.08813 8887.648331 -358.965418 -1839.500198 4163.102951 -49.320679 -59.809341 9283.518691 5161.732865 -1331.648483 3101.232891 -128.660812 52.785873 19300.511921 -1636.271645
3509.875336 2924.874992 107331.014625 -112916.214497 1692.763214 4299.982605 29990.200332 -28359.476162 1469.186096 3372.595644 15.04425 46.738758 9789.716269 -48281.530086 1595.039673 4454.144363 6.41037 53.959732 68376.920644 -4492.189996 1233.576965 3234.837093 -50.447845 101.872768 60943.086438 -83585.614321 -3391.225433 2757.977219 -85930.459126 -146809.112165 -1646.587906 4172.015305 2751.709808 3423.948847 -1864.05426 3498.736801 -51.019135 165.355947 7334.147938 0.000326 -1774.795685 4190.351028 69.303436 19.297028 11150.99052 5413.289863 -1359.78714 3185.367098 -23.539734 76.183157 18343.088993 -1031.385771
3577.390785 2981.025429 122839.977846 -95868.875892 1874.698982 4524.473114 52757.753388 -14239.433061 1846.692238 3608.922443 362.92099 231.887407 46218.574692 -29673.711687 1689.26548 4573.929749 79.640656 115.345993 80013.793935 -2327.203788 1446.128578 3401.26976 197.966461 161.993275 98327.237097 -64851.168691 -3431.402245 2800.074654 -100622.842409 -127898.533638 -1817.666893 4203.500595 280.586338 3896.275585 -2127.544365 3805.272865 -278.075256 302.096672 1488.189386 1201.66613 -1832.35836 4167.658615 -72.147827 -27.131805 9210.526501 5061.306552 -1520.287819 3586.913757 -175.085831 397.107267 11986.145122 128.475637
3524.945564 3154.064732 98510.024633 -53568.76633 1838.836098 4739.376831 42712.156814 -5752.796801 1046.133919 4305.411301 -832.867126 676.562405 -2633.720825 -1139.775676 1482.487221 5228.190155 -239.087067 634.333954 47825.719038 3030.779778 1182.204475 3927.42569 -296.23291 506.229477 45691.394022 -21607.145193 -3321.959343 3054.733601 -80261.562519 -39405.425663 -1680.756798 4551.362305 1359.184993 12050.884997 -2188.668022 4077.086639 -93.432465 251.887321 518.207398 4039.064527 -1671.017418 4138.791351 129.032135 -48.793716 12811.610558 4458.072379 -1531.144295 3980.542908 -43.165283 373.702698 10625.953333 2727.323069
3499.881744 3187.745686 96311.478894 -43403.175988 1826.1026 4763.813629 43297.47685 -4598.574894 1214.697723 4094.193878 185.476379 -199.627151 63.764998 -5569.116748 1515.769043 5136.953735 50.194397 -79.646149 53900.211279 1770.98777 1288.375397 3796.676559 123.083496 -119.158859 65141.684556 -29699.862194 -3342.41745 3078.42123 -81147.07047 -30482.969901 -1639.463425 4432.37236 2309.860973 8886.302245 -2145.529175 3680.284195 60.051422 -385.212173 1084.221243 375.360758 -1566.946259 4167.384567 120.983734 40.183487 16726.604748 4952.078351 -1524.775772 3846.62838 23.281097 -122.324257 11349.396312 1508.510098
3491.601982 3098.106995 97845.710811 -63750.846452 1899.851036 4754.3367 56503.807012 -4791.61755 1363.929253 3977.201767 163.209229 -113.832016 3620.499194 -9590.133102 1586.997337 5019.155731 85.205994 -114.637909 65043.021762 548.295351 1360.639763 3681.439171 86.242065 -112.077293 80819.741912 -38483.907071 -3374.300728 3001.093731 -85693.263248 -50566.747216 -1641.28727 4372.973785 2539.99707 7421.119033 -2030.562325 3413.375483 128.94455 -263.748617 2997.629581 -118.25918 -1430.031548 4187.536087 150.89241 23.311615 22339.820062 5250.560384 -1474.713707 3668.532143 64.039764 -174.936142 13462.276261 388.039689
3429.06002 2823.800774 83161.709388 -146036.093167 1834.661217 4379.37561 47402.957538 -21992.61547 1780.504723 3440.368443 422.590637 -516.464062 38138.847789 -41475.481032 1762.071037 4496.320496 181.088867 -502.465973 92199.392927 -3411.121182 1473.061943 3151.823778 118.437347 -509.24613 105102.942299 -92708.055111 -3376.089516 2796.659088 -84609.022312 -122251.771978 -1566.58886 4099.328003 4345.555704 2457.268451 -1929.555244 3231.655035 107.022247 -161.351185 5309.088327 -863.174341 -1365.256081 3981.975555 70.790634 -185.191269 25252.637289 3120.2805 -1363.301125 3187.276392 117.42775 -460.886488 17804.89839 -944.311477
3522.756653 2614.418106 110544.181499 -259797.876546 1763.165588 3942.320213 38575.202653 -64915.664946 1981.726074 3297.255125 209.593811 -183.553991 68805.596384 -58192.343136 1661.557465 4066.813431 -92.141113 -469.947739 77791.261277 -18206.135864 1413.233948 2939.941139 -51.455536 -252.323313 94161.703822 -128267.319226 -3349.685669 2908.989067 -75949.550567 -90548.457941 -1377.137833 4012.929688 10808.780849 976.832438 -1878.144379 3394.177794 59.783325 122.082086 6885.923209 -236.495731 -979.089546 2826.199951 394.538994 -1196.216278 44755.327044 -2639.29808 -1392.146454 3259.400663 -20.47287 31.683598 17004.16492 -743.26886
3599.042015 2589.240646 129724.731011 -277085.961779 1832.504997 3927.950287 46527.143441 -67424.987057 2064.600029 3435.742826 70.673981 130.985565 81171.33726 -45974.501935 1717.466393 4044.64592 43.708954 -29.669647 84473.518072 -19533.265214 1398.873558 3049.915886 -26.560364 102.47261 88749.308574 -113131.541714 -3298.58036 3018.100586 -66815.837604 -53839.539433 -1297.154655 4046.158752 13689.23987 1222.864865 -1823.142281 3447.632723 42.802124 45.952792 8140.635041 -102.174918 -1028.55217 2803.58593 -61.662598 -30.116158 41341.804492 -2923.979208 -1435.449715 3263.364744 -55.503235 -3.538055 14925.998331 -764.526795
3623.182716 2611.017075 128347.540561 -269274.612271 1881.040077 4060.534286 49480.123382 -53679.384093 2264.586525 3483.000059 171.409454 40.116425 115404.992534 -42520.240582 1775.219154 4150.606308 29.17572 98.81958 89087.13567 -15294.240158 1054.847603 3963.797874 -372.602997 906.74118 29707.582252 -20593.393606 -3241.070213 3016.661873 -60402.54328 -56572.334629 -1338.592644 4165.963135 10719.718329 2625.432049 -1712.30999 3207.202806 82.255249 -247.570724 10846.530784 -1482.379029 -1221.668663 2906.73996 -221.693535 96.013222 30187.684146 -2067.232192 -1421.534462 3407.430758 -14.661789 136.925206 14399.635762 -160.484908
3440.793724 3049.119415 94226.046973 -92791.631187 1827.442284 3727.658005 51006.635478 -96115.150847 2170.207176 3418.747783 -30.697937 -82.644 108832.426956 -49783.665162 1909.58065 3536.82003 198.042908 -632.178001 123646.266331 -51353.19432 1235.887718 3563.619328 244.721527 -418.570271 64932.364863 -54068.247295 -3275.748024 3208.086491 -54298.316967 -14533.12881 -1336.520348 4213.862152 13498.142849 3080.25553 -2038.946877 3658.522816 -262.955475 432.928286 3557.291026 124.327393 -1341.770515 3188.671551 -56.420441 263.539867 27628.35473 -477.075869 -1551.771889 3784.346695 -66.556015 358.524213 12129.048464 705.435505
3408.422432 3252.144814 78112.690772 -43542.807948 1738.655434 3832.448158 34344.20262 -84114.280216 2145.274696 3465.815024 -56.148529 31.958294 97309.312636 -46907.029501 1727.16526 3910.457306 -213.631439 358.528328 86606.82806 -28301.476328 1296.384773 3369.951236 29.281006 -208.777039 70057.933681 -76689.473996 -3103.818474 3447.413211 -29297.686711 988.465601 -1287.573662 4521.97319 14302.097841 9567.148539 -1835.509605 4021.922493 172.221222 348.29073 7883.743453 2610.715402 -1258.093987 3835.946045 52.46048 632.165546 30004.354825 1212.972845 -1194.877586 3839.972763 325.678253 40.51712 25094.289704 960.582086
3216.974258 3521.196194 37086.092184 -2970.857696 1503.830338 3944.386826 10558.023798 -66423.858491 2036.587753 3453.732634 -118.370056 20.799079 75128.731583 -45080.843571 1905.681992 3822.40139 168.833618 -55.174446 115334.27278 -31405.127195 1111.607132 3435.155916 -194.460754 98.08615 39664.961348 -65570.622986 -2991.350937 3545.437241 -15871.986415 14442.852056 -1184.85878 4616.129074 18901.520073 13492.44191 -1767.199478 4102.813873 58.627014 113.77285 9744.201109 4114.401114 -1113.882828 4558.091507 134.528046 755.026932 36545.156125 10508.580492 -1025.139618 4098.626404 160.054855 291.53511 33174.589111 3955.388076
3149.914017 3552.134266 26183.91608 -2202.860721 1317.769394 3859.221878 1484.10222 -78575.744362 1815.08522 3327.602267 -225.636444 -142.240596 40783.863995 -58293.64478 1491.176987 3382.801582 -418.638916 -455.710038 51636.744718 -63212.916932 663.66806 3431.195865 -452.072983 -20.070281 2193.39748 -67774.92419 -2768.810959 3729.814529 -898.676764 54870.115355 -687.320728 4382.660828 53996.700401 6418.561049 -1318.807907 4558.442764 444.25766 439.518661 30241.448288 13122.007892 -552.772255 4449.93187 556.976662 -124.269867 70482.748462 8348.718851 -523.503666 4861.803436 497.502041 747.066803 65479.98339 20918.695252
3022.10907 3727.822495 8890.654539 1352.639616 1098.545532 3760.905533 -2035.774066 -92937.260967 1639.33609 3225.84856 -204.213715 -113.488326 18674.288392 -70051.861167 897.116852 3533.226528 -622.524719 138.690327 3616.580197 -52366.714465 558.202438 3317.890687 -133.930206 -125.039797 2.909288 -82328.667541 -2611.676636 3770.78434 706.615043 64547.364364 -608.409901 4405.157852 58599.569228 6670.00467 -692.290001 3699.96521 598.053322 -870.212173 75689.7217 217.503662 -322.585397 4062.531891 201.722274 -399.134598 85498.867355 3090.39442 -321.874571 4653.505249 173.164511 -220.032806 79276.681751 14534.194955
2930.524368 3805.864182 2842.046625 5400.698883 994.694748 3748.399963 -6607.761982 -95490.097784 1541.706924 3169.484062 -100.882111 -62.506466 10898.812987 -76988.994189 630.609512 3194.522381 -269.760284 -344.846115 -150.590316 -81220.308789 442.590561 3318.845234 -118.864822 -5.187421 -1470.422061 -82963.003352 -2571.002121 3796.411514 1851.741619 71433.473974 -551.417103 4408.356857 63710.034723 6600.767922 -585.393391 3671.898594 103.643665 -34.208584 85649.128845 117.173573 -262.765856 4090.45311 56.566596 21.779251 89969.783915 3311.276773 -219.926901 4527.136993 98.694725 -132.510223 87729.725515 11248.53377
2768.675117 3936.032982 -534.083488 15504.414824 796.683617 3750.438957 -23477.827896 -99415.199511 1380.659065 3145.386677 -176.058044 -54.328098 2313.971165 -83284.469232 470.375023 3223.156757 -175.244675 -1.596336 -3517.796037 -81368.54021 317.088585 3311.408758 -140.512161 -37.667189 -7343.1093 -87642.093613 -2394.315453 3857.460938 13019.042814 83037.267591 -361.552522 4330.187378 81816.376502 4302.217321 -431.192989 3819.25415 139.190216 117.124844 99992.457402 588.428572 -125.85844 4167.245331 121.89723 46.561508 99991.619408 3809.068653 -100.576191 4508.685532 104.340525 -48.682175 97131.885519 10147.035407
2768.269577 3936.290169 -543.455605 15536.24091 796.240997 3750.281296 -23530.045716 -99438.360034 1380.159073 3144.876366 -0.561676 -0.51733 2296.72523 -83345.605862 469.626083 3223.071098 -0.810623 -0.092678 -3543.654218 -81377.150193 316.927567 3311.317244 -0.222702 -0.098534 -7355.975561 -87654.50197 -2394.02626 3857.556458 13041.874701 83071.846732 -361.219041 4329.981842 81846.281811 4298.191671 -430.849438 3819.013252 0.281868 -0.247917 100022.629501 587.049939 -125.399513 4166.975937 0.397243 -0.276413 100025.143884 3806.010694 -100.216904 4508.247528 0.297604 -0.445023 97159.387036 10137.227922
2545.842133 4026.801949 -14809.953784 29824.781185 525.347443 3743.046341 -60836.87452 -99949.811194 750.173874 2818.159447 -635.245438 -323.113708 -24084.618482 -125912.451788 -200.412283 3270.411463 -675.298605 50.943575 -57981.48542 -76713.078708 120.9412 3280.40803 -201.246605 -27.306004 -23586.030427 -91127.000031 -2213.156738 3891.078911 36631.934759 98212.482141 -188.991146 4242.470779 101250.161475 2856.224499 -296.916442 3885.855904 128.672757 70.445862 114271.476152 1043.835527 159.374886 4084.133759 279.51416 -79.238968 125007.075078 2980.022098 -29.314098 4381.16951 65.642567 -123.474808 103320.533384 7599.249991
2634.826202 3905.422173 -4672.914172 10475.191285 523.645706 3786.864929 -55503.203604 -96121.301426 -26.894531 3492.686701 -742.614975 658.124666 -154165.697199 -48450.979732 625.197754 2871.172752 860.063467 -415.641298 -98.678155 -118785.981609 -636.811123 2982.316513 -723.298893 -314.494104 -157842.911257 -135983.431126 -2079.980316 3916.80172 70267.842262 102212.388249 -80.643616 4377.101135 119481.593617 4972.598604 -596.435089 4167.239151 -265.065217 264.980659 85954.472677 3931.12417 3.014755 4343.07663 -121.9067 242.540283 113769.437086 5826.55153 49.408112 4272.777328 113.17564 -124.794769 114387.839403 5405.062135
2689.324303 3833.635674 -2324.561559 5410.221786 494.653053 3767.056808 -61524.80681 -96732.876282 739.134941 3309.943771 758.152466 -167.350473 -22567.300719 -64706.325258 399.019203 2830.692329 -234.055557 -25.087967 -5293.915134 -121618.67718 -492.424507 3589.251671 136.509609 622.327614 -123409.790186 -55886.021934 -2011.489449 3897.3423 85103.615561 100457.175177 -199.088364 4504.681625 103277.074305 8310.700975 -907.371674 3966.131897 -318.813591 -185.714798 57227.466386 1713.904212 -540.23243 4764.452057 -551.124191 436.767883 69569.420167 13336.890603 -237.804403 4261.916351 -295.089521 4.531479 86711.104281 5478.211959
2719.510689 3814.2379 -666.664294 5453.387217 523.192787 3717.86541 -53405.679026 -100828.773196 523.701515 2811.918335 -193.79425 -478.054123 -45024.108939 -124071.2584 -508.791361 2963.805771 -886.171389 153.084755 -96489.128342 -104853.364423 -578.466358 3279.502516 -64.402676 -289.777842 -139127.440789 -88823.310115 -2339.240685 3809.172974 24701.034689 73289.080521 -601.333008 4192.682724 61588.994458 2400.218019 -1177.96566 4422.439804 -248.954811 476.279221 38843.880444 9220.430923 -711.303844 4335.726242 -149.43224 -408.754501 59448.802544 6216.231576 -438.438168 4465.608063 -178.994589 223.663025 71787.898191 9699.741696
2743.700333 3859.798241 -207.437583 10621.220922 558.386993 3718.494911 -47723.772484 -99096.805636 495.565262 2787.383232 -25.903473 -12.882576 -48607.616236 -125936.061809 -165.355186 2861.451035 345.668955 -90.702209 -47455.101293 -114636.721807 -113.521099 3101.24485 467.17804 -166.605139 -46475.301019 -111199.635767 -2570.71022 3690.109158 3180.799821 39167.311025 -760.132141 4377.077026 47550.693768 5975.705498 -1294.684143 4488.154144 -114.485703 77.366867 31581.727449 11003.205385 -1732.741928 4455.237122 -1019.205303 131.163406 11626.7882 8208.557474 -506.403513 4720.266113 -65.732565 266.310577 66661.139314 16288.374306
2776.640129 3827.90905 4.473475 7942.836059 594.09008 3708.21701 -41867.523185 -99896.490401 531.957664 2781.651154 41.67923 -1.138268 -42908.900836 -126101.499306 -297.126951 2836.083565 -126.484938 -20.773659 -63399.830429 -116938.823524 -178.579865 2989.522171 -59.771938 -107.128868 -55564.666562 -126914.301632 -2608.442726 3648.076344 1775.461715 29765.940161 -783.37368 4358.046722 46056.701888 5657.739564 -1350.293007 4559.964294 -50.322037 76.403961 28627.212008 12918.327448 -1798.972969 4545.96199 -60.944214 95.31868 9939.239212 9829.896442 -638.696918 4806.320801 -127.006578 90.648499 57293.322466 18918.438657
2888.813362 3812.461166 2699.088654 6454.422812 689.370613 3696.889915 -29367.96467 -101749.076526 777.620888 2761.137695 248.828125 -22.267609 -16277.463769 -129359.748241 -208.363094 2797.048187 91.928759 -40.789528 -51582.381072 -121525.635676 -44.863434 3011.001854 136.881332 19.725533 -35947.834176 -123942.790426 -2613.388329 3693.137436 1710.109829 40757.594585 -708.135815 4492.45636 52755.793539 8906.530787 -1079.405556 4689.902191 274.052353 128.183746 46473.662763 16476.295192 -1452.715263 4966.540375 349.422607 418.824234 21409.416423 18684.401934 -595.413113 4975.312347 46.448708 167.237396 60637.079304 24286.968621
2953.312225 3817.310791 5987.839952 6477.157502 728.160095 3700.29089 -25657.614266 -101915.856382 830.631027 2751.88221 47.359543 -13.828239 -12642.798906 -131404.046222 -182.044506 2808.251266 20.667992 6.630325 -49093.180718 -120774.045198 23.022079 3066.678524 62.234917 51.103916 -28435.725375 -116408.077317 -2529.688568 3731.366844 5724.744002 50490.251248 -659.916325 4094.351807 56583.534535 1312.230541 -1290.793762 3969.319458 -217.038803 -725.155487 31985.528342 2042.409755 -1750.583801 4835.576324 -303.519135 -135.536804 11198.016992 15510.421498 -799.044037 4427.668228 -209.281521 -552.216873 46320.192921 9105.240782
2965.859947 3818.562622 7668.957284 5473.317913 741.760445 3726.722298 -23061.344057 -100150.642004 858.459358 2773.247948 38.866425 7.385635 -10002.573833 -130310.19667 -26.701393 2913.153229 166.381207 90.92186 -31296.961063 -110702.649983 81.890411 3177.921982 69.906425 97.263355 -21046.420212 -102720.405024 -2395.804482 3814.264526 19422.992339 73667.936304 -467.119055 4017.150307 76769.763554 531.643658 -1216.609535 4073.004227 85.222321 89.704666 37352.656922 3078.154809 -1748.147774 4886.001587 13.474121 36.44516 11581.752249 16334.867312 -673.510704 4528.816757 136.571426 87.168427 55444.776585 11016.393655
2840.483742 3873.402176 696.369547 8655.576471 612.103157 3782.591972 -40450.006429 -94811.118287 691.654015 2836.431808 -183.025208 45.660973 -25133.095042 -123649.083021 -174.180164 3047.479095 -163.698635 116.802979 -48774.611834 -98407.767757 -126.618481 3281.922493 -224.728756 86.477623 -48751.165102 -91269.316891 -2156.622124 3869.098129 56347.093595 88037.214924 -291.751661 3963.177948 94667.016302 162.127673 -559.829254 3897.955208 640.560417 -192.571907 91010.456234 1115.248621 -188.53817 4475.19722 1543.38974 -428.327255 98316.557194 7994.322952 -191.456223 4537.312851 465.834618 -9.026794 92735.039757 10810.038148
2600.963974 3895.844078 -3528.464676 10590.378646 524.692917 3600.543156 -47002.940178 -121944.044611 629.841156 3070.168152 -20.834045 230.633316 -27289.646829 -92674.24545 114.235725 3205.353165 329.394703 154.771042 -17538.509784 -83230.824845 45.000534 3236.638203 212.597828 -48.387318 -22249.118812 -97593.241024 -2117.595139 3900.848198 74280.276397 99938.168081 -302.383509 3969.385872 98292.430876 173.746866 -423.007453 3880.924072 177.800614 -20.134163 110072.055453 966.350674 352.312546 4479.994583 581.829529 1.694336 153028.720132 8021.506751 75.895042 4388.255157 308.330078 -152.160721 122662.689584 7625.220711
2598.181648 3899.937134 -3750.24385 11379.480562 519.398918 3616.403027 -47998.901002 -118981.036812 636.10218 3106.522274 4.788895 39.635067 -26786.088088 -87800.030902 95.232391 3224.044628 -20.475464 21.972408 -19024.436408 -81179.172126 -26.160202 3241.759605 -72.632866 8.402348 -30149.175225 -96479.909145 -2101.19381 3904.872971 77900.496368 103093.910118 -288.850231 3956.881218 99752.239112 140.406693 -432.163558 3834.682693 -10.628234 -42.960434 108881.734289 684.299231 376.218681 4454.371643 22.434006 -22.341995 155379.645 7666.760562 35.574837 4337.698593 -41.792336 -47.27562 118361.373363 6748.589423
2383.107224 3917.622986 -18774.657075 15032.443737 406.282654 3683.73167 -59477.70239 -106867.999261 289.40979 3468.882174 -306.996994 375.877662 -68552.44603 -48120.679599 -317.854118 3646.52729 -373.391113 436.000423 -56717.99661 -45762.702791 -405.679927 3311.439695 -339.824328 83.197851 -83024.477643 -85800.706191 -2082.174454 3943.928757 92973.900226 127249.936537 -92.579346 4402.414246 130476.763624 6105.827089 -744.624195 4096.162109 -272.765241 274.997177 80547.224815 3329.073869 -109.290161 4221.306 -445.813446 -219.547882 112022.000335 4607.544668 -505.250566 4279.450607 -501.130006 -44.730225 72763.666851 5968.426901
2272.431259 3929.12117 -36558.215567 17311.101998 465.409317 3708.893127 -52387.297882 -102364.232586 249.803391 3345.87306 -54.32106 -116.949544 -77949.340614 -59197.403678 -260.009956 3365.521159 43.129501 -274.946561 -51337.819859 -66922.540915 -359.019079 3499.265871 31.946187 193.885746 -76937.085286 -63343.739141 -2047.856064 3937.590218 98303.289133 127115.054625 -185.072117 4498.324356 116007.037822 8623.907649 -703.387394 4103.158646 26.522141 13.056107 83115.243366 3504.108682 -1219.954147 5023.514557 -1125.378647 808.268127 34053.678698 19693.984328 -217.689533 4309.336624 272.846372 35.945587 96221.076026 6591.591764
2129.381752 3917.262268 -51386.438601 22449.889711 495.232964 3715.237923 -39297.263866 -94807.671089 176.179008 3337.659861 -12.694016 39.410702 -80232.22543 -55336.609078 -395.77939 3352.972549 -74.839067 35.075291 -60844.580436 -64000.057391 -480.539389 3468.010454 -60.589943 16.368484 -88679.632547 -61603.5183 -2322.89135 3818.581276 48144.303429 94951.06962 -306.967316 4781.396027 108157.842713 19773.977896 -545.583329 4495.855026 218.734431 440.320282 105830.919487 12033.033478 -867.171326 4769.451599 413.713188 -206.439056 57474.589905 14842.364042 -241.05751 4163.518143 37.562389 -98.19458 99706.66208 4962.435515
2133.839798 3904.820595 -50871.971004 24557.33404 580.783463 3820.428848 -28886.958967 -77658.37349 184.313889 3380.386786 6.309586 68.633298 -79093.394596 -48923.834369 -314.472675 3449.395161 79.481421 122.328984 -50774.689773 -54318.142654 -496.663959 3472.206326 -17.949865 30.102243 -92318.442074 -58466.463674 -2446.164932 3699.985962 27036.435147 60176.556698 -512.030185 4895.467072 83570.63681 25867.508253 -507.465389 4520.993423 36.292645 51.044769 109865.041629 13351.671314 -917.311363 4789.94812 -51.965332 46.402893 54198.073113 15873.223246 -405.531664 4223.986435 -166.299448 86.374664 84745.462494 6383.263765
2191.137238 3987.815552 -45808.89624 36265.146917 531.911011 3972.755165 -38735.462112 -61742.44709 280.536957 3595.644016 65.581512 198.316007 -67738.462642 -32612.670023 7.414436 3547.520428 291.245556 81.184044 -21654.814627 -48330.807903 -290.672646 3655.868969 175.349758 166.72142 -59905.029295 -42576.182287 -2717.262726 3587.900562 1010.612183 24914.796896 -781.460609 4614.744034 53535.533551 13888.336303 -1487.36763 3990.416107 -1010.543796 -547.518539 25737.924699 2783.127281 -1557.027893 4125.333099 -670.358086 -681.556244 20551.57119 4210.9167 -665.533867 3867.219543 -290.643759 -373.708115 61516.190249 1521.442135
2444.959373 3989.420547 -17190.623286 38346.829278 638.314018 4313.703842 -33049.269441 -29052.95972 1505.371361 3935.960388 1162.905273 349.266567 12447.118685 -11900.833257 572.955208 3436.17075 503.611641 -102.399483 -143.410669 -55940.389367 285.544243 3767.647781 514.287758 120.729008 -5107.206578 -32639.205888 -2607.041969 3628.034496 2810.906429 36525.894437 -664.217777 4458.582382 58571.325015 9329.690117 -1376.384773 3740.763702 49.053726 -240.702209 28470.652144 632.501278 -1579.454002 3776.472588 -84.35524 -339.910316 17451.09192 1184.782382 -1079.383278 3587.92593 -475.778542 -270.343418 31503.875436 88.844984
2829.473534 3993.027 790.064872 26366.522125 738.180046 4902.436981 -23557.441771 -2977.69202 1161.540947 4620.052643 -359.863129 614.981537 -12.233703 282.333526 1198.714104 5652.042236 609.726181 2146.760769 23009.359762 12781.849524 -173.197651 4644.902115 -474.774609 808.143616 -53564.937653 -77.206025 -2692.246742 3500.088673 72.528733 3310.427115 -1270.53997 3352.680411 14963.856524 -5342.226171 -1574.832878 2396.568375 -214.48082 -1413.306046 17538.468932 -18752.665027 -1712.031593 1434.326324 -148.610306 -2411.256981 12605.304503 -33027.235395 -967.821312 2523.179626 95.529251 -1133.857021 36731.615792 -13141.50046
2854.7015 4012.638817 2099.475162 29897.171988 901.451836 5077.43866 -8653.666412 -234.561801 1409.20208 4954.673767 263.423462 335.633087 6517.427162 7312.079504 1108.156242 5505.602722 -74.795532 -145.427551 17321.617071 7988.0198 387.870445 4866.783752 576.830425 222.8936 -1374.689505 1491.386161 -2833.239632 3521.049366 -2165.227766 5246.277287 -1267.609367 3094.270058 15856.294041 -12157.452452 -1342.232323 2078.048706 248.362885 -317.507706 30438.67294 -30051.904848 -1032.361794 1231.019745 695.432129 -202.294617 42051.903665 -39947.401425 -874.013557 2002.245636 109.570084 -519.922028 43221.59318 -29420.548821
2791.574211 4079.157295 323.619752 33638.548623 906.619377 5176.211395 -8411.163894 -12.504892 1183.184166 4979.370728 -227.298279 -21.256714 64.85346 6586.816848 1348.003502 5806.404114 238.566895 254.847717 38278.203923 17128.159299 517.205772 5476.33728 128.054962 563.599854 36.864049 25117.582625 -2723.914833 3735.497932 0.924994 34838.568025 -1150.367699 2618.277969 21970.026743 -34459.913038 -994.536324 1598.762665 346.415634 -525.239716 54333.563033 -54566.066563 -863.015671 650.740967 168.065758 -626.232452 51752.065898 -65539.287299 -729.034348 1637.872467 143.698845 -410.326843 52532.874815 -46837.846438
2852.371178 4115.196075 568.148975 40228.97925 1025.041161 5421.714935 -4581.062948 2567.756541 1198.24276 5396.115265 -32.208099 414.320831 -5.040943 27547.833062 1497.898674 6154.405212 102.628479 345.577393 49816.401755 35024.260172 661.866722 5765.897369 97.394257 287.136383 1512.336589 48203.800938 -2500.573921 3648.317375 6140.261754 15853.268982 -871.302147 2243.527832 37172.353897 -57648.304677 -800.308266 1265.165405 146.961365 -336.020966 66547.460948 -74055.578771 -642.149429 295.133057 173.599548 -358.031616 62827.617931 -83002.643786 -626.70845 1544.932098 55.059204 -95.364075 56341.052875 -51463.141519
2856.720543 4117.986145 772.578973 39991.402384 1049.626579 5464.160309 -3335.699278 3511.452422 1285.466881 5439.739075 92.037964 39.672089 738.939762 30309.670445 1665.55584 6230.12207 172.471008 71.765137 72625.321514 39534.872639 692.009926 5842.062683 34.957047 72.213593 2567.207784 55183.683931 -2500.888557 3623.277988 6454.124664 11290.592774 -866.262894 2194.175568 37906.622975 -61403.907529 -780.594177 1210.663147 24.527931 -58.453979 68706.449828 -77749.26169 -614.872513 158.74939 32.090759 -140.335388 64992.508975 -90409.674014 -603.641586 1464.823761 27.880707 -84.060059 58320.244516 -55720.740093
2856.216125 4118.279724 785.468079 40022.506633 1049.632111 5465.328522 -3295.087451 3538.646321 1285.800934 5442.030029 1.372833 2.149658 762.997127 30463.08994 1665.054321 6231.619568 0.537262 1.356201 72703.070378 39622.742701 691.768875 5843.923798 0.797729 1.719818 2594.518603 55355.666291 -2500.200348 3622.413311 6576.676494 11146.137429 -865.20298 2192.332764 38063.948829 -61545.987521 -779.141197 1209.752655 2.49176 -1.051788 68927.707139 -77816.547003 -613.850231 156.978455 2.061062 -1.912231 65132.804514 -90512.789226 -603.289165 1457.806549 1.391201 -7.158508 58419.897837 -56091.132341
2596.830559 4149.396133 -6689.927346 51486.686335 984.652824 5587.301331 -6018.336628 8367.845861 1252.192955 5610.762634 -28.371887 190.203552 344.126324 45570.986365 1455.559044 6163.650818 -204.259186 -46.497803 46142.243083 36665.745845 782.916298 5941.16806 96.383514 118.71521 6957.735322 67873.94365 -2095.932961 3233.035679 68175.685846 -20684.833112 -445.383315 1651.004333 76642.884894 -104429.832852 -483.802605 783.118896 300.574684 -405.162811 98226.670573 -105900.577034 -374.743159 6.373596 244.343164 -129.133911 82837.051967 -97612.199104 -239.039078 829.148254 369.486179 -607.187347 87898.110995 -91973.724289
2529.320068 4179.04007 -12932.043296 70617.811399 1008.339233 5502.049561 -5145.603404 6858.204933 1328.30307 5459.983673 69.732361 -104.366913 1668.493317 36905.685115 1305.340881 6237.55249 -156.595917 120.313721 29850.75211 44552.508988 985.533752 6068.798523 196.2397 174.042511 22361.138133 88531.101118 -2075.121155 3118.701591 71529.29299 -36048.865494 -390.044219 1616.984253 81945.086853 -103276.462677 -475.194063 829.468079 2.230787 92.76123 98463.468436 -99089.622821 -643.407211 -126.395569 -275.041807 -86.357117 63058.813921 -102509.408392 -259.617414 758.032227 -26.956091 -24.703979 85544.597141 -93620.524417
2531.432571 4234.835281 -14647.54973 88108.290719 1099.495621 5384.742126 -2244.327592 3339.67903 1250.14473 5463.013763 -97.18338 8.125916 95.517868 37547.584789 1219.524612 6267.261353 -104.841309 34.804688 20918.418882 46977.170603 1004.341812 5990.508118 -0.21698 -73.19458 22339.277711 79509.72566 -1986.788101 3078.641682 88753.805833 -45610.832851 -257.264462 1679.461975 94948.583848 -97099.804843 -494.189034 812.328491 -38.02001 -12.043762 94466.623368 -99961.143957 -580.803585 -56.802673 43.578587 74.688721 66012.962566 -98266.896561 -264.203453 718.279419 -23.611078 -34.656982 83509.372004 -95955.434347
2529.841805 4235.644989 -14651.571784 88329.629386 1097.924995 5385.003204 -2244.913501 3344.349165 1247.792091 5463.842468 -0.800323 0.748749 90.581381 37607.010018 1215.954475 6266.764526 -2.017822 -0.576782 20762.038911 46936.465701 1002.254982 5989.427185 -0.534515 -1.160889 22285.471658 79370.548304 -1987.313805 3077.613888 89022.892778 -45932.141921 -256.565056 1680.578156 95215.642908 -97006.569844 -491.631908 810.265503 4.10944 -2.142944 94894.635738 -100116.613431 -579.096107 -63.739929 3.259792 -7.017212 66236.658969 -98661.676246 -260.547543 714.450073 5.208225 -3.909302 83956.203693 -96220.616758
2524.566116 4214.523392 -14851.77139 90623.594582 1125.351944 5332.73407 -1367.597861 2762.441864 1253.213425 5431.454468 8.789673 -3.756409 151.976537 37309.352182 1122.30217 6241.02478 -90.283966 2.891846 14365.509197 47140.727696 985.090103 5967.580261 -13.796539 6.784668 20919.115608 80185.678764 -1968.275528 3057.899742 94997.387147 -43377.589225 -259.204731 1659.043274 95302.14445 -96369.242074 -494.8944 768.3255 0.105848 -13.308411 94905.672986 -101084.836339 -557.251759 -143.479309 25.212688 -51.107788 67979.607578 -101560.809538 -287.680998 640.245972 -23.765116 -45.57251 81927.003749 -99338.965503
2542.17926 4214.160156 -14686.900177 95889.839873 1141.569366 5292.640991 -1363.252794 2252.944215 1293.873444 5414.572601 24.616699 0.370331 407.996993 37338.644647 1180.886841 6235.210876 42.541351 11.438293 17233.185267 47953.003939 1019.823151 5953.571777 18.689728 3.243713 22780.457374 80576.859662 -1908.311005 3054.295082 107271.434983 -39609.53582 -260.943565 1603.804169 93202.396886 -99805.167681 -483.521938 732.547302 -4.670858 -18.526001 94419.233724 -102440.410508 -534.778042 -176.795654 6.430397 -16.064148 68427.762452 -102480.733533 -280.874596 584.720764 -9.236917 -38.27301 81145.002686 -101996.255998
2534.904976 4219.517365 -15134.690018 97310.510969 1132.773933 5291.649475 -1510.795003 2213.475725 1296.884651 5422.954254 6.042023 7.50061 489.774086 37934.402743 1170.897255 6229.145203 -6.958771 -6.946716 16746.260053 47458.864134 1011.824379 5941.252747 -4.967957 -13.200073 22277.950434 78990.920072 -1898.528404 3052.91338 110992.691353 -40222.436685 -256.248722 1593.221588 94111.78253 -100853.876861 -475.944605 722.729492 10.608149 -10.698853 95525.80689 -103227.373676 -512.453098 -184.508972 25.355759 -8.59436 70209.235355 -102974.598261 -273.704319 561.564026 10.201092 -24.037781 82008.847272 -103683.127846
2534.901657 4219.51973 -15134.333122 97310.292237 1132.772293 5291.651001 -1510.662817 2213.443706 1296.891098 5422.954407 0.013123 -0.002899 489.95982 37934.171557 1170.906601 6229.155579 0.016022 0.007324 16747.373124 47459.383779 1011.830368 5941.257019 0.012665 0.001221 22279.224348 78991.066006 -1898.52562 3052.907944 110995.462286 -40224.744574 -256.244965 1593.212585 94113.013605 -100854.982504 -475.932474 722.720947 0.018806 -0.011597 95527.774382 -103228.228313 -512.41703 -184.513855 0.042744 -0.007935 70212.257817 -102975.05476 -273.693504 561.557007 0.01749 -0.010071 82010.332313 -103683.837473
2576.50219 4237.818604 -13114.188946 105184.587637 1151.345024 5275.048065 -1599.777075 1995.333678 1337.217064 5417.007904 18.407135 -0.007172 785.155135 37933.599679 1311.65966 6254.326172 118.834229 31.109924 26020.702078 49692.266414 1071.557121 5957.496338 37.807922 22.17865 26244.558618 81664.757945 -1795.106239 3047.481213 136150.318467 -40085.482382 -188.425646 1556.28891 99607.023544 -103716.918804 -443.984041 680.099487 10.029602 -36.682129 96579.93702 -105949.285754 -374.710641 -215.604248 115.787559 -25.151062 78638.526218 -104427.154379 -288.674884 520.713806 -36.90021 -34.90387 78907.18684 -106157.884457
2565.347481 4229.061279 -12704.814756 110523.037029 1143.080025 5238.490753 -1414.768191 1765.65417 1323.528633 5393.917084 1.63559 1.585999 814.736583 38060.174884 1304.756203 6203.928833 8.420563 -25.72052 26755.013719 47842.527069 1108.34919 6002.090759 52.116089 69.27124 32242.636586 90302.124534 -1782.169914 3015.340691 145472.142269 -42137.047848 -152.967548 1499.588165 105866.922597 -106716.956058 -455.518198 674.316101 3.789864 18.893433 96979.015568 -104543.361971 -405.475059 -222.529907 -15.440397 17.75116 77487.288842 -103401.233431 -272.185707 477.375488 31.813197 -18.661499 81578.980354 -107492.611166
2564.876175 4245.171127 -12140.236506 108491.326473 1141.519699 5255.578613 -1296.118527 1672.563045 1357.761154 5422.85965 40.565643 6.820374 1723.432142 38606.897246 1193.266373 6213.427124 -105.156708 -12.623901 18317.795031 46947.490895 1110.553207 5920.150146 8.53714 -104.062805 33283.972002 77490.396743 -1814.937057 3074.196033 136743.412755 -32534.183316 -200.733948 1569.338074 100745.126513 -102270.636058 -469.431334 783.61084 -7.580013 87.172546 96181.651257 -98178.177343 -413.976111 -164.940491 -2.167931 35.467224 77326.327384 -101366.587942 -233.254242 524.784241 45.264587 25.28656 85457.145698 -105686.045693
2570.185356 4284.727402 -12196.472267 108778.107928 1157.196007 5294.02771 -1069.284082 1667.912541 1314.854088 5450.833282 -48.806152 -10.730591 671.262387 37748.48953 1174.715996 6254.509888 -24.449463 2.37854 16584.412215 47115.483506 1058.14724 6037.244568 -58.305054 78.390198 26501.543439 87050.402009 -1880.51075 3150.969906 114494.659246 -23890.524196 -301.068668 1626.361389 88193.173706 -100585.636855 -459.873991 939.117126 3.658257 116.802063 96566.063281 -89962.874449 -456.75458 -94.206848 -48.677554 32.029419 73756.250036 -99546.531697 -547.458553 508.845825 -320.103397 -54.642639 59964.826868 -109609.122147
2579.068871 4281.580048 -11666.126009 108274.822428 1162.275352 5285.405731 -1029.587426 1543.354792 1306.060905 5419.7966 -12.058105 -29.385376 486.344362 35447.168388 1176.578331 6222.829895 -1.402588 -30.028687 16487.586084 45016.62006 1040.997429 5997.344666 -20.414734 -38.248596 24309.225288 82316.380198 -1909.231606 3177.278385 105177.237977 -18390.655122 -327.82407 1671.682892 84797.434891 -96329.011219 -474.934778 972.793274 -18.32571 35.327454 94648.084625 -87548.800221 -445.195312 -59.552307 8.294344 36.305847 74358.604946 -97503.406658 -543.295269 527.105408 0.898361 19.910889 60030.068405 -108171.337889
2585.23262 4308.629379 -11411.922985 113028.63319 1167.596664 5258.520508 -988.910276 922.867077 1258.033371 5367.767944 -51.452942 -65.08255 31.375808 30607.868133 1033.287888 6228.531799 -146.715851 -7.35199 7924.963951 44510.037921 935.337448 5827.076874 -109.085388 -183.321686 14198.537047 61463.994351 -1980.960312 3252.984962 84840.79668 -8675.244617 -420.18899 1793.105164 74407.869006 -86859.835514 -462.734518 954.094238 8.774853 -31.75293 95564.064874 -89717.119182 -483.306732 -32.060547 -41.536827 14.437866 71366.685479 -96696.797825 -601.676617 721.874084 -61.806755 181.714783 55624.217432 -95488.16988
2607.357597 4299.89624 -9469.861291 114200.413552 1174.336662 5206.269989 -853.076074 459.378102 1241.080589 5240.290527 -17.061157 -115.339966 0.021373 22903.6868 1012.443047 6144.960938 -20.953217 -71.433411 6955.220906 39737.214705 907.548866 5606.934509 -27.896957 -208.004913 12046.747702 41485.828177 -2072.78492 3322.500358 62932.181171 -1428.081011 -464.782753 1977.214813 69791.68458 -70958.484959 -506.585464 1093.162384 -43.959322 151.205597 91019.587219 -79629.287393 -475.701036 58.998108 7.49732 103.196106 71902.177754 -91029.032229 -564.188919 822.552948 37.379322 112.816315 58268.709963 -88011.716577
2733.356819 4244.767151 -2398.444704 99049.848849 1111.787605 5132.223358 -3036.15704 50.059393 1270.247688 5139.905243 15.0383 -90.720673 24.548193 17627.364606 853.192558 5964.449768 -173.379288 -170.846558 1358.599962 29419.678764 866.841621 5544.926147 -54.836044 -52.34375 8332.140521 37074.808009 -2147.41024 3455.079546 44879.856549 3438.018792 -292.086678 2485.807495 86833.975333 -36687.57391 -628.188286 1526.553802 -135.731621 443.05603 77686.375433 -53533.551718 -500.334072 481.589355 -38.761835 432.255859 69155.209378 -69148.513824 -1240.959663 2419.961548 -690.899544 1607.073212 19311.961905 -14599.429767
2757.225819 4284.808578 -3386.23902 102877.666506 962.545261 4935.29007 -14583.982564 -1861.193385 1281.274128 5177.221375 -34.174347 9.072113 -35.670194 18123.958111 990.564213 5905.26123 92.170868 -87.432556 3794.542618 24738.357827 621.38216 5546.134949 -290.660248 -27.035217 -44.329075 34893.6153 -2157.766094 3503.339252 35128.98562 5213.259535 -319.730816 2601.538773 78773.89039 -32007.419107 -518.034344 1646.47522 64.953156 91.677399 83935.18237 -48778.628933 -169.263134 796.003723 285.870152 286.170349 90671.895881 -56314.899495 -984.694347 2188.400269 211.064529 -259.805298 28987.280336 -22277.045166
2660.301895 4261.813736 -9639.255122 95812.774141 683.142319 5330.016479 -45641.426278 2035.698029 1152.135239 5172.782288 -124.758911 -3.397522 -2103.456331 17937.175044 872.5457 5746.182251 -113.638535 -158.037415 967.011085 17305.359987 138.244438 5349.318848 -478.757744 -195.774536 -28216.075617 21071.676485 -2286.488266 3563.664989 17627.712936 12951.060042 -558.768921 3059.359245 55478.408249 -12688.439189 -939.508667 2087.606812 -417.094345 442.173157 48015.74663 -28949.888783 -561.769295 1184.634247 -388.126183 389.672089 62165.273366 -40955.986322 -576.349411 2282.289886 412.724915 94.931183 53564.687873 -19284.313885
2521.173439 4206.685486 -17608.423774 83706.260554 381.716118 5117.326813 -87274.061078 1.32515 781.040382 4877.346344 -311.848297 -279.901276 -21192.165721 5872.273495 632.738533 5498.056183 -180.560608 -232.5914 -301.702896 8775.031775 -91.545753 4596.253738 -170.543633 -737.530441 -50823.843443 -136.834315 -2520.355644 3666.535702 3137.144897 37662.255574 -844.875984 2991.378975 36829.383863 -14452.011664 -958.803329 2308.544235 39.951897 236.472092 51024.74585 -20456.447915 -601.018658 1397.37442 19.997196 228.274841 63502.939336 -33092.118431 -663.195114 2323.615799 -27.599144 56.86058 51687.594294 -17595.097492
2454.130096 4235.771103 -22572.617173 87702.805169 195.846481 4620.697708 -121983.261977 -12793.203256 228.57666 4139.454422 -526.024628 -753.60817 -98450.908356 -6028.189032 -67.213936 4097.224655 -673.513374 -1416.547775 -39265.503823 -18766.958149 -521.337337 4404.418411 -403.352489 -207.551575 -130575.189414 -3118.086893 -2592.863464 3757.269897 1278.741892 59986.301165 -776.650658 3081.306438 44148.412823 -11990.217255 -390.621743 2590.592575 594.620681 266.332092 106617.001037 -12651.932955 -332.245893 1580.426636 295.211859 167.335968 84907.160626 -27859.526448 -387.602637 2294.770432 302.031572 -44.561615 74051.142315 -18912.374405
2362.058945 4206.038132 -33815.588128 75462.533235 161.86039 4144.78653 -126695.28141 -49272.71906 74.090691 3980.403938 -140.286217 -171.312447 -128611.640381 -12703.77442 -330.214138 4380.442047 -248.800449 270.955429 -70192.51999 -8624.972572 -265.288906 4216.321945 270.248184 -200.358429 -73057.338436 -9692.836021 -2723.138046 3772.49855 -232.997174 60975.450787 -874.571533 3251.228609 37641.585442 -7522.527565 -1002.971191 2956.764946 -598.149695 353.910408 50755.27441 -5168.367379 -635.824966 1985.758972 -289.37932 393.070374 63895.775655 -17338.396653 -578.141441 3184.154301 -176.339052 877.121906 60507.246273 -1726.490841
2279.954529 4169.949265 -45806.751283 72368.575062 263.70369 4013.30719 -100727.161583 -60384.714716 225.976219 3774.029274 164.249344 -181.430511 -93701.369623 -22455.595961 -596.490765 3834.13578 -253.912811 -521.362114 -110951.904083 -31601.55087 -371.600759 3623.763351 -93.948038 -567.614441 -91172.108416 -48036.73094 -2790.853271 3745.911102 -1567.796792 60426.546245 -817.434692 3789.394989 43006.640895 -29.32245 -1067.625122 3334.469645 -52.290115 402.648852 46846.066621 -661.115474 -632.187824 2399.049377 16.000957 438.234558 64979.700763 -8535.960552 -538.808727 3660.799713 51.696529 501.589565 64336.243697 177.712387
2280.076714 4169.831696 -45797.551118 72393.706847 263.750496 4013.393478 -100732.656556 -60352.349902 225.619774 3774.122276 -0.428886 0.302048 -93785.343822 -22437.068315 -596.178589 3834.397125 0.239735 0.47039 -110909.03897 -31574.323573 -371.062434 3623.828011 0.465884 0.273705 -91077.333331 -48011.217496 -2790.863838 3745.784149 -1570.687659 60453.908369 -817.561951 3789.66011 42990.713386 -28.58557 -1067.66758 3334.883654 -0.114899 0.623055 46837.649269 -657.445942 -632.045288 2399.554901 0.070095 0.714569 64984.469148 -8524.128205 -538.89967 3660.686321 -0.163383 0.095654 64323.957369 177.991539
2283.461075 4189.602203 -52885.371234 80162.877813 281.282959 4164.067993 -105678.957013 -44238.289345 303.510132 3854.064674 37.559586 87.727737 -86573.911763 -17379.468983 -715.614357 3855.919724 -159.766541 29.307938 -141312.016147 -29901.053048 -392.666399 3895.384064 -61.934738 279.341393 -104108.992508 -25505.399974 -2737.742538 3736.561737 -1156.645353 59975.813426 -918.821716 3774.980736 32440.336764 -40.222221 -1257.268295 3724.558525 -229.931488 397.46021 31508.216723 397.739446 -631.516895 2876.97876 -39.80238 485.209198 62304.972781 -2384.381497 -470.98835 3460.679512 27.580547 -192.22147 66414.613875 -59.147867
2373.776398 4172.080536 -40890.375422 81155.125616 340.833054 4492.831726 -98458.844759 -17514.104804 295.599594 3913.050079 -33.994293 79.928398 -93088.417441 -13333.080891 -100.423946 4345.280457 589.106655 510.303726 -47430.677273 -8068.066128 -296.895502 4132.908325 69.687142 258.467255 -89507.490989 -10969.023674 -2660.739136 3716.949844 -135.173602 60418.58798 -894.727707 3698.936806 32302.640457 -204.464189 -1220.980911 3267.743406 10.203629 -435.872126 32124.268762 -902.768942 -410.739555 3119.301777 194.693584 263.26601 75948.644493 -636.54886 -293.568203 3179.593868 151.336391 -260.142651 78481.235419 -1307.151036
2381.796684 4201.456451 -40776.061512 86717.592143 344.789696 4344.63356 -99182.634937 -28139.457343 240.095634 4116.507721 -62.869644 192.885742 -105759.059906 -5773.42432 -96.743431 4270.378723 -3.685169 -85.473633 -47862.514419 -10762.145829 -346.114666 4135.12886 -56.584849 -8.351364 -101279.502483 -11344.226889 -2592.194099 3765.889587 233.068336 73881.120453 -813.904228 3575.431252 37580.304455 -1133.056954 -1193.244133 2630.378418 20.371094 -647.936888 33372.029812 -10890.388131 -447.738504 2387.295151 -44.364634 -742.578526 72720.935541 -8426.799987 -447.137794 2587.212906 -160.935276 -602.952862 65683.207481 -10429.976889
2402.076283 4204.895935 -39028.90378 88487.47796 295.29623 4300.222321 -112276.531263 -31369.182759 206.699734 3998.409958 -43.554039 -115.681381 -115010.753256 -9932.982439 -95.697861 4334.259186 -9.112568 66.296844 -48938.749941 -8638.795822 -328.567638 4070.05455 7.38889 -62.657928 -99701.033881 -14360.526045 -2573.730907 3776.024284 357.863509 78578.727092 -770.890217 3517.03413 40070.064457 -1742.641689 -938.590984 2525.910339 244.49501 -102.051697 50202.639469 -13470.197112 112.645092 2332.334442 550.225458 -52.544327 117707.57325 -9313.771902 -490.103779 2684.863052 -53.124123 100.066528 61708.534858 -8313.496072
2362.151375 4230.520325 -44706.875231 93860.822507 221.610985 4128.554153 -127682.78898 -47186.712003 247.466621 3876.688499 48.563499 -129.917564 -104719.828537 -15941.575916 -317.280483 4558.719711 -213.78601 216.26442 -77621.227079 -3332.646134 -383.444152 3972.578926 -47.079902 -105.67173 -109970.746541 -20252.064641 -2494.034233 3814.208527 3292.149623 90388.862781 -652.061234 3354.163867 50412.422019 -4415.370911 -1018.538017 2451.158829 -72.150421 -82.947617 44879.755522 -15768.908819 -487.832508 2646.215286 -592.680988 305.684738 69697.746621 -4775.513903 -334.623945 2586.535492 163.276446 -106.523666 74319.899446 -10574.784825
2308.61414 4242.619247 -58373.502919 94345.389598 294.77602 4102.124481 -114322.315993 -50837.770314 176.499424 3771.941833 -87.242584 -115.298729 -123552.099436 -22458.893738 -606.075592 3919.837837 -305.070496 -649.433937 -129955.511047 -26726.215249 -258.173347 3800.149002 108.995419 -182.981987 -86961.376956 -32843.038667 -2651.799679 3780.356789 -365.841014 73195.596581 -751.301708 3645.442524 40930.005678 -671.285686 -1030.189342 3182.2752 -27.926712 720.564308 42899.52123 -1843.317818 -901.397686 3616.366138 -429.840565 959.598789 42703.898733 286.18987 -1078.632565 2991.17775 -760.284007 394.090195 25570.983995 -3565.759911
2303.462219 4208.671951 -59492.891795 83980.24308 368.428192 3933.886185 -98160.516517 -69171.335419 331.317291 3696.580124 154.634094 -75.421219 -91238.041156 -27324.916122 -536.840363 3875.305138 69.051456 -44.592209 -116935.624431 -29153.119602 -317.18019 3788.55587 -59.190617 -11.652641 -99122.049755 -33747.444821 -2632.464294 3780.709991 -114.669319 73303.362403 -742.038956 3898.837318 41639.536899 113.942368 -779.616127 3455.43664 250.389442 273.101931 62249.710581 -134.843813 -727.051392 4000.500755 174.162521 384.075108 52848.451246 2636.531123 -671.967964 3228.320589 406.480827 237.08333 48473.772541 -1140.633432
2302.16095 4204.679642 -61318.277856 84299.795383 370.285797 3933.666649 -99314.060292 -68603.391144 341.191559 3696.304054 2.581177 4.795036 -90740.137466 -27001.358276 -542.245598 3890.547638 -12.698326 20.313606 -119278.378475 -28034.486293 -318.227763 3835.549812 -8.340664 52.065048 -100899.583794 -29801.650607 -2630.993958 3786.178017 -176.037723 77222.979589 -752.225075 3940.573654 40278.949872 303.935048 -779.548302 3525.423355 -7.225266 75.057821 61641.014786 -9.023764 -727.51606 4054.72702 -7.757759 59.297371 52373.596742 3210.674514 -649.299889 3299.00043 15.374985 75.750947 49482.600484 -649.479944
2309.618073 4203.527756 -60889.115114 85446.325981 373.649597 3947.490234 -99758.198195 -66421.323944 332.831116 3711.066628 -13.808594 19.768372 -93419.637054 -25687.783774 -539.76778 3915.843773 -2.970333 30.301933 -119829.737853 -26406.48317 -299.259976 3894.698524 13.519637 64.15451 -98026.274149 -25276.904374 -2627.913361 3787.145042 -204.737217 79489.657354 -760.804138 3965.473824 39203.412734 473.166229 -776.633873 3598.248634 -2.533722 77.831078 61428.268481 35.074483 -743.524742 4074.634323 -21.456833 24.913101 51071.378667 3468.75335 -627.141762 3367.293816 16.709976 73.299184 50590.806071 -305.018888
2340.08297 4196.42395 -55044.71493 85934.31468 399.362602 3987.774811 -94840.199419 -60905.898281 333.209496 3749.828911 -1.988678 47.49855 -93808.743493 -22665.481769 -500.533276 3958.271675 36.867447 51.164169 -113076.367251 -23768.157877 -259.351454 3944.84127 37.541464 58.879013 -90265.278468 -21451.905692 -2626.157112 3786.817513 -212.492972 82736.331142 -780.447159 4004.317551 37545.125179 819.293358 -803.222237 3753.539963 -28.955421 164.027596 59023.116386 611.793018 -767.530785 4110.884171 -26.3731 44.986115 49493.249864 3960.041051 -599.989204 3486.204548 24.7855 127.646999 52257.182623 -12.237129
2387.18298 4223.698654 -46448.795924 90281.8212 394.090328 4447.584229 -96548.863736 -21648.053981 345.838985 3872.868004 9.723511 110.108185 -91913.922231 -16386.610308 -123.319168 4229.513855 374.308128 258.311272 -55599.680329 -12567.840805 43.013401 4133.896713 299.458876 176.124535 -39815.621758 -11882.395924 -2582.559605 3821.335449 10.955394 91368.788964 -833.425007 3988.659973 33495.711744 600.000327 -953.681812 3991.069145 -153.365555 224.598274 47084.889359 2549.572223 -719.071941 4155.386963 45.552864 31.571884 52234.623553 4324.257384 -536.688118 3618.513508 60.395107 119.378052 56430.717876 91.464606
2451.527786 4237.610168 -37230.231797 86968.813147 439.419022 4486.352768 -89704.465047 -20741.718195 271.6325 4033.921738 -86.321678 136.243858 -109411.431372 -10023.919658 -31.633663 4170.141449 79.570312 -84.182281 -45983.415733 -15829.275555 -131.141882 3980.190582 -186.270475 -178.516006 -68802.728153 -21601.154096 -2499.371567 3868.242531 1193.829159 100648.841147 -872.730865 3982.750282 29973.750688 402.353966 -884.881668 4028.149185 56.684952 12.270164 51340.362988 2693.665599 -720.012207 4128.919449 -13.055458 -51.27739 51441.391804 3740.836412 -194.035921 3610.048714 330.537004 -33.27467 82111.819036 35.081104
2450.989056 4230.621872 -35475.330941 86581.022016 456.437969 4537.325211 -84088.964728 -17261.102077 282.620449 4137.471237 22.177925 109.248657 -104770.499613 -6045.852881 -122.560997 4216.946106 -79.737358 52.503815 -55620.827886 -13751.042032 -112.386971 4072.359314 29.944887 97.867889 -63611.271341 -15916.017696 -2489.278584 3861.465149 1927.852541 100185.610489 -900.205593 4032.160034 28899.144595 784.947389 -1245.535526 4354.911041 -349.463882 332.461014 28035.964953 8105.399126 -816.259098 4135.491562 -85.056915 12.271271 46422.025719 3876.609292 -467.092609 4106.41304 -261.866713 502.063484 61370.874979 3703.541429
2444.349747 4221.567612 -36294.760386 90393.753141 396.469269 4657.537231 -95901.99847 -9950.972484 695.440292 4173.484421 414.453659 57.619629 -36543.428266 -4350.680507 -155.849276 4427.350235 -31.654463 232.010574 -59700.779867 -6317.82052 -106.666241 4338.177338 7.354546 287.424469 -62367.380879 -4228.779376 -2473.012009 3849.298744 2680.744378 104277.548603 -970.736084 4103.429108 24569.812676 1716.349666 -1488.929367 4282.251816 -241.760025 -51.05278 16008.067308 7085.400901 -991.489105 4136.349716 -173.596191 22.4646 36977.207268 4131.434846 -778.762016 3958.886414 -310.035591 -125.920181 40711.364235 2216.436111
2443.021107 4182.214584 -32740.344617 82871.70219 483.238392 4770.588989 -74229.994448 -5090.70144 980.572834 4352.40921 308.606262 193.245773 -8554.055898 -696.964126 489.645557 4884.598999 668.968554 471.569748 -4195.373675 -7.264555 271.690159 4502.364197 401.83012 178.507843 -13072.980732 -732.454366 -2536.225872 3801.601219 1176.975726 90177.069923 -1071.544781 4324.848938 20128.492639 5695.967609 -1879.783459 4327.519073 -367.380371 59.588242 4140.414126 8282.62159 -1150.514812 4225.358582 -135.551987 103.329849 30348.335437 5408.00452 -871.305637 4265.115967 -69.069901 320.550537 36684.270318 6749.018721
2501.41449 4069.116974 -19281.272046 66549.823499 717.288513 4999.662933 -32487.170184 -65.637747 743.528671 4640.237122 -198.039169 342.361908 -24276.791421 1908.405697 699.081039 4988.796082 248.440475 158.731079 3.667719 536.022245 436.187592 4652.291718 203.502426 204.461517 -2094.579445 269.653272 -2691.647034 3585.303364 -284.485921 36342.87965 -1303.189163 4922.610931 10988.792567 28787.292787 -2116.685486 4750.566864 -197.897034 477.581787 951.917149 21252.40538 -1441.942215 4708.226318 -252.422409 537.401733 19747.765064 14814.287626 -1915.326385 4826.99585 -1005.015755 616.413879 1809.986016 22379.554815
2501.57177 4069.062576 -19271.165912 66548.517099 717.534981 4999.875031 -32466.062924 -64.696083 743.697014 4640.406342 0.095291 0.218658 -24267.297644 1912.318573 699.952354 4989.229431 0.798264 0.482788 4.534345 539.668695 436.527443 4652.67746 0.2668 0.435181 -2086.358808 272.701537 -2691.675758 3585.19268 -285.997101 36327.051973 -1303.436623 4922.754364 10975.873428 28796.744782 -2116.786385 4750.945587 -0.17395 0.428162 950.10138 21266.725108 -1442.399025 4708.39325 -0.529861 0.21637 19727.899585 14819.009586 -1915.983467 4827.502136 -0.730133 0.555725 1800.788011 22397.751194
2596.502037 4040.621643 -11369.87023 60923.798323 1007.793541 5478.730469 -7932.330102 10044.47101 1210.30529 5194.802399 446.17691 561.014099 -172.05421 25146.360272 1106.501427 5504.567719 386.117706 521.956329 11187.673688 11712.661716 644.348488 5194.369659 187.389679 548.310242 305.014367 17723.24507 -2704.055367 3479.060955 -981.843114 15162.963607 -1774.743233 5180.612946 103.981452 43217.625013 -2511.427803 4947.068176 -415.072784 202.740631 -1554.321476 28589.118824 -3387.829628 5432.834778 -1965.861969 731.05957 -14847.677601 35069.466026 -1950.192451 5660.25528 -54.64035 839.371185 1178.933029 58321.986212
2557.019272 4012.867584 -11215.67058 58080.951979 1253.385544 5683.283234 60.407588 22345.338015 1663.437119 5078.790131 494.293671 -99.671631 21004.947266 19091.53518 1286.405106 5837.107544 221.065521 348.880463 27261.510067 27236.88745 919.579239 4961.712036 316.392593 -216.316986 15394.306597 7590.283385 -2755.697556 3431.343536 -1291.776189 10377.133343 -1954.26384 5366.340637 -269.332736 56201.573326 -2864.726944 5444.003296 -312.137299 513.275757 -8510.480238 51961.201241 -3895.044022 5683.18161 -466.052551 266.687469 -33869.596258 44595.03068 -2266.059341 5954.44397 -274.705048 310.529327 -40.803382 75887.215666
2560.984917 4019.279556 -11190.324081 62085.658092 1284.995079 5724.805908 295.876512 25883.031904 1649.287071 5106.758575 -17.838593 37.557678 19384.168887 21275.316378 1389.225883 5966.15509 99.132233 138.63678 36756.500607 35198.015992 916.254387 5040.111847 -7.013397 87.989044 14813.474135 11201.217239 -2803.450203 3383.372641 -3428.52618 5753.216286 -2133.59623 5404.203491 -2663.495329 59497.530315 -3128.803291 5543.735199 -267.764893 109.321136 -18925.471513 57834.417659 -4018.994026 5587.542877 -127.63855 -86.0495 -40428.297339 41396.597019 -2579.382668 5832.895813 -317.011871 -111.958923 -2849.726279 69288.054032
2585.222969 3978.488541 -9016.735169 61430.468341 1754.513741 6051.322632 30987.657232 58670.344031 1616.381721 5571.611633 -32.084808 503.062286 16632.769135 61922.930491 1880.778542 6213.838806 492.373199 285.892944 104900.545588 54833.506735 961.537819 5347.546539 46.103973 345.643921 18836.312153 32165.558505 -2844.010887 3390.880165 -5779.411923 11414.902058 -2720.563774 5668.052368 -27005.671403 82679.634523 -3406.946526 5592.264709 -277.322693 86.738739 -34042.129709 62718.094927 -4148.445854 5633.310089 -128.631287 83.97644 -47624.902057 44516.576727 -3440.334892 6425.652161 -860.131683 630.965576 -32721.951813 110399.363015
2181.48159 3911.287384 -57955.742793 52856.280659 1987.222252 6210.304565 76743.965238 81123.639506 1897.861443 5888.612976 347.837982 349.053345 57690.00805 102591.051581 1589.170341 6363.275757 -225.249939 181.488953 69390.912375 69547.62494 1150.562248 5651.638794 255.38269 336.144257 49861.624888 62920.196007 -2887.861519 3430.962906 -4372.994747 24254.768005 -3432.951393 5702.627563 -83275.686804 88305.340285 -3843.772621 5689.425659 -370.467834 129.212952 -61110.099533 70360.241242 -4475.243568 5700.407867 -260.439453 99.14978 -63999.903392 48346.201855 -4473.005714 6622.102966 -966.312561 228.502808 -105068.06166 127638.900678
2122.731247 3921.466675 -68660.5492 52923.184555 2011.432724 6232.137756 83176.140728 82647.388412 1776.414719 5752.735901 -111.970978 -145.771484 41773.357906 84365.440908 1709.589462 6510.471497 129.894867 137.301331 88975.826073 81839.877948 1074.257889 5871.853027 -66.828613 210.319824 40312.258504 87361.595266 -2921.009903 3435.48872 -5857.537912 23134.454665 -3541.659622 5691.818695 -94654.172619 86537.420048 -3933.219986 5667.453766 -79.971619 -31.866302 -67984.977731 68434.743659 -4659.775467 5867.169495 -175.056152 156.867218 -76363.769941 54727.875368 -4018.285904 6212.059937 464.195557 -419.937439 -65192.326925 96918.88259
2078.000374 3952.718887 -79304.354737 60653.970433 2190.562782 6267.113647 121590.7469 87263.365992 1785.492897 5847.869873 8.498535 95.668335 42891.519563 96125.851869 1726.21067 6597.345276 16.041565 87.408142 91563.168041 90186.131595 1140.663643 5984.291077 65.826111 112.972412 49710.881545 102142.242789 -2962.99984 3416.721306 -9072.016319 19527.34607 -3558.92849 5685.634918 -96778.059479 86058.102822 -4122.358055 5597.662659 -189.717712 -69.256744 -85759.883449 64342.076067 -4798.514366 6035.148926 -139.318542 168.513794 -86983.337621 62023.980636 -4011.601219 6192.487793 6.105042 -19.037781 -64730.984604 95626.246925
2056.4991 3987.408676 -86330.709547 65980.428516 2022.113571 6308.154297 83828.741298 90868.375398 1742.192917 5863.899536 -50.057373 2.073364 36518.101335 96389.221003 1706.947708 6622.394714 -26.020355 11.09314 87385.056225 91274.345032 1108.995895 5952.445068 -38.42514 -45.802307 44105.015764 96010.576044 -2975.971298 3423.837376 -10799.255961 18252.931215 -3546.217422 5703.203888 -96066.981683 86364.461767 -4152.226944 5634.258728 -36.626282 22.639771 -89428.907667 65666.071662 -4830.617447 6095.205078 -38.860474 46.099854 -90068.756544 64099.461851 -4040.120926 6234.461975 -35.2771 28.017883 -67419.400389 97531.629731
2054.520645 4024.76532 -89698.422831 72093.459336 2015.199966 6354.823303 80332.207521 95235.623852 1753.567276 5880.478821 0.216827 2.011414 36544.603439 96645.065162 1761.025925 6627.770691 42.920685 -9.191895 94329.132504 90372.176304 1129.445114 5950.922852 9.291687 -16.090088 45429.851055 93901.602215 -2980.264206 3444.489536 -12256.951178 19384.392165 -3558.74855 5730.748749 -98911.777671 87469.415931 -4199.426346 5689.855499 -58.356934 41.0289 -95433.561051 68099.841456 -4863.603897 6192.986145 -44.143982 83.213196 -93638.908005 67932.310949 -4064.706192 6291.370239 -35.742798 42.340393 -70199.091967 100446.692603
2056.926003 4034.015121 -89542.964175 72505.039214 2062.544441 6366.523438 89286.272001 95779.990429 1774.57798 5867.764282 19.206238 -20.465393 38930.257969 94057.771805 1740.553474 6690.982666 -22.276917 55.461121 90691.847575 95883.634771 1091.437416 5962.307129 -39.812164 3.633423 39891.275749 94375.798074 -2979.022636 3453.836441 -12311.80025 19686.833564 -3563.799553 5740.440674 -99742.802579 87635.296484 -4211.046562 5719.112091 -13.424683 21.505737 -96842.499835 69393.217418 -4878.993034 6235.481873 -17.193604 34.744873 -95048.219581 69565.615601 -4075.79937 6332.163086 -12.897644 33.041992 -71215.91917 102751.395992
2028.31192 4072.389679 -95783.001972 78429.718447 2078.022919 6412.812805 93444.308259 99830.266634 1763.765564 5955.897217 -5.921936 70.881958 38186.636741 103168.630096 1760.93338 6727.625427 25.270386 19.391785 94823.344389 97849.18581 1102.072449 6037.391968 15.525513 57.833862 42008.338359 102084.459734 -2976.780243 3477.497005 -11625.822981 20924.989312 -3574.911652 5769.18045 -100500.000852 88620.327152 -4253.343353 5813.574524 -37.406311 77.211456 -100822.80613 74137.046408 -4965.778961 6358.139343 -81.895447 105.406494 -101905.437464 74639.332987 -4174.477997 6445.140381 -93.788147 95.726318 -78829.900401 109575.948934
2009.555397 4079.851913 -100093.325306 77972.648763 2069.114723 6416.661377 92191.185658 99096.806975 1779.325905 5924.478149 18.378448 -40.481873 40517.835242 97913.693795 1779.506416 6733.462524 21.391144 -3.225708 98392.534062 97520.845348 1123.490028 6028.182373 24.235687 -18.2724 45422.530941 99616.23771 -2968.494072 3487.921925 -10597.041328 21192.976695 -3578.319664 5772.20047 -100571.943463 88101.542457 -4245.787621 5846.481934 10.37384 23.844604 -99710.920783 75633.740771 -4993.356285 6401.868591 -24.759216 34.666443 -104025.574928 76347.015902 -4236.816063 6497.308044 -59.519958 43.104858 -83862.426227 112720.638261
2009.555397 4079.851913 -100093.325306 77972.648763 2069.114723 6416.661377 92191.185658 99096.806975 1779.325905 5924.478149 0.0 0.0 40517.835242 97913.693795 1779.506416 6733.462524 0.0 0.0 98392.534062 97520.845348 1123.490028 6028.182373 0.0 0.0 45422.530941 99616.23771 -2968.494072 3487.921925 -10597.041328 21192.976695 -3578.319664 5772.20047 -100571.943463 88101.542457 -4245.787621 5846.481934 0.0 0.0 -99710.920783 75633.740771 -4993.356285 6401.868591 0.0 0.0 -104025.574928 76347.015902 -4236.816063 6497.308044 0.0 0.0 -83862.426227 112720.638261
2002.884445 4086.607285 -101414.696243 80320.122425 2072.8022 6423.798218 93331.057402 100301.313865 1759.765396 5943.297729 -17.706604 20.235596 38270.640061 100523.29968 1755.260086 6767.806091 -22.392426 35.759583 94657.892359 101191.613834 1109.354935 6042.197571 -12.281189 15.431213 43675.754502 101698.691245 -2962.281113 3497.130585 -9879.550794 23341.838164 -3575.510483 5780.873718 -100003.953188 88968.576413 -4180.062485 5874.837036 67.579041 29.771118 -92618.581225 77523.430118 -4889.860458 6456.879883 105.349731 56.427307 -95155.610949 79167.954396 -4510.487595 6154.057007 -271.817627 -341.835022 -108824.380137 89004.792015
2009.960823 4083.71048 -101779.025426 80166.054284 2081.542397 6421.304016 93401.468937 100282.950695 1768.761482 5936.95282 0.597076 -3.980713 38345.372299 100007.230711 1779.783669 6750.747681 16.124573 -14.694214 97339.890483 99675.025533 1115.096016 6027.261353 -2.657928 -12.572021 43302.220586 100000.461808 -2953.116722 3498.157749 -9812.7818 24049.590402 -3567.093773 5781.481476 -100001.800269 89224.784637 -4190.23983 5890.229797 -18.576355 17.756958 -94542.073513 78661.634625 -4909.644432 6507.066345 -28.182983 52.550659 -97489.769203 81841.11113 -4461.346703 6245.735474 40.741882 94.042664 -104876.017434 95250.307234
2009.985771 4083.697586 -101777.889561 80165.502809 2081.58474 6421.289978 93405.909911 100282.519655 1768.798485 5936.94397 0.016174 0.002136 38347.397749 100007.507301 1779.838829 6750.724792 0.034332 -0.011902 97345.640938 99673.801784 1115.128136 6027.251892 0.011292 0.001526 43303.804053 100000.667056 -2953.091469 3498.163147 -9812.396433 24053.035306 -3567.063179 5781.486511 -100000.612461 89226.166847 -4190.239143 5890.259705 -0.020142 0.040894 -94544.169808 78664.265437 -4909.655952 6507.157288 -0.032349 0.101929 -97492.464617 81846.339186 -4461.19648 6245.976257 0.129395 0.25177 -104863.59382 95267.311879
2010.002899 4083.688736 -101775.954398 80165.238102 2081.616364 6421.280212 93410.35099 100282.261032 1768.841095 5936.939392 0.032501 0.003357 38351.467918 100007.941943 1779.877625 6750.701904 0.028687 -0.014954 97350.445892 99672.264265 1115.168152 6027.237854 0.029907 -0.006104 43307.99824 99999.846064 -2953.076935 3498.164005 -9812.011074 24054.884186 -3567.046356 5781.486359 -99999.795847 89226.83821 -4190.240936 5890.271606 -0.011902 0.019836 -94545.408538 78665.541593 -4909.665985 6507.203369 -0.020142 0.054016 -97494.142912 81849.109811 -4461.12442 6246.028137 0.061951 0.059814 -104857.645982 95271.351994
2023.594589 4078.545151 -100012.823133 79578.269494 2106.776047 6416.202393 97160.993845 100004.476544 1796.116104 5933.711853 20.106354 -0.117798 40910.809892 99992.690531 1779.545517 6760.394897 -7.500763 12.802734 96098.116255 100992.97281 1138.986588 6018.184814 16.64978 -5.943298 45674.492666 99202.004961 -2945.250778 3500.572319 -9754.836122 25229.180952 -3559.174576 5783.761902 -99914.292567 89692.04029 -4199.473648 5905.762939 -16.401367 18.601074 -96260.153701 79866.77854 -4926.072769 6553.637085 -23.575439 49.543457 -99468.46607 84410.066858 -4403.184891 6309.366455 50.770874 66.448059 -100039.889901 99812.435193
2023.75351 4078.491516 -99995.725805 79570.29167 2107.074127 6416.144714 97203.465767 100000.0 1796.517792 5933.723755 0.305328 0.037842 40950.31237 99997.589821 1779.914551 6760.22522 0.272675 -0.143738 96143.500077 100978.096813 1139.459229 6018.230286 0.376282 0.071411 45728.702355 99211.572377 -2945.136871 3500.638771 -9753.312507 25249.081077 -3559.022064 5783.83606 -99907.465757 89700.69857 -4199.47464 5905.964355 -0.097351 0.227356 -96270.377656 79881.517245 -4926.11557 6554.125061 -0.13916 0.513916 -99480.17878 84436.838484 -4402.663116 6309.902954 0.425415 0.562439 -100000.0 99851.323677
2023.75351 4078.491516 -99995.725805 79570.29167 2107.074127 6416.144714 97203.465767 100000.0 1796.517792 5933.723755 0.0 0.0 40950.31237 99997.589821 1779.914551 6760.22522 0.0 0.0 96143.500077 100978.096813 1139.459229 6018.230286 0.0 0.0 45728.702355 99211.572377 -2945.136871 3500.638771 -9753.312507 25249.081077 -3559.022064 5783.83606 -99907.465757 89700.69857 -4199.47464 5905.964355 0.0 0.0 -96270.377656 79881.517245 -4926.11557 6554.125061 0.0 0.0 -99480.17878 84436.838484 -4402.663116 6309.902954 0.0 0.0 -100000.0 99851.323677
2023.75351 4078.491516 -99995.725805 79570.29167 2107.074127 6416.144714 97203.465767 100000.0 1796.517792 5933.723755 0.0 0.0 40950.31237 99997.589821 1779.914551 6760.22522 0.0 0.0 96143.500077 100978.096813 1139.459229 6018.230286 0.0 0.0 45728.702355 99211.572377 -2945.136871 3500.638771 -9753.312507 25249.081077 -3559.022064 5783.83606 -99907.465757 89700.69857 -4199.47464 5905.964355 0.0 0.0 -96270.377656 79881.517245 -4926.11557 6554.125061 0.0 0.0 -99480.17878 84436.838484 -4402.663116 6309.902954 0.0 0.0 -100000.0 99851.323677
2023.75351 4078.491516 -99995.725805 79570.29167 2107.074127 6416.144714 97203.465767 100000.0 1796.517792 5933.723755 0.0 0.0 40950.31237 99997.589821 1779.914551 6760.22522 0.0 0.0 96143.500077 100978.096813 1139.459229 6018.230286 0.0 0.0 45728.702355 99211.572377 -2945.136871 3500.638771 -9753.312507 25249.081077 -3559.022064 5783.83606 -99907.465757 89700.69857 -4199.47464 5905.964355 0.0 0.0 -96270.377656 79881.517245 -4926.11557 6554.125061 0.0 0.0 -99480.17878 84436.838484 -4402.663116 6309.902954 0.0 0.0 -100000.0 99851.323677
2023.75351 4078.491516 -99995.725805 79570.29167 2107.074127 6416.144714 97203.465767 100000.0 1796.517792 5933.723755 0.0 0.0 40950.31237 99997.589821 1779.914551 6760.22522 0.0 0.0 96143.500077 100978.096813 1139.459229 6018.230286 0.0 0.0 45728.702355 99211.572377 -2945.136871 3500.638771 -9753.312507 25249.081077 -3559.022064 5783.83606 -99907.465757 89700.69857 -4199.47464 5905.964355 0.0 0.0 -96270.377656 79881.517245 -4926.11557 6554.125061 0.0 0.0 -99480.17878 84436.838484 -4402.663116 6309.902954 0.0 0.0 -100000.0 99851.323677
2042.253113 4060.460358 -95426.562731 77764.004114 2161.404724 6397.354736 108627.559883 99005.946388 1827.225037 5983.07373 29.122925 61.074524 44805.77052 108061.181288 1724.441223 6757.592773 -57.057648 9.092102 86880.296885 101921.232041 1139.628143 6049.262695 -1.415405 42.756958 45524.956497 105022.832933 -2941.262817 3508.659153 -9555.521464 29681.892656 -3545.814819 5794.214783 -98499.410824 91622.828859 -4210.706787 5953.721924 -12.816467 59.482117 -97621.123029 83784.254699 -4949.202576 6573.791199 -24.671326 31.390686 -101567.591221 86080.133838 -4498.197632 6180.646057 -97.118835 -117.532349 -109312.917485 91889.419557
]