11-08-20_Ishan_4KDepth.grey_snake_below_blue_chair.0000000004 [ 2255.525131 4555.419464 1983.614502 1729.178696 5728.244934 61.019287 1833.481827 6677.431946 161.699829 1703.011703 6226.209412 -808.004761 965.686646 6277.01355 -396.203613 -2647.486343 3925.783691 2626.828613 -3402.679367 6141.056824 2540.455322 -4266.733322 6326.252747 2003.817139 -5134.622116 6926.516113 1913.73291 -4385.496445 6952.694702 2053.757324
2254.674835 4561.419144 1971.812134 1726.780853 5725.140228 42.974854 1810.193634 6677.051086 141.148682 1697.251587 6230.085144 -833.208008 957.915421 6252.147827 -434.261475 -2646.591949 3935.862885 2609.448853 -3394.797821 6153.62854 2502.53479 -4228.790436 6340.056763 1919.91394 -5086.975861 6939.784546 1757.34436 -4315.714569 6962.360535 1893.414917
2283.878689 4576.30661 1982.883911 1726.606808 5703.236694 19.697266 1704.318905 6670.786438 10.054321 1608.826504 6253.871765 -988.250732 908.61517 6224.779358 -500.742798 -2665.043278 3971.140404 2595.83313 -3454.663181 6195.788879 2572.857056 -4256.335545 6379.882812 1932.996216 -5126.676121 6997.860413 1917.432251 -4131.358433 6884.481201 1628.689575
2283.914356 4576.341858 1982.79541 1726.634846 5703.235016 19.577637 1704.531727 6670.792847 9.860229 1608.789082 6253.967896 -988.463745 908.654957 6224.949646 -500.726318 -2665.026836 3971.220627 2595.742188 -3454.603863 6195.895081 2572.661133 -4256.141949 6380.02655 1932.635498 -5126.491985 6997.986755 1916.573486 -4131.113567 6884.664307 1628.363037
2285.287704 4577.303925 1980.099487 1727.451859 5702.889557 15.900879 1707.525558 6670.601196 3.649902 1607.375565 6255.976562 -995.323486 908.823547 6226.492004 -501.84082 -2664.505997 3972.911491 2594.823608 -3453.940964 6197.975464 2570.664673 -4254.054489 6383.238831 1928.947144 -5124.319382 7001.34613 1905.619507 -4130.393906 6887.696228 1626.329956
2286.193352 4577.670975 1978.927612 1727.535362 5702.743988 14.359741 1708.222771 6670.545959 -0.074463 1604.569664 6257.55249 -999.497681 907.447929 6226.688843 -500.719604 -2663.653145 3973.533974 2595.912476 -3453.178291 6198.851318 2572.267456 -4253.371162 6385.423279 1930.839233 -5123.357124 7004.044495 1905.359497 -4131.528511 6891.074219 1630.140991
2286.197987 4577.67601 1978.919067 1727.531757 5702.748871 14.349976 1708.258991 6670.552673 -0.098267 1604.534321 6257.598572 -999.53125 907.437153 6226.739807 -500.674438 -2663.649731 3973.536873 2595.923462 -3453.178539 6198.855896 2572.284546 -4253.37019 6385.439758 1930.857544 -5123.356762 7004.060669 1905.346069 -4131.545544 6891.108398 1630.178833
2304.082031 4590.726852 1968.140259 1725.397034 5737.86972 9.987183 1607.152252 6642.053528 -327.540894 1500.87265 6220.686951 -1328.378906 859.381409 6273.432312 -427.769165 -2708.546753 3989.428215 2596.45813 -3511.90094 6220.895996 2586.226196 -4304.804077 6385.836182 1922.758179 -5093.774414 7107.107239 1836.005249 -4183.378906 6920.019836 1598.505249
2311.037216 4591.699753 1977.620239 1737.723312 5747.748108 19.735718 1596.944656 6649.865723 -318.062744 1511.681442 6226.216431 -1321.383057 863.147583 6274.971924 -419.868164 -2699.856033 4004.651985 2599.400024 -3513.192062 6235.535278 2612.717896 -4311.38237 6406.153564 1955.05188 -5107.753525 7123.466492 1889.714966 -4196.909714 6956.227722 1643.848267
2325.059109 4605.423126 1962.658081 1742.723141 5754.400177 5.134888 1529.078121 6642.693787 -329.194946 1519.596767 6239.581299 -1343.704834 857.298565 6311.048279 -399.987183 -2690.102024 4027.311974 2574.996948 -3510.787144 6253.771057 2595.437622 -4305.088902 6421.826172 1933.52356 -5077.311192 7153.890381 1794.811401 -4185.984898 6970.501099 1610.718384
2324.387665 4602.538452 1969.277344 1742.145691 5754.610748 13.548584 1528.709106 6643.277588 -319.919434 1519.326477 6240.847473 -1334.700317 857.776718 6313.794861 -395.541992 -2690.788574 4023.373108 2581.125488 -3510.778198 6250.060425 2604.206543 -4300.808716 6418.798828 1937.374268 -5075.782776 7144.665527 1782.399902 -4181.918335 6964.282837 1616.229248
2331.316738 4604.349289 1965.662842 1752.261868 5770.414276 18.103027 1528.16946 6658.528442 -308.972778 1528.847866 6247.667236 -1320.075073 862.835751 6316.974792 -414.118042 -2689.383335 4024.876976 2581.697998 -3511.042728 6250.295105 2596.468506 -4299.348392 6416.571045 1927.449951 -5060.386906 7155.36499 1766.738281 -4174.451237 6955.983582 1597.099609
2331.46883 4604.277115 1965.892334 1752.421741 5770.605011 18.475342 1528.631306 6658.861694 -308.432617 1528.797474 6248.161011 -1319.605103 863.141117 6317.89093 -413.057861 -2689.322491 4024.780502 2582.072754 -3511.085339 6250.168152 2597.17041 -4299.666882 6416.558838 1928.499756 -5060.725842 7155.496826 1768.520508 -4174.927197 6956.344299 1598.328857
2331.484222 4604.274063 1965.881958 1752.428589 5770.597382 18.461304 1528.635406 6658.853455 -308.447876 1528.791504 6248.154907 -1319.622192 863.143158 6317.887573 -413.046875 -2689.320068 4024.773293 2582.103882 -3511.094971 6250.158691 2597.227173 -4299.697876 6416.548767 1928.579712 -5060.768127 7155.48584 1768.640747 -4174.957886 6956.347351 1598.401489
2331.488094 4604.27124 1965.888062 1752.43124 5770.601501 18.47168 1528.636684 6658.858948 -308.435059 1528.78912 6248.164368 -1319.611206 863.14352 6317.899475 -413.012695 -2689.320164 4024.767342 2582.119751 -3511.099644 6250.151978 2597.25647 -4299.712925 6416.542358 1928.621216 -5060.787144 7155.480042 1768.703003 -4174.958591 6956.324768 1598.421021
2331.488094 4604.27124 1965.888062 1752.43124 5770.601501 18.47168 1528.636684 6658.858948 -308.435059 1528.78912 6248.164368 -1319.611206 863.14352 6317.899475 -413.012695 -2689.320164 4024.767342 2582.119751 -3511.099644 6250.151978 2597.25647 -4299.712925 6416.542358 1928.621216 -5060.787144 7155.480042 1768.703003 -4174.958591 6956.324768 1598.421021
2331.489067 4604.269409 1965.895996 1752.43145 5770.603027 18.482056 1528.635826 6658.860474 -308.422852 1528.787041 6248.168335 -1319.599609 863.142433 6317.902832 -412.991943 -2689.32148 4024.762535 2582.130127 -3511.104164 6250.145874 2597.271729 -4299.722328 6416.536865 1928.643799 -5060.801735 7155.469971 1768.728027 -4174.974403 6956.31958 1598.444824
2328.866673 4594.505234 1967.398071 1740.77158 5779.483337 49.402466 1529.072514 6638.452454 -341.854858 1516.928196 6249.651489 -1355.24353 868.342304 6320.79071 -386.828613 -2689.005337 3994.300766 2608.222046 -3439.794216 6230.737915 2566.838989 -4391.04147 6442.724609 2199.407349 -5176.151943 7155.566711 2081.703491 -4269.481716 7041.439819 1739.855347
2328.866673 4594.505234 1967.398071 1740.77158 5779.483337 49.402466 1529.072514 6638.452454 -341.854858 1516.928196 6249.651489 -1355.24353 868.342304 6320.79071 -386.828613 -2689.005337 3994.300766 2608.222046 -3439.794216 6230.737915 2566.838989 -4391.04147 6442.724609 2199.407349 -5176.151943 7155.566711 2081.703491 -4269.481716 7041.439819 1739.855347
2328.866673 4594.505234 1967.398071 1740.77158 5779.483337 49.402466 1529.072514 6638.452454 -341.854858 1516.928196 6249.651489 -1355.24353 868.342304 6320.79071 -386.828613 -2689.005337 3994.300766 2608.222046 -3439.794216 6230.737915 2566.838989 -4391.04147 6442.724609 2199.407349 -5176.151943 7155.566711 2081.703491 -4269.481716 7041.439819 1739.855347
2324.966621 4567.470322 1965.775757 1737.363014 5755.739746 65.22644 1497.405434 6609.234009 -308.214722 1515.947609 6239.258118 -1322.194824 863.977776 6298.639221 -383.413086 -2683.287163 3914.332886 2604.517212 -3386.070518 6151.260681 2512.868042 -4347.517357 6422.749939 2239.260864 -5160.977135 7103.687134 2215.779419 -4255.850792 6991.131592 1799.744263
2328.029976 4562.051544 1958.522949 1736.342201 5747.676392 60.438843 1496.77021 6600.411682 -312.484741 1513.610268 6232.01355 -1325.910034 864.201088 6292.698364 -385.784912 -2666.611748 3907.087822 2638.880615 -3364.395714 6143.944397 2570.938721 -4326.75808 6418.045044 2307.288818 -5143.058739 7094.145508 2292.652588 -4214.877586 6988.561401 1833.791504
2328.297863 4561.849136 1957.996826 1736.467266 5747.237396 59.928589 1496.818676 6599.889221 -313.033447 1513.630962 6231.439514 -1326.392212 864.278698 6292.081604 -386.245117 -2665.429096 3907.260323 2640.233154 -3362.446003 6144.274597 2573.000488 -4324.678059 6418.799744 2309.487305 -5140.282612 7095.679321 2295.273438 -4212.122211 6988.991394 1835.058594
2317.335892 4483.748856 2029.772339 1755.784378 5594.206696 109.962158 1430.483475 6405.999146 -260.652466 1488.516769 6221.728516 -1308.845825 1407.883987 6549.272766 429.474487 -2533.914261 3850.600433 2860.564575 -3224.804153 6024.558105 3265.606079 -3891.33522 6372.920837 2572.565308 -4631.090469 6823.413391 1983.153687 -4127.957535 6835.800171 3170.161743
2317.312565 4483.727188 2029.838867 1755.769901 5594.220734 110.054321 1430.387516 6405.988159 -260.537109 1488.548222 6221.809998 -1308.735962 1407.22147 6548.844604 429.644165 -2533.935299 3850.50354 2860.698242 -3224.866085 6024.415894 3265.878906 -3891.399288 6372.726746 2572.818604 -4631.167049 6823.094788 1983.33252 -4128.34692 6834.723511 3171.273193
2376.821232 4388.928528 2111.187134 1957.405338 5442.80304 140.957031 1409.016972 6202.749939 28.710327 1552.649479 6223.401489 -1020.43335 1332.337894 6068.69812 695.776367 -2408.979092 3858.852348 2652.124634 -3432.815456 5816.777344 3298.915405 -3402.490444 5678.224335 2292.601929 -3672.925014 6519.922485 2842.335815 -3582.63937 6247.843628 3902.489624
2353.655529 4402.011566 1986.671753 1793.928509 5399.012451 -8.475342 1736.043072 5945.551453 772.164307 1773.711529 6164.804382 -275.793457 1341.087627 6008.329468 934.954224 -2442.41869 3852.288208 2670.698853 -3115.392475 6048.542786 3053.07312 -3057.790852 5796.30661 2058.220825 -3086.099873 6337.384033 2961.160278 -2928.043232 6135.445251 3705.910034
2380.565701 4317.889252 2149.235229 1848.690243 5475.081635 253.859863 1959.2272 5794.744415 1139.515991 1884.5751 6188.393555 154.008179 1349.084682 5854.461823 1180.629272 -2370.72382 3802.899437 2716.712036 -3127.852573 5906.991882 3305.6427 -2661.077824 5050.573578 3004.546509 -2707.945957 6094.757385 3035.222778 -2379.991093 6128.737488 4237.206421
2400.778217 4221.977081 2091.293335 2094.946003 6015.33844 767.579956 2279.99712 6530.184937 1524.6698 2132.104359 6260.821228 522.561035 1893.571644 6914.584656 1570.217896 -1860.080547 3708.208847 2754.840698 -2937.219524 5211.394806 4085.653687 -2899.79002 4313.716736 3633.678589 -2267.196331 4525.876617 4418.716431 -2509.31715 4300.675354 3484.262085
2389.684734 4200.762711 2027.342529 2193.710155 6032.928467 756.412964 2514.226665 6359.558716 1565.251465 2181.786938 6254.900208 582.385254 2209.132519 6462.898865 1859.815674 -1617.965107 3630.757236 3068.706055 -2760.864887 4092.484818 4971.005859 -2095.906239 3505.550423 5434.229736 -1193.894444 3561.333275 5917.919922 -1772.111225 3231.201563 4871.630859
2421.810055 4191.233902 2008.302002 2222.901058 6023.938293 738.109741 2588.626766 6239.042358 1565.048828 2197.749233 6238.032837 598.103638 2297.128963 5955.817871 1826.943359 -1540.986576 3592.895527 3209.840088 -2612.973423 3941.569023 5176.745605 -1879.294834 3393.443079 5580.185547 -983.317051 3199.235239 6038.950195 -1553.62009 3277.014461 5136.330566
2545.56036 3979.601135 2207.617188 2297.12225 5900.496826 1105.568848 2574.538326 5112.341309 1502.849121 2191.436977 5853.507996 884.9823 1867.243557 5512.947998 1842.767334 -1247.739048 3473.44964 3342.089844 -1765.073032 3885.857697 5499.606934 -1348.924961 3000.327454 5686.73584 -419.780769 2859.866791 6084.654541 -1112.820454 3458.176022 4491.716309
2549.881239 3973.988419 2220.477295 2306.228743 5899.981689 1126.153564 2571.722059 5091.305847 1488.901367 2203.324385 5870.196533 909.653931 1881.993666 5467.982483 1852.619629 -1252.554216 3441.679039 3394.165039 -1772.210283 3788.962364 5562.630615 -1263.962374 2951.358185 5742.96875 -362.46129 2788.141174 6192.515869 -884.935656 3457.615223 4758.586426
2476.739063 3926.882095 2393.348389 2245.630512 5815.112 1256.240234 2193.764362 4901.158142 1349.136963 2115.977039 5847.0047 942.436523 1895.828266 4782.182312 1712.841797 -1448.604412 3395.591483 3300.313721 -2166.619396 3705.90107 5403.916016 -1449.596233 3087.316513 5695.041504 -563.912983 2787.460709 6089.575195 -1274.744015 2759.176598 5151.606445
2626.498585 3565.011501 3122.200317 1860.541553 4861.922302 1520.003052 1378.449421 4093.71376 1415.359497 1618.016529 5064.266052 1639.395142 971.996021 4161.741409 832.994995 -1655.109997 3265.852365 3354.083862 -2383.48814 4536.861954 5031.254272 -2399.935589 3568.623619 5200.227661 -2103.409252 2836.423607 5824.72229 -2519.530926 3359.475319 4354.259644
2700.692501 3798.174324 2819.244995 1838.244534 4326.758194 828.228149 1329.784145 3556.206074 742.398682 842.038784 4320.570755 1252.619019 953.081188 3415.175225 475.449219 -2058.890324 3254.998245 3440.342407 -2931.89661 4777.764282 4866.340942 -2419.340305 3924.139061 4938.619995 -1661.150761 3433.451686 5418.428345 -1910.579319 4145.486679 4510.100708
2714.367437 3804.461861 2785.320435 1830.490026 4310.378723 797.67334 1332.838049 3534.251289 699.105835 812.61817 4252.555618 1243.170776 953.2656 3401.323731 387.30957 -1991.890039 3177.596684 3584.662476 -2821.111383 4628.387756 5108.672485 -2256.086969 3875.422707 5441.115112 -1464.153528 3573.766899 6013.659058 -2078.979578 3529.420633 4686.674194
2745.269794 3812.603531 2715.219116 1837.264576 4277.261047 728.942261 1363.13448 3486.587725 632.015381 818.606739 4182.854996 1180.475464 1012.606068 3318.39303 293.887939 -1885.961895 3121.336117 3717.434692 -2643.98344 4510.673294 5332.317505 -2061.97813 3731.354122 5556.389771 -1319.19157 3196.915264 6012.60437 -1811.993999 3523.339653 4958.598022
2802.608595 3718.066521 2784.388428 1913.001966 4225.273743 803.323975 1512.995558 3390.354667 792.098389 839.379988 4090.886917 1159.403076 1275.645857 3140.764351 826.088257 -1720.195818 3055.075264 3863.054199 -2346.623888 4352.472992 5602.114258 -1550.646715 3851.593819 5932.77832 -810.878954 3160.982208 6069.473877 -1183.262682 3714.556503 5403.950195
2842.306328 3680.236015 2802.603149 1948.17379 4219.522705 831.831665 1562.835045 3379.065003 882.168579 862.674904 4098.389435 1150.452271 1353.026543 3149.777451 1009.436646 -1632.994881 3007.681656 3948.881226 -2184.404488 4267.887039 5740.197144 -1400.788765 3685.714874 5942.720337 -625.103302 3075.299282 6205.009155 -1129.815483 3537.424107 5443.139038
2851.336765 3697.313423 2741.697998 1938.435154 4206.943436 772.360229 1557.594395 3373.731513 905.084229 849.700947 4116.106949 1068.713379 1359.485569 3171.332169 1085.372314 -1532.596035 2958.983078 4031.191406 -2006.113491 4179.878769 5870.554199 -1236.856594 3550.004654 5940.744629 -500.076618 2844.106483 5977.570801 -1053.662472 3427.071037 5315.657959
2819.517879 3783.37265 2562.180176 1885.646877 4179.167938 577.194824 1463.365078 3367.929561 718.771362 784.865398 4124.667511 931.988525 1239.183102 3185.596647 892.342529 -1449.754429 2944.927406 4071.119385 -1870.78516 4144.143677 5936.634521 -1093.961048 3525.159607 6016.23291 -314.639511 2884.801941 6173.005371 -744.822178 3592.447453 5465.999756
2810.825748 3789.108582 2548.900757 1883.172092 4168.798218 558.609009 1476.791782 3369.701538 787.215576 768.466663 4125.552368 856.464233 1272.85471 3223.81299 1015.824585 -1453.427334 2953.144798 4060.811157 -1884.395046 4142.835922 5929.336548 -1138.388424 3497.373638 6067.871704 -375.36047 2884.324303 6356.513062 -837.923489 3422.559166 5565.385132
2787.950325 3782.360916 2578.898926 1887.124825 4172.081299 578.788452 1483.468666 3402.54427 895.748291 752.364082 4134.133987 808.432007 1306.477394 3310.526134 1182.286377 -1536.13842 2922.916946 4049.211426 -2048.610039 4053.309402 5933.317871 -1416.572838 3301.146114 6096.677246 -742.180672 2622.253265 6450.515137 -998.485298 3320.118757 5508.088379
2750.533905 3781.94973 2615.210571 1883.091736 4192.08992 606.172485 1479.585419 3442.251663 965.789185 738.510132 4146.683502 791.299438 1323.006592 3383.12993 1283.737183 -1588.256073 2932.055588 4014.682007 -2153.991547 4042.318192 5893.630981 -1691.819916 3181.37763 6082.593384 -1204.099274 2337.057419 6380.427856 -1300.046539 3089.857082 5511.759644
2764.582996 3719.417496 2725.908203 1910.296192 4324.931412 765.78125 1395.888386 3656.48735 1139.682617 803.9641 4472.153702 902.631836 1206.786671 3730.161362 1468.179932 -1544.913311 2828.689995 4103.679199 -2102.080364 3815.471954 6047.952881 -1816.973858 2871.74675 6170.250244 -1456.12257 1964.70932 6457.780762 -1627.304211 2662.077217 5530.441895
2830.426922 3913.844757 2407.199097 2144.242535 5100.007935 623.200073 1726.622753 4750.943604 1382.146606 1105.380917 5561.00174 1145.062866 1214.580975 5081.66748 1264.563599 -1224.063282 3306.287891 3780.064087 -1842.423725 4106.86882 5821.170044 -1282.041111 3304.052716 6050.700073 -775.887775 2436.546783 6279.645386 -682.567272 3829.940948 5302.37854
2555.595016 4163.23616 1907.850952 2038.453445 5280.560455 -29.80896 1465.339584 5477.107697 705.949097 1385.323105 5525.046692 -359.508057 995.679855 5418.012543 -23.634033 -1028.016891 3450.948868 3608.399048 -1360.160294 3584.928608 5905.436401 -528.676529 2994.077263 6018.126831 -359.442654 2002.020416 5714.198608 -277.51812 2901.496506 5531.494751
2565.71208 4171.530609 1875.36499 2029.315901 5306.443939 -48.823242 1464.116011 5523.779144 688.132324 1389.572706 5580.296936 -378.103027 1000.865507 5508.645325 -42.844238 -957.061052 3418.60651 3684.273682 -1223.418016 3460.764723 5995.118408 -402.534227 2860.715103 6139.454346 245.562658 2060.859833 5922.563477 -93.512013 2802.754059 5571.945801
2582.312016 4176.942368 1842.11853 2025.861363 5340.987091 -60.12146 1516.405797 5585.797882 708.746338 1383.703465 5669.84375 -350.498657 1024.987798 5664.191284 55.410156 -866.706386 3412.416401 3723.83728 -1042.321239 3413.116279 6044.811401 -203.387027 2826.262283 6131.502075 374.341397 1964.283905 5955.172729 40.280929 2747.976074 5494.20105
2521.78865 4282.63092 1585.014038 1982.984328 5502.719421 -316.534424 1669.126449 5981.236267 459.606323 1573.598647 6162.025146 -602.984009 1213.867202 6190.289001 489.025879 -1087.908616 3842.558174 2779.280396 -848.297257 3738.967972 5116.825562 18.751359 3189.824982 5273.998413 705.832686 2379.5784 5222.015991 378.092589 3451.17485 4467.996216
2289.131002 4269.386978 1537.304688 1828.500662 5586.197357 -364.991455 1728.167868 5962.5 533.634033 1583.541403 6310.999451 -498.575439 1112.851858 6312.503662 405.870972 -1132.153788 3831.326828 1417.213135 -685.286112 3080.490417 3640.551758 28.488817 2305.752487 3592.282715 431.323767 1493.496399 4179.576416 156.027117 2378.094635 3965.109863
2280.89406 4270.428314 1531.894531 1836.527758 5596.231079 -389.501343 1791.915331 5974.105835 520.753784 1588.882952 6364.876099 -494.979248 1004.725084 6314.480896 133.320923 -1164.718657 3733.519974 1258.879395 -766.43115 3151.387768 3559.603271 -453.586454 2272.168198 3052.13623 -154.424 1382.757111 3603.143311 -81.200716 2188.156052 3569.144287
2278.123732 4327.18483 1579.075317 1797.193251 5746.045837 -264.594116 1853.334608 6138.821106 638.363647 1619.063673 6445.941162 -398.793335 875.442839 5924.801636 -530.529785 -1274.449282 3806.939545 1514.68811 -875.387011 3576.156101 3875.79895 -1277.281389 2685.622864 3459.655151 -1233.429766 1600.130463 3402.81189 -680.192728 2309.817505 3772.590942
2263.159027 4312.675552 1596.358032 1861.976318 5871.012878 -128.184814 2052.377167 6362.114868 697.349243 1403.159485 6388.733215 -188.827515 1225.77179 5590.818939 -476.469116 -1528.282776 3790.015831 1707.114868 -1213.183594 3225.739479 4006.56311 -1758.348999 2323.235397 4009.003296 -1822.201385 1263.45932 3810.422974 -1605.44693 2026.278534 3931.087036
2259.774017 4312.398224 1682.890625 1879.361725 5947.017822 24.418945 2123.510284 6421.421814 845.960083 1437.791138 6442.281799 -12.924805 1160.428925 5712.922058 -235.326538 -1560.684357 3736.374168 1464.200439 -1312.539597 3438.518152 3821.904297 -1915.014801 2572.787933 3817.282715 -2109.199219 1516.919098 3695.345459 -1579.844818 2174.695969 3709.417725
2285.411291 4300.145721 1716.218872 1942.747412 6140.96344 277.337036 2071.960974 6740.143738 1042.494507 1491.803961 6379.144592 180.275879 1155.335608 5831.629181 202.283325 -826.722269 3787.897148 1890.232544 -956.511393 3530.624943 4264.142456 -1337.055979 2835.168152 3567.114868 -1274.830561 1856.390381 3111.609497 -1157.126474 2077.266235 4132.080688
2260.232849 4348.533936 1851.916504 2297.583313 6687.281189 1821.298828 1916.55777 6592.527466 2709.576416 1836.938019 6758.191223 1635.383301 1599.194489 6207.536926 1418.519287 -1292.716904 3825.707359 1725.726318 -1110.163574 3884.326439 4086.812744 -821.836777 2927.58873 4395.021973 -699.860191 2189.161835 3628.647461 -552.739983 2662.751617 3698.171387
2188.472662 4385.904388 1951.629639 2439.634771 6658.380127 2399.281006 2197.993078 6737.121582 3332.525635 2264.046392 7546.496582 2612.402344 1305.653753 6631.789856 2125.692139 -1225.651484 3895.296326 1803.547363 -828.246393 3795.786552 4126.922607 -106.313565 3110.68716 4433.583984 562.294378 2482.777328 3888.740234 283.045492 3039.719048 3937.484131
2153.80127 4373.377762 1953.154907 2572.95517 6572.707214 2563.362427 2356.933136 6849.660034 3460.490112 2206.169281 7553.54126 2653.878784 1665.06424 6736.343994 2199.437866 -1211.203232 3888.7714 1765.213013 -785.952072 4093.034134 4067.328491 156.035271 3698.744049 4249.778442 852.118301 3129.218349 3683.779907 403.88279 3588.011627 3686.558228
2102.965469 4350.334473 2009.935303 2364.537888 6587.778625 2521.07666 2330.247574 7013.529053 3379.724121 1982.118759 7485.548096 2477.442627 1610.019455 6787.186279 2157.227783 -1206.123734 3865.276337 1810.305176 -828.318863 4414.092255 4052.592773 22.97823 3927.245941 4375.897217 590.726776 3419.951859 3641.573486 452.695541 3964.049454 3688.359375
2139.68133 4314.649887 2023.821411 2326.684198 6563.538513 2394.68689 2272.747278 6902.636719 3279.885864 1932.812738 7481.235352 2452.354126 1551.028986 6760.69458 2055.617065 -1212.761297 3845.713005 2401.504517 -1070.887899 4865.692749 4475.818481 -223.075447 4423.480377 4114.203491 281.842356 4439.990463 3196.865845 195.197916 4779.458771 4146.80481
2219.408646 4291.078644 2050.689087 1966.978836 6557.310181 1839.595337 2181.379318 6771.078491 2740.835571 1843.886948 7321.621399 1891.602173 1422.244186 6380.654602 1316.647339 -1259.995956 3891.922989 2547.160034 -1331.003265 5956.789551 3600.24231 -529.096336 5491.745148 4034.518433 -164.16903 5965.14801 3172.896118 -188.541929 5512.1492 3698.633423
2221.012897 4290.728989 2048.798828 1971.886158 6556.872253 1835.655518 2193.203602 6774.894714 2734.086914 1861.670094 7304.401855 1869.422607 1426.01656 6396.355286 1313.969727 -1268.650646 3889.430008 2547.307129 -1347.393322 5952.884216 3602.025146 -599.500179 5494.127502 4129.163818 -147.635736 5943.363342 3296.437988 -234.504514 5488.83606 3794.626465
2272.30711 4305.294952 1916.220703 1650.672588 5598.7854 139.544067 1880.912609 6101.890259 909.580078 1488.100109 6473.48938 -6.793213 1048.978558 5759.502258 -289.70459 -1573.793659 3921.062241 2447.042236 -1645.295277 6214.901123 2733.778076 -1480.155048 5794.932709 3649.573975 -1061.484165 6102.962341 2742.025146 -1130.551701 5441.874084 2654.609375
2277.560062 4346.803513 1909.761963 1658.138371 5388.296509 -16.159668 1621.812687 6172.907104 508.721313 1539.26096 6137.590942 -547.542725 1258.561802 5664.113159 1334.897461 -1717.420406 3881.645126 2473.287354 -2024.09399 6130.226135 2872.426758 -1872.782955 5997.045288 3869.416504 -1499.0061 6239.569092 2927.504883 -1142.574444 5924.822998 2577.37915
2274.886818 4332.296143 1881.44104 1647.545967 5237.23938 -98.151245 1616.904488 5772.802277 674.302979 1528.638649 6049.796143 -340.187378 1081.442909 5842.4617 1016.913452 -1827.966118 3821.33934 2553.040161 -2197.406425 6044.833069 2979.16687 -1917.184258 5997.011719 3951.050415 -2019.102898 6133.340149 2927.799683 -1321.071968 5975.170288 2531.156616
2316.877861 4302.213287 1952.177124 1505.609245 5208.399048 47.070312 1647.230186 5353.755493 963.252563 1651.767082 6097.991333 218.326416 1111.56002 5691.951752 1218.80188 -1908.641548 3751.346436 2608.235474 -2038.717842 6030.583801 2772.783813 -1908.192329 6046.474609 3774.574585 -1652.463264 6168.843689 2779.122925 -1201.329002 5736.685944 2624.80896
2405.054893 4529.436646 1905.626221 1288.176994 4698.164215 -99.378052 1307.138329 4942.675781 824.033813 1508.774681 5991.356506 919.20166 531.143913 4932.927856 1100.732422 -2089.967537 3874.972458 2350.523682 -1535.894508 4878.558807 321.564941 -1425.914726 5597.043915 1049.54834 -1209.989281 5588.557739 18.116455 -751.362076 5605.419159 490.053101
2441.149616 4462.929535 1980.112915 1280.987263 4482.913742 30.891113 1095.881672 4614.731369 944.853516 1233.189411 5530.415344 1454.30481 400.10725 4553.849487 1142.402954 -2099.388256 3861.383667 2318.980103 -1415.224361 4928.849487 403.416748 -746.336765 5533.081818 867.93335 -985.781765 5519.963684 -142.792969 -570.362606 5269.504547 -175.397339
2291.136112 4413.203812 1833.61145 1158.457432 4266.51741 -140.761108 629.114475 4101.061096 626.815186 645.651951 4862.132568 1368.226929 159.553776 4240.214844 776.724243 -2081.43774 3830.430107 2365.409546 -1166.54356 5468.058777 1017.702026 -823.304195 5115.611572 124.619141 -637.456379 4559.292145 988.882446 -227.121758 5769.394836 1407.581177
2275.708084 4408.500748 1651.231079 1084.939423 4133.890991 -278.353271 582.267532 3961.577263 507.011108 319.290771 4500.405273 1386.071167 -49.62739 3927.106056 524.393311 -1946.511002 3901.047668 2266.743774 -960.336685 5705.196533 1207.472534 -474.64386 5509.636078 330.951538 -205.316961 4710.743256 949.944458 217.740555 5690.473938 992.985229
2393.058271 4375.596161 1740.975342 1187.994184 4110.425568 -186.577759 453.969183 3796.476021 328.675537 10.245142 4265.132828 1177.399902 -144.663896 3991.072273 -659.389038 -1834.249468 3919.346771 2112.542725 -827.721834 5788.606415 1182.932129 -258.172712 5635.513458 346.949463 138.962431 4666.152725 378.771973 359.806738 5697.844238 1255.872803
2415.385742 4360.104828 1747.48291 1182.029572 4093.95195 -137.509155 266.902771 3917.38987 -272.508545 -266.487389 4380.55687 513.432617 41.298676 3822.2612 -944.512939 -1740.338135 3959.850121 2044.655762 -738.474541 5809.429321 1121.82251 -174.191532 5441.884308 363.766479 328.425064 4593.228149 38.03772 431.894264 5767.644043 1376.31958
2388.541317 4362.471161 1612.358398 1061.166286 3994.729691 -205.901489 134.055882 3802.8265 -183.612671 -423.351784 3819.010735 721.019897 -161.148791 3665.234737 -782.962036 -1569.393711 4036.79985 2025.976562 -300.626564 5746.65451 1130.197754 252.4547 5094.500885 574.728394 310.078907 4696.971893 -389.511108 631.057262 5579.880829 1252.315674
2387.56237 4362.776794 1611.239624 1060.529442 3993.990936 -207.074585 133.426056 3801.827354 -186.604004 -428.279285 3816.519585 715.39917 -160.763018 3665.410671 -787.41272 -1569.052773 4037.015686 2025.901489 -299.677753 5746.537323 1130.317993 253.655396 5094.099121 575.423584 311.416283 4696.994781 -388.988037 631.685829 5579.282532 1253.486938
2376.287889 4373.072815 1608.911743 1034.146624 3986.969604 -187.366333 149.537287 3802.694283 88.045654 -348.925524 3857.563477 1021.94397 -2.171955 3559.847212 -960.407104 -1572.37361 4032.486649 2037.70813 -353.229074 5782.653809 1166.194458 389.501848 5145.85434 888.068237 335.966082 4806.840057 -95.709229 657.16054 5597.459412 1312.421265
2316.659756 4405.964508 1485.314941 1055.159206 3941.578598 -351.789551 282.197971 3566.302242 41.778564 -349.121838 3748.948193 874.119873 -92.5564 3650.541878 -1140.43457 -1503.465519 4040.117149 1961.37207 -520.940571 5947.391968 1118.186035 333.436031 5539.091034 1490.797119 416.362743 5201.946869 507.887573 -287.217875 5039.284363 965.487061
2404.926338 4382.590485 1482.414551 1201.458473 3953.966103 -393.119507 548.781853 3559.429388 160.036621 -322.250023 3694.064121 743.887939 192.074661 3586.236687 -1041.369019 -1531.380272 4007.851448 1801.082764 -843.73745 5955.691376 794.130859 -1327.221184 5249.937897 1339.296875 -356.377392 5320.811157 975.539551 -1563.667107 5630.328369 1455.422363
2419.096851 4369.846115 1358.352661 1095.47739 3976.28727 -435.925293 448.593998 3467.308381 18.032227 -325.283451 3427.614942 733.689575 1.695271 3530.945315 -1126.775513 -1900.207348 3950.294647 1826.618042 -1349.47958 5866.947021 695.231323 -2160.516033 5261.496429 700.257568 -1564.648113 5936.025848 1214.966431 -1541.498241 5490.205383 1673.225708
2436.710539 4380.02182 1352.243652 1076.404905 3950.973015 -406.774902 420.164976 3452.791915 46.18103 -252.398176 3425.311341 858.613281 75.646009 3590.159454 -1263.28064 -1902.951937 3955.294609 1870.328369 -1370.446825 5859.488983 708.515015 -2044.768801 5165.94696 409.954224 -1792.617769 5871.226501 1127.22168 -1582.33182 5358.345184 1451.885986
2367.752724 4417.590561 1207.523193 1032.477837 3765.625076 -542.190552 424.207535 3444.578714 117.521362 -208.707304 3352.916946 974.685059 68.581104 3525.477302 -1354.378662 -1997.17205 4000.412178 2040.875244 -1298.040733 5812.414246 763.519897 -1060.681267 5288.770142 -86.452637 -1584.930077 5728.795471 711.387329 -1587.096672 5463.609009 1283.02124
2274.333324 4421.215286 1197.097168 1024.646053 3728.241596 -590.196533 411.579685 3449.887991 80.053711 -265.148487 3254.879532 880.38208 43.31665 3560.343218 -1301.097412 -2078.304462 4007.31842 2119.042969 -1227.723331 5654.860687 729.123535 -962.240467 5311.61026 -197.196045 -917.784977 5987.395477 602.423096 -592.193127 5598.944397 318.399048
2287.244434 4439.201889 1227.924194 1013.431492 3752.019787 -549.67041 340.020847 3473.845246 62.58728 -383.442383 3344.592247 837.43103 -58.219624 3564.178329 -1289.9646 -2019.75462 4075.97683 2152.63855 -986.772594 5705.457153 861.793823 -696.432323 5226.216888 3.85498 -754.650173 6000.470276 710.278931 -645.926647 5234.555054 -114.156494
2173.549347 4477.189484 1253.099976 880.877533 3786.469135 -527.019653 181.590195 3527.789118 73.426514 -564.29821 3473.156743 844.575195 -88.604574 3694.990959 -1363.118286 -1954.102325 4107.189369 2217.622681 -721.097832 5742.767639 1096.47644 -168.454832 5379.956207 305.639038 -303.806534 6058.22403 1103.500366 -238.065906 5341.019592 14.352417
2292.237062 4453.395004 1214.071655 873.834429 3811.985664 -481.086426 157.463312 3647.742004 129.509277 -638.091574 3551.815634 841.922607 134.015245 3553.865731 -1345.613403 -1874.585142 4097.637215 2178.952026 -592.038145 5759.698944 1166.82312 -45.808983 5362.39624 390.782471 -148.13558 5986.71524 1233.688354 -123.688149 5326.916046 85.841675
2209.350185 4468.578644 1302.911377 867.464962 3823.238869 -419.348755 348.782291 3770.247955 369.056396 -254.761505 3893.817978 1232.459717 -177.234671 3705.242386 -847.948608 -1684.909763 4112.862167 2154.976807 -387.026844 5680.094299 1071.168213 -1.864567 5180.602112 272.466431 453.562984 5596.168671 1113.190918 15.61985 5462.398682 -147.96814
2206.086979 4480.717239 1315.418091 858.469334 3808.964405 -395.835571 189.24345 3722.408409 267.645264 -676.059246 3949.514961 839.807739 -231.590385 3762.206612 -702.88208 -1618.732815 4107.974548 2155.78186 -347.699928 5680.632324 1042.536011 -180.545635 5222.385406 147.931519 540.441151 5636.644897 778.882446 130.944691 5470.931549 83.614502
2241.419611 4475.167923 1205.287476 821.326914 3857.524872 -473.021851 154.814692 3793.943253 198.232422 -666.524038 3957.804871 854.284058 -242.564936 3815.797958 -840.963745 -1506.093359 4114.316025 1915.176392 -524.408026 5671.001434 514.906616 -424.399824 4844.447937 -75.756226 63.610306 5291.61499 733.833618 -205.075216 5179.849854 -744.729004
2201.530075 4471.768341 1230.085449 817.513275 3897.321815 -485.510864 63.723211 3856.945267 84.168701 -748.197174 3811.78196 766.027832 -269.846592 3845.750809 -999.37439 -1484.748154 4090.402756 1905.183105 -592.248764 5620.199432 427.304077 -485.333061 5004.43573 -376.600342 -36.988821 5210.702057 542.374268 -247.312222 5088.674774 -619.02771
2309.653192 4473.130417 1272.584229 824.807458 4035.882797 -403.851929 146.27665 3914.739418 246.011963 -581.782699 3789.756813 1010.421143 29.797854 3868.867607 -1179.901123 -1532.58985 4071.477509 2129.527588 -737.160544 5883.146057 936.135254 -934.091239 5185.484009 218.592529 28.410926 5591.02066 248.600464 -462.898917 5301.893005 993.116455
2229.799919 4536.457062 1441.141968 978.276711 4291.786499 -488.264771 374.739723 3955.185127 178.359985 -389.155426 3855.944214 931.708374 -75.372384 3834.479256 -1036.193848 -1627.57206 4132.532578 1865.811157 -860.794182 5930.409546 575.558472 -884.571877 4949.294128 250.46814 -40.246921 5585.430756 186.624146 -585.858612 5355.600433 911.808472
2215.121365 4564.544525 1516.985474 1054.098644 4443.112411 -484.77417 528.750477 4145.130768 264.077148 -290.438786 4135.370445 967.146606 12.14016 3996.823654 -785.439453 -1856.490726 4026.017914 2149.699097 -1178.972492 5906.210785 919.89563 -722.765179 5003.25592 1142.55188 -80.095975 5627.023621 573.412476 -1185.912952 5345.02655 1801.246948
2318.402481 4574.892807 1674.302979 1120.079956 4569.606857 -340.570679 536.82003 4515.020828 436.668701 -347.762814 4005.117722 824.382324 595.697403 4428.740997 -783.09082 -2182.427444 4011.172752 1913.596191 -1556.711197 5893.617401 609.519653 -892.589035 5135.748901 897.226562 -30.662417 5715.725555 626.759644 -1373.412399 5494.799347 1432.059326
2373.085237 4733.310623 1507.883301 1010.924668 4803.574982 -378.720093 1164.987473 4995.676727 555.907593 285.596299 4774.102478 1150.788574 668.378816 4850.879517 -884.198608 -2552.957549 3935.632668 1455.180664 -1643.279815 4169.085617 -707.168579 -1990.695281 3361.740646 -149.941406 -2037.897735 2393.83873 294.397583 -1657.696471 3350.830727 -1073.196411
2523.763285 4644.607544 1506.970215 1196.34614 4953.118134 -346.735229 1577.093973 5671.997528 153.914795 1213.890543 6170.517883 1030.537109 931.101694 5216.56189 -983.392334 -2580.457449 3887.490082 1794.630127 -1919.964743 3941.641808 -439.004517 -2201.532278 2956.793594 -531.584473 -1964.184256 2034.10675 -81.762695 -1785.349722 3035.70282 -742.8479
2630.855284 4656.012344 1711.662598 1192.256498 5236.948547 51.583252 1796.694365 5925.528717 -172.962036 1144.132414 6404.848328 508.94104 1117.011137 5538.864288 867.277832 -2534.048891 3946.694565 1998.251953 -1998.046846 3605.60349 -213.266602 -2207.679415 2652.140503 -493.725586 -1801.530733 1755.817566 -831.810913 -2196.58246 2651.339493 -675.054321
2626.102943 4657.727509 1688.984985 1220.630989 5797.509918 302.316284 1437.875099 5565.340881 -589.165039 1883.316994 6399.854736 -106.248169 1021.490746 5570.914917 1046.464233 -2566.802483 3941.076393 2161.375122 -2031.244469 3443.127117 -28.360596 -2154.357414 2507.412109 -412.869873 -1870.55172 1566.96106 -766.241455 -2150.806084 2645.992126 -639.847412
2617.386646 4682.69249 1683.745117 1391.910877 6102.648926 407.992554 1817.372761 5683.119354 -319.951782 1573.389759 5944.558563 -1314.407349 1370.724506 5913.187561 1219.217529 -2567.905407 3909.414597 2111.304932 -2085.018139 3184.700127 -14.328613 -2147.995586 2288.71109 -484.939575 -1887.366161 1468.276825 -1066.304932 -1989.072399 2297.333527 -716.743774
2640.292921 4706.864319 1709.812622 1678.951521 6188.623657 308.629761 1859.832411 5948.28064 -577.749023 1475.776472 6161.087646 -1531.932983 1095.14514 6179.309082 474.838257 -2570.922136 3968.963737 1957.819214 -2172.962847 3058.130989 -97.567749 -2324.992266 2200.491028 -604.604492 -2188.851519 1534.66507 -1381.816406 -2172.216845 1890.484314 -388.284302
2593.716226 4723.930511 1707.400513 1742.049813 6183.284912 231.456909 1874.05314 6076.801605 -684.420776 1475.663247 6297.274475 -1625.248413 1052.239938 6154.200745 -65.752563 -2485.712485 3996.305008 1660.447388 -2119.265189 2822.358627 -249.859619 -2518.109031 1911.184998 -378.359985 -2640.096946 1156.804352 -1065.044556 -1734.337363 1559.139709 -770.765991
2524.721947 4741.257324 1779.157104 1786.694756 6214.208984 265.776367 1856.840782 6159.107666 -658.703613 1385.544853 6413.448792 -1552.797852 1212.751122 6048.250122 -495.848389 -2448.392372 4041.624451 1519.883423 -2220.453682 2666.66893 -266.072998 -2599.250526 1741.784668 -232.021484 -2503.879585 883.528748 -783.161011 -1816.163826 1455.854492 -773.254395
2523.499498 4741.103516 1786.147461 1787.2791 6218.908691 276.567993 1857.033129 6167.640686 -648.17749 1387.184801 6425.704041 -1541.987305 1209.59157 6058.961182 -480.276489 -2451.347914 4039.190025 1518.588867 -2221.331434 2663.483963 -266.570435 -2599.310102 1738.282623 -231.564331 -2500.033674 881.529846 -784.382324 -1828.011885 1442.39212 -758.091431
2495.958519 4744.074402 1731.152344 1854.189262 6315.52063 263.83606 1842.262535 6248.61969 -665.210571 1410.902367 6397.312317 -1605.681763 1177.4506 6114.701996 -322.429199 -2511.33091 4026.396217 1445.371094 -2275.490913 2571.035843 -283.47168 -2484.022102 1641.900635 -598.466797 -2259.950905 763.556213 -1082.194824 -2374.115028 1598.502655 -826.847534
2433.058968 4756.256485 1802.633667 1776.975441 6249.589539 261.721802 1800.294991 6279.287109 -669.093628 1366.663551 6394.200134 -1613.312988 1190.565071 6164.704895 -559.696045 -2479.48101 4062.946625 1475.282593 -2375.022087 2591.872406 -253.359985 -2547.24575 1614.3396 -397.868652 -2261.863518 669.826965 -684.682007 -2446.670799 1566.259155 -630.991821
2419.829855 4719.209976 1853.009033 1690.179892 6134.764099 240.765381 1755.200644 6298.6203 -683.414307 1229.418173 6409.52301 -1592.195435 1480.542746 6214.063721 -936.389771 -2495.552988 4070.435028 1409.681396 -2398.892984 2609.334717 -357.29187 -2546.106119 1607.104645 -348.210449 -2339.161386 683.55896 -773.822021 -2398.630381 1436.122284 -609.833984
2429.57345 4750.314713 1746.196289 1626.92071 5927.06665 -43.001709 1757.398615 6496.850281 -791.221924 1123.261118 6430.444946 -1644.829712 1396.495142 6215.628357 -1095.884399 -2450.510931 4136.862564 1331.115723 -2369.18067 2641.712112 -435.630493 -2497.055883 1669.277496 -147.247925 -2490.270452 1327.177124 -1137.041016 -1881.078863 1339.138336 -832.138062
2356.587543 4757.620544 1825.262451 1615.954456 5827.284393 -83.782349 1971.983662 6486.960144 -682.126465 980.44138 6623.934021 -1077.703247 1397.153492 6162.628784 -988.309326 -2481.49107 4177.20829 1403.585205 -2369.03471 2591.383667 -312.709351 -2683.033886 1629.188232 -107.523804 -2811.371441 812.992554 -768.243408 -1766.832104 1464.40918 -1056.779785
2339.863701 4786.896591 1809.685669 1612.240868 5823.774719 -135.493774 1997.596245 6474.427795 -732.908325 969.291649 6694.236145 -985.422974 1405.388756 6151.771851 -1036.690063 -2484.404488 4187.279549 1382.251587 -2388.485603 2603.351669 -351.970215 -2719.351387 1663.527374 -62.167969 -2603.207283 790.443115 -657.268677 -1918.827553 1518.408203 -1083.511353
2355.091133 4786.987991 1819.553833 1577.795906 5777.588196 -134.373169 1925.643654 6639.055786 -395.560913 963.176537 6711.191406 -886.688232 1427.894478 6111.553345 -934.198608 -2456.894035 4197.359772 1401.270142 -2383.875999 2605.666199 -331.400757 -2696.692467 1668.519592 -9.47876 -2464.090843 813.772278 -599.7052 -1873.073235 1530.302582 -1013.638306
2314.934425 4779.968567 1854.442139 1585.605812 5779.609375 -99.314575 1908.096352 6392.717285 -764.123535 911.37043 6801.702881 -773.898315 1332.214241 6057.027283 -1018.31543 -2441.12011 4208.442307 1468.735352 -2338.348656 2679.212723 -302.005615 -2727.334862 1798.683777 74.970703 -2641.387901 956.596069 -561.459351 -1957.116508 1528.80188 -980.597534
2322.681274 4739.911728 1801.644287 1485.484314 5779.040985 -95.982056 1770.116425 6291.021729 -860.491943 891.878815 6917.629089 -924.666748 1245.166779 5933.483734 -1092.409668 -2419.105835 4254.642029 1542.845459 -2212.176971 2798.640213 -289.099731 -2599.093475 1874.870911 -20.113525 -2499.385376 968.306274 -564.838257 -2317.033691 1948.506775 -1089.855347
2282.015533 4773.852692 1792.845459 1522.391357 5780.540466 -158.181763 1753.715973 6494.570618 -763.903198 1160.900726 6528.592834 -1668.770752 1291.591339 5875.078735 -1077.985229 -2335.241241 4346.632233 1667.762451 -2074.685822 3138.312874 -333.870239 -2273.795929 2135.17395 -153.508911 -2155.493927 1263.894348 -752.347412 -2348.263397 2165.523224 -900.690308
2267.231789 4709.293671 1775.645752 1478.947029 5581.177826 -224.28894 1656.549873 6465.834656 -561.025391 1082.971535 6466.435547 -1476.987305 1162.646523 5839.1008 -1051.896362 -2364.486351 4249.362335 1725.015869 -2052.53933 3008.88813 -245.34668 -1981.346397 2311.452713 518.755493 -1829.339409 1781.841736 1426.971436 -1590.738487 2240.956573 554.25293
2260.565224 4708.96904 1772.807007 1469.050179 5571.983337 -229.159546 1631.975288 6459.495544 -565.252686 1057.821693 6446.916504 -1480.512695 1139.225044 5818.162384 -1052.15271 -2359.131584 4250.995865 1731.763306 -2052.338066 3030.261269 -251.137085 -1947.615776 2329.745712 505.974121 -1781.766167 1762.157745 1388.208618 -1535.92205 2268.381729 519.263916
2124.326763 4614.581604 1587.416992 1246.646862 5243.421631 -460.657959 935.837383 5586.335144 381.809082 777.648678 5903.977203 -636.774902 546.839275 5315.816345 -968.543701 -2381.275654 4198.685303 1913.649902 -1963.189716 3385.99844 -245.443726 -1781.446247 2917.663155 659.422607 -1911.728992 2353.383484 1547.496338 -1191.868305 2444.385452 -459.331055
2108.219013 4516.340637 1711.237183 1216.509571 4898.994751 -342.602539 922.253819 5321.770325 447.366333 606.780109 5008.761902 1407.786255 43.230305 4718.633118 -601.591797 -2397.392406 4098.754501 1981.09436 -1744.168377 3492.69628 -139.585571 -1519.937801 2941.31012 683.076172 -1424.912624 2249.734726 1454.243774 -858.70409 2412.288666 117.907715
2064.452801 4528.572693 1688.806152 1146.592693 4809.74884 -374.760742 364.035091 4923.697815 142.390747 -499.359798 4890.369415 756.954346 296.352329 4730.062027 -1286.635742 -2396.560993 4105.623474 1931.168213 -1666.753101 3470.420352 -160.650024 -1438.487339 3028.680992 726.951294 -1369.321766 2341.960754 1507.868652 -918.711262 2863.321266 676.171265
2050.104599 4510.266724 1637.706909 1020.065079 4628.856812 -373.095093 384.884644 4558.573761 315.263672 -180.2178 4859.84726 1152.401733 17.268333 4572.866516 -1120.43457 -2402.090225 4070.628853 2233.572388 -1716.731339 3616.330261 95.192261 -831.09417 4098.369598 17.225342 -553.117828 4558.209305 -868.544922 -946.723251 3822.326622 -659.989014
2044.655228 4429.675827 1606.593018 1103.741379 4390.578766 -430.444336 452.729797 4243.032532 219.563599 -215.035734 4555.974808 960.689697 116.050186 4294.520569 -1138.578491 -2345.491714 4043.358307 1971.828613 -1574.318619 3954.492989 -164.074097 -677.484245 4381.37207 -23.112793 -667.09671 4506.102753 -1043.138428 -599.659157 4264.299545 -790.962524
2052.624493 4430.831451 1551.030884 1100.509777 4378.277283 -474.085693 425.932941 4326.657181 163.015747 -243.230987 4556.055832 929.217529 174.590778 4224.203644 -1277.009888 -2323.148823 4041.02375 2000.253296 -1563.288746 4036.44516 -135.309448 -657.979984 4350.090942 153.234253 -680.905247 4505.423279 -859.689331 -586.83485 4238.62114 -773.031616
2123.629055 4419.412308 1582.000732 1184.776211 4362.588577 -441.894531 521.764431 4296.407623 201.967163 -189.632493 4501.668777 931.923828 179.340763 4232.619781 -1114.312744 -2321.711063 3975.971794 1913.190918 -1483.752995 4189.869461 -174.822998 -530.066967 3917.896919 -66.090698 -600.741215 4347.762756 -990.585327 -537.027111 4136.493073 -955.479126
2167.309055 4412.368927 1583.790894 1235.533085 4350.74295 -433.26416 574.739704 4351.672287 210.883179 -136.865697 4485.050049 951.244507 144.422703 4526.795502 -882.356567 -2310.357418 3959.487152 1937.963257 -1431.102886 4216.028442 -118.121948 -540.018482 3801.042519 26.821899 -594.516392 3788.248138 -989.487305 -587.925091 4008.290329 -1131.646729
2167.370281 4413.004303 1583.241577 1234.825268 4351.38092 -433.427124 575.683193 4351.404877 212.393799 -134.169674 4483.868408 954.581909 139.400234 4527.363281 -874.824219 -2310.025501 3959.862518 1936.022339 -1430.352955 4213.373489 -120.229492 -541.287746 3794.942017 27.102051 -590.836849 3777.783337 -989.382324 -583.542194 3995.47451 -1128.296509
2204.502354 4415.538254 1545.83374 1218.338413 4338.114853 -450.320435 609.542942 4199.325943 232.01416 -129.159489 4439.809341 920.275879 141.064434 4505.815964 -703.21106 -2392.956295 3915.181541 2023.131104 -1419.783154 4201.294022 8.021851 -668.222866 3560.67709 -120.593872 -462.287006 3751.160297 -1101.444702 -577.039814 3759.950733 -833.703613
2190.595169 4432.756119 1516.777954 1186.105576 4288.219681 -468.127441 621.568222 4206.591568 260.739136 -82.994394 4418.705368 993.711548 96.130905 4421.75972 -619.446411 -2338.25798 3942.159576 1965.596313 -1365.708237 4227.360992 -51.621094 -688.000832 3588.089418 302.127075 -484.65147 3867.241516 -658.533325 -606.765594 3793.011093 -864.133301
2195.170841 4428.068924 1488.815918 1127.283726 4205.055618 -457.822266 673.302479 4003.9431 324.32373 -94.250979 4312.479935 953.956299 74.158211 4268.013916 -459.990845 -2393.224697 3883.98922 1944.233398 -1347.754955 4272.567215 -21.061401 -585.568104 3763.915405 373.135376 -402.616634 3981.790504 -608.320312 -509.545231 3795.427513 -715.189209
2188.878984 4408.143921 1398.595581 1106.040087 4160.691299 -532.918701 602.386293 4030.388947 231.977539 -204.100084 4336.301956 809.483032 48.135233 4283.746567 -323.863525 -2333.366346 3874.202347 1799.317017 -1381.061049 4410.369263 -174.674072 -560.554647 4200.295486 349.432983 -457.214956 4280.996704 -662.425537 -338.880224 4070.384483 -696.009521
2160.909328 4433.508835 1389.036865 1103.704967 4212.908096 -572.129517 444.978809 4145.546494 80.195312 -367.535763 4394.570312 684.960327 111.457748 4034.174767 -1092.518311 -2319.381657 3902.409859 1836.588135 -1359.505634 4464.075928 -139.111938 -667.721653 4314.794006 568.553467 -562.906246 4341.693802 -450.958862 -572.439747 4224.746628 -912.946777
2183.218317 4437.759705 1503.908081 1137.475824 4240.150223 -461.542358 440.291491 4197.745132 149.365845 -415.386972 4424.244843 697.799072 -15.22768 4153.706665 -692.510986 -2338.140173 3871.91391 1834.92981 -1377.633276 4473.320312 -124.314575 -820.602713 4139.914703 635.17334 -554.856939 4366.600113 -326.889648 -487.198439 4126.786957 -667.203369
2236.066961 4518.583221 1490.593872 1128.653173 4494.162903 -493.890991 618.836203 4509.260864 299.92981 -156.93974 4612.531509 1013.069458 228.220549 4518.238602 -613.889771 -2260.579309 3937.428551 1632.748413 -1384.502726 4413.183594 -441.591187 -1172.049417 4387.597351 551.559448 -588.363657 4488.69545 -304.133301 -260.90991 4224.600601 -418.109131
2220.706158 4557.906342 1490.498657 1180.710278 4582.708969 -542.637939 809.325314 4753.020782 312.990112 -64.807291 4761.708069 919.523315 366.814213 4658.509827 -577.29126 -2258.336048 3964.335098 1704.359741 -1497.372303 4473.258591 -419.474487 -1231.870365 4393.952942 563.120117 -786.839542 4576.687851 -365.48645 -747.755451 4057.625313 -675.092163
2284.058933 4560.339432 1563.640137 1240.159855 4638.759308 -461.696777 833.775806 4984.073029 320.314941 19.414368 4892.853394 996.079102 568.113499 5027.542114 -680.218506 -2322.468777 3937.733307 2007.689209 -1644.185696 4676.449051 -71.860352 -2010.972805 4329.767303 813.552856 -1400.182171 4810.099335 116.273804 -960.548 4672.185822 -313.226318
2360.738525 4577.969666 1629.980469 1369.475861 4796.1763 -422.528076 892.576752 5151.360931 319.176025 278.963089 5233.813629 1187.875977 905.079575 4937.808838 -999.907227 -2331.536407 3959.26403 2108.199463 -1822.572632 4980.230408 89.493408 -2372.694244 4717.662811 -732.774658 -2166.403809 5225.379639 161.159058 -1841.623993 4693.900375 -971.132202
2368.798027 4527.673187 1708.773193 1419.550591 4871.09436 -333.228149 1201.496544 5611.152802 213.702393 830.007133 5731.598663 1200.454102 897.256889 5210.071564 -994.331665 -2424.07917 3910.012169 2254.631348 -2102.986031 5365.46402 494.082031 -2252.097359 4810.188599 -346.333618 -2429.595375 5547.167816 370.20874 -1867.031898 5146.592255 -383.990479
2321.130257 4529.854889 1651.340332 1438.193703 5047.469177 -379.200439 1524.286232 5836.509094 131.912231 1000.216026 6170.888367 989.689941 1062.008018 5318.17337 -971.671143 -2433.567009 3878.955917 2294.613037 -2255.949364 5548.706055 718.948364 -2695.442772 5091.30127 -75.315552 -3248.709373 5851.370239 372.406006 -2457.971916 5126.676331 -270.012207
2322.141647 4515.882339 1815.494385 1484.017258 5196.700287 -168.35083 1884.483109 6031.66626 -20.703735 1047.977829 6476.815186 436.867065 1228.677139 5428.544006 -820.783081 -2518.701401 3786.529961 2338.36792 -2775.582199 5802.895508 1289.624023 -2705.419846 5502.901764 328.102417 -2564.361191 5413.379822 -692.625732 -2242.318649 5405.723724 1558.006592
2385.656548 4478.783112 1910.92041 1610.870171 5439.150543 23.391113 1525.525627 5540.47226 -903.427124 1310.550346 6401.398926 -340.98999 1486.20327 5649.001465 574.092407 -2535.590401 3839.25869 2249.953613 -2805.341072 5905.367126 1315.41626 -3346.260872 5599.831848 521.531372 -3776.232796 5808.31131 -393.920898 -3678.228035 6205.791016 1992.995605
2433.718901 4447.34642 1951.384277 1719.622374 5571.563568 130.090942 1660.313902 5599.303589 -804.365845 1506.140013 6639.080811 -810.843506 1234.975309 6006.17157 241.471558 -2578.055696 3795.896225 2465.256348 -2966.993074 5900.582428 1665.483398 -3569.929171 5743.990326 872.229004 -4200.81357 6233.19458 216.31897 -3908.640718 5989.696045 2212.653809
2458.387251 4431.62262 2054.968872 1776.926374 5693.926239 305.464478 1751.308088 5726.085968 -632.924194 1605.042219 6221.054993 -1551.925049 1122.722502 6009.176636 -254.024048 -2605.993853 3781.817551 2513.75061 -3057.38759 5920.879822 1828.4552 -3651.999407 5865.871887 1012.217407 -4263.913469 6414.364929 381.288452 -3581.575212 6049.052734 960.657349
2465.880594 4455.563202 1983.023071 1756.139383 5938.619385 414.797363 1855.773172 5883.592072 -521.623535 1711.518564 6270.701904 -1496.2146 1262.94282 6127.159729 -443.21106 -2608.84963 3801.547508 2623.28064 -3083.925619 5949.085999 1947.686157 -3878.377523 5956.966858 1314.91394 -4658.844442 6640.32135 1234.485474 -3737.801046 6177.146912 1234.551392
2480.092773 4488.766479 1976.188965 1765.032501 6018.484192 435.670776 1861.260529 5946.000366 -505.614624 1705.334778 6295.024109 -1499.506836 1318.299713 6193.187866 -496.207886 -2604.096222 3809.291573 2700.842285 -3130.486145 5982.260742 2101.862793 -3982.221069 6077.281189 1545.509033 -4749.213562 6784.034119 1633.835449 -3768.904724 6267.111206 1379.378662
2480.256844 4488.917694 1975.321655 1764.851418 6018.299255 434.584351 1860.770607 5945.545654 -506.723633 1704.542274 6294.250183 -1500.696411 1318.096352 6192.868347 -497.489624 -2603.701744 3809.230576 2701.801147 -3130.421867 5982.359314 2103.57605 -3982.505302 6077.733154 1547.792358 -4749.775505 6784.20929 1636.085815 -3770.026665 6268.300781 1382.835083
2480.471201 4488.983765 1974.625244 1764.766703 6018.111572 433.748779 1860.430765 5945.158691 -507.576904 1703.950052 6293.614502 -1501.605225 1317.980356 6192.541809 -498.483887 -2603.257742 3809.131126 2702.851562 -3130.304861 5982.433777 2105.478516 -3982.842398 6078.208313 1550.446777 -4750.192556 6784.551392 1639.200439 -3770.815115 6269.29657 1386.142578
2449.506836 4524.846954 1885.452881 1765.905914 6068.433533 332.923584 1827.560425 5976.764221 -612.852783 1625.892334 6272.687683 -1619.567871 1307.582855 6214.390869 -623.188477 -2601.915894 3812.591095 2826.639404 -3135.230103 6001.583862 2262.524414 -4044.74884 6164.760742 1818.330078 -4881.317139 6741.04187 1551.622314 -3804.174194 6400.074768 1710.306396
2450.436172 4524.620361 1884.974365 1766.20079 6068.461304 332.850952 1827.408524 5977.062683 -613.016357 1625.236588 6273.34198 -1619.568481 1308.532944 6214.575195 -624.376831 -2600.288467 3811.812286 2831.113281 -3134.965134 6001.627808 2271.137695 -4046.635971 6166.656494 1831.97998 -4883.400497 6746.145935 1572.790527 -3807.8936 6403.855286 1726.40625
2450.436172 4524.620361 1884.974365 1766.20079 6068.461304 332.850952 1827.408524 5977.062683 -613.016357 1625.236588 6273.34198 -1619.568481 1308.532944 6214.575195 -624.376831 -2600.288467 3811.812286 2831.113281 -3134.965134 6001.627808 2271.137695 -4046.635971 6166.656494 1831.97998 -4883.400497 6746.145935 1572.790527 -3807.8936 6403.855286 1726.40625
2450.436172 4524.620361 1884.974365 1766.20079 6068.461304 332.850952 1827.408524 5977.062683 -613.016357 1625.236588 6273.34198 -1619.568481 1308.532944 6214.575195 -624.376831 -2600.288467 3811.812286 2831.113281 -3134.965134 6001.627808 2271.137695 -4046.635971 6166.656494 1831.97998 -4883.400497 6746.145935 1572.790527 -3807.8936 6403.855286 1726.40625
2450.436172 4524.620361 1884.974365 1766.20079 6068.461304 332.850952 1827.408524 5977.062683 -613.016357 1625.236588 6273.34198 -1619.568481 1308.532944 6214.575195 -624.376831 -2600.288467 3811.812286 2831.113281 -3134.965134 6001.627808 2271.137695 -4046.635971 6166.656494 1831.97998 -4883.400497 6746.145935 1572.790527 -3807.8936 6403.855286 1726.40625
2450.436172 4524.620361 1884.974365 1766.20079 6068.461304 332.850952 1827.408524 5977.062683 -613.016357 1625.236588 6273.34198 -1619.568481 1308.532944 6214.575195 -624.376831 -2600.288467 3811.812286 2831.113281 -3134.965134 6001.627808 2271.137695 -4046.635971 6166.656494 1831.97998 -4883.400497 6746.145935 1572.790527 -3807.8936 6403.855286 1726.40625
2450.436172 4524.620361 1884.974365 1766.20079 6068.461304 332.850952 1827.408524 5977.062683 -613.016357 1625.236588 6273.34198 -1619.568481 1308.532944 6214.575195 -624.376831 -2600.288467 3811.812286 2831.113281 -3134.965134 6001.627808 2271.137695 -4046.635971 6166.656494 1831.97998 -4883.400497 6746.145935 1572.790527 -3807.8936 6403.855286 1726.40625
2450.436172 4524.620361 1884.974365 1766.20079 6068.461304 332.850952 1827.408524 5977.062683 -613.016357 1625.236588 6273.34198 -1619.568481 1308.532944 6214.575195 -624.376831 -2600.288467 3811.812286 2831.113281 -3134.965134 6001.627808 2271.137695 -4046.635971 6166.656494 1831.97998 -4883.400497 6746.145935 1572.790527 -3807.8936 6403.855286 1726.40625
2450.436172 4524.620361 1884.974365 1766.20079 6068.461304 332.850952 1827.408524 5977.062683 -613.016357 1625.236588 6273.34198 -1619.568481 1308.532944 6214.575195 -624.376831 -2600.288467 3811.812286 2831.113281 -3134.965134 6001.627808 2271.137695 -4046.635971 6166.656494 1831.97998 -4883.400497 6746.145935 1572.790527 -3807.8936 6403.855286 1726.40625
]