raviColor_Cat_under_chair_raviNew101052017 [ 0.66244 0.78372 0.42175 0.8131 0.1165 0.06553 0.10564 0.05942 0.1165 0.06553 0.10564 0.05942 -0.24069 0.02938 -0.24069 0.02938
-0.00597 -0.04417 -0.00343 0.00574 0.13138 0.0739 0.10404 0.05853 0.01488 0.00837 -0.00159 -0.0009 -0.23815 0.07928 0.00254 0.0499
0.00023 -0.00828 0.25331 -0.0536 0.1133 0.06373 0.11708 0.06586 -0.01808 -0.01017 0.01303 0.00733 0.01492 0.03396 0.25308 -0.04532
0.018 0.03956 -0.2759 0.03571 0.12214 0.0687 0.11786 0.0663 0.00884 0.00497 0.00078 0.00044 -0.27897 0.03011 -0.2939 -0.00385
-0.00108 0.00612 0.00229 -0.00172 0.12409 0.0698 0.1197 0.06733 0.00195 0.0011 0.00184 0.00103 -0.27561 0.02227 0.00336 -0.00784
-0.004 -0.00104 -0.00102 0.00454 0.1171 0.06587 0.11837 0.06659 -0.007 -0.00393 -0.00132 -0.00074 -0.27263 0.02786 0.00298 0.00559
0.00071 -0.00119 0.00289 -0.00161 0.11959 0.06727 0.12165 0.06843 0.00249 0.0014 0.00327 0.00184 -0.27045 0.02744 0.00218 -0.00042
-0.00387 -0.00055 0.00719 0.00391 0.10335 0.05813 0.13597 0.07648 -0.01624 -0.00913 0.01433 0.00806 -0.25939 0.0319 0.01106 0.00446
-0.00084 0.00607 0.00281 0.00136 0.10293 0.0579 0.14968 0.08419 -0.00042 -0.00024 0.0137 0.00771 -0.25573 0.02719 0.00366 -0.00471
0.00043 0.0046 0.0019 0.00192 0.10344 0.05818 0.15917 0.08953 0.00051 0.00029 0.00949 0.00534 -0.25426 0.02451 0.00146 -0.00268
-0.001 -0.0012 0.00208 -0.00038 0.10294 0.05791 0.15983 0.08991 -0.00049 -0.00028 0.00067 0.00038 -0.25118 0.02533 0.00309 0.00082
-0.0021 0.00336 0.00143 -0.00096 0.10821 0.06087 0.15915 0.08952 0.00526 0.00296 -0.00068 -0.00038 -0.24765 0.021 0.00353 -0.00433
0.00163 -0.00086 0.00211 -0.00047 0.12585 0.07079 0.16074 0.09042 0.01764 0.00992 0.00159 0.00089 -0.24717 0.02139 0.00048 0.00039
-0.23707 0.03151 0.24901 -0.02864 0.17314 0.09739 0.12164 0.06842 0.04729 0.0266 -0.03909 -0.02199 0.23891 -0.03876 0.48608 -0.06015
0.236 -0.03174 -0.24764 0.02882 0.11059 0.0622 0.13129 0.07385 -0.06256 -0.03519 0.00965 0.00543 -0.24473 0.0218 -0.48364 0.06056
0.00218 0.00132 0.0019 0.00368 0.11278 0.06344 0.14689 0.08263 0.00219 0.00123 0.0156 0.00878 -0.24502 0.02416 -0.00029 0.00236
-0.00079 0.00041 0.00098 -0.00092 0.12301 0.0692 0.15207 0.08554 0.01024 0.00576 0.00518 0.00291 -0.24325 0.02283 0.00177 -0.00133
0.00016 -0.00166 0.00125 -0.00054 0.13416 0.07546 0.15661 0.08809 0.01114 0.00627 0.00454 0.00255 -0.24216 0.02395 0.00109 0.00112
-0.00057 6e-05 0.00073 -0.00046 0.14183 0.07978 0.15899 0.08943 0.00767 0.00431 0.00238 0.00134 -0.24086 0.02343 0.0013 -0.00052
0.0005 0.00078 0.00099 0.00035 0.14646 0.08239 0.1591 0.08949 0.00464 0.00261 0.00011 6e-05 -0.24038 0.023 0.00048 -0.00043
-0.00039 -0.00087 0.00028 -0.00131 0.14391 0.08095 0.15871 0.08928 -0.00256 -0.00144 -0.00038 -0.00022 -0.23971 0.02255 0.00067 -0.00044
0.00074 0.00012 0.00017 0.0004 0.14613 0.0822 0.15997 0.08998 0.00223 0.00125 0.00126 0.00071 -0.24028 0.02284 -0.00057 0.00029
0.00036 0.00061 0.00037 -0.0012 0.14669 0.08251 0.16003 0.09002 0.00055 0.00031 6e-05 3e-05 -0.24026 0.02103 1e-05 -0.00181
-0.00103 -0.0004 0.00022 0.00259 0.1481 0.08331 0.15972 0.08984 0.00141 0.00079 -0.00032 -0.00018 -0.23901 0.02403 0.00125 0.003
-0.236 0.03403 0.00156 -0.0086 0.16579 0.09326 0.10862 0.0611 0.01769 0.00995 -0.0511 -0.02874 -0.00145 -0.0186 0.23756 -0.04263
0.00021 -0.00019 -0.00629 0.01684 0.16414 0.09233 0.10714 0.06026 -0.00165 -0.00093 -0.00148 -0.00083 -0.00795 -0.00158 -0.0065 0.01703
-0.00243 0.00337 0.00552 0.00495 0.13411 0.07544 0.13411 0.07544 -0.03003 -0.01689 0.02697 0.01517 0.0 0.0 0.00795 0.00158
-0.00675 0.00296 0.18101 -0.32322 0.10948 0.06158 0.13452 0.07567 -0.02463 -0.01385 0.00041 0.00023 0.18776 -0.32618 0.18776 -0.32618
-0.00282 -0.00681 0.00228 -0.02505 0.10025 0.05639 0.1025 0.05765 -0.00923 -0.00519 -0.03202 -0.01802 0.19286 -0.34442 0.0051 -0.01824
0.00139 -0.00419 -0.03371 -0.04081 0.10123 0.05694 0.10995 0.06185 0.00098 0.00055 0.00745 0.00419 0.15776 -0.38105 -0.0351 -0.03662
0.00654 -0.02328 -0.15122 0.35776 0.09938 0.0559 0.09938 0.0559 -0.00186 -0.00104 -0.01058 -0.00595 0.0 0.0 -0.15776 0.38105
0.23707 -0.00966 -0.0021 0.01974 0.11723 0.06594 0.10476 0.05893 0.01785 0.01004 0.00539 0.00303 -0.23916 0.0294 -0.23916 0.0294
-0.2462 0.02501 0.11968 -0.40893 0.10266 0.05775 0.16009 0.09005 -0.01457 -0.00819 0.05532 0.03112 0.12672 -0.40453 0.36588 -0.43394
0.10692 -0.43084 -0.12775 0.40606 0.16819 0.09461 0.1129 0.06351 0.06553 0.03686 -0.04718 -0.02654 -0.10795 0.43236 -0.23467 0.8369
-0.10725 0.42992 0.10881 -0.4635 0.10167 0.05719 0.14002 0.07876 -0.06652 -0.03742 0.02711 0.01525 0.1081 -0.46105 0.21605 -0.89342
0.00153 0.00139 0.00337 -0.0252 0.10187 0.05731 0.14559 0.0819 0.00021 0.00012 0.00558 0.00314 0.10994 -0.48764 0.00184 -0.02659
0.00538 -0.0156 -0.10456 0.47205 0.09978 0.05612 0.09978 0.05612 -0.0021 -0.00118 -0.04582 -0.02577 0.0 0.0 -0.10994 0.48764
-0.00727 0.02097 0.11791 -0.50238 0.10069 0.05664 0.11515 0.06477 0.00091 0.00051 0.01537 0.00865 0.12518 -0.52335 0.12518 -0.52335
-0.00011 -0.00816 0.01029 -0.00362 0.1023 0.05754 0.09764 0.05493 0.00161 0.00091 -0.0175 -0.00984 0.13558 -0.51881 0.01039 0.00454
-0.00039 0.00238 -0.00124 0.01564 0.10154 0.05711 0.10658 0.05995 -0.00077 -0.00043 0.00893 0.00502 0.13472 -0.50555 -0.00085 0.01326
-0.00088 0.00869 9e-05 0.01874 0.10245 0.05763 0.10322 0.05806 0.00091 0.00051 -0.00335 -0.00189 0.1357 -0.4955 0.00097 0.01006
0.00158 0.0062 -0.0023 0.01409 0.10315 0.05802 0.10041 0.05648 0.00071 0.0004 -0.00281 -0.00158 0.13181 -0.48761 -0.00388 0.00789
0.24679 -0.03969 -0.12493 0.47928 0.11878 0.06682 0.1078 0.06064 0.01563 0.00879 0.00739 0.00416 -0.23991 0.03136 -0.37172 0.51897
-0.24666 0.03592 0.13294 -0.47212 0.1064 0.05985 0.09802 0.05514 -0.01238 -0.00696 -0.00978 -0.0055 0.13969 -0.47668 0.3796 -0.50804
-0.00261 -0.003 0.0004 0.01456 0.10883 0.06122 0.10854 0.06105 0.00242 0.00136 0.01052 0.00592 0.1427 -0.45912 0.00301 0.01756
-0.00198 0.0005 0.00147 0.01614 0.11242 0.06323 0.09498 0.05343 0.00359 0.00202 -0.01356 -0.00763 0.14616 -0.44347 0.00346 0.01565
-0.00296 -0.00665 -0.00738 0.01056 0.11737 0.06602 0.10544 0.05931 0.00495 0.00278 0.01046 0.00588 0.14174 -0.42627 -0.00442 0.01721
-0.00408 -0.00236 0.01114 0.00383 0.1227 0.06902 0.11973 0.06735 0.00533 0.003 0.01429 0.00804 0.15695 -0.42008 0.01522 0.00619
0.00652 -0.0025 0.0042 0.01294 0.14454 0.08131 0.10365 0.0583 0.02185 0.01229 -0.01608 -0.00904 0.15464 -0.40464 -0.00231 0.01544
0.17054 -0.39546 -0.16727 0.39361 0.11012 0.06194 0.12642 0.07111 -0.03443 -0.01937 0.02277 0.01281 -0.18317 0.38443 -0.33781 0.78908
-0.00525 0.00728 0.00924 -0.00527 0.12239 0.06884 0.14291 0.08039 0.01227 0.0069 0.01649 0.00928 -0.16869 0.37189 0.01449 -0.01254
0.00301 0.00824 -0.00044 -0.01404 0.13026 0.07327 0.15466 0.08699 0.00787 0.00443 0.01175 0.00661 -0.17214 0.34961 -0.00345 -0.02228
-0.16468 0.2692 0.17795 -0.26056 0.11256 0.06332 0.09728 0.05472 -0.0177 -0.00996 -0.05738 -0.03227 0.17049 -0.18016 0.34263 -0.52976
0.24887 0.08783 -0.16249 0.30088 0.11851 0.06666 0.10426 0.05865 0.00595 0.00334 0.00698 0.00393 -0.24087 0.0329 -0.41135 0.21305
-0.2318 0.03643 0.17702 -0.27414 0.13385 0.07529 0.10646 0.05989 0.01534 0.00863 0.0022 0.00124 0.16796 -0.27768 0.40883 -0.31058
0.17712 -0.26374 -0.16299 0.08264 0.11464 0.06448 0.10579 0.05951 -0.01921 -0.01081 -0.00067 -0.00038 -0.17215 0.0687 -0.34011 0.34638
-0.01724 -0.00126 0.00911 -0.04321 0.12823 0.07213 0.09274 0.05217 0.01359 0.00765 -0.01305 -0.00734 -0.14579 0.02675 0.02636 -0.04195
-0.00288 0.00088 -0.03618 -0.00601 0.12653 0.07117 0.11845 0.06663 -0.0017 -0.00096 0.0257 0.01446 -0.1791 0.01987 -0.03331 -0.00689
-0.00054 -0.00051 0.04293 -0.04939 0.12324 0.06932 0.08375 0.04711 -0.00329 -0.00185 -0.03469 -0.01952 -0.13562 -0.02901 0.04347 -0.04888
-0.17352 0.00297 -0.02273 0.01816 0.12294 0.06915 0.09866 0.0555 -0.0003 -0.00017 0.0149 0.00838 0.01518 -0.01383 0.1508 0.01519
0.00873 -0.01065 0.17202 0.01893 0.12295 0.06916 0.12874 0.07241 1e-05 0.0 0.03008 0.01692 0.17847 0.01576 0.16329 0.02958
-0.00495 -0.00511 -0.00238 -0.00673 0.14084 0.07922 0.13354 0.07512 0.01789 0.01007 0.00481 0.0027 0.18103 0.01413 0.00257 -0.00163
0.07914 -0.05637 -0.024 -0.01231 0.09022 0.05075 0.13119 0.07379 -0.05062 -0.02847 -0.00235 -0.00132 0.0779 0.05819 -0.10314 0.04406
0.01032 0.00916 0.00299 -0.0033 0.10044 0.0565 0.13513 0.07601 0.01022 0.00575 0.00394 0.00221 0.07056 0.04573 -0.00734 -0.01246
0.158 0.28752 -0.15532 0.27346 0.11729 0.06597 0.10557 0.05938 0.01685 0.00948 -0.02956 -0.01663 -0.24276 0.03167 -0.31332 -0.01406
-0.23567 0.03702 0.07858 -0.32696 0.13767 0.07744 0.08776 0.04936 0.02038 0.01146 -0.01781 -0.01002 0.07149 -0.33231 0.31425 -0.36398
0.08026 -0.33483 0.09309 0.04818 0.10029 0.05641 0.10999 0.06187 -0.03738 -0.02103 0.02224 0.01251 0.08431 0.05071 0.01283 0.38301
0.00544 0.0002 0.01431 0.00715 0.11164 0.0628 0.1266 0.07121 0.01136 0.00639 0.0166 0.00934 0.09319 0.05765 0.00887 0.00695
0.00038 0.00735 0.00477 0.00531 0.09823 0.05525 0.10655 0.05993 -0.01342 -0.00755 -0.02005 -0.01128 0.09758 0.0556 0.0044 -0.00205
-0.00758 -0.00121 -0.00171 -0.00253 0.08925 0.0502 0.10274 0.05779 -0.00898 -0.00505 -0.00381 -0.00214 0.10345 0.05429 0.00586 -0.00132
0.09917 0.06173 -0.10086 -0.05243 0.12089 0.068 0.0861 0.04843 0.03164 0.0178 -0.01665 -0.00936 -0.09658 -0.05988 -0.20002 -0.11416
-0.09452 -0.05471 0.09173 0.06491 0.09568 0.05382 0.11942 0.06717 -0.0252 -0.01418 0.03332 0.01874 0.08968 0.05974 0.18626 0.11961
-0.00286 -0.00872 -0.17795 -0.02577 0.09548 0.05371 0.14019 0.07886 -0.0002 -0.00011 0.02077 0.01168 -0.08541 0.04268 -0.17509 -0.01705
0.01124 0.00051 0.16866 0.00911 0.10201 0.05738 0.13267 0.07462 0.00653 0.00367 -0.00752 -0.00423 0.07201 0.05128 0.15742 0.00859
0.0782 0.07032 -0.07597 -0.04945 0.14046 0.07901 0.09668 0.05439 0.03844 0.02162 -0.03598 -0.02024 -0.08216 -0.06849 -0.15417 -0.11977
0.06884 0.22095 -0.09482 0.31935 0.1181 0.06643 0.10366 0.05831 -0.02235 -0.01257 0.00697 0.00392 -0.24581 0.02992 -0.16365 0.09841
-0.06772 -0.2223 0.08806 -0.32021 0.13496 0.07591 0.08631 0.04855 0.01685 0.00948 -0.01734 -0.00976 -0.09003 -0.06799 0.15578 -0.09791
0.00512 -0.00023 0.00401 0.00716 0.13476 0.0758 0.09125 0.05133 -0.0002 -0.00011 0.00494 0.00278 -0.09114 -0.06061 -0.00111 0.00739
0.00232 0.00639 0.01381 0.00232 0.1301 0.07318 0.10391 0.05845 -0.00466 -0.00262 0.01266 0.00712 -0.07964 -0.06468 0.0115 -0.00407
-0.08516 -0.06041 0.06944 0.04851 0.10475 0.05892 0.11825 0.06651 -0.02535 -0.01426 0.01434 0.00807 0.07496 0.04425 0.1546 0.10893
0.06853 0.04082 -0.02316 0.03046 0.11633 0.06543 0.08654 0.04868 0.01158 0.00651 -0.0317 -0.01783 -0.01673 0.03388 -0.09169 -0.01036
-0.03301 0.01202 -0.01628 -0.02186 0.1017 0.05721 0.1017 0.05721 -0.01463 -0.00823 0.01516 0.00852 0.0 0.0 0.01673 -0.03388
0.05082 0.00455 -0.0569 -0.03748 0.12023 0.06763 0.08504 0.04783 0.01853 0.01042 -0.01666 -0.00937 -0.10772 -0.04203 -0.10772 -0.04203
0.00095 0.01347 -0.0632 0.02492 0.11543 0.06493 0.10323 0.05807 -0.0048 -0.0027 0.01819 0.01023 -0.17187 -0.03058 -0.06415 0.01146
-0.04217 -0.07021 0.11395 -0.05795 0.0994 0.05591 0.09259 0.05208 -0.01603 -0.00902 -0.01064 -0.00598 -0.01574 -0.01832 0.15613 0.01225
-0.00882 -0.0189 -0.05669 0.05738 0.10094 0.05678 0.08555 0.04812 0.00154 0.00087 -0.00704 -0.00396 -0.06362 0.05796 -0.04787 0.07628
0.10074 0.29327 -0.0741 0.26887 0.11922 0.06706 0.10575 0.05949 0.01829 0.01029 0.0202 0.01136 -0.23846 0.03356 -0.17485 -0.0244
-0.23048 0.03814 0.13924 -0.3388 0.13589 0.07644 0.10851 0.06103 0.01666 0.00937 0.00276 0.00155 0.13126 -0.34339 0.36972 -0.37694
0.13151 -0.34014 -0.04323 0.05325 0.11308 0.06361 0.10842 0.06099 -0.02281 -0.01283 -8e-05 -5e-05 -0.04347 0.05 -0.17473 0.39339
-0.00231 0.00926 0.00311 -0.00532 0.10483 0.05897 0.10098 0.0568 -0.00825 -0.00464 -0.00745 -0.00419 -0.03805 0.03542 0.00542 -0.01458
-0.01424 -0.00032 0.00207 -0.0312 0.09604 0.05402 0.09495 0.05341 -0.00879 -0.00494 -0.00603 -0.00339 -0.02175 0.00454 0.01631 -0.03088
-0.03262 -0.00211 -0.01087 -0.00665 0.09648 0.05427 0.09648 0.05427 0.00044 0.00025 0.00152 0.00086 0.0 0.0 0.02175 -0.00454
0.09147 0.08454 -0.07447 0.05919 0.14273 0.08029 0.11335 0.06376 0.04626 0.02602 0.01687 0.00949 -0.16594 -0.02535 -0.16594 -0.02535
-0.09996 -0.04219 0.16447 0.02941 0.0861 0.04843 0.14473 0.08141 -0.05663 -0.03185 0.03138 0.01765 0.09849 0.04626 0.26442 0.0716
-0.00246 0.00601 -0.10094 -0.04025 0.08272 0.04653 0.08272 0.04653 -0.00338 -0.0019 -0.062 -0.03488 0.0 0.0 -0.09849 -0.04626
0.01236 -0.06207 -0.00903 -0.01964 0.09896 0.05567 0.07674 0.04316 0.01624 0.00914 -0.00599 -0.00337 -0.02139 0.04243 -0.02139 0.04243
0.01253 0.01795 0.03392 -0.02447 0.08999 0.05062 0.08999 0.05062 -0.00898 -0.00505 0.01325 0.00745 0.0 0.0 0.02139 -0.04243
0.13621 0.28109 -0.10492 0.32318 0.12412 0.06982 0.10385 0.05842 0.03414 0.0192 0.01387 0.0078 -0.24114 0.04208 -0.24114 0.04208
-0.23275 0.0479 0.07696 -0.31017 0.13424 0.07551 0.08661 0.04872 0.01012 0.00569 -0.01724 -0.0097 0.06858 -0.316 0.30971 -0.35808
0.07022 -0.29942 0.00165 0.01658 0.08204 0.04615 0.08204 0.04615 -0.0522 -0.02936 -0.00457 -0.00257 0.0 0.0 -0.06858 0.316
-0.07424 0.03793 -0.02241 0.02468 0.14871 0.08365 0.10577 0.05949 0.06667 0.0375 0.02372 0.01334 0.05184 -0.01325 0.05184 -0.01325
0.07209 0.00161 0.02025 0.01487 0.10623 0.05976 0.10623 0.05976 -0.04248 -0.02389 0.00046 0.00026 0.0 0.0 -0.05184 0.01325
-0.00538 -0.01751 0.11013 0.00922 0.08372 0.04709 0.1363 0.07667 -0.02251 -0.01266 0.03007 0.01691 0.11551 0.02673 0.11551 0.02673
-0.06895 0.02296 -0.00294 -0.01262 0.13218 0.07435 0.12401 0.06976 0.04846 0.02726 -0.01229 -0.00691 0.18152 -0.00885 0.06601 -0.03559
-0.0058 0.01051 0.00694 0.01719 0.1433 0.0806 0.13347 0.07508 0.01112 0.00625 0.00946 0.00532 0.19426 -0.00217 0.01275 0.00668
0.0037 0.00617 -0.19056 0.00833 0.13339 0.07503 0.13339 0.07503 -0.00991 -0.00557 -8e-05 -4e-05 0.0 0.0 -0.19426 0.00217
0.18375 0.00618 0.04414 0.0132 0.13573 0.07635 0.08715 0.04902 0.00234 0.00131 -0.04624 -0.02601 -0.13962 0.00701 -0.13962 0.00701
-0.00072 -0.0022 -0.04064 0.00098 0.12359 0.06952 0.11529 0.06485 -0.01214 -0.00683 0.02814 0.01583 -0.17953 0.01019 -0.03992 0.00318
0.05573 0.1769 -0.00346 0.22318 0.12659 0.07121 0.10522 0.05918 0.00301 0.00169 -0.01008 -0.00567 -0.23872 0.05647 -0.05919 0.04628
-0.22945 0.06028 0.18405 -0.23342 0.13273 0.07466 0.1256 0.07065 0.00614 0.00345 0.02038 0.01146 0.17477 -0.23723 0.4135 -0.2937
0.17379 -0.21354 -0.13892 0.05352 0.10611 0.05969 0.10163 0.05717 -0.02662 -0.01497 -0.02396 -0.01348 -0.13794 0.02984 -0.31271 0.26706
0.00914 0.03266 -0.01029 0.02472 0.12756 0.07175 0.10329 0.0581 0.02145 0.01207 0.00166 0.00093 -0.15737 0.0219 -0.01944 -0.00793
0.01761 0.02908 -0.02201 0.01277 0.12662 0.07122 0.1032 0.05805 -0.00094 -0.00053 -9e-05 -5e-05 -0.19699 0.0056 -0.03962 -0.01631
0.01236 0.01894 -0.01541 0.01406 0.12599 0.07087 0.11185 0.06292 -0.00063 -0.00035 0.00865 0.00487 -0.22476 0.00071 -0.02777 -0.00488
-0.23368 0.04169 0.24195 0.01755 0.11178 0.06288 0.12601 0.07088 -0.01421 -0.00799 0.01415 0.00796 0.25087 -0.02343 0.47563 -0.02414
-0.00559 0.01301 0.00318 0.01818 0.11052 0.06217 0.12436 0.06995 -0.00126 -0.00071 -0.00164 -0.00092 0.25964 -0.01826 0.00877 0.00517
-0.00343 0.00767 0.00715 0.01818 0.11653 0.06555 0.12275 0.06905 0.00601 0.00338 -0.00162 -0.00091 0.27022 -0.00774 0.01058 0.01052
-0.00343 0.02708 0.00164 0.00601 0.11414 0.0642 0.12133 0.06825 -0.00239 -0.00134 -0.00142 -0.0008 0.27529 -0.02881 0.00507 -0.02107
-0.00104 0.0148 0.00267 0.00841 0.11981 0.06739 0.12439 0.06997 0.00567 0.00319 0.00307 0.00173 0.279 -0.0352 0.00371 -0.00639
]