Naoki.a_m.686 [ 2.842170943040401e-14 0.3106095777566308 0.3289604118090246 0.4008116565498566 0.4193012834822054 0.4773342625735959 0.4096823902617258 0.41287002011882606 0.4303084660050271 0.5063242566942401 0.4957288971962919 0.48004610469898673 0.45623937170650924 0.4302745992648502 0.47502878381140284 0.4772353985124652
2.842170943040401e-14 0.3106095777566308 0.3289604118090246 0.4008116565498566 0.4193012834822054 0.4773342625735959 0.4096823902617258 0.41287002011882606 0.4303084660050271 0.5063242566942401 0.4957288971962919 0.48004610469898673 0.45623937170650924 0.4302745992648502 0.47502878381140284 0.4772353985124652
2.842170943040401e-14 0.3106095777566308 0.3289604118090246 0.4008116565498566 0.4193012834822054 0.4773342625735959 0.4096823902617258 0.41287002011882606 0.4303084660050271 0.5063242566942401 0.4957288971962919 0.48004610469898673 0.45623937170650924 0.4302745992648502 0.47502878381140284 0.4772353985124652
2.842170943040401e-14 0.3106095777566308 0.3289604118090246 0.4008116565498566 0.4193012834822054 0.4773342625735959 0.4096823902617258 0.41287002011882606 0.4303084660050271 0.5063242566942401 0.4957288971962919 0.48004610469898673 0.45623937170650924 0.4302745992648502 0.47502878381140284 0.4772353985124652
2.842170943040401e-14 0.3106095777566308 0.3289604118090246 0.4008116565498566 0.4193012834822054 0.4773342625735959 0.4096823902617258 0.41287002011882606 0.4303084660050271 0.5063242566942401 0.4957288971962919 0.48004610469898673 0.45623937170650924 0.4302745992648502 0.47502878381140284 0.4772353985124652
2.842170943040401e-14 0.3106095777566308 0.3289604118090246 0.4008116565498566 0.4193012834822054 0.4773342625735959 0.4096823902617258 0.41287002011882606 0.4303084660050271 0.5063242566942401 0.4957288971962919 0.48004610469898673 0.45623937170650924 0.4302745992648502 0.47502878381140284 0.4772353985124652
2.842170943040401e-14 0.3106095777566308 0.3289604118090246 0.4008116565498566 0.4193012834822054 0.4773342625735959 0.4096823902617258 0.41287002011882606 0.4303084660050271 0.5063242566942401 0.4957288971962919 0.48004610469898673 0.45623937170650924 0.4302745992648502 0.47502878381140284 0.4772353985124652
2.842170943040401e-14 0.3106095777566308 0.3289604118090246 0.4008116565498566 0.4193012834822054 0.4773342625735959 0.4096823902617258 0.41287002011882606 0.4303084660050271 0.5063242566942401 0.4957288971962919 0.48004610469898673 0.45623937170650924 0.4302745992648502 0.47502878381140284 0.4772353985124652
2.842170943040401e-14 0.3106095777566308 0.3289604118090246 0.4008116565498566 0.4193012834822054 0.4773342625735959 0.4096823902617258 0.41287002011882606 0.4303084660050271 0.5063242566942401 0.4957288971962919 0.48004610469898673 0.45623937170650924 0.4302745992648502 0.47502878381140284 0.4772353985124652
2.842170943040401e-14 0.3106095777566308 0.3289604118090246 0.4008116565498566 0.4193012834822054 0.4773342625735959 0.4096823902617258 0.41287002011882606 0.4303084660050271 0.5063242566942401 0.4957288971962919 0.48004610469898673 0.45623937170650924 0.4302745992648502 0.47502878381140284 0.4772353985124652
2.842170943040401e-14 0.3106095777566308 0.3289604118090246 0.4008116565498566 0.4193012834822054 0.4773342625735959 0.4096823902617258 0.41287002011882606 0.4303084660050271 0.5063242566942401 0.4957288971962919 0.48004610469898673 0.45623937170650924 0.4302745992648502 0.47502878381140284 0.4772353985124652
2.842170943040401e-14 0.3106095777566308 0.3289604118090246 0.4008116565498566 0.4193012834822054 0.4773342625735959 0.4096823902617258 0.41287002011882606 0.4303084660050271 0.5063242566942401 0.4957288971962919 0.48004610469898673 0.45623937170650924 0.4302745992648502 0.47502878381140284 0.4772353985124652
2.842170943040401e-14 0.3106095777566308 0.3289604118090246 0.4008116565498566 0.4193012834822054 0.4773342625735959 0.4096823902617258 0.41287002011882606 0.4303084660050271 0.5063242566942401 0.4957288971962919 0.48004610469898673 0.45623937170650924 0.4302745992648502 0.47502878381140284 0.4772353985124652
2.842170943040401e-14 0.3106095777566308 0.3289604118090246 0.4008116565498566 0.4193012834822054 0.4773342625735959 0.4096823902617258 0.41287002011882606 0.4303084660050271 0.5063242566942401 0.4957288971962919 0.48004610469898673 0.45623937170650924 0.4302745992648502 0.47502878381140284 0.4772353985124652
2.842170943040401e-14 0.3106095777566308 0.3289604118090246 0.4008116565498566 0.4193012834822054 0.4773342625735959 0.4096823902617258 0.41287002011882606 0.4303084660050271 0.5063242566942401 0.4957288971962919 0.48004610469898673 0.45623937170650924 0.4302745992648502 0.47502878381140284 0.4772353985124652
2.842170943040401e-14 0.3106095777566308 0.3289604118090246 0.4008116565498566 0.4193012834822054 0.4773342625735959 0.4096823902617258 0.41287002011882606 0.4303084660050271 0.5063242566942401 0.4957288971962919 0.48004610469898673 0.45623937170650924 0.4302745992648502 0.47502878381140284 0.4772353985124652
2.842170943040401e-14 0.3106095777566308 0.3289604118090246 0.4008116565498566 0.4193012834822054 0.4773342625735959 0.4096823902617258 0.41287002011882606 0.4303084660050271 0.5063242566942401 0.4957288971962919 0.48004610469898673 0.45623937170650924 0.4302745992648502 0.47502878381140284 0.4772353985124652
2.842170943040401e-14 0.3106095777566308 0.3289604118090246 0.4008116565498566 0.4193012834822054 0.4773342625735959 0.4096823902617258 0.41287002011882606 0.4303084660050271 0.5063242566942401 0.4957288971962919 0.48004610469898673 0.45623937170650924 0.4302745992648502 0.47502878381140284 0.4772353985124652
2.842170943040401e-14 0.3106095777566308 0.3289604118090246 0.4008116565498566 0.4193012834822054 0.4773342625735959 0.4096823902617258 0.41287002011882606 0.4303084660050271 0.5063242566942401 0.4957288971962919 0.48004610469898673 0.45623937170650924 0.4302745992648502 0.47502878381140284 0.4772353985124652
2.842170943040401e-14 0.3106095777566308 0.3289604118090246 0.4008116565498566 0.4193012834822054 0.4773342625735959 0.4096823902617258 0.41287002011882606 0.4303084660050271 0.5063242566942401 0.4957288971962919 0.48004610469898673 0.45623937170650924 0.4302745992648502 0.47502878381140284 0.4772353985124652
2.842170943040401e-14 0.3106095777566308 0.3289604118090246 0.4008116565498566 0.4193012834822054 0.4773342625735959 0.4096823902617258 0.41287002011882606 0.4303084660050271 0.5063242566942401 0.4957288971962919 0.48004610469898673 0.45623937170650924 0.4302745992648502 0.47502878381140284 0.4772353985124652
2.842170943040401e-14 0.3106095777566308 0.3289604118090246 0.4008116565498566 0.4193012834822054 0.4773342625735959 0.4096823902617258 0.41287002011882606 0.4303084660050271 0.5063242566942401 0.4957288971962919 0.48004610469898673 0.45623937170650924 0.4302745992648502 0.47502878381140284 0.4772353985124652
2.842170943040401e-14 0.3106095777566308 0.3289604118090246 0.4008116565498566 0.4193012834822054 0.4773342625735959 0.4096823902617258 0.41287002011882606 0.4303084660050271 0.5063242566942401 0.4957288971962919 0.48004610469898673 0.45623937170650924 0.4302745992648502 0.47502878381140284 0.4772353985124652
2.842170943040401e-14 0.3106095777566308 0.3289604118090246 0.4008116565498566 0.4193012834822054 0.4773342625735959 0.4096823902617258 0.41287002011882606 0.4303084660050271 0.5063242566942401 0.4957288971962919 0.48004610469898673 0.45623937170650924 0.4302745992648502 0.47502878381140284 0.4772353985124652
2.842170943040401e-14 0.3106095777566308 0.3289604118090246 0.4008116565498566 0.4193012834822054 0.4773342625735959 0.4096823902617258 0.41287002011882606 0.4303084660050271 0.5063242566942401 0.4957288971962919 0.48004610469898673 0.45623937170650924 0.4302745992648502 0.47502878381140284 0.4772353985124652
2.842170943040401e-14 0.3106095777566308 0.3289604118090246 0.4008116565498566 0.4193012834822054 0.4773342625735959 0.4096823902617258 0.41287002011882606 0.4303084660050271 0.5063242566942401 0.4957288971962919 0.48004610469898673 0.45623937170650924 0.4302745992648502 0.47502878381140284 0.4772353985124652
2.842170943040401e-14 0.3106095777566308 0.3289604118090246 0.4008116565498566 0.4193012834822054 0.4773342625735959 0.4096823902617258 0.41287002011882606 0.4303084660050271 0.5063242566942401 0.4957288971962919 0.48004610469898673 0.45623937170650924 0.4302745992648502 0.47502878381140284 0.4772353985124652
2.842170943040401e-14 0.3106095777566308 0.3289604118090246 0.4008116565498566 0.4193012834822054 0.4773342625735959 0.4096823902617258 0.41287002011882606 0.4303084660050271 0.5063242566942401 0.4957288971962919 0.48004610469898673 0.45623937170650924 0.4302745992648502 0.47502878381140284 0.4772353985124652
2.842170943040401e-14 0.3106095777566308 0.3289604118090246 0.4008116565498566 0.4193012834822054 0.4773342625735959 0.4096823902617258 0.41287002011882606 0.4303084660050271 0.5063242566942401 0.4957288971962919 0.48004610469898673 0.45623937170650924 0.4302745992648502 0.47502878381140284 0.4772353985124652
2.842170943040401e-14 0.3106095777566308 0.3289604118090246 0.4008116565498566 0.4193012834822054 0.4773342625735959 0.4096823902617258 0.41287002011882606 0.4303084660050271 0.5063242566942401 0.4957288971962919 0.48004610469898673 0.45623937170650924 0.4302745992648502 0.47502878381140284 0.4772353985124652
2.842170943040401e-14 0.3106095777566308 0.3289604118090246 0.4008116565498566 0.4193012834822054 0.4773342625735959 0.4096823902617258 0.41287002011882606 0.4303084660050271 0.5063242566942401 0.4957288971962919 0.48004610469898673 0.45623937170650924 0.4302745992648502 0.47502878381140284 0.4772353985124652
2.842170943040401e-14 0.3106095777566308 0.3289604118090246 0.4008116565498566 0.4193012834822054 0.4773342625735959 0.4096823902617258 0.41287002011882606 0.4303084660050271 0.5063242566942401 0.4957288971962919 0.48004610469898673 0.45623937170650924 0.4302745992648502 0.47502878381140284 0.4772353985124652
2.842170943040401e-14 0.3106095777566308 0.3289604118090246 0.4008116565498566 0.4193012834822054 0.4773342625735959 0.4096823902617258 0.41287002011882606 0.4303084660050271 0.5063242566942401 0.4957288971962919 0.48004610469898673 0.45623937170650924 0.4302745992648502 0.47502878381140284 0.4772353985124652
2.842170943040401e-14 0.3106095777566308 0.3289604118090246 0.4008116565498566 0.4193012834822054 0.4773342625735959 0.4096823902617258 0.41287002011882606 0.4303084660050271 0.5063242566942401 0.4957288971962919 0.48004610469898673 0.45623937170650924 0.4302745992648502 0.47502878381140284 0.4772353985124652
2.842170943040401e-14 0.3106095777566308 0.3289604118090246 0.4008116565498566 0.4193012834822054 0.4773342625735959 0.4096823902617258 0.41287002011882606 0.4303084660050271 0.5063242566942401 0.4957288971962919 0.48004610469898673 0.45623937170650924 0.4302745992648502 0.47502878381140284 0.4772353985124652
2.842170943040401e-14 0.3106095777566308 0.3289604118090246 0.4008116565498566 0.4193012834822054 0.4773342625735959 0.4096823902617258 0.41287002011882606 0.4303084660050271 0.5063242566942401 0.4957288971962919 0.48004610469898673 0.45623937170650924 0.4302745992648502 0.47502878381140284 0.4772353985124652
2.842170943040401e-14 0.3106095777566308 0.3289604118090246 0.4008116565498566 0.4193012834822054 0.4773342625735959 0.4096823902617258 0.41287002011882606 0.4303084660050271 0.5063242566942401 0.4957288971962919 0.48004610469898673 0.45623937170650924 0.4302745992648502 0.47502878381140284 0.4772353985124652
2.842170943040401e-14 0.3106095777566308 0.3289604118090246 0.4008116565498566 0.4193012834822054 0.4773342625735959 0.4096823902617258 0.41287002011882606 0.4303084660050271 0.5063242566942401 0.4957288971962919 0.48004610469898673 0.45623937170650924 0.4302745992648502 0.47502878381140284 0.4772353985124652
2.842170943040401e-14 0.3106095777566308 0.3289604118090246 0.4008116565498566 0.4193012834822054 0.4773342625735959 0.4096823902617258 0.41287002011882606 0.4303084660050271 0.5063242566942401 0.4957288971962919 0.48004610469898673 0.45623937170650924 0.4302745992648502 0.47502878381140284 0.4772353985124652
0.015991071322145833 0.340211377090197 0.31757438988060255 0.4408773958901553 0.44891109408169627 0.45205861089119537 0.4117806645761086 0.41416186307158454 0.4140462470162004 0.4719514762231561 0.5017104361151815 0.4541016319454992 0.44697119693373516 0.4580483833473085 0.49251352673103216 0.4698608265722047
0.015991071322145833 0.340211377090197 0.31757438988060255 0.4408773958901553 0.44891109408169627 0.45205861089119537 0.4117806645761086 0.41416186307158454 0.4140462470162004 0.4719514762231561 0.5017104361151815 0.4541016319454992 0.44697119693373516 0.4580483833473085 0.49251352673103216 0.4698608265722047
0.015991071322145833 0.340211377090197 0.31757438988060255 0.4408773958901553 0.44891109408169627 0.45205861089119537 0.4117806645761086 0.41416186307158454 0.4140462470162004 0.4719514762231561 0.5017104361151815 0.4541016319454992 0.44697119693373516 0.4580483833473085 0.49251352673103216 0.4698608265722047
0.015991071322145833 0.340211377090197 0.31757438988060255 0.4408773958901553 0.44891109408169627 0.45205861089119537 0.4117806645761086 0.41416186307158454 0.4140462470162004 0.4719514762231561 0.5017104361151815 0.4541016319454992 0.44697119693373516 0.4580483833473085 0.49251352673103216 0.4698608265722047
0.015991071322145833 0.340211377090197 0.31757438988060255 0.4408773958901553 0.44891109408169627 0.45205861089119537 0.4117806645761086 0.41416186307158454 0.4140462470162004 0.4719514762231561 0.5017104361151815 0.4541016319454992 0.44697119693373516 0.4580483833473085 0.49251352673103216 0.4698608265722047
0.015991071322145833 0.340211377090197 0.31757438988060255 0.4408773958901553 0.44891109408169627 0.45205861089119537 0.4117806645761086 0.41416186307158454 0.4140462470162004 0.4719514762231561 0.5017104361151815 0.4541016319454992 0.44697119693373516 0.4580483833473085 0.49251352673103216 0.4698608265722047
0.04941971684063268 0.39767138092578835 0.29549912930324435 0.5061326677405397 0.4872409220828191 0.41539458568259136 0.4111159266008301 0.421927941190598 0.41144305817900556 0.4434821791392743 0.5099607374737978 0.411403164743372 0.46584447574731197 0.4558241891695295 0.5136189961751062 0.4828244157815952
0.04941971684063268 0.39767138092578835 0.29549912930324435 0.5061326677405397 0.4872409220828191 0.41539458568259136 0.4111159266008301 0.421927941190598 0.41144305817900556 0.4434821791392743 0.5099607374737978 0.411403164743372 0.46584447574731197 0.4558241891695295 0.5136189961751062 0.4828244157815952
0.06669806399173367 0.4249490180421825 0.285269680741703 0.5307420861031418 0.49576667728479346 0.4008613359388179 0.4090169555398228 0.4327961588132391 0.4256948636459981 0.4474570119289116 0.5166517102858286 0.37717236203929605 0.5014108839218678 0.4186023297575261 0.5231424722221661 0.5149711131264075
0.1172245404059521 0.5125103208385221 0.2517983772698874 0.6302466336843701 0.5519878447656554 0.34369406988531925 0.4089550939187634 0.4486594974705176 0.4340373742841131 0.4158978401271293 0.5256471033089092 0.2989435014744911 0.5646487403046794 0.39768275177370893 0.5562439165710189 0.537425678244398
0.18655951689207523 0.6190946766723644 0.21257102156193536 0.7140041009337115 0.5750334655058852 0.3104901071472662 0.40631171295285656 0.46648109898357815 0.4727204014096152 0.44318948154770066 0.5164965830343184 0.29912028556232273 0.6083564878818661 0.3662919309160164 0.5385380024939442 0.5329640369710079
0.30905545251074945 0.7759773109185163 0.1586240471494557 0.7586783811428138 0.5271995473526576 0.3180020008432374 0.39919248592859735 0.48695187407743007 0.5445959060484977 0.513945455606684 0.49992925408941224 0.382341139416396 0.5305913950446672 0.36979088178529174 0.46125579017572194 0.4748429544704537
0.45376033132512245 0.8454929004056178 0.14441321785525077 0.5067242171218079 0.2728601262863972 0.49171433853772645 0.39770660806008756 0.4876061398665186 0.5930408954747503 0.612519448061692 0.4883208506664838 0.5183743714342617 0.3512499964536648 0.4168109896916688 0.39781362801784553 0.4934318929733576
0.5733423620454787 0.774666458531154 0.12029529462826424 0.21546418640805293 0.34220270330150365 0.6847526516405122 0.4133701438325849 0.49814753855598115 0.35458996650315877 0.46075255810413973 0.5364637750819403 0.36239090038716915 0.3754579094304785 0.47857258695630994 0.4820178331530262 0.46493432513042676
0.6933724743969114 0.5503771391217641 0.13776044605869667 0.12888523058854945 0.4847808428250152 0.45593162470752435 0.3144838407010684 0.6717527164594654 0.2900042910180462 0.46532334595092667 0.4582234734123194 0.6208213585410509 0.5945795230489519 0.4509449279004986 0.504327565174851 0.323400540257614
0.7850553822946728 0.3344788961601837 0.11845267231995996 0.1898884760632833 0.5407258748539585 0.2859515374716271 0.34654049052284025 0.5346476890618208 0.4296370246396838 0.5873445305672657 0.4990729727960815 0.6883790786558581 0.37589708715980535 0.42737791435399514 0.4834825846163516 0.3469058196802235
0.818077739555254 0.251542771221105 0.10121747195412176 0.2411761328403837 0.5495933238108737 0.3022858481164029 0.3749205560634142 0.4421077568204392 0.5069841430821024 0.5895625212952061 0.5492708708010178 0.5941965252208734 0.35907814792845894 0.5531037392316479 0.47942115075490593 0.45920305041843285
0.867970236175166 0.09895881331458345 0.1201902454668817 0.5823816272729214 0.38424522664127986 0.4554878490900042 0.5311928183342159 0.5068530561830454 0.4207724707505454 0.5661791748019023 0.4537995912206732 0.49831513399075944 0.3365957135192116 0.5409700479443013 0.6043432879327556 0.5278388121589578
0.8838228768709036 0.06972428242988604 0.15099637759587956 0.6844958654853357 0.32634391368446286 0.5137359619623149 0.5407939938778016 0.5135242647140909 0.39744936527208624 0.525731476189722 0.455911719029031 0.4665465028019956 0.39187680592298346 0.5440684410954284 0.5456511694371252 0.5339040495240065
0.8959817077182008 0.05500003849532037 0.18076587554067206 0.7343250979827 0.2966609774990899 0.5330910510089031 0.5247744755132696 0.4935017086187992 0.36887570763500727 0.5140268221853611 0.4251073554491688 0.4129141469380303 0.40837340829714286 0.513080044476158 0.49270046272574164 0.5219797477461522
0.8992016513419279 0.045632427873471104 0.1883274544226421 0.7681338938076636 0.3021888577665065 0.579413413180399 0.5363675146955764 0.5148035781757765 0.4080368219793743 0.46372085063242224 0.48175633457041467 0.4822370025492992 0.4630051572608207 0.5422886800070124 0.41868601931392563 0.49090786047826285
0.91710402198269 0.017821810934757765 0.22826678980139356 0.8736752795849358 0.2552065712055128 0.6553758468729703 0.5478573600379274 0.5156051219134437 0.4319345677653483 0.3853730975198305 0.5775994502816182 0.5391798228567748 0.5691880613314378 0.5770136713555105 0.393064186476185 0.4816508608043761
0.9175411454153488 0.015890652448302123 0.22792645220402438 0.88062814195328 0.24970393206650762 0.6614029855324357 0.5551950629312697 0.5196502113639601 0.4306612377951889 0.3723305755209383 0.5899660764712717 0.5547595186920159 0.5954640538241616 0.5757125082424407 0.3819573809467958 0.474279886602395
0.9175411454153488 0.015890652448302123 0.22792645220402438 0.88062814195328 0.24970393206650762 0.6614029855324357 0.5551950629312697 0.5196502113639601 0.4306612377951889 0.3723305755209383 0.5899660764712717 0.5547595186920159 0.5954640538241616 0.5757125082424407 0.3819573809467958 0.474279886602395
0.9230522236385021 0.01674203789003892 0.25676198458122707 0.8966176357757438 0.26785631135208887 0.6889494455301506 0.5223662545633281 0.5179930579945555 0.45295605429026553 0.35699151095362325 0.6267333382897556 0.6115097846501212 0.6339409597807039 0.6218131480104652 0.3688408180550854 0.560032770590025
0.9230522236385021 0.01674203789003892 0.25676198458122707 0.8966176357757438 0.26785631135208887 0.6889494455301506 0.5223662545633281 0.5179930579945555 0.45295605429026553 0.35699151095362325 0.6267333382897556 0.6115097846501212 0.6339409597807039 0.6218131480104652 0.3688408180550854 0.560032770590025
0.9230522236385021 0.01674203789003892 0.25676198458122707 0.8966176357757438 0.26785631135208887 0.6889494455301506 0.5223662545633281 0.5179930579945555 0.45295605429026553 0.35699151095362325 0.6267333382897556 0.6115097846501212 0.6339409597807039 0.6218131480104652 0.3688408180550854 0.560032770590025
0.91710402198269 0.017821810934757765 0.22826678980139356 0.8736752795849358 0.2552065712055128 0.6553758468729703 0.5478573600379274 0.5156051219134437 0.4319345677653483 0.3853730975198305 0.5775994502816182 0.5391798228567748 0.5691880613314378 0.5770136713555105 0.393064186476185 0.4816508608043761
0.8905338504812057 0.04298771305401555 0.14106987506527122 0.7478316200039901 0.26858683968798114 0.5523865106869269 0.6284534795557759 0.5328858762683134 0.37170693162618346 0.4195201777169327 0.496128171984112 0.5370015298655364 0.5364370527324924 0.44183342112329566 0.46081090280311116 0.49519498286058306
0.8729821139414475 0.09505164074116523 0.12699171192254716 0.6139112174109933 0.310282328566009 0.4383207228558361 0.5539735829943978 0.4885340485263413 0.371445276979601 0.5262378520868098 0.4695564005342107 0.5359998281346007 0.3633768347831989 0.48066798457973087 0.574151750700447 0.5311497146345262
0.8110255684203735 0.27398460189477447 0.09602427743482073 0.18442955201850508 0.5536418356982103 0.26118374761970653 0.39386775431283116 0.40348688445764835 0.4956304858196917 0.5498767732077875 0.5125539175274962 0.6161373743246865 0.3946509117865249 0.4660089141091526 0.46357415523561735 0.4541888448433914
0.7587491474192827 0.38023600355530823 0.08195948659046742 0.1272441162080714 0.5649710256065975 0.3383280397917299 0.4031232417107732 0.4134455784727641 0.49892366122056514 0.511178321874985 0.6171081699785975 0.5346805513658456 0.462110443274609 0.4484960367437584 0.5014577618713334 0.3771735192225094
0.6181900901061042 0.6809631858526122 0.10803198091262323 0.1568244016614352 0.4286277474931376 0.6240678085023291 0.4109103377258348 0.4488664429583178 0.381642344722234 0.4232825335684947 0.6024839044569493 0.30539767309999605 0.514225624966359 0.47403165705513195 0.561430058497847 0.4651525410750137
0.5560398373038068 0.7829562694498338 0.1097008064050694 0.24805967383411823 0.38380897378002654 0.7174204503128225 0.4250339182713756 0.49064042278805964 0.3564033000713952 0.5358862008670802 0.5626334201800519 0.3384610030617333 0.3939500377862399 0.4277511403044917 0.47845440451252325 0.48492310287661167
0.5042050136835933 0.8170130924417778 0.10945622352241863 0.38143772119507424 0.4061523324033138 0.7124905467422927 0.4424968045442711 0.4064436161312145 0.4112352341105152 0.6433573933437862 0.4916831425962685 0.4823087637397225 0.43754407944163975 0.41135035737572956 0.4790743955068658 0.46076167134664553
0.43453719464444795 0.8364915091475638 0.12574668935368602 0.5524191520490519 0.4035100249023677 0.5700087294924306 0.43012156235952953 0.4093749684411189 0.5263951976313852 0.7001733353209616 0.4657341190204043 0.5545658080151368 0.4832880851351658 0.35211590713293206 0.4311833523001272 0.493242759157088
0.38100984052611775 0.8257759901244142 0.14223352700139136 0.666521271840936 0.4335215098250364 0.44056067706390745 0.4165554537706419 0.4168815338075716 0.5590247261279397 0.6250633149894792 0.44562207542805016 0.5507780050578435 0.522255497858072 0.3860089993527018 0.42265528060577345 0.48609620790611713
0.30908495481156883 0.7783898187587286 0.15658455134728536 0.7633976553722928 0.5380160356097687 0.32884985481074136 0.4020541481433018 0.47393702309729613 0.527066292655973 0.528333804119838 0.499626456674869 0.4031194256948013 0.5349303637591978 0.35403889739027 0.4568104847183611 0.48947556814794557
0.254593246195422 0.7263496911473797 0.1702075242385841 0.8126825880545758 0.6383293783168996 0.2861933511099196 0.40148962596745924 0.4501246516943332 0.40317097842884325 0.4132657788915147 0.5243174306233237 0.38097372356126424 0.48129408559107834 0.39352727717325015 0.4782834568656314 0.517545019067869
0.254593246195422 0.7263496911473797 0.1702075242385841 0.8126825880545758 0.6383293783168996 0.2861933511099196 0.40148962596745924 0.4501246516943332 0.40317097842884325 0.4132657788915147 0.5243174306233237 0.38097372356126424 0.48129408559107834 0.39352727717325015 0.4782834568656314 0.517545019067869
0.22048259327211414 0.6751569202418544 0.19006043053628258 0.7745751705417425 0.6198106383265052 0.2907914322374596 0.40279223074730636 0.4544080719862257 0.4200165172907968 0.4062055976017125 0.5248272326743245 0.3279010590495052 0.5413628376711175 0.38511391330084443 0.5220463026881309 0.5321404121395272
0.16808102536610342 0.5975951426495314 0.21846441496268534 0.7230877927491296 0.6099676618046435 0.30026524694445544 0.40364970825746793 0.4503551210270357 0.3992747016247827 0.3709100586085606 0.5407010168518157 0.281537886075389 0.5281622153418913 0.39270281465734147 0.5464449945385635 0.5583350851487403
0.15121193669944416 0.5681981324880787 0.22997223453519916 0.6882298971737615 0.5881459767079732 0.3190672087496027 0.4053396714034342 0.44786897079676924 0.4082410829431704 0.39018512767032254 0.5356653453270769 0.29649445459077495 0.5341179197061421 0.39304636139131516 0.5465773053363907 0.552710780219313
0.09976208585751312 0.4832817076879957 0.2619167594276413 0.6037968517145926 0.550440558129914 0.3667634384705432 0.4066797943828296 0.4236615120668496 0.3746380246506566 0.3873067089669385 0.5247143858810187 0.38201449173767776 0.43303672537197063 0.4644201430424978 0.5133257389465973 0.49412780766245734
0.0657555479783653 0.42663974329795934 0.2838151685100561 0.5443825301616807 0.5171119438553465 0.3956544647465563 0.40912255839898043 0.41820987845692664 0.3818712343140962 0.4051238207834955 0.5162383669292796 0.40215511283456656 0.43267346940725454 0.4793301761876031 0.5132774511720675 0.4740685941195461
0.015991071322145833 0.340211377090197 0.31757438988060255 0.4408773958901553 0.44891109408169627 0.45205861089119537 0.4117806645761086 0.41416186307158454 0.4140462470162004 0.4719514762231561 0.5017104361151815 0.4541016319454992 0.44697119693373516 0.4580483833473085 0.49251352673103216 0.4698608265722047
2.842170943040401e-14 0.3106095777566308 0.3289604118090246 0.4008116565498566 0.4193012834822054 0.4773342625735959 0.4096823902617258 0.41287002011882606 0.4303084660050271 0.5063242566942401 0.4957288971962919 0.48004610469898673 0.45623937170650924 0.4302745992648502 0.47502878381140284 0.4772353985124652
2.842170943040401e-14 0.3106095777566308 0.3289604118090246 0.4008116565498566 0.4193012834822054 0.4773342625735959 0.4096823902617258 0.41287002011882606 0.4303084660050271 0.5063242566942401 0.4957288971962919 0.48004610469898673 0.45623937170650924 0.4302745992648502 0.47502878381140284 0.4772353985124652
2.842170943040401e-14 0.3106095777566308 0.3289604118090246 0.4008116565498566 0.4193012834822054 0.4773342625735959 0.4096823902617258 0.41287002011882606 0.4303084660050271 0.5063242566942401 0.4957288971962919 0.48004610469898673 0.45623937170650924 0.4302745992648502 0.47502878381140284 0.4772353985124652
2.842170943040401e-14 0.3106095777566308 0.3289604118090246 0.4008116565498566 0.4193012834822054 0.4773342625735959 0.4096823902617258 0.41287002011882606 0.4303084660050271 0.5063242566942401 0.4957288971962919 0.48004610469898673 0.45623937170650924 0.4302745992648502 0.47502878381140284 0.4772353985124652
0.000211661051658929 0.31249915169370746 0.3327370958336431 0.3975555699630766 0.4230498522158804 0.47093848541957506 0.4278399791808563 0.42093652162409995 0.4221654118138423 0.5280365291441456 0.49531500992361466 0.4627764513664297 0.4781945461085253 0.4719899819727959 0.4401051929376911 0.4710994710406599
0.0012862873886992365 0.31621839266575813 0.34243469937208665 0.39426641499146464 0.4223608582595089 0.45664368894386576 0.4477460730215381 0.42360317460784463 0.4039984043355375 0.5562005012137491 0.5063758277754746 0.45392332052101886 0.5052077773314874 0.5114632925112169 0.3841307178360709 0.4891522637876721
0.0035885868904707574 0.32836712992738276 0.3676700375218635 0.38357387075521365 0.41117087411491254 0.4199127409013546 0.4940651257693718 0.42711879980424505 0.3685180845676651 0.6078665209607228 0.5278939749812317 0.44818479589153615 0.5453164508653406 0.5844959220587147 0.3502698199842368 0.5184266277229935
0.0035715986596432936 0.32869368911259605 0.36869100523710896 0.3825751365435414 0.41175845805200506 0.41751009096729685 0.50047159838639 0.4296154378721306 0.36631543902928826 0.6153688306694733 0.5280795763784744 0.4413517177966873 0.5513048427188649 0.5990875930984989 0.3423741741866106 0.5143031711620536
0.0035715986596432936 0.32869368911259605 0.36869100523710896 0.3825751365435414 0.41175845805200506 0.41751009096729685 0.50047159838639 0.4296154378721306 0.36631543902928826 0.6153688306694733 0.5280795763784744 0.4413517177966873 0.5513048427188649 0.5990875930984989 0.3423741741866106 0.5143031711620536
0.005458582766575126 0.33683817493524154 0.3822650642067789 0.3806180934852837 0.39537365050645973 0.3968816780204338 0.5021564609069142 0.4188412616850786 0.32880300216382014 0.6359870340125833 0.5504868851418712 0.46796548956725376 0.5982213820250448 0.6018035739379446 0.28280889255952013 0.5772396268697668
0.006582095820233502 0.3407041543144276 0.39505876902835757 0.3701140674114663 0.4114066838705384 0.38535697694851767 0.5478278992189058 0.4329001052496158 0.3177271968020802 0.6716298183778717 0.5451852387968683 0.42709690305935 0.619556618295859 0.6527618844015108 0.2516052013547972 0.5489155137253626
0.012389871222137305 0.3517477484445274 0.4307492058267374 0.37768635381957044 0.3914868218002638 0.3636206132399921 0.5459157524490708 0.411965173511729 0.31389471973706073 0.691663860188702 0.6011458816355215 0.4509228374787415 0.6339028551472556 0.6773951683156005 0.30768726393394796 0.4924026777508207
0.012389871222137305 0.3517477484445274 0.4307492058267374 0.37768635381957044 0.3914868218002638 0.3636206132399921 0.5459157524490708 0.411965173511729 0.31389471973706073 0.691663860188702 0.6011458816355215 0.4509228374787415 0.6339028551472556 0.6773951683156005 0.30768726393394796 0.4924026777508207
0.012389871222137305 0.3517477484445274 0.4307492058267374 0.37768635381957044 0.3914868218002638 0.3636206132399921 0.5459157524490708 0.411965173511729 0.31389471973706073 0.691663860188702 0.6011458816355215 0.4509228374787415 0.6339028551472556 0.6773951683156005 0.30768726393394796 0.4924026777508207
0.012389871222137305 0.3517477484445274 0.4307492058267374 0.37768635381957044 0.3914868218002638 0.3636206132399921 0.5459157524490708 0.411965173511729 0.31389471973706073 0.691663860188702 0.6011458816355215 0.4509228374787415 0.6339028551472556 0.6773951683156005 0.30768726393394796 0.4924026777508207
0.012389871222137305 0.3517477484445274 0.4307492058267374 0.37768635381957044 0.3914868218002638 0.3636206132399921 0.5459157524490708 0.411965173511729 0.31389471973706073 0.691663860188702 0.6011458816355215 0.4509228374787415 0.6339028551472556 0.6773951683156005 0.30768726393394796 0.4924026777508207
0.012389871222137305 0.3517477484445274 0.4307492058267374 0.37768635381957044 0.3914868218002638 0.3636206132399921 0.5459157524490708 0.411965173511729 0.31389471973706073 0.691663860188702 0.6011458816355215 0.4509228374787415 0.6339028551472556 0.6773951683156005 0.30768726393394796 0.4924026777508207
0.012389871222137305 0.3517477484445274 0.4307492058267374 0.37768635381957044 0.3914868218002638 0.3636206132399921 0.5459157524490708 0.411965173511729 0.31389471973706073 0.691663860188702 0.6011458816355215 0.4509228374787415 0.6339028551472556 0.6773951683156005 0.30768726393394796 0.4924026777508207
0.012389871222137305 0.3517477484445274 0.4307492058267374 0.37768635381957044 0.3914868218002638 0.3636206132399921 0.5459157524490708 0.411965173511729 0.31389471973706073 0.691663860188702 0.6011458816355215 0.4509228374787415 0.6339028551472556 0.6773951683156005 0.30768726393394796 0.4924026777508207
0.012389871222137305 0.3517477484445274 0.4307492058267374 0.37768635381957044 0.3914868218002638 0.3636206132399921 0.5459157524490708 0.411965173511729 0.31389471973706073 0.691663860188702 0.6011458816355215 0.4509228374787415 0.6339028551472556 0.6773951683156005 0.30768726393394796 0.4924026777508207
0.012389871222137305 0.3517477484445274 0.4307492058267374 0.37768635381957044 0.3914868218002638 0.3636206132399921 0.5459157524490708 0.411965173511729 0.31389471973706073 0.691663860188702 0.6011458816355215 0.4509228374787415 0.6339028551472556 0.6773951683156005 0.30768726393394796 0.4924026777508207
0.012389871222137305 0.3517477484445274 0.4307492058267374 0.37768635381957044 0.3914868218002638 0.3636206132399921 0.5459157524490708 0.411965173511729 0.31389471973706073 0.691663860188702 0.6011458816355215 0.4509228374787415 0.6339028551472556 0.6773951683156005 0.30768726393394796 0.4924026777508207
0.012389871222137305 0.3517477484445274 0.4307492058267374 0.37768635381957044 0.3914868218002638 0.3636206132399921 0.5459157524490708 0.411965173511729 0.31389471973706073 0.691663860188702 0.6011458816355215 0.4509228374787415 0.6339028551472556 0.6773951683156005 0.30768726393394796 0.4924026777508207
0.006599084051060744 0.34037759512921434 0.3940378013131122 0.3711128016231387 0.41081909993344595 0.3877596268825754 0.5414214266018877 0.4304034671817303 0.31992984234045696 0.6641275086691213 0.5449996373996258 0.4339299811541991 0.6135682264423349 0.6381702133617265 0.2595008471524234 0.5530389702863024
0.006599084051060744 0.34037759512921434 0.3940378013131122 0.3711128016231387 0.41081909993344595 0.3877596268825754 0.5414214266018877 0.4304034671817303 0.31992984234045696 0.6641275086691213 0.5449996373996258 0.4339299811541991 0.6135682264423349 0.6381702133617265 0.2595008471524234 0.5530389702863024
0.005475570997402812 0.33651161575002825 0.38124409649153346 0.38161682769695593 0.39478606656936716 0.39928432795449165 0.495749988289896 0.4163446236171931 0.33100564770219687 0.6284847243038327 0.5503012837446287 0.4747985676621027 0.5922329901715206 0.5872119028981604 0.2907045383571465 0.5813630834307068
0.003173271495631347 0.32436287848840356 0.3560087583417566 0.3923093719332068 0.4059760507139635 0.43601527599700285 0.4494309355420623 0.4128289984207927 0.3664859674700694 0.576818704556859 0.5287831365388715 0.4805370922915854 0.5521243166376673 0.5141792733506626 0.32456543620898015 0.5520887194953852
0.0031405686118720633 0.3235822029382118 0.35405208168545255 0.3940253755980775 0.40482979360731086 0.44002692148214995 0.43887083269065025 0.4084650073500093 0.3705877417869937 0.5647632518774846 0.5286971267983439 0.49158783867936084 0.5416552012464209 0.4906402891051112 0.33932061624199994 0.5572378183464853
2.842170943040401e-14 0.3106095777566308 0.3289604118090246 0.4008116565498566 0.4193012834822054 0.4773342625735959 0.4096823902617258 0.41287002011882606 0.4303084660050271 0.5063242566942401 0.4957288971962919 0.48004610469898673 0.45623937170650924 0.4302745992648502 0.47502878381140284 0.4772353985124652
2.842170943040401e-14 0.3106095777566308 0.3289604118090246 0.4008116565498566 0.4193012834822054 0.4773342625735959 0.4096823902617258 0.41287002011882606 0.4303084660050271 0.5063242566942401 0.4957288971962919 0.48004610469898673 0.45623937170650924 0.4302745992648502 0.47502878381140284 0.4772353985124652
2.842170943040401e-14 0.3106095777566308 0.3289604118090246 0.4008116565498566 0.4193012834822054 0.4773342625735959 0.4096823902617258 0.41287002011882606 0.4303084660050271 0.5063242566942401 0.4957288971962919 0.48004610469898673 0.45623937170650924 0.4302745992648502 0.47502878381140284 0.4772353985124652
2.842170943040401e-14 0.3106095777566308 0.3289604118090246 0.4008116565498566 0.4193012834822054 0.4773342625735959 0.4096823902617258 0.41287002011882606 0.4303084660050271 0.5063242566942401 0.4957288971962919 0.48004610469898673 0.45623937170650924 0.4302745992648502 0.47502878381140284 0.4772353985124652
2.842170943040401e-14 0.3106095777566308 0.3289604118090246 0.4008116565498566 0.4193012834822054 0.4773342625735959 0.4096823902617258 0.41287002011882606 0.4303084660050271 0.5063242566942401 0.4957288971962919 0.48004610469898673 0.45623937170650924 0.4302745992648502 0.47502878381140284 0.4772353985124652
2.842170943040401e-14 0.3106095777566308 0.3289604118090246 0.4008116565498566 0.4193012834822054 0.4773342625735959 0.4096823902617258 0.41287002011882606 0.4303084660050271 0.5063242566942401 0.4957288971962919 0.48004610469898673 0.45623937170650924 0.4302745992648502 0.47502878381140284 0.4772353985124652
2.842170943040401e-14 0.3106095777566308 0.3289604118090246 0.4008116565498566 0.4193012834822054 0.4773342625735959 0.4096823902617258 0.41287002011882606 0.4303084660050271 0.5063242566942401 0.4957288971962919 0.48004610469898673 0.45623937170650924 0.4302745992648502 0.47502878381140284 0.4772353985124652
2.842170943040401e-14 0.3106095777566308 0.3289604118090246 0.4008116565498566 0.4193012834822054 0.4773342625735959 0.4096823902617258 0.41287002011882606 0.4303084660050271 0.5063242566942401 0.4957288971962919 0.48004610469898673 0.45623937170650924 0.4302745992648502 0.47502878381140284 0.4772353985124652
2.842170943040401e-14 0.3106095777566308 0.3289604118090246 0.4008116565498566 0.4193012834822054 0.4773342625735959 0.4096823902617258 0.41287002011882606 0.4303084660050271 0.5063242566942401 0.4957288971962919 0.48004610469898673 0.45623937170650924 0.4302745992648502 0.47502878381140284 0.4772353985124652
2.842170943040401e-14 0.3106095777566308 0.3289604118090246 0.4008116565498566 0.4193012834822054 0.4773342625735959 0.4096823902617258 0.41287002011882606 0.4303084660050271 0.5063242566942401 0.4957288971962919 0.48004610469898673 0.45623937170650924 0.4302745992648502 0.47502878381140284 0.4772353985124652
2.842170943040401e-14 0.3106095777566308 0.3289604118090246 0.4008116565498566 0.4193012834822054 0.4773342625735959 0.4096823902617258 0.41287002011882606 0.4303084660050271 0.5063242566942401 0.4957288971962919 0.48004610469898673 0.45623937170650924 0.4302745992648502 0.47502878381140284 0.4772353985124652
2.842170943040401e-14 0.3106095777566308 0.3289604118090246 0.4008116565498566 0.4193012834822054 0.4773342625735959 0.4096823902617258 0.41287002011882606 0.4303084660050271 0.5063242566942401 0.4957288971962919 0.48004610469898673 0.45623937170650924 0.4302745992648502 0.47502878381140284 0.4772353985124652
2.842170943040401e-14 0.3106095777566308 0.3289604118090246 0.4008116565498566 0.4193012834822054 0.4773342625735959 0.4096823902617258 0.41287002011882606 0.4303084660050271 0.5063242566942401 0.4957288971962919 0.48004610469898673 0.45623937170650924 0.4302745992648502 0.47502878381140284 0.4772353985124652
2.842170943040401e-14 0.3106095777566308 0.3289604118090246 0.4008116565498566 0.4193012834822054 0.4773342625735959 0.4096823902617258 0.41287002011882606 0.4303084660050271 0.5063242566942401 0.4957288971962919 0.48004610469898673 0.45623937170650924 0.4302745992648502 0.47502878381140284 0.4772353985124652
2.842170943040401e-14 0.3106095777566308 0.3289604118090246 0.4008116565498566 0.4193012834822054 0.4773342625735959 0.4096823902617258 0.41287002011882606 0.4303084660050271 0.5063242566942401 0.4957288971962919 0.48004610469898673 0.45623937170650924 0.4302745992648502 0.47502878381140284 0.4772353985124652
2.842170943040401e-14 0.3106095777566308 0.3289604118090246 0.4008116565498566 0.4193012834822054 0.4773342625735959 0.4096823902617258 0.41287002011882606 0.4303084660050271 0.5063242566942401 0.4957288971962919 0.48004610469898673 0.45623937170650924 0.4302745992648502 0.47502878381140284 0.4772353985124652
2.842170943040401e-14 0.3106095777566308 0.3289604118090246 0.4008116565498566 0.4193012834822054 0.4773342625735959 0.4096823902617258 0.41287002011882606 0.4303084660050271 0.5063242566942401 0.4957288971962919 0.48004610469898673 0.45623937170650924 0.4302745992648502 0.47502878381140284 0.4772353985124652
2.842170943040401e-14 0.3106095777566308 0.3289604118090246 0.4008116565498566 0.4193012834822054 0.4773342625735959 0.4096823902617258 0.41287002011882606 0.4303084660050271 0.5063242566942401 0.4957288971962919 0.48004610469898673 0.45623937170650924 0.4302745992648502 0.47502878381140284 0.4772353985124652
2.842170943040401e-14 0.3106095777566308 0.3289604118090246 0.4008116565498566 0.4193012834822054 0.4773342625735959 0.4096823902617258 0.41287002011882606 0.4303084660050271 0.5063242566942401 0.4957288971962919 0.48004610469898673 0.45623937170650924 0.4302745992648502 0.47502878381140284 0.4772353985124652
2.842170943040401e-14 0.3106095777566308 0.3289604118090246 0.4008116565498566 0.4193012834822054 0.4773342625735959 0.4096823902617258 0.41287002011882606 0.4303084660050271 0.5063242566942401 0.4957288971962919 0.48004610469898673 0.45623937170650924 0.4302745992648502 0.47502878381140284 0.4772353985124652
2.842170943040401e-14 0.3106095777566308 0.3289604118090246 0.4008116565498566 0.4193012834822054 0.4773342625735959 0.4096823902617258 0.41287002011882606 0.4303084660050271 0.5063242566942401 0.4957288971962919 0.48004610469898673 0.45623937170650924 0.4302745992648502 0.47502878381140284 0.4772353985124652
2.842170943040401e-14 0.3106095777566308 0.3289604118090246 0.4008116565498566 0.4193012834822054 0.4773342625735959 0.4096823902617258 0.41287002011882606 0.4303084660050271 0.5063242566942401 0.4957288971962919 0.48004610469898673 0.45623937170650924 0.4302745992648502 0.47502878381140284 0.4772353985124652
2.842170943040401e-14 0.3106095777566308 0.3289604118090246 0.4008116565498566 0.4193012834822054 0.4773342625735959 0.4096823902617258 0.41287002011882606 0.4303084660050271 0.5063242566942401 0.4957288971962919 0.48004610469898673 0.45623937170650924 0.4302745992648502 0.47502878381140284 0.4772353985124652
2.842170943040401e-14 0.3106095777566308 0.3289604118090246 0.4008116565498566 0.4193012834822054 0.4773342625735959 0.4096823902617258 0.41287002011882606 0.4303084660050271 0.5063242566942401 0.4957288971962919 0.48004610469898673 0.45623937170650924 0.4302745992648502 0.47502878381140284 0.4772353985124652
2.842170943040401e-14 0.3106095777566308 0.3289604118090246 0.4008116565498566 0.4193012834822054 0.4773342625735959 0.4096823902617258 0.41287002011882606 0.4303084660050271 0.5063242566942401 0.4957288971962919 0.48004610469898673 0.45623937170650924 0.4302745992648502 0.47502878381140284 0.4772353985124652
2.842170943040401e-14 0.3106095777566308 0.3289604118090246 0.4008116565498566 0.4193012834822054 0.4773342625735959 0.4096823902617258 0.41287002011882606 0.4303084660050271 0.5063242566942401 0.4957288971962919 0.48004610469898673 0.45623937170650924 0.4302745992648502 0.47502878381140284 0.4772353985124652
2.842170943040401e-14 0.3106095777566308 0.3289604118090246 0.4008116565498566 0.4193012834822054 0.4773342625735959 0.4096823902617258 0.41287002011882606 0.4303084660050271 0.5063242566942401 0.4957288971962919 0.48004610469898673 0.45623937170650924 0.4302745992648502 0.47502878381140284 0.4772353985124652
2.842170943040401e-14 0.3106095777566308 0.3289604118090246 0.4008116565498566 0.4193012834822054 0.4773342625735959 0.4096823902617258 0.41287002011882606 0.4303084660050271 0.5063242566942401 0.4957288971962919 0.48004610469898673 0.45623937170650924 0.4302745992648502 0.47502878381140284 0.4772353985124652
2.842170943040401e-14 0.3106095777566308 0.3289604118090246 0.4008116565498566 0.4193012834822054 0.4773342625735959 0.4096823902617258 0.41287002011882606 0.4303084660050271 0.5063242566942401 0.4957288971962919 0.48004610469898673 0.45623937170650924 0.4302745992648502 0.47502878381140284 0.4772353985124652
2.842170943040401e-14 0.3106095777566308 0.3289604118090246 0.4008116565498566 0.4193012834822054 0.4773342625735959 0.4096823902617258 0.41287002011882606 0.4303084660050271 0.5063242566942401 0.4957288971962919 0.48004610469898673 0.45623937170650924 0.4302745992648502 0.47502878381140284 0.4772353985124652
2.842170943040401e-14 0.3106095777566308 0.3289604118090246 0.4008116565498566 0.4193012834822054 0.4773342625735959 0.4096823902617258 0.41287002011882606 0.4303084660050271 0.5063242566942401 0.4957288971962919 0.48004610469898673 0.45623937170650924 0.4302745992648502 0.47502878381140284 0.4772353985124652
2.842170943040401e-14 0.3106095777566308 0.3289604118090246 0.4008116565498566 0.4193012834822054 0.4773342625735959 0.4096823902617258 0.41287002011882606 0.4303084660050271 0.5063242566942401 0.4957288971962919 0.48004610469898673 0.45623937170650924 0.4302745992648502 0.47502878381140284 0.4772353985124652
2.842170943040401e-14 0.3106095777566308 0.3289604118090246 0.4008116565498566 0.4193012834822054 0.4773342625735959 0.4096823902617258 0.41287002011882606 0.4303084660050271 0.5063242566942401 0.4957288971962919 0.48004610469898673 0.45623937170650924 0.4302745992648502 0.47502878381140284 0.4772353985124652
2.842170943040401e-14 0.3106095777566308 0.3289604118090246 0.4008116565498566 0.4193012834822054 0.4773342625735959 0.4096823902617258 0.41287002011882606 0.4303084660050271 0.5063242566942401 0.4957288971962919 0.48004610469898673 0.45623937170650924 0.4302745992648502 0.47502878381140284 0.4772353985124652
2.842170943040401e-14 0.3106095777566308 0.3289604118090246 0.4008116565498566 0.4193012834822054 0.4773342625735959 0.4096823902617258 0.41287002011882606 0.4303084660050271 0.5063242566942401 0.4957288971962919 0.48004610469898673 0.45623937170650924 0.4302745992648502 0.47502878381140284 0.4772353985124652
2.842170943040401e-14 0.3106095777566308 0.3289604118090246 0.4008116565498566 0.4193012834822054 0.4773342625735959 0.4096823902617258 0.41287002011882606 0.4303084660050271 0.5063242566942401 0.4957288971962919 0.48004610469898673 0.45623937170650924 0.4302745992648502 0.47502878381140284 0.4772353985124652
2.842170943040401e-14 0.3106095777566308 0.3289604118090246 0.4008116565498566 0.4193012834822054 0.4773342625735959 0.4096823902617258 0.41287002011882606 0.4303084660050271 0.5063242566942401 0.4957288971962919 0.48004610469898673 0.45623937170650924 0.4302745992648502 0.47502878381140284 0.4772353985124652
]