08-10-20_David_4K.grey_monkey_below_orange_chair.0000000000 [ 2289.230099 4247.462463 93451.57609 82707.225933 -2761.524296 -3391.718693 -80574.632818 80913.445357 -3500.047245
2237.359238 4163.212585 94319.351245 73088.628923 -2773.07045 -3487.165298 -85784.0385 84165.757632 -3434.680862
2264.531708 4153.722687 92442.789259 82189.014586 -2782.867889 -3521.441193 -87731.618367 85934.821956 -3373.404388
2264.518929 4153.720627 92444.479311 82188.566145 -2782.842369 -3521.38485 -87726.900392 85938.076227 -3373.323631
2264.517994 4153.718796 92444.479311 82188.476457 -2782.839947 -3521.383648 -87726.834865 85938.45325 -3373.322124
2264.518127 4153.719406 92444.587475 82188.192445 -2782.837524 -3521.380615 -87726.703812 85938.532623 -3373.318481
2269.515705 4154.383011 92989.370997 85529.100506 -2774.977245 -3512.901134 -86978.617027 86871.88524 -3369.278088
2268.030968 4154.888916 93233.059274 85899.19115 -2775.303841 -3513.961983 -87057.583198 86894.650621 -3363.964424
2268.014145 4155.005112 93235.869946 85882.871043 -2775.257645 -3513.849258 -87051.936907 86888.066111 -3363.546829
2268.014145 4155.005112 93235.869946 85882.871043 -2775.257645 -3513.849258 -87051.936907 86888.066111 -3363.546829
2268.014145 4155.005112 93235.869946 85882.871043 -2775.257645 -3513.849258 -87051.936907 86888.066111 -3363.546829
2268.014145 4155.005112 93235.869946 85882.871043 -2775.257645 -3513.849258 -87051.936907 86888.066111 -3363.546829
2268.014145 4155.005112 93235.869946 85882.871043 -2775.257645 -3513.849258 -87051.936907 86888.066111 -3363.546829
2268.014145 4155.005112 93235.869946 85882.871043 -2775.257645 -3513.849258 -87051.936907 86888.066111 -3363.546829
2268.199291 4155.040894 93274.069413 86042.287638 -2774.840412 -3511.563435 -86874.743018 86843.856595 -3357.867756
2268.199615 4155.041199 93273.960765 86042.195871 -2774.840698 -3511.564026 -86874.906037 86843.836647 -3357.865906
2268.199615 4155.041199 93273.960765 86042.195871 -2774.840698 -3511.564026 -86874.906037 86843.836647 -3357.865906
2268.199615 4155.041199 93273.960765 86042.195871 -2774.840698 -3511.564026 -86874.906037 86843.836647 -3357.865906
2268.199348 4155.040741 93274.150899 86042.348815 -2774.84066 -3511.56765 -86875.427698 86843.956333 -3357.867393
2268.199348 4155.040741 93274.150899 86042.348815 -2774.84066 -3511.56765 -86875.427698 86843.956333 -3357.867393
2268.199348 4155.040741 93274.150899 86042.348815 -2774.84066 -3511.56765 -86875.427698 86843.956333 -3357.867393
2268.199348 4155.040741 93274.150899 86042.348815 -2774.84066 -3511.56765 -86875.427698 86843.956333 -3357.867393
2263.746262 4155.239182 99536.397772 88855.757422 -2786.367874 -3589.40773 -93322.064116 92088.172765 -3344.915848
2269.17017 4142.450256 99511.160281 89318.467578 -2793.058529 -3631.744747 -97248.695949 91097.362789 -3337.332821
2267.39809 4143.027344 99379.062908 89057.364501 -2793.424206 -3637.869701 -97730.434724 91259.528654 -3350.843029
2267.062893 4136.593323 99187.663552 90164.024392 -2782.400455 -3666.905155 -101585.093375 98667.017821 -3445.389957
2265.490818 4137.554932 99318.624678 90170.067899 -2782.944546 -3664.627285 -100958.958542 98518.791292 -3440.406094
2265.521793 4137.532806 99323.249403 90218.767796 -2782.990627 -3665.225735 -101024.026884 98553.829348 -3440.682583
2265.521793 4137.532806 99323.249403 90218.767796 -2782.990627 -3665.225735 -101024.026884 98553.829348 -3440.682583
2265.521793 4137.532806 99323.249403 90218.767796 -2782.990627 -3665.225735 -101024.026884 98553.829348 -3440.682583
2265.499992 4137.557602 99324.552754 90230.858683 -2783.029976 -3665.264168 -101022.304113 98551.215621 -3440.587349
2231.344662 4157.945328 100276.816202 88238.026069 -2808.435612 -3562.83289 -87011.634885 97616.396337 -3275.255985
2231.397972 4158.980789 100116.068859 88962.815241 -2810.959816 -3559.716835 -86450.988289 97226.910322 -3286.723976
2230.753918 4159.276352 100132.531791 88771.81672 -2811.422291 -3559.77129 -86399.510231 97162.926207 -3287.828846
2221.572876 4159.300003 100641.748278 89015.854957 -2818.157959 -3560.520325 -85600.470021 97719.523213 -3330.329285
2195.172119 4160.662003 101027.582363 90113.586228 -2844.354095 -3580.324249 -84700.288537 98876.007742 -3396.728058
2195.172119 4160.662003 101027.582363 90113.586228 -2844.354095 -3580.324249 -84700.288537 98876.007742 -3396.728058
2191.269608 4165.211716 101055.937579 90215.510287 -2848.269272 -3576.544113 -83656.378643 98152.720466 -3396.984787
2192.335691 4169.641342 100746.53557 90832.098691 -2852.472353 -3576.573915 -83097.322332 97518.354692 -3399.381227
2159.959116 4186.127853 100913.720992 90358.269405 -2881.885824 -3640.76705 -86396.941607 98573.932827 -3465.537252
2156.94458 4188.171234 100904.835781 90602.374039 -2883.93219 -3636.603699 -85708.566729 98199.444307 -3458.791199
2127.666588 4219.954605 102073.038647 100252.827447 -2903.214149 -3650.190468 -84706.534122 97614.133445 -3538.054848
2130.681505 4229.979782 103205.603339 100143.533299 -2903.593245 -3633.734541 -82911.684016 99774.549663 -3522.73387
2104.053955 4247.122421 103574.791129 100040.565513 -2923.874969 -3657.92099 -83524.614706 96169.205428 -3614.211578
2103.515372 4247.275162 103623.483841 100250.71428 -2924.5402 -3656.225381 -83237.046329 96020.078159 -3611.751199
2100.452366 4250.763168 103515.207512 100851.152611 -2931.07336 -3667.639217 -83803.776534 95279.207116 -3616.48138
2066.85267 4257.854462 101904.228054 97273.202348 -2931.633964 -3655.903678 -80014.910785 92416.896816 -3613.312736
2102.906408 4263.004608 99190.884708 85249.955946 -2914.840326 -3290.357294 -47636.983508 75826.031972 -3217.076044
2132.28292 4234.829254 95253.682223 79730.208749 -2901.963601 -3314.395852 -49436.807036 68709.12747 -3145.579324
2168.5355 4194.895096 86130.581317 72875.381986 -2895.561943 -3378.133659 -53038.830628 63934.930755 -3011.636162
2232.115936 4153.639603 77890.563811 76309.49309 -2912.028656 -3386.57547 -53227.667872 50064.626803 -2971.458282
2268.958211 4149.812393 75412.237568 62811.909626 -2922.765269 -3360.572886 -51227.683169 43972.411076 -2896.22993
2285.829529 4119.396362 71514.698796 38930.041123 -2963.213288 -3227.904145 -39570.846917 30576.538186 -2875.099579
2277.793167 4090.613022 65608.450593 28361.808392 -2987.486985 -3066.082261 -28796.680571 21761.139387 -2860.166123
2298.798842 4124.761124 69337.165373 16789.067796 -2918.722825 -2932.460008 -23247.606008 14766.856458 -2795.649705
2384.070415 4107.487335 64342.411922 9778.269184 -2832.017536 -2697.611408 -13919.821044 6659.368633 -2520.53957
2428.160515 4127.223206 62246.632154 121.320788 -2791.183052 -2523.178902 -8226.378741 4456.763111 -1844.074287
2483.762541 3999.646378 47428.880853 90.805348 -2638.019533 -2017.713137 23.168025 -3611.762774 -2347.44153
2458.067589 3976.307831 44207.81217 -7068.411888 -2780.23304 -2370.474892 -3154.398554 119.464386 -1742.449074
2479.237981 3903.629761 34177.941436 -27418.059472 -2813.890071 -1827.925868 2196.766055 -873.423854 -1129.306102
2529.064231 3903.084183 37741.330299 -32158.861227 -2708.893075 -1387.403207 15472.330142 -10273.884927 -956.079202
2581.114435 3806.321793 26897.44053 -52937.699063 -2834.026251 -1294.84046 20737.451547 -10751.070345 -979.006872
2665.225239 3833.103561 31581.555281 -56834.347264 -2921.041241 -1303.166485 19916.521628 -10143.973191 -661.321011
2794.513836 3763.449783 23418.163891 -61017.068383 -2948.758564 -1154.581394 27620.105983 -14143.626206 -495.072002
2844.838061 3727.168388 20408.302252 -69642.589775 -2984.785962 -1437.994123 13186.172106 -18078.110841 -940.339398
2844.838781 3726.935272 20256.58222 -70828.615918 -2983.74856 -1439.489069 13145.239199 -18504.170028 -924.339304
2847.668824 3722.183876 20944.582972 -71077.120081 -2820.12567 -1255.92401 21511.137246 -21236.430164 -963.007751
2848.146238 3721.390991 20897.652109 -71140.689177 -2820.216494 -1259.460726 21274.058624 -21169.08894 -961.295061
2837.357936 3606.603279 9801.646124 -39843.771858 -2715.375829 -1542.353673 10286.144148 -17338.668303 -1533.960881
2856.423471 3567.948799 7922.346714 -37989.980426 -2698.128531 -1581.845419 9117.726557 -15399.538217 -1009.38906
2861.380482 3567.942047 8354.602042 -29808.616573 -2707.280102 -1600.564098 7728.480948 -15538.241993 -847.885036
2837.360973 3563.805504 9029.693032 -48652.635009 -2787.932301 -1224.363422 24240.37924 -14705.149605 -1163.423786
2803.465691 3538.322792 8062.098047 -38590.621133 -2836.514473 -1226.2743 25223.616029 -18920.880287 -1084.350624
2745.89035 3481.870575 5771.90638 -30148.67361 -2860.153046 -914.283752 47771.926004 -8232.631508 -974.204102
2719.321978 3668.886108 4332.657721 -50463.532031 -2730.19798 -865.762708 51065.933301 -13728.846721 -693.744657
2696.491839 3682.810688 2557.163171 -84933.282103 -2703.078474 -896.565489 49579.205421 -12784.994717 -776.410688
2728.333371 3874.261589 6852.338558 -47728.695523 -2681.915958 -863.112552 51788.319045 -15697.430731 -533.927791
2753.697858 3911.294098 7767.448179 -57339.721444 -2638.709979 -799.798312 54837.20354 -15492.557205 -505.166583
2742.801723 3881.574402 6526.207418 -50087.280723 -2662.98563 -941.649265 43195.089477 -18500.412284 -801.020985
2749.056997 3906.708984 7777.272648 -54394.053274 -2644.261179 -913.546228 43783.247227 -14522.017374 -780.409403
2778.299789 3913.783607 8008.635779 -59911.224176 -2635.63118 -1036.613007 33860.847496 -11456.782461 -843.43277
2779.988604 3920.299644 8344.222327 -60985.089224 -2641.106977 -1100.266829 29901.550482 -12200.590396 -903.870726
2854.71715 3870.865707 5927.362592 -61414.858103 -2782.393751 -1231.628065 21386.540937 -11829.27253 -967.292356
2854.737597 3888.229446 6434.470216 -60974.260772 -2764.740858 -1311.119947 17083.574583 -8306.300927 -899.816313
2624.818668 3640.591545 216.465036 -45323.685868 -2876.781979 -1282.663937 20759.216775 -8549.105345 -1178.397427
2713.794971 3665.660877 671.074727 -24438.720639 -2936.577954 -1251.51402 22090.024848 -7897.636251 -1145.009885
2796.656981 3612.796478 63.812126 -22159.712925 -3112.306032 -1328.691683 18865.456591 -2039.302532 -1131.612597
3038.241782 3726.067619 468.633947 -24969.190151 -3271.851296 -1333.192544 19341.368064 -1707.558176 -1187.153726
3159.351075 3834.350548 2008.310033 -15855.609602 -3369.739807 -1407.313659 15942.386265 -549.889923 -1287.023437
3152.47257 3778.446732 41.309003 -14665.98077 -3512.909815 -1688.687403 5655.020048 -9.177554 -1839.137232
3458.107796 3805.758533 1357.905078 171.418007 -3743.404655 -1926.288414 1040.937147 230.332107 -1682.390862
3650.341058 3685.356131 -350.733638 -955.922659 -3781.925483 -2073.840613 -0.153276 761.872142 -1958.371863
3674.034023 3715.586772 -407.145297 542.711005 -3839.613132 -2601.98801 -8871.830748 4178.362268 -2012.241917
3748.275881 3743.296424 -1228.935175 21145.005714 -3918.372679 -2942.62866 -23225.044883 3538.8755 -2318.985167
3800.489454 3607.939053 -4884.296943 42010.810665 -3981.975756 -3400.348558 -55876.575917 7410.504866 -2502.064562
3817.338324 3467.795963 -10463.789028 49382.080723 -3999.433527 -3531.833429 -66931.513378 8266.297264 -2699.436884
3839.395018 3426.273918 -13851.433287 74769.70164 -4017.955751 -3668.115358 -82561.561402 15095.536546 -2728.424196
3857.638931 3352.111702 -17482.906604 92212.976447 -4022.698288 -3371.125717 -55822.567536 18763.41227 -2697.986374
3757.713881 3283.594246 -21152.075339 63850.05362 -4091.52318 -3372.95537 -49926.568361 18753.928133 -2730.132189
3716.291797 2917.05452 -45757.496181 37228.739362 -4084.58772 -3205.836805 -37751.97459 12949.543038 -2717.046521
3709.268564 2874.649582 -51942.262231 35700.407245 -4094.537588 -3286.644217 -43565.586039 15759.641053 -2658.664175
3664.462188 2856.915588 -49606.273245 51298.525235 -4093.309418 -2855.115753 -17148.990088 6575.303808 -2767.186066
3667.105369 2608.975601 -78584.005685 43842.504437 -4078.939247 -3064.277382 -28264.409089 5261.358718 -3214.644814
3690.204261 2564.715576 -92369.618061 1392.439336 -4081.724145 -3013.448083 -24933.8273 2565.554927 -2699.58944
3730.38614 2501.218262 -107937.007005 1.032752 -4067.756255 -2978.155119 -23875.542291 1613.695955 -2645.778105
3737.127964 2453.300476 -115504.066307 -10.457164 -4049.974086 -2981.845119 -24401.133704 1247.643689 -2559.044216
3750.757093 2444.650574 -116168.236533 253.706466 -4037.701159 -2979.370775 -25066.437057 918.414017 -2562.089281
3783.500919 2428.747177 -120225.389591 1756.618562 -3999.302425 -3031.101131 -29988.572584 423.670868 -2658.021603
3810.627108 2458.755341 -113281.435901 8812.344002 -3969.492216 -3031.204252 -31054.062042 1511.885051 -2653.78665
3806.677184 2471.984634 -110368.885745 22238.241826 -3980.292726 -3093.901734 -34254.231817 2061.036263 -2707.27942
3810.897365 2442.521744 -115054.123314 35354.878718 -3969.386144 -3091.145787 -34121.430647 4278.955221 -2769.234471
3794.521022 2481.2677 -103396.978244 53069.849668 -3976.479344 -3141.326756 -36432.622422 6861.369412 -2775.95078
3776.527905 2499.939957 -100814.084949 56656.204817 -3977.88219 -3157.982287 -37348.843562 9348.163398 -2685.334582
3781.127977 2499.219971 -101002.877273 29025.193767 -3976.201429 -3162.143507 -37750.126241 9658.600143 -2735.601454
3766.734381 2530.268097 -97415.722365 20889.52687 -3994.705439 -3126.805353 -34778.711514 10842.954869 -2706.435785
3773.53137 2506.940918 -100018.501014 14624.773049 -3992.187319 -3098.245974 -33486.085594 11277.098508 -2644.061098
3756.983943 2473.896713 -104934.488832 12833.164329 -3990.808721 -3048.503728 -30051.14867 10270.905403 -2599.859624
3791.583037 2473.942108 -108247.975738 2571.143335 -3986.063447 -3268.91623 -46282.949003 7128.85793 -2678.03061
3790.102425 2470.308075 -109252.783936 1081.260224 -3995.074577 -3506.150322 -66024.589145 3206.048228 -2815.975456
3821.433606 2492.023621 -107310.875894 491.637584 -3971.887317 -3244.181323 -45258.275856 3716.708706 -2840.402942
3834.993219 2518.61412 -104432.819277 122.629415 -3967.978277 -2989.613714 -28058.24907 4050.882779 -2487.748785
3800.985 2556.288605 -99926.013056 -3.850622 -4023.22612 -2923.713791 -21534.687263 5630.126275 -2534.419663
3799.222336 2655.658875 -85714.197603 -2429.270713 -4027.974319 -2748.780594 -13422.577971 1904.401317 -2642.866592
3799.25673 2809.208298 -64074.503567 -75.841842 -4030.203109 -2570.800948 -6832.736606 549.853337 -2544.786544
3812.243553 2899.081955 -56532.515979 -7179.527593 -4025.22776 -2381.697792 -2082.503113 61.65165 -2302.515968
3762.227027 3029.967804 -45120.459007 -11180.254941 -4050.844262 -2218.664544 -71.029892 -1118.448744 -2063.545678
3753.745899 3293.085747 -26438.080869 -9116.122411 -3990.276318 -2022.813396 689.401648 -113.511045 -1812.280865
3664.227934 3414.647141 -17404.673194 -14823.037643 -3957.487764 -1863.363619 3369.206619 -931.998041 -1627.959871
3618.460059 3621.121311 -9154.285878 -23322.035328 -3875.892968 -1573.376184 12401.280986 -2008.095588 -1290.396676
3490.985446 3556.820621 -9531.455365 -35251.072034 -3834.652371 -1361.659665 23432.81252 -5454.933635 -1199.755368
3332.490988 3533.858948 -8952.755266 -44999.103701 -3761.283121 -1137.419138 39939.59995 -5861.2553 -792.785959
3351.189146 3535.425072 -9446.656214 -66014.530025 -3542.196169 -857.397585 58393.489425 -9189.106706 -501.425371
3280.152764 3521.989155 -8436.282104 -77511.172979 -3453.574347 -666.674247 74608.600997 -10873.084997 -650.719771
3171.473117 3476.246223 -11303.962616 -78002.160823 -3361.140103 -453.815656 100076.711178 -13553.456108 -826.118817
3218.043466 3531.712761 -10846.345579 -89126.005601 -3028.622794 -122.666736 130099.859606 -10898.30818 -130.655694
3178.311353 3431.947613 -10603.497619 -94631.248224 -2918.98479 -45.037599 137407.495032 -10288.295542 136.401401
3181.852412 3420.285282 -11373.167441 -92762.435242 -2839.500737 -8.609204 140464.644893 -10911.170245 173.099952
3192.833748 3380.125618 -12088.58351 -96176.389459 -2787.247734 -17.390251 138120.280915 -11288.748998 191.07625
3184.97221 3381.762466 -11884.581112 -100179.053135 -2791.112995 -51.130714 132935.271122 -10289.453754 142.712088
3240.542049 3222.880764 -11821.190158 -136835.20851 -2784.043522 -283.593121 99693.449406 -8927.352874 241.975975
3249.962416 3223.445702 -13732.625184 -123511.913755 -2832.212267 -445.637293 79989.93388 -8003.383287 -107.773561
3249.945097 3223.440094 -13732.737222 -123513.288096 -2832.374544 -445.981417 79952.431262 -7997.969729 -108.455229
3236.229773 3249.799252 -13764.153402 -118393.528247 -2989.641809 -628.315744 68267.990562 -6100.510358 -531.965647
3257.472234 3281.996078 -12802.11446 -117251.43962 -3039.668574 -656.06689 65958.999601 -2933.25859 -556.10023
3268.36066 3279.68586 -14009.090904 -119599.207947 -3185.562375 -778.000424 58779.093089 -4439.532299 -661.719906
3230.362744 3261.089993 -15612.223608 -111118.443573 -3227.268176 -817.620807 54832.845361 -6167.85435 -632.770419
3193.191013 3261.139488 -16402.407371 -104872.91933 -3248.673916 -725.584316 61712.091658 -3176.233444 -612.102261
3129.040117 3319.622021 -15311.584648 -129875.367804 -3219.056807 -598.003798 78804.04331 -5033.758017 -388.411779
3109.82975 3326.285534 -12820.743856 -101632.294884 -3181.390648 -516.916389 83450.21 -4324.95409 -315.323257
3073.523395 3338.83709 -11150.626592 -100864.946227 -3097.671978 -362.117741 100423.915538 -6302.944903 -98.900435
3056.743288 3337.146664 -10459.52497 -100103.466564 -3083.67938 -326.057463 105706.891168 -6410.476972 -220.486555
3030.991253 3348.497677 -9205.329667 -99540.338917 -3027.15511 -247.836968 116869.2189 -7062.802464 -160.518109
3045.272064 3332.517586 -8826.678961 -99586.668732 -2849.221649 -45.534 138515.084442 -7197.462855 -473.682518
3054.133453 3255.622082 -11878.27619 -96109.796447 -2739.854584 -29.092798 138190.144981 -6544.488121 102.326951
3045.468082 3284.321938 -10935.860682 -98138.844246 -2646.471615 35.79874 144147.781521 -6172.35229 71.571957
3049.88225 3290.695152 -10608.774495 -97944.049302 -2607.127333 30.745678 142877.926827 -6432.059653 76.810678
3049.907312 3290.687237 -10610.330674 -97957.536591 -2607.114172 30.612316 142858.981281 -6429.637322 76.452309
3112.272072 3286.851749 -11604.735971 -104551.053702 -2585.27401 -85.234451 126305.075693 -6702.755931 57.902448
3119.73896 3213.758945 -15651.728701 -102621.846341 -2707.71801 -286.730957 103042.42372 -2835.434903 -125.845795
3124.332132 3220.783081 -14861.477995 -100276.181077 -2737.52883 -322.83309 98806.800746 -2512.492718 -228.790731
3077.207446 3214.644642 -14280.952213 -69600.594012 -2795.438733 -489.343839 81272.087965 -2604.5106 -411.694341
3133.032007 3247.710571 -12121.101528 -90147.429273 -2893.939734 -617.924719 68383.553919 -1948.585127 -557.172422
3156.214938 3362.293758 -10127.193631 -58298.027054 -3104.469876 -780.78877 56594.667414 -3310.542688 -677.281919
3087.683949 3431.557083 -6638.292582 -42293.822256 -3148.532481 -808.130031 56463.600979 -3608.045326 -709.643626
3129.115168 3668.529299 -862.058234 -25550.743499 -3264.753851 -884.886144 52202.675789 -5052.894422 -632.3356
3107.755079 3814.1222 555.473186 -18443.828332 -3289.189196 -857.92119 56364.347109 -6829.176873 -636.823931
3077.477472 3895.548649 3216.407365 -9150.391092 -3090.289862 -696.925833 66409.176271 -10658.32072 -491.754363
2917.126104 3962.877769 8224.822275 -191.751438 -3035.837458 -697.019252 67086.176664 -20482.493772 -525.024241
2850.387495 3944.957695 8840.868375 6748.012393 -2921.196978 -760.51018 60628.53037 -32621.749819 -359.888003
2760.061445 4123.015442 23320.647923 13953.371242 -2846.019182 -789.716692 57088.355628 -41167.129217 -561.338968
2542.592745 4369.188385 42249.962661 61474.311607 -2680.596342 -713.681822 65061.038553 -61941.368962 -577.366858
2473.2897 4495.436707 58150.20653 43210.271831 -2572.831669 -596.019459 70478.901057 -70248.324494 -398.387737
2330.853133 4549.923782 67103.452457 79211.327511 -2501.102128 -598.453202 72072.321572 -80750.005547 -349.201112
2222.891862 4557.997742 72651.906115 89635.267989 -2482.075636 -632.690489 72969.99591 -89601.111542 -361.104147
2167.22123 4590.401077 77244.718381 99456.886908 -2476.117088 -612.443611 75836.285221 -92656.623864 -275.816299
2032.008109 4639.126282 76219.607577 100991.583545 -2459.840798 -618.341546 80205.755352 -94833.243485 -283.100228
2031.335359 4640.61615 76104.102193 99648.579289 -2457.045531 -615.802627 80706.487673 -96248.375686 -284.834743
2098.445606 4635.754471 74291.500352 106235.275583 -2434.898205 -577.641468 84181.574742 -99033.977401 -265.109272
2098.721056 4635.781403 74294.421425 106687.269173 -2435.124617 -577.111006 84300.594787 -98995.765922 -264.438238
2098.734603 4635.802383 74302.60316 106750.769308 -2435.092149 -577.12729 84313.241367 -99013.464971 -264.486032
2098.734603 4635.802383 74302.60316 106750.769308 -2435.092149 -577.12729 84313.241367 -99013.464971 -264.486032
2029.563179 4532.651443 74599.000273 116344.251141 -2486.128044 -658.27652 86071.46516 -99024.370588 -321.901989
2032.114086 4530.749207 74269.042731 114358.792622 -2487.066059 -660.623875 85600.019357 -98654.947667 -317.901001
2030.496721 4531.7659 74290.445871 100002.110523 -2489.752607 -680.731649 83692.062314 -97983.930786 -342.215891
2030.497103 4531.764526 74291.051893 100000.0 -2489.743834 -680.751371 83689.602258 -97984.407526 -342.233324
2030.497103 4531.764526 74291.051893 100000.0 -2489.743834 -680.751371 83689.602258 -97984.407526 -342.233324
2030.494757 4531.762543 74291.46399 100000.923351 -2489.740381 -680.76272 83688.706247 -97985.127935 -342.242899
2002.453899 4511.639938 73815.613442 101437.640154 -2493.604603 -742.561588 80386.835559 -100588.747572 -373.209534
2001.967688 4511.145248 73234.138352 98859.177083 -2496.319666 -723.200846 81714.034023 -99949.113248 -355.903425
1999.890976 4512.585526 73157.50212 98316.134156 -2498.810043 -722.946205 81925.993328 -100012.723711 -355.332031
1996.983376 4515.301132 73046.769337 97636.932791 -2501.578178 -719.224091 82671.927219 -100393.88919 -351.24691
1996.969509 4515.580063 73032.636206 97643.417271 -2501.677799 -718.628407 82746.109916 -100445.573373 -350.508633
2009.044065 4555.651703 67127.518318 98261.438133 -2477.176027 -662.76227 87784.157823 -103110.926947 -321.902971
2006.386337 4564.931107 67112.62209 99108.720692 -2472.283707 -651.422729 89444.621071 -105297.488704 -293.697281
2007.359819 4565.460815 67131.596923 99253.025837 -2472.044477 -649.633398 89583.633859 -105296.511266 -291.916647
2008.845453 4565.80658 67164.184133 99141.914056 -2469.883337 -650.875425 89294.981357 -105802.826117 -291.174803
2009.186411 4565.854263 67165.532501 99146.77369 -2469.569845 -651.260748 89223.304031 -105880.24312 -291.18926
2009.20002 4565.848694 67166.120255 99147.660257 -2469.552727 -651.27964 89219.818184 -105882.665955 -291.19853
2010.944023 4565.586853 67181.333619 99278.127386 -2467.974434 -653.001976 88856.639732 -106114.439024 -292.020397
2010.949469 4565.587311 67181.310567 99278.357388 -2467.970362 -653.005724 88855.662893 -106114.97925 -292.023153
2010.964804 4565.582733 67181.356671 99279.44169 -2467.957926 -653.018923 88852.612881 -106115.971504 -292.03227
2010.964804 4565.582733 67181.356671 99279.44169 -2467.957926 -653.018923 88852.612881 -106115.971504 -292.03227
2010.964804 4565.582733 67181.356671 99279.44169 -2467.957926 -653.018923 88852.612881 -106115.971504 -292.03227
2074.083443 4562.849884 65887.384979 98539.260472 -2404.335289 -629.086418 85570.999689 -100405.471125 -294.342728
2090.710154 4496.955795 66796.40194 94966.966788 -2384.602041 -518.138609 90918.433719 -84535.336018 -227.060308
2090.916805 4496.865005 66788.012416 94930.495738 -2384.645634 -518.199406 90875.19967 -84481.547409 -227.08847
2090.916805 4496.865005 66788.012416 94930.495738 -2384.645634 -518.199406 90875.19967 -84481.547409 -227.08847
2090.944071 4496.854782 66786.840223 94913.628238 -2384.640646 -518.228445 90867.330187 -84480.111182 -227.055922
2110.059943 4520.112686 66320.093527 69319.470183 -2483.181481 -566.144891 87644.367005 -80819.324167 -705.981393
2094.746313 4581.440735 67710.628378 62475.489316 -2576.991358 -801.305628 68104.40882 -77423.70451 -680.331163
2137.442636 4578.321457 64640.870274 49448.425684 -2599.880819 -864.556036 62753.649993 -81000.340987 -618.196096
2119.740419 4549.604263 63479.881715 38989.784396 -2620.624113 -869.562864 61457.909122 -77865.507032 -723.94824
2132.951603 4532.324219 60526.863545 34493.55673 -2597.72604 -916.02972 56152.837051 -81780.353838 -718.659191
2207.982492 4354.268188 47195.648192 13344.552826 -2591.437674 -1083.611288 43211.229933 -83002.023707 -737.996206
2223.415155 4289.276047 42863.787029 9289.938553 -2563.366766 -1101.408911 40084.197497 -80424.128412 -726.883535
2262.917342 4234.781265 40705.098767 9876.918079 -2560.892167 -1145.370317 36273.531485 -76719.671155 -746.350083
2217.472744 4089.563141 31658.881786 2066.910968 -2489.403324 -1276.582813 29216.271659 -69116.334204 -831.353397
2235.698175 4070.627899 31674.170076 45.547547 -2524.908056 -1312.398214 26798.407969 -59558.210387 -876.223822
2282.05461 4036.832428 26993.275727 -214.090766 -2465.742021 -1078.36905 40997.872017 -53295.302144 -810.865998
2339.915485 4066.487961 27719.20075 -8359.421913 -2460.98402 -1105.178432 35953.774177 -29598.559568 -593.459721
2416.749989 4056.263428 25897.864323 -5583.204094 -2439.335216 -903.453029 50602.552701 -17983.689118 -567.235721
2483.445336 4034.750061 25109.023238 -29551.819343 -2521.066383 -730.79348 63774.80612 -12474.09753 -358.86084
2430.700542 3991.265755 21517.990376 -27523.251544 -2568.340138 -546.478642 82965.285079 -4696.977419 -502.206181
2432.282102 3992.060738 21581.624296 -27503.225038 -2568.524935 -545.631067 83099.69634 -4695.363634 -500.290072
2508.057945 3999.813271 20970.358945 -24145.164504 -2541.39396 -556.955903 79298.958669 -5297.16325 -389.727547
2481.446598 3987.803001 19550.339071 -16111.994306 -2486.373837 -577.286732 77255.262148 -6856.771013 -411.474774
2481.583521 3987.864418 19558.379364 -16013.845809 -2486.315801 -577.282217 77257.141493 -6873.475349 -411.748312
2440.131881 4028.055038 24337.231508 -5830.769738 -2496.916764 -883.023942 49514.331822 -9814.939092 -772.768891
2478.612199 4036.691895 27713.404048 -9449.95326 -2492.49208 -842.230239 51296.201495 -21651.32542 -483.332648
2595.928445 3982.588882 26663.379447 -6664.052986 -2457.045341 -823.397574 50867.638104 -24085.109574 -464.272971
2511.810708 4000.722885 27638.412577 -8547.220552 -2580.129447 -875.157828 49229.684609 -26857.500165 -446.443381
2530.973687 4011.99852 28224.541816 -9509.075625 -2551.672797 -874.421287 48372.801638 -32153.931374 -369.594245
2550.003939 4007.561874 27445.502949 -12345.71426 -2569.281797 -825.52577 51091.989668 -32817.335927 -342.871504
2511.745102 3974.339752 24116.788581 -15701.570211 -2610.605514 -808.178527 55108.125379 -32415.782038 -401.98056
2454.875299 3960.130997 23035.880547 -17886.475583 -2625.561865 -850.150641 54754.570124 -30809.495721 -450.619314
2454.023552 3954.453163 21826.231972 -11944.687492 -2580.631447 -750.279961 60594.958593 -28334.495913 -420.256042
2425.652282 3944.085693 19855.619256 -22571.16459 -2537.235596 -494.566033 86913.397444 -21214.729534 -422.031434
2419.009166 3948.93486 19235.753344 -30101.497812 -2506.578298 -482.712483 87199.627225 -12374.82893 -191.054235
2303.027315 3842.428284 11773.826039 -50565.946424 -2536.931487 -555.56201 81559.158936 -14455.245004 -265.077677
2267.461683 3811.181526 8589.539142 -45766.596505 -2514.248522 -588.756006 79660.746505 -13952.021903 -243.630369
2266.443094 3813.468704 8722.153998 -46009.171649 -2515.793539 -589.369169 79839.476075 -13956.07886 -242.051264
2266.220872 3814.707832 8819.411042 -46049.596973 -2516.675551 -587.771895 80156.336236 -13969.750317 -239.308627
2266.203357 3814.717026 8819.997794 -46067.548654 -2516.681012 -587.742566 80160.219678 -13971.266447 -239.264725
2266.203357 3814.717026 8819.997794 -46067.548654 -2516.681012 -587.742566 80160.219678 -13971.266447 -239.264725
2324.185956 3856.39164 12813.863055 -44654.907876 -2524.325397 -477.110431 89240.19731 -14404.302472 -87.385223
2440.710621 3884.160042 14854.02771 -33194.358541 -2566.013775 -511.121769 83700.822807 -13733.91026 -256.427536
2386.487238 3993.122673 18266.943316 -32525.128979 -2544.916265 -697.057226 65980.833825 -15619.649436 -451.458929
2446.211319 4019.227867 22825.856458 -22016.501349 -2579.62532 -870.658875 49236.047687 -14547.856209 -334.068985
2404.265516 4007.02198 22405.937921 -18178.918521 -2545.22362 -977.725985 42097.513183 -14361.45718 -687.355044
2397.458916 4059.851379 25171.74702 -5555.322162 -2640.713692 -1219.897423 26181.405511 -15447.262519 -594.520149
2420.818443 4037.166901 26874.290194 -942.349031 -2675.32032 -1307.229195 21898.259846 -8178.83753 -1017.392006
2340.472913 4074.58168 31217.213177 1893.480244 -2805.670275 -1566.970477 10997.407853 -2821.68894 -1236.455493
2412.004716 4113.570786 37060.587169 6642.360669 -2822.697737 -1629.236434 7940.519551 -83.743302 -1255.169585
2367.927718 4105.485458 35117.518155 23783.700934 -2995.755754 -2137.575974 25.978504 795.110702 -1710.031571
2276.920033 4216.343994 44670.878604 32164.407396 -2998.550549 -2383.506908 -1547.119802 3232.77747 -2017.286663
2204.924221 4314.54895 56054.212823 43431.878501 -3038.982487 -2504.437962 -3108.59221 9470.918681 -2598.312321
2157.245951 4402.257004 64676.601858 38101.427014 -3125.79421 -2830.461569 -12106.320332 16415.337048 -2741.649923
2144.233761 4378.462601 70705.938881 55234.01187 -3172.275333 -3042.467899 -21286.75285 23009.600064 -3081.325016
2127.538748 4420.601273 72951.49332 74727.976022 -3226.762857 -3278.22526 -34704.115921 30523.611496 -2940.172586
2065.819607 4422.252884 72161.847758 81866.394004 -3279.91312 -3359.496861 -38001.119193 29551.518406 -2853.48093
2032.147675 4358.837585 71124.940945 72555.920167 -3263.71994 -3664.83139 -63183.043641 39517.081683 -3626.244659
2038.559637 4374.211197 70430.556863 84197.479994 -3268.080072 -3786.928339 -76037.054083 46067.199878 -3562.546625
2043.103065 4374.665527 70336.637549 85112.874524 -3265.798759 -3804.455986 -78294.23475 46833.228705 -3605.354424
2081.589127 4407.732391 69830.172981 91680.415765 -3265.554886 -3860.286331 -85567.429809 53209.588562 -3728.150406
2082.647438 4407.581024 69814.427589 91827.615236 -3264.635735 -3862.387505 -85896.465519 53378.02572 -3729.174004
2117.746744 4419.649429 68809.237123 93921.737562 -3228.9363 -3978.089743 -100621.965655 67560.211007 -3622.383566
2120.214663 4419.138031 68852.648455 94676.068336 -3225.117369 -3977.88043 -100944.197169 68032.855358 -3623.373594
2137.828474 4477.500305 68475.692552 95168.020557 -3161.378832 -3959.793444 -101270.60475 75818.166378 -3566.073351
2135.613079 4550.000076 69621.432492 80195.344126 -3151.743793 -3946.99892 -99367.130271 79799.564314 -3574.911518
2146.257544 4519.967575 69983.642418 82188.715625 -3126.607294 -3840.845575 -89628.751084 92185.460427 -3714.034967
2122.405152 4527.738571 72971.264288 83391.13622 -3126.697631 -3789.871459 -82830.323608 96283.494976 -3626.795592
2081.472025 4551.698227 76498.434826 84588.018227 -3070.344687 -3809.545736 -84015.417377 98978.179192 -3945.297995
2095.292144 4537.656021 78236.409301 82898.839292 -3030.137849 -3854.845796 -91025.574713 97969.792261 -3907.49167
2100.194445 4552.53418 78741.502101 82151.050908 -3024.608564 -3856.540937 -92242.376314 97837.90589 -3801.557722
2100.191817 4552.550659 78740.254282 82137.690976 -3024.650712 -3856.456132 -92231.222815 97830.643813 -3801.054826
2100.191991 4552.55394 78738.993994 82129.278064 -3024.672205 -3856.414454 -92226.183805 97826.790576 -3800.866358
2111.25819 4569.842529 79602.847077 80989.284354 -3038.399098 -3868.310597 -95087.038923 97814.913767 -3581.398365
2111.25819 4569.842529 79602.847077 80989.284354 -3038.399098 -3868.310597 -95087.038923 97814.913767 -3581.398365
2097.850075 4581.985703 81659.237895 80575.062896 -3036.849785 -3914.181938 -100682.362375 99038.582872 -3543.604851
2096.922066 4581.59729 81751.887875 80725.506748 -3037.772911 -3910.622642 -100130.378286 98821.845709 -3538.706443
2096.582396 4581.813812 81793.164464 80723.862361 -3038.25403 -3910.032289 -100004.162674 98757.126118 -3537.80237
2096.577539 4581.814575 81793.647739 80725.684521 -3038.26087 -3910.004644 -100000.0 98755.46692 -3537.771063
2096.577539 4581.814575 81793.647739 80725.684521 -3038.26087 -3910.004644 -100000.0 98755.46692 -3537.771063
2096.577539 4581.814575 81793.647739 80725.684521 -3038.26087 -3910.004644 -100000.0 98755.46692 -3537.771063
2096.577539 4581.814575 81793.647739 80725.684521 -3038.26087 -3910.004644 -100000.0 98755.46692 -3537.771063
2130.556999 4563.994064 81446.909571 82109.465341 -3002.467903 -3877.677253 -100161.043162 96895.35843 -3538.333992
2130.994132 4562.577438 81433.153329 81376.736157 -3000.679147 -3868.90516 -99406.222517 96685.65302 -3529.111764
2142.787097 4557.68074 81463.33229 82474.545796 -2993.583143 -3873.003614 -100836.787971 98230.691643 -3530.581434
2142.822597 4557.673187 81470.554242 82516.822812 -2993.555729 -3872.867558 -100822.913623 98228.930799 -3530.437138
2173.317299 4546.299515 81029.233914 81639.533694 -2967.143211 -3831.791039 -98987.453955 100110.366163 -3514.487572
2173.113327 4529.146957 80493.338664 81453.563651 -2959.832382 -3833.107834 -99742.118344 100896.218066 -3533.939743
2165.503073 4553.330536 81868.623519 81554.920068 -2974.314585 -3823.074045 -97732.440424 100634.162262 -3560.944834
2185.401316 4556.516266 82855.726869 82153.367338 -2953.166647 -3804.823446 -97645.349744 101567.81912 -3539.064169
2188.844099 4546.449585 81955.650675 81431.645374 -2958.547106 -3798.558397 -97489.589247 101476.027566 -3525.827379
2189.636879 4546.774445 82363.503223 81419.236741 -2956.557121 -3802.145805 -97975.351333 102205.895409 -3512.219963
2189.871016 4536.281815 81309.272624 81268.058352 -2959.854326 -3814.791155 -99372.709425 101542.99076 -3518.079424
2184.924269 4546.10527 82367.242534 81687.095048 -2957.437944 -3811.468401 -98342.190888 101162.726699 -3522.634783
2182.400551 4545.101852 82627.799125 81518.308975 -2959.526176 -3820.667839 -99080.816385 101166.731203 -3530.996208
2182.638869 4545.104218 82624.258419 81508.215943 -2959.579453 -3819.500413 -98984.460959 101119.349656 -3529.548936
2183.183479 4545.267105 82581.967556 81418.537482 -2959.240837 -3817.490044 -98845.197494 101105.251429 -3527.06768
2183.193064 4545.262604 82579.5268 81415.383413 -2959.237051 -3817.436819 -98840.885128 101103.335868 -3526.977835
2195.502634 4532.08107 81543.972304 81532.079975 -2939.471579 -3808.508749 -99402.909316 101075.702152 -3511.17568
2202.973928 4534.91478 81868.279982 81868.721336 -2939.573832 -3778.273478 -96545.022835 100056.402338 -3523.519449
2202.612247 4539.642715 82777.344896 81118.356975 -2939.808407 -3780.895443 -97108.14299 102060.936566 -3528.212643
2209.973278 4518.726959 81616.584966 79989.362929 -2937.423115 -3782.595234 -97854.827069 101714.478323 -3481.143208
]