Naoki.s_a_f_e.907 [ 440.14543765134533 -1.128755962425383 0.08923252732990886 -1.2471283183311956 0.03192829648766102 -1.271612339956979 -0.12182181887690206 -0.05743558109484943 0.16202931473560447 0.06482257223481824 -0.006754353009182379 0.0383095505146117 -0.009176109003634057 -0.07270751349124321 -0.001691971388090782 0.008505389195161502
440.1454376513456 -1.1287559624257282 0.0892325273301956 -1.2471283183312392 0.031928296487572796 -1.271612339956953 -0.12182181887691772 -0.05743558109481682 0.1620293147355865 0.06482257223486347 -0.006754353009180892 0.03830955051460845 -0.009176109003638315 -0.07270751349124124 -0.001691971388087577 0.008505389195159193
440.1454376513456 -1.1287559624254815 0.08923252732998635 -1.2471283183312258 0.03192829648760345 -1.2716123399569763 -0.12182181887688708 -0.0574355810948292 0.16202931473559032 0.06482257223483162 -0.0067543530091846524 0.03830955051461333 -0.009176109003645292 -0.07270751349123909 -0.0016919713881102649 0.008505389195172467
440.1454376513456 -1.1287559624254153 0.08923252732997353 -1.247128318331191 0.03192829648756952 -1.2716123399569772 -0.12182181887685802 -0.0574355810948667 0.16202931473559443 0.06482257223482439 -0.006754353009181591 0.03830955051460713 -0.009176109003652773 -0.07270751349124553 -0.0016919713881103848 0.00850538919517675
440.1454376513456 -1.12875596242543 0.08923252732998363 -1.2471283183311486 0.031928296487687365 -1.271612339957028 -0.1218218188768646 -0.057435581094867065 0.16202931473559376 0.0648225722348528 -0.006754353009167784 0.03830955051459972 -0.009176109003644432 -0.07270751349124273 -0.0016919713880985095 0.008505389195151996
440.1454376513456 -1.1287559624254215 0.08923252732997237 -1.247128318331252 0.031928296487622264 -1.2716123399570125 -0.12182181887687245 -0.0574355810948622 0.1620293147356034 0.06482257223484364 -0.006754353009179727 0.03830955051460891 -0.009176109003647443 -0.07270751349124323 -0.0016919713880985223 0.008505389195171924
440.1454376513456 -1.1287559624254182 0.08923252732997293 -1.2471283183312034 0.031928296487626635 -1.2716123399569679 -0.1218218188769163 -0.057435581094890414 0.16202931473562976 0.06482257223483176 -0.0067543530091737445 0.0383095505146116 -0.009176109003636234 -0.07270751349122341 -0.0016919713880799167 0.008505389195167015
440.1454376513456 -1.1287559624254182 0.08923252732997303 -1.2471283183311999 0.03192829648761972 -1.2716123399569639 -0.1218218188768575 -0.05743558109482602 0.16202931473562304 0.06482257223483139 -0.006754353009201721 0.03830955051462346 -0.009176109003656677 -0.07270751349124104 -0.001691971388123398 0.00850538919519642
440.1454376513456 -1.1287559624254182 0.08923252732997301 -1.2471283183312012 0.03192829648762358 -1.2716123399569652 -0.12182181887688885 -0.05743558109484855 0.162029314735563 0.06482257223489331 -0.006754353009224315 0.038309550514626735 -0.009176109003644947 -0.07270751349123426 -0.0016919713881057865 0.008505389195170559
440.1454376513456 -1.1287559624254182 0.08923252732997301 -1.2471283183312007 0.03192829648762301 -1.2716123399569652 -0.12182181887688479 -0.057435581094846686 0.16202931473559143 0.06482257223482313 -0.0067543530091616925 0.03830955051459966 -0.009176109003650847 -0.07270751349124727 -0.0016919713881154944 0.008505389195185903
440.1454376513456 -1.1287559624254182 0.08923252732997301 -1.2471283183312005 0.03192829648762282 -1.2716123399569648 -0.12182181887688306 -0.05743558109484561 0.16202931473560003 0.06482257223483157 -0.006754353009196289 0.038309550514636026 -0.00917610900367223 -0.07270751349123872 -0.001691971388132339 0.008505389195187153
440.1454376513456 -1.1287559624254182 0.089232527329973 -1.2471283183312007 0.03192829648762293 -1.2716123399569652 -0.12182181887688373 -0.057435581094846304 0.16202931473559504 0.06482257223482575 -0.006754353009175339 0.03830955051461273 -0.00917610900363324 -0.07270751349121418 -0.0016919713880949067 0.008505389195179652
440.1454376513456 -1.1287559624254182 0.089232527329973 -1.2471283183312007 0.03192829648762286 -1.271612339956965 -0.12182181887688331 -0.05743558109484577 0.16202931473559568 0.06482257223483669 -0.006754353009182733 0.038309550514607445 -0.00917610900365338 -0.07270751349123165 -0.0016919713881187706 0.008505389195132612
440.1454376513456 -1.1287559624254182 0.089232527329973 -1.2471283183312007 0.03192829648762299 -1.271612339956965 -0.1218218188768841 -0.0574355810948468 0.16202931473559648 0.06482257223481243 -0.006754353009173674 0.038309550514622086 -0.009176109003645393 -0.07270751349116593 -0.0016919713881049603 0.008505389195184454
440.1454376513456 -1.1287559624254182 0.089232527329973 -1.2471283183312007 0.03192829648762281 -1.271612339956965 -0.12182181887688305 -0.05743558109484531 0.16202931473559723 0.0648225722348428 -0.006754353009179265 0.03830955051461038 -0.009176109003638074 -0.07270751349123715 -0.0016919713881083538 0.008505389195152617
440.1454376513456 -1.1287559624254182 0.089232527329973 -1.2471283183312007 0.031928296487622805 -1.2716123399569652 -0.12182181887688294 -0.0574355810948452 0.16202931473559726 0.06482257223484512 -0.006754353009179848 0.03830955051460934 -0.009176109003631758 -0.07270751349123426 -0.0016919713881162848 0.008505389195126903
440.1454376513456 -1.1287559624254182 0.089232527329973 -1.2471283183312007 0.03192829648762282 -1.2716123399569652 -0.1218218188768831 -0.05743558109484536 0.1620293147355972 0.06482257223484139 -0.0067543530091786754 0.03830955051461123 -0.00917610900364166 -0.07270751349123913 -0.00169197138810521 0.008505389195172294
440.1454376513456 -1.1287559624254182 0.089232527329973 -1.2471283183312007 0.03192829648762282 -1.2716123399569652 -0.12182181887688315 -0.05743558109484543 0.16202931473559712 0.06482257223484038 -0.006754353009178587 0.038309550514611414 -0.009176109003641691 -0.07270751349123675 -0.0016919713880907564 0.008505389195158364
440.1454376513456 -1.1287559624254182 0.089232527329973 -1.2471283183312007 0.03192829648762281 -1.2716123399569652 -0.12182181887688313 -0.05743558109484538 0.16202931473559712 0.06482257223484111 -0.006754353009178668 0.038309550514611386 -0.00917610900364133 -0.07270751349124008 -0.0016919713880959868 0.008505389195168559
440.1454376513456 -1.1287559624254182 0.089232527329973 -1.2471283183312007 0.03192829648762282 -1.2716123399569652 -0.12182181887688313 -0.057435581094845395 0.16202931473559715 0.06482257223484107 -0.006754353009178732 0.038309550514611344 -0.009176109003641655 -0.07270751349123933 -0.001691971388097425 0.008505389195167247
440.1454376513456 -1.1287559624254182 0.089232527329973 -1.2471283183312007 0.03192829648762282 -1.2716123399569652 -0.12182181887688313 -0.057435581094845395 0.16202931473559715 0.06482257223484107 -0.006754353009178733 0.03830955051461117 -0.009176109003641488 -0.0727075134912386 -0.0016919713880986684 0.008505389195166836
440.1454376513456 -1.1287559624254182 0.089232527329973 -1.2471283183312007 0.03192829648762282 -1.2716123399569652 -0.12182181887688313 -0.057435581094845395 0.1620293147355972 0.06482257223484107 -0.006754353009178707 0.03830955051461121 -0.009176109003641434 -0.07270751349123879 -0.0016919713880980312 0.008505389195167204
440.1454376513456 -1.1287559624254182 0.089232527329973 -1.2471283183312007 0.03192829648762282 -1.2716123399569652 -0.12182181887688313 -0.057435581094845395 0.16202931473559715 0.06482257223484109 -0.006754353009178739 0.038309550514611254 -0.009176109003641589 -0.07270751349123898 -0.0016919713880982506 0.008505389195166876
440.1454376513456 -1.1287559624254182 0.089232527329973 -1.2471283183312007 0.03192829648762282 -1.2716123399569652 -0.12182181887688313 -0.057435581094845395 0.16202931473559715 0.06482257223484107 -0.0067543530091787075 0.038309550514611226 -0.009176109003641422 -0.0727075134912389 -0.001691971388098136 0.008505389195167303
440.1454376513456 -1.1287559624254182 0.089232527329973 -1.2471283183312007 0.03192829648762282 -1.2716123399569652 -0.12182181887688313 -0.057435581094845395 0.16202931473559715 0.06482257223484109 -0.006754353009178735 0.038309550514611254 -0.009176109003641577 -0.07270751349123904 -0.0016919713880982365 0.008505389195167
440.1454376513456 -1.1287559624254182 0.089232527329973 -1.2471283183312007 0.03192829648762282 -1.2716123399569652 -0.12182181887688313 -0.057435581094845395 0.16202931473559715 0.06482257223484107 -0.006754353009178715 0.03830955051461124 -0.009176109003641502 -0.07270751349123894 -0.0016919713880981142 0.008505389195167256
440.1454376513456 -1.1287559624254182 0.089232527329973 -1.2471283183312007 0.03192829648762282 -1.2716123399569652 -0.12182181887688313 -0.057435581094845395 0.16202931473559715 0.06482257223484107 -0.006754353009178717 0.03830955051461124 -0.009176109003641509 -0.07270751349123895 -0.0016919713880981285 0.008505389195167228
440.1454376513456 -1.1287559624254182 0.089232527329973 -1.2471283183312007 0.03192829648762282 -1.2716123399569652 -0.12182181887688313 -0.057435581094845395 0.16202931473559715 0.06482257223484107 -0.006754353009178717 0.03830955051461124 -0.009176109003641509 -0.07270751349123895 -0.0016919713880981285 0.008505389195167228
440.1454376513456 -1.1287559624254182 0.089232527329973 -1.2471283183312007 0.03192829648762282 -1.2716123399569652 -0.12182181887688313 -0.057435581094845395 0.16202931473559715 0.06482257223484107 -0.006754353009178717 0.03830955051461124 -0.009176109003641509 -0.07270751349123895 -0.0016919713880981285 0.008505389195167228
440.1454376513456 -1.1287559624254182 0.089232527329973 -1.2471283183312007 0.03192829648762282 -1.2716123399569652 -0.12182181887688313 -0.057435581094845395 0.16202931473559715 0.06482257223484107 -0.006754353009178717 0.03830955051461124 -0.009176109003641509 -0.07270751349123895 -0.0016919713880981285 0.008505389195167228
440.1454376513456 -1.1287559624254182 0.089232527329973 -1.2471283183312007 0.03192829648762282 -1.2716123399569652 -0.12182181887688313 -0.057435581094845395 0.16202931473559715 0.06482257223484107 -0.006754353009178717 0.03830955051461124 -0.009176109003641509 -0.07270751349123895 -0.0016919713880981285 0.008505389195167228
440.1454376513456 -1.1287559624254182 0.089232527329973 -1.2471283183312007 0.03192829648762282 -1.2716123399569652 -0.12182181887688313 -0.057435581094845395 0.16202931473559715 0.06482257223484107 -0.006754353009178717 0.03830955051461124 -0.009176109003641509 -0.07270751349123895 -0.0016919713880981285 0.008505389195167228
440.1454376513456 -1.1287559624254182 0.089232527329973 -1.2471283183312007 0.03192829648762282 -1.2716123399569652 -0.12182181887688313 -0.057435581094845395 0.16202931473559715 0.06482257223484107 -0.006754353009178717 0.03830955051461124 -0.009176109003641509 -0.07270751349123895 -0.0016919713880981285 0.008505389195167228
440.1454376513456 -1.1287559624254182 0.089232527329973 -1.2471283183312007 0.03192829648762282 -1.2716123399569652 -0.12182181887688313 -0.057435581094845395 0.16202931473559715 0.06482257223484107 -0.006754353009178717 0.03830955051461124 -0.009176109003641509 -0.07270751349123895 -0.0016919713880981285 0.008505389195167228
440.1454376513456 -1.1287559624254182 0.089232527329973 -1.2471283183312007 0.03192829648762282 -1.2716123399569652 -0.12182181887688313 -0.057435581094845395 0.16202931473559715 0.06482257223484107 -0.006754353009178717 0.03830955051461124 -0.009176109003641509 -0.07270751349123895 -0.0016919713880981285 0.008505389195167228
440.1454376513456 -1.1287559624254182 0.089232527329973 -1.2471283183312007 0.03192829648762282 -1.2716123399569652 -0.12182181887688313 -0.057435581094845395 0.16202931473559715 0.06482257223484107 -0.006754353009178717 0.03830955051461124 -0.009176109003641509 -0.07270751349123895 -0.0016919713880981285 0.008505389195167228
440.1454376513456 -1.1287559624254182 0.089232527329973 -1.2471283183312007 0.03192829648762282 -1.2716123399569652 -0.12182181887688313 -0.057435581094845395 0.16202931473559715 0.06482257223484107 -0.006754353009178717 0.03830955051461124 -0.009176109003641509 -0.07270751349123895 -0.0016919713880981285 0.008505389195167228
440.1454376513456 -1.1287559624254182 0.089232527329973 -1.2471283183312007 0.03192829648762282 -1.2716123399569652 -0.12182181887688313 -0.057435581094845395 0.16202931473559715 0.06482257223484107 -0.006754353009178717 0.03830955051461124 -0.009176109003641509 -0.07270751349123895 -0.0016919713880981285 0.008505389195167228
440.1454376513456 -1.1287559624254182 0.089232527329973 -1.2471283183312007 0.03192829648762282 -1.2716123399569652 -0.12182181887688313 -0.057435581094845395 0.16202931473559715 0.06482257223484107 -0.006754353009178717 0.03830955051461124 -0.009176109003641509 -0.07270751349123895 -0.0016919713880981285 0.008505389195167228
440.1454376513456 -1.1287559624254182 0.089232527329973 -1.2471283183312007 0.03192829648762282 -1.2716123399569652 -0.12182181887688313 -0.057435581094845395 0.16202931473559715 0.06482257223484107 -0.006754353009178717 0.03830955051461124 -0.009176109003641509 -0.07270751349123895 -0.0016919713880981285 0.008505389195167228
440.1454376513456 -1.1287559624254182 0.089232527329973 -1.2471283183312007 0.03192829648762282 -1.2716123399569652 -0.12182181887688313 -0.057435581094845395 0.16202931473559715 0.06482257223484107 -0.006754353009178717 0.03830955051461124 -0.009176109003641509 -0.07270751349123895 -0.0016919713880981285 0.008505389195167228
440.1454376513456 -1.1287559624254182 0.089232527329973 -1.2471283183312007 0.03192829648762282 -1.2716123399569652 -0.12182181887688313 -0.057435581094845395 0.16202931473559715 0.06482257223484107 -0.006754353009178717 0.03830955051461124 -0.009176109003641509 -0.07270751349123895 -0.0016919713880981285 0.008505389195167228
440.1454376513456 -1.1287559624254182 0.089232527329973 -1.2471283183312007 0.03192829648762282 -1.2716123399569652 -0.12182181887688313 -0.057435581094845395 0.16202931473559715 0.06482257223484107 -0.006754353009178717 0.03830955051461124 -0.009176109003641509 -0.07270751349123895 -0.0016919713880981285 0.008505389195167228
440.1454376513456 -1.1287559624254182 0.089232527329973 -1.2471283183312007 0.03192829648762282 -1.2716123399569652 -0.12182181887688313 -0.057435581094845395 0.16202931473559715 0.06482257223484107 -0.006754353009178717 0.03830955051461124 -0.009176109003641509 -0.07270751349123895 -0.0016919713880981285 0.008505389195167228
440.1454376513456 -1.1287559624254182 0.089232527329973 -1.2471283183312007 0.03192829648762282 -1.2716123399569652 -0.12182181887688313 -0.057435581094845395 0.16202931473559715 0.06482257223484107 -0.006754353009178717 0.03830955051461124 -0.009176109003641509 -0.07270751349123895 -0.0016919713880981285 0.008505389195167228
440.1454376513456 -1.1287559624254182 0.089232527329973 -1.2471283183312007 0.03192829648762282 -1.2716123399569652 -0.12182181887688313 -0.057435581094845395 0.16202931473559715 0.06482257223484107 -0.006754353009178717 0.03830955051461124 -0.009176109003641509 -0.07270751349123895 -0.0016919713880981285 0.008505389195167228
440.1454376513456 -1.1287559624254182 0.089232527329973 -1.2471283183312007 0.03192829648762282 -1.2716123399569652 -0.12182181887688313 -0.057435581094845395 0.16202931473559715 0.06482257223484107 -0.006754353009178717 0.03830955051461124 -0.009176109003641509 -0.07270751349123895 -0.0016919713880981285 0.008505389195167228
440.1454376513456 -1.1287559624254182 0.089232527329973 -1.2471283183312007 0.03192829648762282 -1.2716123399569652 -0.12182181887688313 -0.057435581094845395 0.16202931473559715 0.06482257223484107 -0.006754353009178717 0.03830955051461124 -0.009176109003641509 -0.07270751349123895 -0.0016919713880981285 0.008505389195167228
-296.2313331390517 109.47579009034096 40.550301569326955 -3.437734028281027 1.6940067687580564 -2.113922259013983 7.579618821434487 5.484194393226555 -21.546675848299966 -10.717751132078808 5.738954695822744 -7.486606809291914 5.0777670301231845 36.42844074455573 -11.066945069730325 18.911500151557686
-304.59519461838227 72.91666133394742 16.912404579509936 -4.937831373745933 3.7477133655133787 -22.508239937589643 8.662324029525653 2.605281191776429 -26.824401287600015 -12.524016351696938 4.41909830529457 -7.994413850155365 2.6542449729918705 23.399384266263482 -6.032401443357477 -7.598933814163229
-317.1818784449224 595.4697034396559 359.24439174654066 -218.28084919399677 4.923844534169484 -168.17342291598658 -13.445921306193249 -6.120118679800189 17.996296180482048 7.676391841209897 -1.188440008866559 5.646818636241271 -1.77192955450706 -17.3053356988576 -19.07412787903394 -9.52149795293287
-313.5167078062094 538.1157953902715 318.50216635145375 -166.81737060512881 3.3974668498607667 -145.53785300160126 -13.279599909462595 -6.401982967618499 14.859247242764157 5.914892557825573 0.514485446541683 4.51716143562171 -0.540056396867857 -7.313773011996496 -24.41436842301509 -1.3374958861116673
-188.71759976247696 368.0174585260673 179.40312358653154 389.30048194050556 -30.94586208302299 449.97509774347054 -7.56798234800292 6.096323366501596 33.50687806516861 13.582742401619537 -6.457486948389574 5.9355590116462755 -3.1501623903434552 -22.34137906934046 10.115089473695694 -6.196310285480011
-243.206324471478 143.07361668585773 47.83434949898309 234.54895564006884 -15.057610695080722 257.55775609103256 4.110429291361282 7.062600097556308 -0.917234922600712 -1.273444886789247 0.9769715355892842 -1.4008455495132073 1.099155906569952 6.094104259742204 -1.74980554468911 1.8045098387667167
-260.20920007547863 97.19181299260214 12.88842435978069 232.4776180127352 -13.282694315181873 148.16457798088663 -3.574916674504329 -1.4347995314656536 -5.214620237943834 -3.866213398498035 7.9046301929058576 -0.5649796381910795 2.940696722230646 23.570607001387017 -11.653914237954318 21.01104592773716
-308.5996722845699 45.57175521685186 -54.766962612640164 379.99922485612393 -8.302461881715939 -342.5414499129055 -67.30714968306653 -51.105276401707776 52.92780699406249 20.911671113900628 -18.017841743482816 5.643932563809718 -8.22176317329754 -56.769183150197286 34.83677812589056 -45.13271721638622
-308.5996722845699 45.57175521685186 -54.766962612640164 379.99922485612393 -8.302461881715939 -342.5414499129055 -67.30714968306653 -51.105276401707776 52.92780699406249 20.911671113900628 -18.017841743482816 5.643932563809718 -8.22176317329754 -56.769183150197286 34.83677812589056 -45.13271721638622
-305.1714311984181 29.978927166562954 -45.32031353101103 213.62292397487698 -3.801603759105868 -205.31346051568454 -28.913672742201445 -16.557062213724258 0.07771482953413333 -5.1104422738096495 12.352073179803913 -5.987983343673472 12.441337253647232 82.15665172926009 -62.239642704923746 85.80668711613536
-299.22857648018356 15.950530788584379 -35.93102481732477 59.26230366549377 0.18360749234768 -54.4765570922114 10.364491984893933 16.61326278096155 -59.64888171588701 -33.83419660862272 57.3917188022836 -10.62858870404764 34.61242132268747 236.8747784147234 -176.7316696510018 255.01009772872175
-303.53722619821116 10.877323647182566 -31.53374039822123 39.73615626645331 4.22921835160795 -28.070675329384297 14.944037417797247 4.48437148242461 -73.75436033782967 -25.77340689489343 107.99636531373127 51.46347787516269 5.25910929088787 46.97888530121713 -50.55976807369272 81.09829583506112
-305.35069574237684 4.2392111541923185 -34.29768555902097 -0.5366096653974193 8.739577422670713 -4.512710886163974 32.445248614797 7.2923695876186505 -141.14638405995765 -33.910609464396465 262.39931644765966 168.3548379776888 -16.21078714909315 -93.8754894435796 13.685800256632408 -4.184545384024954
-304.89629894341 3.9388303774471134 -33.01243952450816 -2.19065439074732 8.358074783815836 -2.925775883572652 30.702856676256346 7.00493391682369 -130.4186465205272 -33.370154162090664 223.50866139788178 153.73318634913556 -15.248876544073365 -89.56130261909486 16.20377779596314 -10.546466047827474
-304.510380135055 3.865086723269721 -32.26483091000086 -2.199585116020091 8.260845090282665 -2.884902731578694 37.94962510660164 1.6296292937039611 -114.76910207189269 14.762427375156939 163.70910134777694 109.24097897965255 -10.567578082607781 -61.26292643911328 10.077512005666508 -5.935297981875474
-306.0381297263214 4.304954040917102 -39.18213045531175 -7.455170242750362 14.844645802793824 -1.1858714356908586 127.537969652093 -36.884616825268594 -128.64986734463162 344.3199819014598 -48.49596986669529 -6.106237354749379 -0.10627986997377371 -5.786187832925301 -5.430398532657121 9.979498387486151
-306.58372225641534 4.48860067380262 -41.04091148999537 -7.987470163242874 16.022028132964394 -1.2809130052585906 139.72691973820312 -40.755740781662325 -146.45907821993936 399.5591277495893 -58.62957293242227 -7.9162712448153405 -0.09098810098948876 -6.884285552813001 -6.9669377436998605 13.209803831558478
-307.0257702407272 4.812825358993277 -44.71890641510193 -9.981493749380707 21.111335184848105 -1.5551106299990642 237.3356759525453 -94.54223227520488 97.45223855413963 -1.319722896388231 2.550681650849933 7.257339071455737 -0.9214733948372794 -8.250820292121805 -2.7287240119497045 6.951207696953848
-307.0257702407272 4.812825358993277 -44.71890641510193 -9.981493749380707 21.111335184848105 -1.5551106299990642 237.3356759525453 -94.54223227520488 97.45223855413963 -1.319722896388231 2.550681650849933 7.257339071455737 -0.9214733948372794 -8.250820292121805 -2.7287240119497045 6.951207696953848
-308.2908584763076 5.315041602238789 -49.96173092198363 -11.854316618128445 25.54221122752102 -1.8710410552848367 301.6070021754004 -124.26859391122419 162.7771377100073 -62.66373537984031 10.503491612194608 12.967063529477878 -1.4685748858655892 -12.361326518474886 -3.6674107833576426 9.854011884567104
-307.2395441815229 4.913763523676329 -45.80727625510196 -10.449695022249973 22.249559905185983 -1.6222630583709985 256.44213419024095 -104.31772578771927 132.33787708619369 -51.60004920728662 9.272151530772756 9.117769246414564 -1.0283775410426526 -8.63035000824617 -2.489728499426767 6.7870970435070594
-307.2395441815229 4.913763523676329 -45.80727625510196 -10.449695022249973 22.249559905185983 -1.6222630583709985 256.44213419024095 -104.31772578771927 132.33787708619369 -51.60004920728662 9.272151530772756 9.117769246414564 -1.0283775410426526 -8.63035000824617 -2.489728499426767 6.7870970435070594
-303.2805912250361 3.232307512042532 -28.163918675445316 -4.057694530683375 6.89117482761581 -0.44458888556961623 34.43136081947719 -3.196745114790876 -32.74777463199374 -28.288873069395187 -14.84952587452432 -1.015952824727829 1.3227159233549683 17.7792210954487 8.083138429140861 -29.91683202429794
-303.73418831955314 3.391734502406372 -29.78887443960876 -4.548878473683798 7.964058190804354 -0.5215895920955662 46.69566526725172 -7.759235066847033 -32.15818518882313 -39.49832549678651 -33.25594035082786 14.044819116005744 0.21632119014431633 10.17672176692392 5.449785718816151 -22.708768710314796
-304.339205029673 3.5384318172220985 -31.162581286518044 -4.660864427779107 7.663171091464132 -0.46574242276024563 27.301507848833154 6.188344748027784 -96.13177419377406 -72.02891281772929 -143.62589626088965 95.59954448592477 -5.433406636127329 -28.182847792613558 -7.820756283067719 14.016749461579012
-305.02959766189036 3.748111514521147 -33.207889024367006 -5.109621680171738 8.380869900346624 -0.53391699689811 29.368896244873042 8.410065483612401 -124.70368676705151 -93.78260427959854 -204.70716425749308 144.99868144893347 -8.12564512339077 -51.13750404995299 -15.10408876335643 35.11218009035503
-305.02959766189036 3.748111514521147 -33.207889024367006 -5.109621680171738 8.380869900346624 -0.53391699689811 29.368896244873042 8.410065483612401 -124.70368676705151 -93.78260427959854 -204.70716425749308 144.99868144893347 -8.12564512339077 -51.13750404995299 -15.10408876335643 35.11218009035503
-304.72408032762274 3.6690085734475093 -32.419866965726854 -5.1124349654328 7.1345895714853915 -0.37034857623683054 26.613047583888264 7.699627926957986 -110.86688922586023 -82.20138891419865 -175.40936287909093 120.2034001270222 -5.530710683449975 -38.99632100180519 -12.304509199263638 24.51738619103991
-302.9107407194854 2.9864660282709856 -27.799195648677408 -5.414815918644339 2.767831603622365 0.98350903102938 10.343728569565187 3.194228603902375 -33.153973115247155 -14.307774715160305 -5.788490211449451 -6.611909057067368 4.599513887359483 18.96613249697904 4.662153099291589 -27.20752571000769
-302.8220672346548 3.0852143846336615 -27.62245813688375 -4.842313432462583 1.8066032916444978 0.785945083330416 9.939567479393668 3.0266481367438622 -32.59297572161402 -16.279668733759564 -5.280490495947078 -7.678669499370721 5.00446971538856 20.479404002550872 2.6193673048113717 -25.969612172546007
-303.5636262328351 3.696456139293717 -31.54194957541387 -6.9522682746336715 11.529460383054047 1.8074231592971173 1.372348006319575 0.1687836879908376 -27.397947947706225 -14.771268984826188 0.6881923685186573 -16.26975353230023 30.208495293340473 17.86577847640566 -2.7116106866033487 -14.299461907062778
-303.87018439892756 4.21468716901251 -32.928503160648475 -6.478491120715336 -5.2937233976467475 0.4461255493205386 8.117622305261184 8.353252578470494 -34.184083089118694 -18.724619338840856 1.5550955511031557 -21.429493753351366 26.48887128954141 37.44289489846524 -7.348528255486335 -37.610984595484865
-305.2349251147239 5.521926990925182 -40.32464974376693 -7.730465037438939 -16.73696074015558 -2.676368255078912 15.11721111911225 75.24308971388221 -2.0668401739991697 -6.7819401322861275 1.7815210049126482 -14.01686676149103 2.0702090210876176 28.99257150717372 -12.613074798158326 -16.39379950608273
-309.8973278655114 8.054963076409509 -66.22335006842891 -22.003616103147674 -72.04965736330703 -4.841991297288774 20.78054564155347 238.59743857024773 98.8238223617166 33.57919978256304 -3.613048864761636 21.10680855351033 3.4732084139851356 -44.684834678518136 2.8838092336565735 41.92946959053494
-309.15312790364754 8.553886274070521 -63.2254271769984 -9.669229750316306 -67.19349836352072 -15.32763320860443 18.83551351892451 215.3543805594142 87.17255507125925 29.300021861522378 -2.461642029638249 20.594533765971786 -7.911362788882213 -26.387748312804824 -0.761088573862168 33.441319989411355
-309.15312790364754 8.553886274070521 -63.2254271769984 -9.669229750316306 -67.19349836352072 -15.32763320860443 18.83551351892451 215.3543805594142 87.17255507125925 29.300021861522378 -2.461642029638249 20.594533765971786 -7.911362788882213 -26.387748312804824 -0.761088573862168 33.441319989411355
-307.9423533608556 7.928368046728852 -57.92120237118144 -5.924447513537695 -56.16490671672101 -16.276120233879126 17.16831872290674 186.4479749735202 71.54452608232891 23.463070290684474 -0.30119304503786354 16.977489711421256 -4.945316877796394 -14.657169033810339 -6.996094438918613 40.95432705326406
-309.3389860560343 6.8626779126545365 -62.54994733188129 -21.783890180676078 -53.0913997322731 -1.8105996020278323 13.987276387348338 191.8864722047502 74.51430890240125 23.597833536907306 -2.542497177269924 11.056449801708272 -10.898994685592374 -21.216967287342143 2.2972342513045487 6.827296918666901
-303.6850741206905 6.2371276045038275 -32.16366766826662 0.6968005195689784 2.5740082745609367 -5.236821388972667 11.691112228617891 20.290133629379955 -35.99151217940046 -20.3400726717296 8.85458113445931 -21.951610799298788 15.50689983388255 84.09885182119893 -31.861994825289848 -33.354705802769374
-303.6850741206905 6.2371276045038275 -32.16366766826662 0.6968005195689784 2.5740082745609367 -5.236821388972667 11.691112228617891 20.290133629379955 -35.99151217940046 -20.3400726717296 8.85458113445931 -21.951610799298788 15.50689983388255 84.09885182119893 -31.861994825289848 -33.354705802769374
-305.13409534768874 4.569034607577864 -37.113644510711524 -6.860971475104156 -1.103579496130811 -0.5163396730100931 11.92493433692278 21.294753584765715 -43.49149964736429 -25.52755856382283 6.968357166612489 -35.05857895375844 23.226430328021475 96.86247525765206 -25.64746289775336 -104.66292950587724
-305.13409534768874 4.569034607577864 -37.113644510711524 -6.860971475104156 -1.103579496130811 -0.5163396730100931 11.92493433692278 21.294753584765715 -43.49149964736429 -25.52755856382283 6.968357166612489 -35.05857895375844 23.226430328021475 96.86247525765206 -25.64746289775336 -104.66292950587724
-311.1334305251476 5.258564066512908 -69.8321476469692 -38.802364609707894 199.57408166182748 32.710031784196325 -109.34620763305233 -30.764476475814917 85.59653461438073 34.89709025172344 -2.4642611887586425 51.49915757765143 -27.507808101775527 14.297908826475128 -1.2278476776009097 3.5531935538441295
-311.1334305251476 5.258564066512908 -69.8321476469692 -38.802364609707894 199.57408166182748 32.710031784196325 -109.34620763305233 -30.764476475814917 85.59653461438073 34.89709025172344 -2.4642611887586425 51.49915757765143 -27.507808101775527 14.297908826475128 -1.2278476776009097 3.5531935538441295
-312.17082333114575 6.459692384366812 -77.06068423443247 -43.81062572401577 229.5026231616955 37.59645231322044 -127.94982551087303 -36.97302692661245 106.69851135422589 45.246867911503436 -3.607489986939141 75.0373205624793 -23.704672107427907 21.929939197513026 1.1254352234105653 2.438118785647525
-306.8749191506214 3.7557850773110197 -48.27328124634356 -22.381238386464887 110.28899053463354 17.5898389985077 -53.35342942622307 -14.759262358045598 32.4023942626309 12.48360802798763 -0.8799493712756788 21.20404826830457 -20.353564743808924 15.415528503514171 0.4927307202682123 -6.925771226992807
-306.5162668279195 1.778193645233943 -37.91953266020776 -12.886107061920136 51.13257199377674 7.325727880918659 -6.420241689742013 1.0633419339519279 -50.74600931673471 -36.16138540369148 4.7894171407308495 -139.30176303367548 -112.36422741327303 -84.07252464317301 -17.661143793946625 42.745578102521144
-306.5162668279195 1.778193645233943 -37.91953266020776 -12.886107061920136 51.13257199377674 7.325727880918659 -6.420241689742013 1.0633419339519279 -50.74600931673471 -36.16138540369148 4.7894171407308495 -139.30176303367548 -112.36422741327303 -84.07252464317301 -17.661143793946625 42.745578102521144
-306.5162668279195 1.778193645233943 -37.91953266020776 -12.886107061920136 51.13257199377674 7.325727880918659 -6.420241689742013 1.0633419339519279 -50.74600931673471 -36.16138540369148 4.7894171407308495 -139.30176303367548 -112.36422741327303 -84.07252464317301 -17.661143793946625 42.745578102521144
-306.5162668279195 1.778193645233943 -37.91953266020776 -12.886107061920136 51.13257199377674 7.325727880918659 -6.420241689742013 1.0633419339519279 -50.74600931673471 -36.16138540369148 4.7894171407308495 -139.30176303367548 -112.36422741327303 -84.07252464317301 -17.661143793946625 42.745578102521144
-306.5162668279195 1.778193645233943 -37.91953266020776 -12.886107061920136 51.13257199377674 7.325727880918659 -6.420241689742013 1.0633419339519279 -50.74600931673471 -36.16138540369148 4.7894171407308495 -139.30176303367548 -112.36422741327303 -84.07252464317301 -17.661143793946625 42.745578102521144
-304.985314743887 2.5257048827168154 -36.21621904075668 -13.039949685953195 56.0246042233108 8.606413412222826 -18.375392921505338 -4.443558819439526 -6.09626596863622 -5.269625121229874 0.39713997823299824 -12.623499056616481 -20.064270281465788 1.6260905149451128 2.783467621231724 -5.0929116914331125
-307.3251503078125 3.9239529691461286 -49.73176262706389 -23.46750928105999 114.91684655982276 18.378390734360924 -55.949420641283965 -15.423190050048335 33.70610746168972 12.803048248310079 -1.0060887217801269 21.132027137610134 -2.210886788778074 10.678805149196558 1.6182984477485747 -5.796994602914435
-311.1334305251476 5.258564066512908 -69.8321476469692 -38.802364609707894 199.57408166182748 32.710031784196325 -109.34620763305233 -30.764476475814917 85.59653461438073 34.89709025172344 -2.4642611887586425 51.49915757765143 -27.507808101775527 14.297908826475128 -1.2278476776009097 3.5531935538441295
-309.80234118828275 5.0890038237525985 -62.89632396468237 -32.68581968138891 165.32582109681883 26.811643614426863 -86.0929499893759 -23.023904481590613 58.45922896348841 21.525985151826642 -1.128746399016063 20.043431299047697 -6.229054350581588 -6.462458483160298 -2.09107906759249 9.996301735281383
-308.2679154495634 4.7899569127978 -52.05987596641514 -21.606584868531733 97.76450899434246 15.186892146850727 -36.62590129373199 -3.893736296970638 -15.602664170717826 -20.16243506444068 4.802710393259263 -103.06947164739513 337.7641369658888 -144.76674663905047 -3.6266658240700886 55.71928194412942
-304.3497959385124 3.6445350143298185 -32.50493917115763 -6.167198251247893 6.909786030996377 0.35831247669552785 14.620535496404486 16.165158202358246 -46.70405422066084 -26.227474104674815 4.880519755099268 -40.56345258229215 27.913062695985968 71.72492580094465 -16.061404755928276 -102.3375345415826
-305.4493342218841 3.919469993311246 -38.146759420576124 -10.952004328778331 24.41248267353862 5.098264076444976 -2.256149053497136 9.328348179814004 -29.88091816787724 -19.37829654999172 3.441545599611488 -43.639865261279276 3.2460656734005604 26.22217142746485 -10.821883808961989 -45.24743400835429
-304.47008376952215 3.6967096038614895 -33.85816777951216 -7.654912103209913 8.99527889986181 1.7866863164142954 7.447886078170716 15.056100780590567 -32.16351602477912 -18.24124204076108 3.5052714227918655 -22.327753437899744 14.43450579817924 62.493227699686734 -11.310118877458029 -71.70536741020328
-309.03487702664796 6.705730731900033 -60.87271748827207 -21.803490997020916 -66.01541269423487 -1.0169757938242234 13.623856688844851 172.94215681776828 64.10367533815713 19.664348838258 -2.117748838906447 9.605720040897008 -4.991156570999057 -9.384102286408142 2.818534360862963 -12.364716012060141
-308.31471768847507 6.049611336409848 -57.88137531094178 -23.731255385628536 -67.78745512134556 2.7802354653963253 -1.6731411305999409 109.51659544301033 48.738231052956394 15.339575068068939 -1.7486048893724166 8.478352288041222 -3.8018693402756476 -12.37873353538772 4.241187848866706 2.3197062771999
-310.0480658640242 7.915352615293117 -71.65855967961447 -38.02020231978403 -127.02059325327825 11.379334577019295 -39.38220193086284 34.669189030934824 54.683780147401535 18.960199933100125 0.16347628349183008 12.298536289623307 -2.387533056235832 -9.525159122455086 -6.4754792842608575 20.338328193238603
-307.8726376395469 6.021083861733664 -55.07793931391353 -24.555259349217206 -69.75128125528136 6.368215909342514 -11.160293138792047 45.16564316615084 17.97016832292786 2.915244011350309 -0.7742112621274255 -3.086093036902188 1.4758912989465562 9.937342710805629 6.039888589847995 -43.468052269936315
-306.0361396722669 4.818607769274886 -43.92008475316321 -15.816905939457667 -37.25724678604887 3.2642681725336735 3.7096054755558745 37.50615269703239 -9.904946039949175 -9.024185950634484 -1.0030036896307226 -12.325768772624606 5.702511833199123 31.504436562766642 12.4973082051352 -100.50596511502413
-312.90830785868866 9.299216068567775 -92.4580560529022 -67.92883194577904 -229.42161221199095 34.76501134526939 -120.04658074226714 -148.91550044378783 58.710336169492784 24.997544472234598 -0.5169672010052376 18.574488072595727 -5.4878009807607935 -26.05461696689565 -8.901103774391071 40.863104163962674
-312.90830785868866 9.299216068567775 -92.4580560529022 -67.92883194577904 -229.42161221199095 34.76501134526939 -120.04658074226714 -148.91550044378783 58.710336169492784 24.997544472234598 -0.5169672010052376 18.574488072595727 -5.4878009807607935 -26.05461696689565 -8.901103774391071 40.863104163962674
-308.62214069369134 6.637529378945709 -63.79866210682511 -40.496827086522835 -126.11556730374896 20.30842505671736 -63.65726271397426 -91.96427338825762 11.778502442306985 4.156786902120827 0.2645119698117375 0.5908791982286433 1.0526407237783928 -0.5496937303590491 -0.8471250872604148 1.1988318017886581
-308.62214069369134 6.637529378945709 -63.79866210682511 -40.496827086522835 -126.11556730374896 20.30842505671736 -63.65726271397426 -91.96427338825762 11.778502442306985 4.156786902120827 0.2645119698117375 0.5908791982286433 1.0526407237783928 -0.5496937303590491 -0.8471250872604148 1.1988318017886581
-307.7032008908359 5.999077552966619 -57.840079082083314 -34.58174723445275 -104.30699228590824 17.002935109514716 -50.715751610239835 -77.42709260648854 1.7390105541021414 -0.47465385925694864 -0.36153913452726155 -2.614313994773966 1.683439542077731 4.87825082782636 2.4741009453859064 -14.551870690208407
-307.7032008908359 5.999077552966619 -57.840079082083314 -34.58174723445275 -104.30699228590824 17.002935109514716 -50.715751610239835 -77.42709260648854 1.7390105541021414 -0.47465385925694864 -0.36153913452726155 -2.614313994773966 1.683439542077731 4.87825082782636 2.4741009453859064 -14.551870690208407
-307.7032008908359 5.999077552966619 -57.840079082083314 -34.58174723445275 -104.30699228590824 17.002935109514716 -50.715751610239835 -77.42709260648854 1.7390105541021414 -0.47465385925694864 -0.36153913452726155 -2.614313994773966 1.683439542077731 4.87825082782636 2.4741009453859064 -14.551870690208407
-307.7032008908359 5.999077552966619 -57.840079082083314 -34.58174723445275 -104.30699228590824 17.002935109514716 -50.715751610239835 -77.42709260648854 1.7390105541021414 -0.47465385925694864 -0.36153913452726155 -2.614313994773966 1.683439542077731 4.87825082782636 2.4741009453859064 -14.551870690208407
-308.62214069369134 6.637529378945709 -63.79866210682511 -40.496827086522835 -126.11556730374896 20.30842505671736 -63.65726271397426 -91.96427338825762 11.778502442306985 4.156786902120827 0.2645119698117375 0.5908791982286433 1.0526407237783928 -0.5496937303590491 -0.8471250872604148 1.1988318017886581
-312.90830785868866 9.299216068567775 -92.4580560529022 -67.92883194577904 -229.42161221199095 34.76501134526939 -120.04658074226714 -148.91550044378783 58.710336169492784 24.997544472234598 -0.5169672010052376 18.574488072595727 -5.4878009807607935 -26.05461696689565 -8.901103774391071 40.863104163962674
-306.0361396722669 4.818607769274886 -43.92008475316321 -15.816905939457667 -37.25724678604887 3.2642681725336735 3.7096054755558745 37.50615269703239 -9.904946039949175 -9.024185950634484 -1.0030036896307226 -12.325768772624606 5.702511833199123 31.504436562766642 12.4973082051352 -100.50596511502413
-306.2516641870159 5.285541641110255 -48.92924581597774 -23.85700053716454 -72.27647648290417 9.960371426287827 -29.302851277432513 -40.20754398982278 -3.956646414876601 -2.915030037163704 0.8346712083603118 -4.2697602291449535 0.539381197341231 8.21267460353836 4.388281837952197 -21.484083844337956
-308.31471768847507 6.049611336409848 -57.88137531094178 -23.731255385628536 -67.78745512134556 2.7802354653963253 -1.6731411305999409 109.51659544301033 48.738231052956394 15.339575068068939 -1.7486048893724166 8.478352288041222 -3.8018693402756476 -12.37873353538772 4.241187848866706 2.3197062771999
-309.03487702664796 6.705730731900033 -60.87271748827207 -21.803490997020916 -66.01541269423487 -1.0169757938242234 13.623856688844851 172.94215681776828 64.10367533815713 19.664348838258 -2.117748838906447 9.605720040897008 -4.991156570999057 -9.384102286408142 2.818534360862963 -12.364716012060141
-303.5060972523836 3.8353371086758683 -29.60714837458444 -7.149684996005515 0.161173016570622 1.1058725414511 8.326328234137446 2.3010979276009853 -34.607720322441494 -17.85573398506465 1.127904548018413 -25.61262612988832 13.425559363995026 14.851335143156186 2.719628257793817 -29.96063455238811
-303.6624944577489 4.428827842815493 -30.992355214198042 -5.878572563165225 3.1892604018063047 0.39310682110532713 8.320133154205982 4.682347400680351 -36.64235492226013 -19.5357649179461 2.716498068485201 -28.51163047963994 50.53822807647496 14.320262529946241 -2.003529439551007 -20.479754127311747
-306.5386542006217 3.9291526510437933 -43.19314972230145 -16.01280923835359 65.36659046286735 10.445780122646903 -21.350542038571827 -3.045130723386663 -21.067378548755844 -18.267996512539472 3.3055942226332093 -71.94908045583087 144.28623615976008 -72.03293343818366 -3.5218826419438303 23.4592876150914
-306.5652521608976 4.355866320686417 -45.159540967978955 -17.635314914201647 77.56957212597887 11.966857864631583 -28.10858493387808 -3.0091624234787604 -9.859438949513606 -12.578826486938151 2.9824882937802273 -57.99703464393943 223.30111312278703 -79.21771227901893 -0.6916610615942071 23.951067848156327
-311.14925686646114 4.945909814975515 -69.108608432262 -38.62698908089864 199.06081782905454 32.59509154375131 -108.82692136850939 -30.676433571590174 85.38160149517097 34.962105805716995 -2.559760748583192 52.606790809606004 -27.86350140046938 14.598178408447355 -0.2827843169031033 3.2225005094567902
-307.3251503078125 3.9239529691461286 -49.73176262706389 -23.46750928105999 114.91684655982276 18.378390734360924 -55.949420641283965 -15.423190050048335 33.70610746168972 12.803048248310079 -1.0060887217801269 21.132027137610134 -2.210886788778074 10.678805149196558 1.6182984477485747 -5.796994602914435
-306.12924500637735 3.9093391697561515 -45.50758915827328 -20.13582847320302 98.32421463872475 15.651747714310108 -46.57240873342234 -13.763220843643321 28.608895002106614 12.030900914579897 -1.2633464476571006 27.688758683686416 -7.86342899604429 17.925162777261676 3.9601757744843264 -8.79220041379345
-304.985314743887 2.5257048827168154 -36.21621904075668 -13.039949685953195 56.0246042233108 8.606413412222826 -18.375392921505338 -4.443558819439526 -6.09626596863622 -5.269625121229874 0.39713997823299824 -12.623499056616481 -20.064270281465788 1.6260905149451128 2.783467621231724 -5.0929116914331125
-302.753550222075 1.9785595417817192 -25.690709982819662 -4.835889445069308 13.627907496539885 1.1780309125678339 9.153176575282915 3.097451458780953 -34.034121070809114 -17.850752557671907 1.5432943892226307 -36.703786527381304 -22.00384530734929 -5.9049766363460225 0.1474405347928517 -4.5788206689483015
-303.4995869262078 -3.036784232137587 -18.876499361589907 -5.0547948460158025 14.816547548566094 1.4467201194245336 7.660748019694667 2.8225788508560323 -33.58785139827438 -18.19634200133345 1.6620319571684583 -40.57673537028066 -23.73518806535857 -9.31506943503871 -0.34495956918961646 -2.871088372981146
-310.4328697032148 -78.13765495353289 92.07449747013119 0.4159213283954316 2.30960414526675 0.5117924573070912 -0.19919083336507445 0.44710582827530126 -13.49634222852567 -9.034655920672995 1.0617596772575844 -28.10925986801573 -19.53273114024491 -11.063917220348788 -1.2066069852127104 0.9521294888421377
-308.3634612600426 -61.3568732257064 68.86325752704785 0.19856538045456462 0.5209431289854443 -0.004543201873488215 3.2387734612733543 1.1607433986914397 -15.07104933888254 -8.274963495968706 0.6635204830008777 -16.30095460044153 -9.38996450375132 0.026150441583580774 1.5373843083957817 -6.0681611300368345
-311.1870603379299 -89.67617575952612 109.9694371784024 1.53756876095202 -0.5240725315284894 0.2855290059690461 -2.333822479588216 -0.5043758976660938 -4.0310514502964825 -2.982005699178825 0.27588246357052376 -6.402810210576466 -5.174162596951093 2.2932683788577384 1.2056554509733755 -5.259880572361429
-311.1870603379299 -89.67617575952612 109.9694371784024 1.53756876095202 -0.5240725315284894 0.2855290059690461 -2.333822479588216 -0.5043758976660938 -4.0310514502964825 -2.982005699178825 0.27588246357052376 -6.402810210576466 -5.174162596951093 2.2932683788577384 1.2056554509733755 -5.259880572361429
-311.1870603379299 -89.67617575952612 109.9694371784024 1.53756876095202 -0.5240725315284894 0.2855290059690461 -2.333822479588216 -0.5043758976660938 -4.0310514502964825 -2.982005699178825 0.27588246357052376 -6.402810210576466 -5.174162596951093 2.2932683788577384 1.2056554509733755 -5.259880572361429
-311.1870603379299 -89.67617575952612 109.9694371784024 1.53756876095202 -0.5240725315284894 0.2855290059690461 -2.333822479588216 -0.5043758976660938 -4.0310514502964825 -2.982005699178825 0.27588246357052376 -6.402810210576466 -5.174162596951093 2.2932683788577384 1.2056554509733755 -5.259880572361429
-313.8341480994796 -121.564255769965 157.2385125529388 3.334841714260301 -3.3996540236447133 0.44294238040005235 -9.289740832801732 -1.2957025611711155 13.245085689718154 5.5654133867502535 -0.3417332504140132 9.47514413554362 6.544590947398365 3.3592858035133135 -0.28122125044384966 -0.8262383416473844
-314.59459166055734 -133.04954455900292 175.2493841133141 4.838678734265232 -7.906130017060739 -0.18020673692219136 -8.806941354192851 -2.3579972516567516 14.042964164597826 5.846670566138013 -0.33162740868685114 7.276265547710795 3.486815938669753 -1.0616137569243198 -0.970650467325705 2.9467338969890777
-316.6464665296216 -147.6995823736396 194.74211157957055 4.55046260524352 -4.445853943388497 0.5912259047830533 -12.990518139618958 -2.5870271503660476 17.098265988208343 6.219924985554772 -0.15244336235545558 2.898067072012825 1.487286634111244 -4.228300322848471 -1.372069125172024 3.2271541271038084
-314.1423605455696 -126.63478600403838 165.61249824027973 4.4659362013607495 -7.574517196833106 -0.2518620895102526 -7.149854047143727 -1.9424654388467089 10.24878917795589 4.057731563952208 -0.2647334805318633 5.261564144867393 3.3811422996164557 0.4084764320461838 0.02333381458024239 0.36124140949311584
-314.1423605455696 -126.63478600403838 165.61249824027973 4.4659362013607495 -7.574517196833106 -0.2518620895102526 -7.149854047143727 -1.9424654388467089 10.24878917795589 4.057731563952208 -0.2647334805318633 5.261564144867393 3.3811422996164557 0.4084764320461838 0.02333381458024239 0.36124140949311584
-314.1423605455696 -126.63478600403838 165.61249824027973 4.4659362013607495 -7.574517196833106 -0.2518620895102526 -7.149854047143727 -1.9424654388467089 10.24878917795589 4.057731563952208 -0.2647334805318633 5.261564144867393 3.3811422996164557 0.4084764320461838 0.02333381458024239 0.36124140949311584
-320.52067001005844 -196.35401827298193 268.22631118522656 8.616169968613468 -14.470542329267994 -0.2540968869538922 -18.52922381175263 -5.080367015730804 34.2647936874532 14.741731861611612 -0.8132661340183659 16.575834139492745 6.29947723221717 -6.60981667481176 -3.276465985936281 10.558527812086938
-320.52067001005844 -196.35401827298193 268.22631118522656 8.616169968613468 -14.470542329267994 -0.2540968869538922 -18.52922381175263 -5.080367015730804 34.2647936874532 14.741731861611612 -0.8132661340183659 16.575834139492745 6.29947723221717 -6.60981667481176 -3.276465985936281 10.558527812086938
-320.52067001005844 -196.35401827298193 268.22631118522656 8.616169968613468 -14.470542329267994 -0.2540968869538922 -18.52922381175263 -5.080367015730804 34.2647936874532 14.741731861611612 -0.8132661340183659 16.575834139492745 6.29947723221717 -6.60981667481176 -3.276465985936281 10.558527812086938
-320.1834560961506 -188.37516187645235 255.67109995831018 7.91173591734543 -13.106365568494994 -0.22200353180473248 -16.31483810186602 -4.408477463289858 27.16832669039714 10.88746261387211 -0.4914772425502831 8.471832939906902 1.4144497359481425 -6.857162873162521 -2.32212745188349 7.023374872355816
-314.93718591851086 -135.29921865415795 178.1799780989306 4.743593478369837 -6.990895202015717 -0.000980570969189945 -9.684771004561172 -2.6129766060393127 14.905749083561092 6.202065835743104 -0.35504055065651463 8.066571274718523 3.5901482213100353 -0.2011642962234175 -0.8199852481263392 2.135111368682607
-307.679234667798 -55.50991400974204 60.48283928544908 -0.25735207553821593 1.3898604662130998 0.19677636498817347 2.668524748849166 0.5669458113314229 -12.389874474697786 -6.0875464089005185 0.33727004611192063 -6.031042295748114 -1.9046497118539076 7.078939753922392 2.9088462834501745 -9.365304433355384
-311.31632652302625 -88.88538371818125 108.34229824770517 1.3517641838530288 -0.9247109471830831 0.241488165025365 -1.310905039820608 0.1133540636263696 -8.039174856459294 -5.650506894206324 0.6137187906556856 -16.12472618709112 -11.765130266285476 -3.4324315142990254 1.0143014615469632 -3.2094954957573285
-311.31632652302625 -88.88538371818125 108.34229824770517 1.3517641838530288 -0.9247109471830831 0.241488165025365 -1.310905039820608 0.1133540636263696 -8.039174856459294 -5.650506894206324 0.6137187906556856 -16.12472618709112 -11.765130266285476 -3.4324315142990254 1.0143014615469632 -3.2094954957573285
-303.18895786778467 -3.3523834543978106 -16.951499808803764 -3.5805929806681553 7.921072970353595 0.2810101862238801 11.764667642638742 3.5263934079218076 -34.39224476461964 -16.964299596505825 1.1703868971084583 -26.261251867303695 -14.068392567216387 4.8263923244417315 3.9800404085752925 -13.187717057967538
-304.3733358779769 -0.5196726487188215 -25.843150807660752 -6.765261631376358 15.535336182199979 2.170438201331604 8.079541303134972 4.1495574566340805 -42.96059694781716 -24.850639380582745 2.4502325160665728 -64.5625392824835 -39.29907033475867 -20.553493408568386 -2.2220218348694902 -1.9265759722974147
-306.25547781892845 1.9647528729701724 -40.493909874622524 -17.604487080568397 72.65465474795619 12.582198714932636 -33.66805018691037 -11.992291370982509 9.966137262612818 3.0333670197564 -0.6533114179385662 13.004208375377463 -5.695318748144932 22.31828826129978 7.564553227519435 -19.78276255966388
-303.16520835194206 2.771757937252907 -27.087794550303876 -4.451032382652336 5.963921347060357 0.05476598486794076 10.928082594713741 3.675500719997978 -35.463570884457354 -17.54250070980088 1.4545173332363088 -21.10290146885937 3.1094592303624426 21.353918762346115 3.9511651494891247 -23.695618587852092
-303.4888431396385 3.327736170557118 -29.57297781588771 -5.185780929920121 -0.6405158497089544 0.5363175762558218 13.532102416588422 17.560194277144628 -30.116949394037718 -15.29184334742459 1.3905863486292218 -14.589937313511891 5.353990353203676 31.085991322858934 3.0742108210873873 -37.24418930149403
-305.3196821654277 4.441059937384977 -40.7765982232823 -14.849114803800688 -32.39064881258738 4.302936408969077 -1.8954448079975754 12.526917441565015 -12.67333264489733 -8.240357196730274 0.09071609221199073 -9.92100008713764 1.6456254433823958 17.028910111884365 9.743316301223242 -37.50958596465009
-304.3543068248524 4.015065751871284 -36.06830275071398 -12.424491701068403 -25.86483980398418 4.623793963171887 -2.1924476443555507 -7.782076851684661 -22.73361087375116 -11.534188103396897 0.5150105126950612 -11.564293689865131 1.80860751797192 19.252770429312534 9.839163665608313 -38.223671962053565
-302.9836857068677 4.3147213298314755 -28.55010971223892 -6.516126900173033 -5.961674658234643 2.5801335108275625 6.450350279207314 -1.0518769007451907 -27.92153632771087 -13.306719701851561 0.7248996530717067 -12.592126250739623 2.339093361552432 22.72438147843054 32.26811817502567 -12.21992470678364
-302.6828602166046 4.323648548791375 -26.06645010262885 -5.911479631137369 4.32387487648285 0.04696132814156437 9.977728757463462 2.4684737489556645 -31.760044957910218 -15.226057824070217 0.884218908702153 -15.683308239565509 0.576901836645541 29.085028058418768 58.56075828229074 1.0031676623986572
-305.2746409525335 58.047034710216955 6.24723627615444 -28.09382752210395 6.26640972769622 -20.07390035325138 16.983634920161855 4.299080915077725 -55.60340101175939 -29.08829481707607 1.972724420212327 -34.342278298359524 6.780593337110561 129.00668890358963 421.4087737995597 142.219610558529
440.1454376513456 -1.1287559624254182 0.089232527329973 -1.2471283183312007 0.03192829648762282 -1.2716123399569652 -0.12182181887688313 -0.057435581094845395 0.16202931473559715 0.06482257223484107 -0.006754353009178717 0.03830955051461124 -0.009176109003641509 -0.07270751349123895 -0.0016919713880981285 0.008505389195167228
440.1454376513456 -1.1287559624254182 0.089232527329973 -1.2471283183312007 0.03192829648762282 -1.2716123399569652 -0.12182181887688313 -0.057435581094845395 0.16202931473559715 0.06482257223484107 -0.006754353009178717 0.03830955051461124 -0.009176109003641509 -0.07270751349123895 -0.0016919713880981285 0.008505389195167228
440.1454376513456 -1.1287559624254182 0.089232527329973 -1.2471283183312007 0.03192829648762282 -1.2716123399569652 -0.12182181887688313 -0.057435581094845395 0.16202931473559715 0.06482257223484107 -0.006754353009178717 0.03830955051461124 -0.009176109003641509 -0.07270751349123895 -0.0016919713880981285 0.008505389195167228
440.1454376513456 -1.1287559624254182 0.089232527329973 -1.2471283183312007 0.03192829648762282 -1.2716123399569652 -0.12182181887688313 -0.057435581094845395 0.16202931473559715 0.06482257223484107 -0.006754353009178717 0.03830955051461124 -0.009176109003641509 -0.07270751349123895 -0.0016919713880981285 0.008505389195167228
440.1454376513456 -1.1287559624254182 0.089232527329973 -1.2471283183312007 0.03192829648762282 -1.2716123399569652 -0.12182181887688313 -0.057435581094845395 0.16202931473559715 0.06482257223484107 -0.006754353009178717 0.03830955051461124 -0.009176109003641509 -0.07270751349123895 -0.0016919713880981285 0.008505389195167228
440.1454376513456 -1.1287559624254182 0.089232527329973 -1.2471283183312007 0.03192829648762282 -1.2716123399569652 -0.12182181887688313 -0.057435581094845395 0.16202931473559715 0.06482257223484107 -0.006754353009178717 0.03830955051461124 -0.009176109003641509 -0.07270751349123895 -0.0016919713880981285 0.008505389195167228
440.1454376513456 -1.1287559624254182 0.089232527329973 -1.2471283183312007 0.03192829648762282 -1.2716123399569652 -0.12182181887688313 -0.057435581094845395 0.16202931473559715 0.06482257223484107 -0.006754353009178717 0.03830955051461124 -0.009176109003641509 -0.07270751349123895 -0.0016919713880981285 0.008505389195167228
440.1454376513456 -1.1287559624254182 0.089232527329973 -1.2471283183312007 0.03192829648762282 -1.2716123399569652 -0.12182181887688313 -0.057435581094845395 0.16202931473559715 0.06482257223484107 -0.006754353009178717 0.03830955051461124 -0.009176109003641509 -0.07270751349123895 -0.0016919713880981285 0.008505389195167228
440.1454376513456 -1.1287559624254182 0.089232527329973 -1.2471283183312007 0.03192829648762282 -1.2716123399569652 -0.12182181887688313 -0.057435581094845395 0.16202931473559715 0.06482257223484107 -0.006754353009178717 0.03830955051461124 -0.009176109003641509 -0.07270751349123895 -0.0016919713880981285 0.008505389195167228
440.1454376513456 -1.1287559624254182 0.089232527329973 -1.2471283183312007 0.03192829648762282 -1.2716123399569652 -0.12182181887688313 -0.057435581094845395 0.16202931473559715 0.06482257223484107 -0.006754353009178717 0.03830955051461124 -0.009176109003641509 -0.07270751349123895 -0.0016919713880981285 0.008505389195167228
440.1454376513456 -1.1287559624254182 0.089232527329973 -1.2471283183312007 0.03192829648762282 -1.2716123399569652 -0.12182181887688313 -0.057435581094845395 0.16202931473559715 0.06482257223484107 -0.006754353009178717 0.03830955051461124 -0.009176109003641509 -0.07270751349123895 -0.0016919713880981285 0.008505389195167228
440.1454376513456 -1.1287559624254182 0.089232527329973 -1.2471283183312007 0.03192829648762282 -1.2716123399569652 -0.12182181887688313 -0.057435581094845395 0.16202931473559715 0.06482257223484107 -0.006754353009178717 0.03830955051461124 -0.009176109003641509 -0.07270751349123895 -0.0016919713880981285 0.008505389195167228
440.1454376513456 -1.1287559624254182 0.089232527329973 -1.2471283183312007 0.03192829648762282 -1.2716123399569652 -0.12182181887688313 -0.057435581094845395 0.16202931473559715 0.06482257223484107 -0.006754353009178717 0.03830955051461124 -0.009176109003641509 -0.07270751349123895 -0.0016919713880981285 0.008505389195167228
440.1454376513456 -1.1287559624254182 0.089232527329973 -1.2471283183312007 0.03192829648762282 -1.2716123399569652 -0.12182181887688313 -0.057435581094845395 0.16202931473559715 0.06482257223484107 -0.006754353009178717 0.03830955051461124 -0.009176109003641509 -0.07270751349123895 -0.0016919713880981285 0.008505389195167228
440.1454376513456 -1.1287559624254182 0.089232527329973 -1.2471283183312007 0.03192829648762282 -1.2716123399569652 -0.12182181887688313 -0.057435581094845395 0.16202931473559715 0.06482257223484107 -0.006754353009178717 0.03830955051461124 -0.009176109003641509 -0.07270751349123895 -0.0016919713880981285 0.008505389195167228
440.1454376513456 -1.1287559624254182 0.089232527329973 -1.2471283183312007 0.03192829648762282 -1.2716123399569652 -0.12182181887688313 -0.057435581094845395 0.16202931473559715 0.06482257223484107 -0.006754353009178717 0.03830955051461124 -0.009176109003641509 -0.07270751349123895 -0.0016919713880981285 0.008505389195167228
440.1454376513456 -1.1287559624254182 0.089232527329973 -1.2471283183312007 0.03192829648762282 -1.2716123399569652 -0.12182181887688313 -0.057435581094845395 0.16202931473559715 0.06482257223484107 -0.006754353009178717 0.03830955051461124 -0.009176109003641509 -0.07270751349123895 -0.0016919713880981285 0.008505389195167228
440.1454376513456 -1.1287559624254182 0.089232527329973 -1.2471283183312007 0.03192829648762282 -1.2716123399569652 -0.12182181887688313 -0.057435581094845395 0.16202931473559715 0.06482257223484107 -0.006754353009178717 0.03830955051461124 -0.009176109003641509 -0.07270751349123895 -0.0016919713880981285 0.008505389195167228
440.1454376513456 -1.1287559624254182 0.089232527329973 -1.2471283183312007 0.03192829648762282 -1.2716123399569652 -0.12182181887688313 -0.057435581094845395 0.16202931473559715 0.06482257223484107 -0.006754353009178717 0.03830955051461124 -0.009176109003641509 -0.07270751349123895 -0.0016919713880981285 0.008505389195167228
440.1454376513456 -1.1287559624254182 0.089232527329973 -1.2471283183312007 0.03192829648762282 -1.2716123399569652 -0.12182181887688313 -0.057435581094845395 0.16202931473559715 0.06482257223484107 -0.006754353009178717 0.03830955051461124 -0.009176109003641509 -0.07270751349123895 -0.0016919713880981285 0.008505389195167228
440.1454376513456 -1.1287559624254182 0.089232527329973 -1.2471283183312007 0.03192829648762282 -1.2716123399569652 -0.12182181887688313 -0.057435581094845395 0.16202931473559715 0.06482257223484107 -0.006754353009178717 0.03830955051461124 -0.009176109003641509 -0.07270751349123895 -0.0016919713880981285 0.008505389195167228
440.1454376513456 -1.1287559624254182 0.089232527329973 -1.2471283183312007 0.03192829648762282 -1.2716123399569652 -0.12182181887688313 -0.057435581094845395 0.16202931473559715 0.06482257223484107 -0.006754353009178717 0.03830955051461124 -0.009176109003641509 -0.07270751349123895 -0.0016919713880981285 0.008505389195167228
440.1454376513456 -1.1287559624254182 0.089232527329973 -1.2471283183312007 0.03192829648762282 -1.2716123399569652 -0.12182181887688313 -0.057435581094845395 0.16202931473559715 0.06482257223484107 -0.006754353009178717 0.03830955051461124 -0.009176109003641509 -0.07270751349123895 -0.0016919713880981285 0.008505389195167228
440.1454376513456 -1.1287559624254182 0.089232527329973 -1.2471283183312007 0.03192829648762282 -1.2716123399569652 -0.12182181887688313 -0.057435581094845395 0.16202931473559715 0.06482257223484107 -0.006754353009178717 0.03830955051461124 -0.009176109003641509 -0.07270751349123895 -0.0016919713880981285 0.008505389195167228
440.1454376513456 -1.1287559624254182 0.089232527329973 -1.2471283183312007 0.03192829648762282 -1.2716123399569652 -0.12182181887688313 -0.057435581094845395 0.16202931473559715 0.06482257223484107 -0.006754353009178717 0.03830955051461124 -0.009176109003641509 -0.07270751349123895 -0.0016919713880981285 0.008505389195167228
440.1454376513456 -1.1287559624254182 0.089232527329973 -1.2471283183312007 0.03192829648762282 -1.2716123399569652 -0.12182181887688313 -0.057435581094845395 0.16202931473559715 0.06482257223484107 -0.006754353009178717 0.03830955051461124 -0.009176109003641509 -0.07270751349123895 -0.0016919713880981285 0.008505389195167228
440.1454376513456 -1.1287559624254182 0.089232527329973 -1.2471283183312007 0.03192829648762282 -1.2716123399569652 -0.12182181887688313 -0.057435581094845395 0.16202931473559715 0.06482257223484107 -0.006754353009178717 0.03830955051461124 -0.009176109003641509 -0.07270751349123895 -0.0016919713880981285 0.008505389195167228
440.1454376513456 -1.1287559624254182 0.089232527329973 -1.2471283183312007 0.03192829648762282 -1.2716123399569652 -0.12182181887688313 -0.057435581094845395 0.16202931473559715 0.06482257223484107 -0.006754353009178717 0.03830955051461124 -0.009176109003641509 -0.07270751349123895 -0.0016919713880981285 0.008505389195167228
440.1454376513456 -1.1287559624254182 0.089232527329973 -1.2471283183312007 0.03192829648762282 -1.2716123399569652 -0.12182181887688313 -0.057435581094845395 0.16202931473559715 0.06482257223484107 -0.006754353009178717 0.03830955051461124 -0.009176109003641509 -0.07270751349123895 -0.0016919713880981285 0.008505389195167228
440.1454376513456 -1.1287559624254182 0.089232527329973 -1.2471283183312007 0.03192829648762282 -1.2716123399569652 -0.12182181887688313 -0.057435581094845395 0.16202931473559715 0.06482257223484107 -0.006754353009178717 0.03830955051461124 -0.009176109003641509 -0.07270751349123895 -0.0016919713880981285 0.008505389195167228
440.1454376513456 -1.1287559624254182 0.089232527329973 -1.2471283183312007 0.03192829648762282 -1.2716123399569652 -0.12182181887688313 -0.057435581094845395 0.16202931473559715 0.06482257223484107 -0.006754353009178717 0.03830955051461124 -0.009176109003641509 -0.07270751349123895 -0.0016919713880981285 0.008505389195167228
440.1454376513456 -1.1287559624254182 0.089232527329973 -1.2471283183312007 0.03192829648762282 -1.2716123399569652 -0.12182181887688313 -0.057435581094845395 0.16202931473559715 0.06482257223484107 -0.006754353009178717 0.03830955051461124 -0.009176109003641509 -0.07270751349123895 -0.0016919713880981285 0.008505389195167228
440.1454376513456 -1.1287559624254182 0.089232527329973 -1.2471283183312007 0.03192829648762282 -1.2716123399569652 -0.12182181887688313 -0.057435581094845395 0.16202931473559715 0.06482257223484107 -0.006754353009178717 0.03830955051461124 -0.009176109003641509 -0.07270751349123895 -0.0016919713880981285 0.008505389195167228
440.1454376513456 -1.1287559624254182 0.089232527329973 -1.2471283183312007 0.03192829648762282 -1.2716123399569652 -0.12182181887688313 -0.057435581094845395 0.16202931473559715 0.06482257223484107 -0.006754353009178717 0.03830955051461124 -0.009176109003641509 -0.07270751349123895 -0.0016919713880981285 0.008505389195167228
]