Naoki.d_i_d.192 [ 417.31690681051435 0.9785454431006603 -0.08682625423852428 0.10025227060024856 -0.10466744470345943 0.21652269320084902 -0.8032009345817426 -0.00341736265606446 -0.009010031345621025 -0.012038808858283387 0.013239917399942777 -0.0038612187283363227 0.015508477481037036 -0.0011405688927588304 -0.0014309711662924987 0.013229967088287138
417.31690681051384 0.9785454431005622 -0.08682625423848896 0.10025227060020513 -0.10466744470345057 0.21652269320083853 -0.8032009345817588 -0.0034173626560771854 -0.00901003134560206 -0.012038808858288286 0.013239917399952695 -0.0038612187283218018 0.015508477481050156 -0.0011405688927302654 -0.0014309711662866195 0.013229967088283853
417.31690681051384 0.9785454431006596 -0.08682625423846416 0.10025227060023884 -0.1046674447034454 0.2165226932008566 -0.8032009345817572 -0.0034173626560790723 -0.009010031345593462 -0.012038808858284252 0.013239917399951546 -0.0038612187283284384 0.015508477481044159 -0.001140568892739102 -0.0014309711662978963 0.01322996708828637
417.31690681051384 0.9785454431006598 -0.08682625423850017 0.10025227060027081 -0.1046674447034125 0.2165226932008322 -0.8032009345817424 -0.0034173626560482424 -0.0090100313456168 -0.012038808858275882 0.013239917399958964 -0.003861218728344736 0.015508477481047297 -0.001140568892740336 -0.0014309711662918742 0.013229967088271014
417.31690681051384 0.97854544310066 -0.0868262542385047 0.1002522706002827 -0.10466744470351103 0.21652269320080667 -0.8032009345817412 -0.0034173626560875248 -0.009010031345598404 -0.012038808858280488 0.013239917399951187 -0.0038612187283322604 0.015508477481049452 -0.0011405688927382353 -0.0014309711662959107 0.013229967088273988
417.31690681051384 0.97854544310066 -0.08682625423850357 0.10025227060024025 -0.10466744470344867 0.21652269320078557 -0.8032009345817109 -0.003417362656132335 -0.009010031345574461 -0.012038808858300505 0.013239917399960948 -0.003861218728337159 0.01550847748105946 -0.0011405688927485608 -0.001430971166295811 0.013229967088286106
417.31690681051384 0.97854544310066 -0.08682625423850215 0.10025227060023081 -0.10466744470344298 0.216522693200901 -0.8032009345817853 -0.0034173626560236986 -0.00901003134557096 -0.012038808858275483 0.013239917399959977 -0.003861218728339149 0.015508477481039638 -0.00114056889273762 -0.0014309711662932117 0.013229967088290684
417.31690681051384 0.97854544310066 -0.0868262542385028 0.10025227060023591 -0.10466744470344605 0.21652269320084117 -0.8032009345817419 -0.0034173626560621536 -0.00901003134559196 -0.012038808858272423 0.013239917399955508 -0.00386121872835043 0.01550847748104695 -0.0011405688927576159 -0.0014309711662929172 0.013229967088269437
417.31690681051384 0.97854544310066 -0.08682625423850289 0.10025227060023609 -0.10466744470344627 0.2165226932008402 -0.8032009345817467 -0.003417362656076935 -0.009010031345598196 -0.01203880885827734 0.013239917399954507 -0.00386121872838907 0.015508477481055388 -0.0011405688927337615 -0.0014309711663060252 0.013229967088282424
417.31690681051384 0.97854544310066 -0.08682625423850288 0.10025227060023649 -0.10466744470344656 0.21652269320083847 -0.8032009345817448 -0.003417362656070701 -0.009010031345608424 -0.012038808858322508 0.013239917399990017 -0.0038612187283204465 0.015508477481040107 -0.0011405688927406084 -0.0014309711662732604 0.013229967088272248
417.31690681051384 0.97854544310066 -0.08682625423850289 0.10025227060023627 -0.10466744470344638 0.216522693200839 -0.8032009345817457 -0.0034173626560756606 -0.009010031345602975 -0.012038808858283161 0.013239917399949248 -0.0038612187283449074 0.015508477481056143 -0.001140568892738872 -0.0014309711662717842 0.013229967088279362
417.31690681051384 0.97854544310066 -0.08682625423850289 0.10025227060023625 -0.10466744470344637 0.21652269320083892 -0.8032009345817456 -0.0034173626560759555 -0.009010031345602442 -0.012038808858279343 0.013239917399959384 -0.0038612187283424727 0.015508477481078826 -0.0011405688927495444 -0.001430971166290398 0.01322996708827547
417.31690681051384 0.97854544310066 -0.08682625423850288 0.10025227060023627 -0.10466744470344638 0.21652269320083886 -0.8032009345817455 -0.003417362656076075 -0.0090100313456035 -0.01203880885827851 0.01323991739996693 -0.003861218728302542 0.015508477481055546 -0.001140568892763888 -0.0014309711663125732 0.01322996708828483
417.31690681051384 0.97854544310066 -0.08682625423850289 0.10025227060023627 -0.1046674447034464 0.2165226932008388 -0.8032009345817458 -0.0034173626560757555 -0.009010031345604274 -0.012038808858280965 0.013239917399955376 -0.0038612187283363674 0.015508477481042093 -0.001140568892762509 -0.0014309711662582045 0.013229967088269755
417.31690681051384 0.97854544310066 -0.08682625423850288 0.10025227060023625 -0.10466744470344638 0.21652269320083894 -0.8032009345817457 -0.0034173626560761753 -0.009010031345603494 -0.012038808858279211 0.01323991739995831 -0.0038612187283400936 0.01550847748104985 -0.0011405688927447301 -0.0014309711662956464 0.013229967088271722
417.31690681051384 0.97854544310066 -0.08682625423850288 0.10025227060023623 -0.10466744470344638 0.21652269320083894 -0.8032009345817456 -0.0034173626560764715 -0.009010031345603369 -0.012038808858279525 0.013239917399958723 -0.0038612187283321602 0.015508477481042325 -0.0011405688927233991 -0.0014309711663178797 0.013229967088281844
417.31690681051384 0.97854544310066 -0.08682625423850289 0.10025227060023623 -0.10466744470344638 0.21652269320083892 -0.8032009345817457 -0.0034173626560762183 -0.009010031345603372 -0.01203880885827943 0.01323991739995854 -0.0038612187283415937 0.015508477481048595 -0.0011405688927415203 -0.0014309711662988244 0.013229967088264898
417.31690681051384 0.97854544310066 -0.08682625423850289 0.10025227060023625 -0.10466744470344638 0.21652269320083892 -0.8032009345817457 -0.00341736265607621 -0.00901003134560345 -0.012038808858279345 0.013239917399958608 -0.003861218728336476 0.015508477481049832 -0.001140568892741934 -0.001430971166294379 0.01322996708828249
417.31690681051384 0.97854544310066 -0.08682625423850288 0.10025227060023625 -0.10466744470344638 0.21652269320083892 -0.8032009345817457 -0.003417362656076218 -0.009010031345603511 -0.012038808858279506 0.013239917399958822 -0.0038612187283319165 0.015508477481052836 -0.0011405688927410844 -0.0014309711662914056 0.01322996708829745
417.31690681051384 0.97854544310066 -0.08682625423850288 0.10025227060023625 -0.10466744470344638 0.21652269320083892 -0.8032009345817457 -0.003417362656076231 -0.00901003134560344 -0.012038808858279243 0.013239917399958676 -0.003861218728337069 0.015508477481050756 -0.001140568892742951 -0.0014309711662930532 0.013229967088277443
417.31690681051384 0.97854544310066 -0.08682625423850288 0.10025227060023625 -0.10466744470344638 0.21652269320083892 -0.8032009345817457 -0.003417362656076201 -0.009010031345603494 -0.012038808858279335 0.01323991739995835 -0.0038612187283357797 0.015508477481049566 -0.0011405688927417811 -0.0014309711662944965 0.013229967088284018
417.31690681051384 0.97854544310066 -0.08682625423850288 0.10025227060023625 -0.10466744470344638 0.21652269320083892 -0.8032009345817457 -0.003417362656076215 -0.009010031345603473 -0.012038808858279341 0.013239917399958686 -0.00386121872833442 0.015508477481050824 -0.001140568892741795 -0.001430971166292822 0.01322996708828895
417.31690681051384 0.97854544310066 -0.08682625423850288 0.10025227060023625 -0.10466744470344638 0.21652269320083892 -0.8032009345817457 -0.0034173626560762217 -0.009010031345603466 -0.012038808858279272 0.013239917399958515 -0.0038612187283368 0.015508477481050397 -0.0011405688927427745 -0.0014309711662937557 0.013229967088279155
417.31690681051384 0.97854544310066 -0.08682625423850288 0.10025227060023625 -0.10466744470344638 0.21652269320083892 -0.8032009345817457 -0.0034173626560762196 -0.009010031345603475 -0.012038808858279314 0.013239917399958546 -0.0038612187283362633 0.015508477481050505 -0.0011405688927423993 -0.001430971166293497 0.013229967088281723
417.31690681051384 0.97854544310066 -0.08682625423850288 0.10025227060023625 -0.10466744470344638 0.21652269320083892 -0.8032009345817457 -0.003417362656076219 -0.009010031345603473 -0.012038808858279309 0.013239917399958532 -0.0038612187283362178 0.015508477481050376 -0.0011405688927423935 -0.001430971166293711 0.013229967088282077
417.31690681051384 0.97854544310066 -0.08682625423850288 0.10025227060023625 -0.10466744470344638 0.21652269320083892 -0.8032009345817457 -0.0034173626560762196 -0.009010031345603475 -0.0120388088582793 0.013239917399958542 -0.00386121872833613 0.015508477481050408 -0.0011405688927423195 -0.001430971166293745 0.013229967088282519
417.31690681051384 0.97854544310066 -0.08682625423850288 0.10025227060023625 -0.10466744470344638 0.21652269320083892 -0.8032009345817457 -0.003417362656076219 -0.009010031345603475 -0.0120388088582793 0.01323991739995854 -0.003861218728336114 0.015508477481050387 -0.0011405688927423132 -0.001430971166293785 0.013229967088282616
417.31690681051384 0.97854544310066 -0.08682625423850288 0.10025227060023625 -0.10466744470344638 0.21652269320083892 -0.8032009345817457 -0.003417362656076219 -0.009010031345603475 -0.0120388088582793 0.01323991739995854 -0.003861218728336114 0.015508477481050387 -0.0011405688927423132 -0.001430971166293785 0.013229967088282616
417.31690681051384 0.97854544310066 -0.08682625423850288 0.10025227060023625 -0.10466744470344638 0.21652269320083892 -0.8032009345817457 -0.003417362656076219 -0.009010031345603475 -0.0120388088582793 0.01323991739995854 -0.003861218728336114 0.015508477481050387 -0.0011405688927423132 -0.001430971166293785 0.013229967088282616
417.31690681051384 0.97854544310066 -0.08682625423850288 0.10025227060023625 -0.10466744470344638 0.21652269320083892 -0.8032009345817457 -0.003417362656076219 -0.009010031345603475 -0.0120388088582793 0.01323991739995854 -0.003861218728336114 0.015508477481050387 -0.0011405688927423132 -0.001430971166293785 0.013229967088282616
417.31690681051384 0.97854544310066 -0.08682625423850288 0.10025227060023625 -0.10466744470344638 0.21652269320083892 -0.8032009345817457 -0.003417362656076219 -0.009010031345603475 -0.0120388088582793 0.01323991739995854 -0.003861218728336114 0.015508477481050387 -0.0011405688927423132 -0.001430971166293785 0.013229967088282616
-326.15732728598033 -51.58136780920824 220.17138470749057 2.9557845752801906 -0.1570455465847655 -4.3987993999087776 -15.38278093301249 -2.4832435893864595 14.708740385364184 -5.501429606646833 -21.02941029541825 5.8307623507229405 -37.014046711996585 4.909793409793948 -14.838946067602661 -0.46162468743404267
-330.10731674873966 -87.13570268962994 771.0924084712581 25.617981546590475 4.6496980313221155 56.15093609369362 -57.67705329928903 5.398161122845803 -35.742675254994346 -33.65108813166154 -16.110763548955376 -0.4128682447740262 0.5469418117812639 0.05419183306817719 1.7385414269512305 6.3514970060626075
-237.27277905115557 -45.89922910033963 79.37876435971144 -14.306973233322681 22.722001013103643 -63.53478464847011 566.1462441360984 13.73949165764227 -59.27225688351026 16.412381074722237 24.15456119992673 -1.573411207264208 7.916200380216521 -0.6711159429094644 -5.0978831619002065 4.345137748557254
-326.3287867898585 -39.3828654018663 -4.93037272584174 -12.238034605125234 16.845206609180398 -22.050513658611326 22.066629242910427 -3.77667884603816 25.526575458027427 -0.9838753160623843 -24.186975712638013 3.4392247689706754 -21.986871577588587 3.1687541586263506 2.2811563407660875 -35.03988480459936
-324.9288036219559 -44.57795168233151 -12.278148792080108 -35.60250818351736 97.2226599578613 21.972311569567616 -0.23300148961581993 0.5914730162539164 1.5462455090287055 -0.24135110204068877 -5.067195033086541 -0.662864292308985 -3.7293490894202654 1.6790361258739703 0.7412114711355265 -4.412367643625506
-326.20913451020584 -49.38914359598262 -17.393400572474622 -50.01726635874676 144.17876476049508 42.74176407060051 -2.050057949832067 2.6425882924421606 -7.220309415636052 0.6389020364051478 0.3949115640234468 -1.2331585353840757 -1.89403195526316 1.9543294580065262 0.12561919744743175 -0.4331261933139482
-326.9167929877983 -65.98009959523891 -30.23741998986347 -101.91256379349215 314.6924658968073 120.61227745141228 -11.192963949938 10.219720657582341 -41.026895666072654 5.265446462748558 20.7488700527842 -5.43701760844418 8.215548309548922 2.452675841732145 -7.360270317040115 22.606882969219303
-328.11283419779386 -58.32396209490472 -24.84628376160978 -79.09055119769799 241.51161244627372 88.76325794320994 -11.251077595091655 6.970913036695879 -28.065928044617397 3.2872529296588295 13.687020194715616 -3.3859562009594626 5.746681673261353 1.3382395724390914 -4.3147315304506835 15.017013878492952
-327.4162526978788 -60.32586280260083 -25.92972535184492 -80.83564133499307 250.72172270116977 90.78340370279543 -10.323316624270765 6.180244982330739 -28.611308146688373 3.278164150806603 12.096765489116176 -1.2986811699593366 4.230498508307882 -0.09075128474684348 -3.3630172445335824 7.598809007192392
-327.6556731942156 -59.2564084729132 -25.222647749190138 -78.30871441657723 241.84430084649185 87.13283095661754 -10.519201061881633 5.879548658185658 -27.350831482424738 2.9634724662361016 11.561809510884204 -1.295268273709971 4.336389165653609 -0.13725549743860832 -2.8472441283437835 7.084756355051724
-326.41838827425926 -53.269379649479646 -20.558561010258092 -59.143429472228 179.6885280093619 58.77608324644026 -7.067955938239859 3.3218616630288156 -14.377872322401027 1.1390318542484974 3.7655009457331095 0.7404763006430708 0.6151110850740226 -1.056577035237668 0.1970024366902288 -3.771012073527949
-325.7095128359251 -42.44872321396485 -12.694419219168124 -26.48644959221056 76.52146290265422 14.238277139829917 -3.5827124717270307 -0.3689718256054948 4.225302869771384 -1.3235871737743359 -5.634212838889299 1.5401032923934326 -3.1515587509950125 -0.6610288583486286 3.3221218646688557 -10.372410077063082
-327.8071066364547 -45.51979473380182 -15.485856219498194 43.943311073257505 30.34651960079034 4.842736196563415 -2.454090792109409 -3.36674765101694 9.671627877275695 -3.2129830837007347 -14.448333585655192 13.430424748456394 -8.035295989467249 -10.13780204528278 10.71973390280702 -43.60877596354968
-327.4533979076723 -44.05294819287667 -13.764866705939632 8.537799537465418 45.04165831278021 1.7296268797719567 -3.9246103050678447 -4.691359696031251 10.602765164744865 -1.8905992012939636 -15.106882343637704 10.535274816539026 -7.671759865156945 -7.2025554331579205 6.9913890290958545 -34.901381393464504
-327.25288717103297 -42.2889235506855 -12.474159174270063 14.35645035205433 25.136334204696876 -9.380804168667284 -4.31257241663283 -9.370799379162687 6.769636330869079 -4.529091370043938 -13.334645101466952 29.854242429331943 -3.66614974038195 -24.549098554608957 7.811984055136371 -34.30822229359277
-328.44350633957384 -43.63894060206157 -12.708931626249127 -17.30076023701869 -10.641269269816592 -72.06588697207697 -22.945610793681993 -65.28857940468752 -93.0239483326011 0.08944403192361355 20.035139916716776 -15.69468988280474 3.536007456127379 23.145871127543675 -1.7598752371434563 8.195399047823548
-329.75934150314976 -34.29305759867275 -13.382040185298068 -20.71124036789223 -21.426419052886835 -78.88897164961108 -27.178147591092223 -82.01580708516296 -124.09653857360802 14.465863359431083 17.280281066708227 -22.675323445196113 2.894175265407426 31.211884413533397 -3.8537326436649577 14.12299891461614
-329.75934150314976 -34.29305759867275 -13.382040185298068 -20.71124036789223 -21.426419052886835 -78.88897164961108 -27.178147591092223 -82.01580708516296 -124.09653857360802 14.465863359431083 17.280281066708227 -22.675323445196113 2.894175265407426 31.211884413533397 -3.8537326436649577 14.12299891461614
-329.596616857846 -44.35954471749052 -14.536531912698353 -22.727449952132247 -24.596992113335585 -90.76011559058281 -32.341930863288866 -63.894785604813585 -151.10243758802463 30.494687722882993 12.646366009436871 -89.07314779679349 -6.772670687973266 78.10012897283882 2.059094327759587 2.3203938484295925
-329.596616857846 -44.35954471749052 -14.536531912698353 -22.727449952132247 -24.596992113335585 -90.76011559058281 -32.341930863288866 -63.894785604813585 -151.10243758802463 30.494687722882993 12.646366009436871 -89.07314779679349 -6.772670687973266 78.10012897283882 2.059094327759587 2.3203938484295925
-329.596616857846 -44.35954471749052 -14.536531912698353 -22.727449952132247 -24.596992113335585 -90.76011559058281 -32.341930863288866 -63.894785604813585 -151.10243758802463 30.494687722882993 12.646366009436871 -89.07314779679349 -6.772670687973266 78.10012897283882 2.059094327759587 2.3203938484295925
-328.3658856889902 -30.883801295498746 -11.056928012032065 -16.077521522680065 -17.245623468272168 -58.29698417772394 -18.757911873157376 -25.39583735901974 -75.85375742807177 12.398485890629273 4.8759255957057075 -35.79580253305415 -3.947729966613799 30.44423453205691 1.7383371375883705 -2.3778261613952325
-330.2867036853283 -33.63220175993048 -16.170590234910506 -36.955148565613854 -54.63703260161003 3.6951421133902205 -14.15173478466992 130.96595124148436 -56.82922140275138 38.71417978859361 -21.24515145820507 -96.92910884237523 -30.542586975062196 -108.0805599121703 3.080178768811169 -35.65209321550088
-330.2867036853283 -33.63220175993048 -16.170590234910506 -36.955148565613854 -54.63703260161003 3.6951421133902205 -14.15173478466992 130.96595124148436 -56.82922140275138 38.71417978859361 -21.24515145820507 -96.92910884237523 -30.542586975062196 -108.0805599121703 3.080178768811169 -35.65209321550088
-330.2867036853283 -33.63220175993048 -16.170590234910506 -36.955148565613854 -54.63703260161003 3.6951421133902205 -14.15173478466992 130.96595124148436 -56.82922140275138 38.71417978859361 -21.24515145820507 -96.92910884237523 -30.542586975062196 -108.0805599121703 3.080178768811169 -35.65209321550088
-334.0711366495376 -8.276707520367095 -22.869577323196825 -74.88058332315887 -124.15923930740537 165.48568736089751 10.2313586426106 -25.339524360063084 -34.83127145503039 36.64948574696955 -11.784783842474463 13.321723845959303 7.664195099586405 15.778704231884142 -6.612245342344867 33.95333094356848
-334.55080056366154 -11.976299509966083 -25.06485227538111 -85.1573450528988 -143.32967207545056 217.5895116563466 21.41546346552361 -108.62724558194904 -5.191180981525451 17.742103749306807 -6.015470862213403 -12.090130829952114 -1.8052005838090877 -16.51599430612176 -4.0679726018634526 6.5757911372610245
-334.55080056366154 -11.976299509966083 -25.06485227538111 -85.1573450528988 -143.32967207545056 217.5895116563466 21.41546346552361 -108.62724558194904 -5.191180981525451 17.742103749306807 -6.015470862213403 -12.090130829952114 -1.8052005838090877 -16.51599430612176 -4.0679726018634526 6.5757911372610245
-329.36199901064634 -18.872612846961847 -11.195110124667515 -17.685569087782937 -26.279957608198096 -11.420936170943964 -4.178410589932266 17.248754255710118 20.275392399806787 -62.748729965963676 48.46145544034994 -4.5627012777102465 3.519178159257047 -3.7340298579767897 -0.9926934654659594 -3.218177498577805
-326.8011302471294 -36.11639798021387 -9.523035032473928 -12.793021237353466 -16.181225053681842 -16.286240038729144 -2.4867442343739223 2.7592869582275505 17.54002194893689 -26.46000566090563 9.62186154555824 0.3377471839370526 -2.7610530392287536 6.0286130977708625 6.28602784211025 -15.985642310207705
-327.77641581152847 -34.56457324024736 -11.054411534652177 -18.830948408505485 -25.605852951410252 -4.837188409527164 -1.1048846511330224 2.9300133886339754 31.868849287458158 -63.07401517356631 44.55649683352814 -4.212522502656049 3.2473422116556026 14.634113287389392 1.4698630020196937 -10.12738672793758
-326.56668022624496 -36.734162419207664 -9.088534522614596 -11.098958239979744 -13.092072536786583 -18.285619681308415 -1.5283433005943219 -1.119641495629075 26.95383356184796 -29.403631759163847 4.921876927655909 -7.212077650782327 -2.4854892459355296 -5.84031454978875 9.30569388593909 -16.520625791008175
-326.36494152162413 -38.19490348987561 -8.432513009165689 -8.563399623617393 5.569972194703275 -24.264279724318254 -1.3001750827996659 -5.127214246533559 29.675736243573162 -5.611877747749776 -30.575792006805216 0.24632898126293373 -5.51391806616051 -3.0129889310480236 22.775211592517245 -50.67068396835549
-325.89695014148504 -36.702463468866846 -7.183338652291188 -6.194312350811504 -3.3907735809004995 -28.210343159709886 -0.8299919731333726 -4.667665485065898 31.80349531266085 -5.873279772168202 -33.88468476027466 -1.4541452138185498 -3.629770233300983 -0.850930929666706 23.52492210639186 -62.12661171492011
-326.5831434733558 -38.64508131021476 -8.242027587236107 -6.840808066208547 -3.7683236664296977 -35.91646073052464 -0.9221658426584126 -7.403567746006934 48.58107903927778 -8.545843570552416 -83.18548648935139 -26.231559248815458 95.98975904053196 1.6858785035551722 -39.125139710759065 26.504608447965342
-326.71642911489 -39.03615541121576 -6.917890476301668 -7.108434280322985 -4.226577375217099 -36.419060830372885 -0.4846024758758391 -7.858815540669504 51.78518449641191 11.289936424881786 -47.762572210145485 -6.482787437213422 0.41385485840803254 -3.351826123829942 207.570472762683 125.67945170657887
-327.3167331566187 -40.84423527048062 -5.852308825513607 -7.3870404133521035 -4.15151886536338 -43.577193504642935 -3.885151761311891 -11.368739099965474 75.99762121540928 65.85505719247836 3.0048844929439147 8.94710299942696 -80.19065617900458 13.206556004041222 -57.7463606940662 47.948140649047204
-322.3168818549867 -38.106047440015864 -4.404355525993452 -6.472569591664401 -3.6605442389646328 -34.07749577711592 -2.6964774318641043 -7.767105768896938 49.22200359679121 22.362283899036 -20.440487992851754 13.822645931833216 -90.97775330795615 13.503574880775943 -53.688681040060665 33.38769501931175
-329.0030235579195 -48.552314695016406 73.09721702951128 -6.106568451562522 -5.084904791060137 -52.24819281063069 -29.24422140589027 -21.93142375950545 156.27577776977932 314.2553975124576 258.9406457441444 -22.341346705831725 146.64385189571345 -18.88443671575963 24.56647396235321 -41.86271475547831
417.31690681051384 0.97854544310066 -0.08682625423850288 0.10025227060023625 -0.10466744470344638 0.21652269320083892 -0.8032009345817457 -0.003417362656076219 -0.009010031345603475 -0.0120388088582793 0.01323991739995854 -0.003861218728336114 0.015508477481050387 -0.0011405688927423132 -0.001430971166293785 0.013229967088282616
417.31690681051384 0.97854544310066 -0.08682625423850288 0.10025227060023625 -0.10466744470344638 0.21652269320083892 -0.8032009345817457 -0.003417362656076219 -0.009010031345603475 -0.0120388088582793 0.01323991739995854 -0.003861218728336114 0.015508477481050387 -0.0011405688927423132 -0.001430971166293785 0.013229967088282616
417.31690681051384 0.97854544310066 -0.08682625423850288 0.10025227060023625 -0.10466744470344638 0.21652269320083892 -0.8032009345817457 -0.003417362656076219 -0.009010031345603475 -0.0120388088582793 0.01323991739995854 -0.003861218728336114 0.015508477481050387 -0.0011405688927423132 -0.001430971166293785 0.013229967088282616
-326.20728152009565 -39.96428675079101 -4.984774240493733 -7.28848089823349 -4.143516284585631 -40.45446897788544 -3.3080337833299067 -10.172064673993917 66.11865292606747 46.53402743117638 -10.248991920148159 15.835696531338698 -109.75528683111959 16.94194568884536 -70.80277899332323 51.17365964349607
-325.27679598475345 -39.62479965848061 -5.169298968384662 -7.1933460866077334 -3.985875460022637 -39.52089134006591 -2.6786039039468 -9.837994004441578 63.61219564939076 43.281972921366986 -11.79117699656719 13.468887790525995 -97.22981532935735 15.04756847423153 -54.42193368442659 50.077782304145714
-323.7159230259258 -37.561292105059266 -5.031477639816835 -6.450674390497204 -3.163208972498836 -32.64135085027176 13.847779520410201 -5.715509647143933 38.89190997673026 9.552166060522472 -30.366655136229884 -3.0827706138812934 -2.018363981130623 -0.04983867188049708 72.02752531733948 45.80647840738548
-326.47972923272766 -38.3668682990459 -8.076792448200644 -6.746256467819131 -3.6497288145815454 -35.005093570996564 -0.35975783073199374 -6.885000201198487 46.625802908316636 -6.396833094709695 -76.74526589522567 -23.725518452200426 84.6095659626064 1.6625349205068605 -37.79491507629308 27.70753465046351
-325.89433343641275 -36.715741773683334 -7.430969303850274 -5.650151674754419 -3.4304191569846876 -28.50225200435467 -0.8333552430557123 -4.713500794304634 32.856261851161605 -2.593120556434967 -32.734800192152875 -2.940268736028674 0.5285430147564668 0.4596683095566669 1.9582522369919844 -22.400772572577935
-325.23193267346 -35.99061007666085 -7.494795633881005 -8.313119513061622 7.036801661619526 -19.488044129117508 -0.8077592656706281 -3.488402128309393 21.963333789075588 -4.205627495660175 -18.06026168405054 1.3241687365575443 -7.228252151154006 -0.0460705312987409 9.642836447277908 -29.444625665128893
-326.0323375954248 -37.00685664408094 -7.5680287607788035 -5.840799808974325 -2.970407912117156 -28.423059304702594 -0.8331414029688251 -4.751331369515125 31.202272170022216 -5.792152528490125 -29.50033351243816 0.9626106865557474 -8.382872462841824 -0.7478940094091203 15.2693227279756 -49.474085065704706
-326.6837274966707 -38.63324975791464 -8.402128624166345 -7.390517901239813 -4.285719337324897 -30.819954004535518 -1.1510823668557162 -6.143657768187382 37.02582631906631 -14.09983999022125 -29.039943777551592 1.9496118106511149 -18.09548963349498 -3.3844763466366916 32.90192621989853 -97.98576929958371
-326.00594463256965 -36.94686170121075 -7.9835265231492505 -8.431613769691888 1.085018216625054 -23.08577422296671 -1.2392804671245818 -3.831611778814505 27.3026756680232 -8.70679753182128 -21.56699612976199 2.6068385755025565 -12.011962138515702 -1.321123369343767 20.535517592455285 -60.5656925980438
-325.88327507787596 -36.30317760687477 -7.736048415383024 -6.57134397449908 -5.3763456834269014 -24.83012024135977 -1.2395096644519223 -3.574199198264186 26.278723946916873 -13.79565892242936 -12.634667386285471 -0.018885719766437815 -9.465071551619145 -2.711593880867352 15.803328021403571 -39.74596906114708
-326.05309123315857 -36.59880953373322 -7.9442536979682 -7.106683552214294 -6.225581702444718 -25.5911290971693 -1.4127711527144675 -2.8770060231467762 28.022203489255126 -22.193473940868714 -3.6091668064199687 -0.7623793351603145 -8.478880920042336 -3.8699319614075756 12.33132660933371 -34.2260114968481
-330.5019076314215 -9.643358372509317 -11.579606230119598 -22.30940032220426 -30.36999340175399 -11.89388405750141 -5.239524724331567 23.604106328283986 23.071961521183162 -83.91869978733808 71.90094391303607 -18.830273068479066 3.418404206407708 -15.981133688089612 -8.04620841815591 15.661964272115934
-330.5019076314215 -9.643358372509317 -11.579606230119598 -22.30940032220426 -30.36999340175399 -11.89388405750141 -5.239524724331567 23.604106328283986 23.071961521183162 -83.91869978733808 71.90094391303607 -18.830273068479066 3.418404206407708 -15.981133688089612 -8.04620841815591 15.661964272115934
-326.2890543760714 -35.376962819744456 -8.727646244883777 -11.483625180501958 -13.357215150803732 -15.647539205546217 -1.7736537486386528 0.3951320939551941 16.928112108584912 -13.162442474283228 -4.823524747147057 1.3842631967369476 -2.9193270181357933 0.3078613878142583 5.844605097909093 -15.146514088678716
-330.17207897472946 -54.36536269247888 -25.122462881254435 174.58837996651272 7.3327850296372565 34.252870402498544 0.2863481056495929 1.2958065902938665 -8.103235952089252 -2.834990244527061 2.5966046692502562 4.420675029094097 0.583858598314534 -5.547593569904986 1.7457584697862463 -6.262377924258203
-332.0158270482713 -62.69568947105032 -33.763989903786836 270.87053118189897 11.763995768040463 68.52206607741766 1.9798027302431105 6.586171304489749 -26.603302421859016 4.724013468174062 11.919382430098084 -7.212108826458169 4.287327833836841 4.903575879075652 -4.353171135658608 15.028882315584672
-331.76006192061146 -61.62064931530074 -32.67042265154429 259.0627842933057 11.674921372012548 64.58312236020257 1.8094305310555745 5.714358455258106 -24.47902571862982 4.094641450367139 10.569138545748515 -5.032592383082949 3.611446528166539 3.9380798943942743 -3.9947972963467504 11.020875954843985
-331.76006192061146 -61.62064931530074 -32.67042265154429 259.0627842933057 11.674921372012548 64.58312236020257 1.8094305310555745 5.714358455258106 -24.47902571862982 4.094641450367139 10.569138545748515 -5.032592383082949 3.611446528166539 3.9380798943942743 -3.9947972963467504 11.020875954843985
-331.3883994270474 -60.090009931172105 -31.163056996812724 243.23189433470017 11.085118019800142 59.342666988941176 1.612145861607024 5.047542465933726 -21.69598424402345 3.5113683620454466 8.829034807213606 -3.8223423229407665 2.8591455297614985 3.0043754616067657 -3.0821505770830977 7.9159079857511365
-331.3421451083098 -59.83694268196719 -30.849224995709697 239.14247421230934 11.282127685334538 57.94735404080584 1.5148175491355511 4.797862439978857 -20.77475249831874 3.339816610005789 7.969673457867487 -3.113754992726433 2.4102193881138447 2.500665604294183 -2.5294607433567 5.5648949017856335
-331.3421451083098 -59.83694268196719 -30.849224995709697 239.14247421230934 11.282127685334538 57.94735404080584 1.5148175491355511 4.797862439978857 -20.77475249831874 3.339816610005789 7.969673457867487 -3.113754992726433 2.4102193881138447 2.500665604294183 -2.5294607433567 5.5648949017856335
-328.5448196462938 -47.8781770467885 -18.732637907767543 108.34864164656008 4.88750752872026 11.14920128572255 -0.9761092531036527 -3.466429127961722 -0.3757880572363167 -3.239186763982631 -5.232242873184512 18.343293523824503 -1.6533970582325372 -16.714150144001344 5.010326819512218 -18.241338697160042
-327.9604609661209 -43.032680767658455 -11.421454828179318 -9.382371349085489 -9.707879407721041 -70.86767975760159 -18.186969677963834 -61.91374085992931 -60.21544860655941 -10.291967145106588 7.370385225713966 174.48112191464244 28.217853164604957 -148.56478093515597 -11.442634533879197 8.064321611069877
-328.7299355259142 -44.14626076363257 -12.756247486973718 -15.058240590077125 -15.509584028016652 -79.95860109002774 -23.32689768632369 -68.82090122390663 -88.49326766204183 -8.212844836844017 19.08523151622579 116.45825663143147 23.5510592628029 -93.58370796232828 -11.275013467190146 16.576426839615166
-328.7299355259142 -44.14626076363257 -12.756247486973718 -15.058240590077125 -15.509584028016652 -79.95860109002774 -23.32689768632369 -68.82090122390663 -88.49326766204183 -8.212844836844017 19.08523151622579 116.45825663143147 23.5510592628029 -93.58370796232828 -11.275013467190146 16.576426839615166
-328.6150480698774 -44.015336707824694 -12.62052899399357 -16.48119567720088 -16.40227080298501 -78.9849868838467 -23.295860560188544 -71.5617573334136 -91.03310253244864 -5.281545799938113 18.141752109812337 106.6737311473507 22.750557974140275 -77.09591084913637 -9.984725408864193 14.751483811173914
-326.27122800949587 -34.30202888361049 -8.548194715193672 -11.024203337889611 -12.219162848752067 -20.698293023952456 -3.536203727581597 12.000552252792358 7.6659051621662675 -6.851752853641614 -6.129656703122916 -0.3909656532477631 -4.430264276403198 -0.8922586858606184 5.368179840614758 -15.573257041952315
-327.33189283906063 -18.78718844300381 -7.785830764454858 -10.099517763313425 -10.997140240271158 -19.750214233599568 -2.749435927056313 13.374947538994002 13.760907201520283 -9.324161136538248 -7.199605243349356 12.791023284084403 -1.494983549609582 26.799617610556517 9.531927433333044 -29.509165343578807
-332.50039955004047 35.17067456415399 -9.122054929335174 -21.542583029028215 -31.39691993644036 2.8484823892473576 -5.722691489517059 69.99100331283411 -7.739955184149269 -5.166426049569837 3.7659037066504424 124.91852854604016 34.500896375080785 174.3256607343193 18.329577287486956 -48.63057851486758
-332.50039955004047 35.17067456415399 -9.122054929335174 -21.542583029028215 -31.39691993644036 2.8484823892473576 -5.722691489517059 69.99100331283411 -7.739955184149269 -5.166426049569837 3.7659037066504424 124.91852854604016 34.500896375080785 174.3256607343193 18.329577287486956 -48.63057851486758
-333.56907485000136 20.43095809109539 -14.408564870605911 -39.663945061953484 -61.45506763118027 31.58161267984048 -9.594474213623887 134.58859136684316 -42.33639332370866 17.881830357521466 4.674018806542086 31.79836039618522 11.764443854552132 10.491391098867302 -7.070340192386766 26.445928425760155
-333.56907485000136 20.43095809109539 -14.408564870605911 -39.663945061953484 -61.45506763118027 31.58161267984048 -9.594474213623887 134.58859136684316 -42.33639332370866 17.881830357521466 4.674018806542086 31.79836039618522 11.764443854552132 10.491391098867302 -7.070340192386766 26.445928425760155
-333.56907485000136 20.43095809109539 -14.408564870605911 -39.663945061953484 -61.45506763118027 31.58161267984048 -9.594474213623887 134.58859136684316 -42.33639332370866 17.881830357521466 4.674018806542086 31.79836039618522 11.764443854552132 10.491391098867302 -7.070340192386766 26.445928425760155
-333.56907485000136 20.43095809109539 -14.408564870605911 -39.663945061953484 -61.45506763118027 31.58161267984048 -9.594474213623887 134.58859136684316 -42.33639332370866 17.881830357521466 4.674018806542086 31.79836039618522 11.764443854552132 10.491391098867302 -7.070340192386766 26.445928425760155
-333.56907485000136 20.43095809109539 -14.408564870605911 -39.663945061953484 -61.45506763118027 31.58161267984048 -9.594474213623887 134.58859136684316 -42.33639332370866 17.881830357521466 4.674018806542086 31.79836039618522 11.764443854552132 10.491391098867302 -7.070340192386766 26.445928425760155
-333.56907485000136 20.43095809109539 -14.408564870605911 -39.663945061953484 -61.45506763118027 31.58161267984048 -9.594474213623887 134.58859136684316 -42.33639332370866 17.881830357521466 4.674018806542086 31.79836039618522 11.764443854552132 10.491391098867302 -7.070340192386766 26.445928425760155
-333.56907485000136 20.43095809109539 -14.408564870605911 -39.663945061953484 -61.45506763118027 31.58161267984048 -9.594474213623887 134.58859136684316 -42.33639332370866 17.881830357521466 4.674018806542086 31.79836039618522 11.764443854552132 10.491391098867302 -7.070340192386766 26.445928425760155
-345.4910364006938 327.4051433127311 12.443458569978514 16.672064006943167 22.18810330206178 -4.001182156646664 1.5103158600283564 -16.61486763863146 1.4835931411212413 2.3498822145418834 -2.4290798184922244 -7.0652208081738195 -2.212210689089734 -7.846564443675356 -0.06146578672227643 -0.6124412962564194
-345.4910364006938 327.4051433127311 12.443458569978514 16.672064006943167 22.18810330206178 -4.001182156646664 1.5103158600283564 -16.61486763863146 1.4835931411212413 2.3498822145418834 -2.4290798184922244 -7.0652208081738195 -2.212210689089734 -7.846564443675356 -0.06146578672227643 -0.6124412962564194
-345.4910364006938 327.4051433127311 12.443458569978514 16.672064006943167 22.18810330206178 -4.001182156646664 1.5103158600283564 -16.61486763863146 1.4835931411212413 2.3498822145418834 -2.4290798184922244 -7.0652208081738195 -2.212210689089734 -7.846564443675356 -0.06146578672227643 -0.6124412962564194
-345.4910364006938 327.4051433127311 12.443458569978514 16.672064006943167 22.18810330206178 -4.001182156646664 1.5103158600283564 -16.61486763863146 1.4835931411212413 2.3498822145418834 -2.4290798184922244 -7.0652208081738195 -2.212210689089734 -7.846564443675356 -0.06146578672227643 -0.6124412962564194
-345.4910364006938 327.4051433127311 12.443458569978514 16.672064006943167 22.18810330206178 -4.001182156646664 1.5103158600283564 -16.61486763863146 1.4835931411212413 2.3498822145418834 -2.4290798184922244 -7.0652208081738195 -2.212210689089734 -7.846564443675356 -0.06146578672227643 -0.6124412962564194
-345.4910364006938 327.4051433127311 12.443458569978514 16.672064006943167 22.18810330206178 -4.001182156646664 1.5103158600283564 -16.61486763863146 1.4835931411212413 2.3498822145418834 -2.4290798184922244 -7.0652208081738195 -2.212210689089734 -7.846564443675356 -0.06146578672227643 -0.6124412962564194
-345.4910364006938 327.4051433127311 12.443458569978514 16.672064006943167 22.18810330206178 -4.001182156646664 1.5103158600283564 -16.61486763863146 1.4835931411212413 2.3498822145418834 -2.4290798184922244 -7.0652208081738195 -2.212210689089734 -7.846564443675356 -0.06146578672227643 -0.6124412962564194
-345.4910364006938 327.4051433127311 12.443458569978514 16.672064006943167 22.18810330206178 -4.001182156646664 1.5103158600283564 -16.61486763863146 1.4835931411212413 2.3498822145418834 -2.4290798184922244 -7.0652208081738195 -2.212210689089734 -7.846564443675356 -0.06146578672227643 -0.6124412962564194
-345.4910364006938 327.4051433127311 12.443458569978514 16.672064006943167 22.18810330206178 -4.001182156646664 1.5103158600283564 -16.61486763863146 1.4835931411212413 2.3498822145418834 -2.4290798184922244 -7.0652208081738195 -2.212210689089734 -7.846564443675356 -0.06146578672227643 -0.6124412962564194
-345.4910364006938 327.4051433127311 12.443458569978514 16.672064006943167 22.18810330206178 -4.001182156646664 1.5103158600283564 -16.61486763863146 1.4835931411212413 2.3498822145418834 -2.4290798184922244 -7.0652208081738195 -2.212210689089734 -7.846564443675356 -0.06146578672227643 -0.6124412962564194
-329.4470509654441 -34.01131317472924 -14.075838591645239 -29.52848765182027 -42.3253068129525 8.648807993854795 -2.203756773870344 6.999772981461481 31.17226373843558 -101.4397928542802 90.5232354389428 -17.4354075596347 12.254290795827448 11.339144834992743 -11.427086254705197 36.68519326718387
-330.1830423887032 -19.56498562521007 -12.358157654955148 -23.003958974715957 -31.980938209346817 -6.777689993895559 -1.7195619512001712 -5.84278846906405 53.52978807971577 -140.41508004986352 118.65070750614872 -38.14299541355718 9.554923408155432 -0.9036382703966302 -10.92916259387816 20.77481267152788
-330.1830423887032 -19.56498562521007 -12.358157654955148 -23.003958974715957 -31.980938209346817 -6.777689993895559 -1.7195619512001712 -5.84278846906405 53.52978807971577 -140.41508004986352 118.65070750614872 -38.14299541355718 9.554923408155432 -0.9036382703966302 -10.92916259387816 20.77481267152788
-330.1830423887032 -19.56498562521007 -12.358157654955148 -23.003958974715957 -31.980938209346817 -6.777689993895559 -1.7195619512001712 -5.84278846906405 53.52978807971577 -140.41508004986352 118.65070750614872 -38.14299541355718 9.554923408155432 -0.9036382703966302 -10.92916259387816 20.77481267152788
-332.1447339990261 -27.767690470675262 -22.885454145044875 -75.49293566015446 -126.82957860678154 200.89886620702055 22.994398801692807 -126.4959859550368 7.8719933736654655 26.129399554455652 -25.493995641487583 4.355070613871093 -3.8730057072813753 4.265462551544861 6.664520097893447 -23.013573051917366
-332.1447339990261 -27.767690470675262 -22.885454145044875 -75.49293566015446 -126.82957860678154 200.89886620702055 22.994398801692807 -126.4959859550368 7.8719933736654655 26.129399554455652 -25.493995641487583 4.355070613871093 -3.8730057072813753 4.265462551544861 6.664520097893447 -23.013573051917366
-327.53982785887047 -36.31856729363117 -10.822732042920695 -17.80885421478463 -23.400304427528592 -9.471209508303687 -1.8434694962832674 1.686268657427842 28.276845565200162 -57.95172882604451 39.738435618526566 -11.83829048074929 -0.6199902060887833 -2.5321786433415596 0.7674915782812015 -7.460898558375683
-327.77739753865336 -37.84462152005582 -11.25865284883032 -18.586528021705032 -24.676997327412007 -8.77316659159492 -1.2633630196954513 -3.257832211964945 36.41030951977463 -74.2641603942967 53.203292502902 -20.00339369961858 -0.5901301184126537 -6.887746149204971 -0.9279293829978454 -2.5576231695332843
-325.7265660145954 -36.2434935274858 -7.448447327545674 -5.173551247967394 -3.676161434892279 -25.291044456746533 -0.8158245999288264 -4.194786968361992 28.337640187173132 -7.306596212884794 -24.99214469672195 -2.102884673300166 -0.8819634002580642 -1.7637420748444848 19.25318649622302 -27.740300036732076
-326.3450804500085 -38.0564549880891 -8.27093941395721 -7.059483834333088 2.283608249778569 -26.62302570674911 -1.2463197700488198 -4.44077889860061 32.652872039523736 -6.366757903504897 -33.8899585619311 -2.743481131489572 0.1859756126099867 -2.009737084967617 26.484139508307464 -37.92931095795726
-326.0588267527365 -37.09412138371233 -7.720533696092467 -6.3010214701598874 -3.125828391349673 -26.757781609658867 -0.6457041544710327 -5.395847135265266 31.161813041037878 -6.181362745283794 -29.986158805608223 -0.6378491988261843 -5.111172879675571 -2.3063140866022867 21.214324735083736 -47.69262937472395
-325.8418572042751 -36.5713491380688 -7.2190967675862145 -6.449531574573867 -2.149695127584405 -26.091163871838237 -0.8978420885555181 -5.660027099868772 29.74280421268115 -2.146193588617229 -23.767567734992184 0.9021846541374496 -5.995657042355538 -1.342226297069219 19.021030580976205 -46.08257436430914
-326.7675103504812 -39.00461588786337 -7.031031420545969 -6.772713698786738 -3.7423781214084335 -34.12900399749925 -1.0999092309819418 -6.9593089113923625 41.504237271142095 -8.55516425866808 -49.56197739525457 0.050475962437515676 -10.897284594622901 0.10572656436267935 42.45757865124375 -132.05736795350984
-326.03838957336825 -37.08633408565565 -7.217064893649548 -6.146711804448494 -3.464206599720475 -29.659676622057102 -0.8663617125416933 -5.310409128976842 33.25508056228621 -5.748331240505802 -36.27059947526269 -1.2228956799153796 -5.3215664936517975 0.31307080720154823 22.786304330109164 -71.97208974519639
-326.3695405550219 -38.10552096722522 -8.070173560843902 -6.3180945840919644 -3.6978712786029133 -34.16122315112586 -0.9310845866886158 -6.677013716630841 45.35471855868936 -8.197638811120214 -77.87607002061992 -25.125072295954492 91.82194895130907 1.270531808191292 -45.254126539153816 23.38705711299006
-327.0919940628863 -40.03296228405999 -8.832613154486438 -7.533093391983881 -4.180209823024847 -40.431693034858625 -1.1257617395839148 -8.199532777575904 57.77636267160221 -10.432763046292294 -109.66325464399146 -39.04425448336271 142.57620513794834 1.965124818855243 -75.57151506815886 45.31862518437791
-327.5356207769687 -41.2409201911369 -9.310484236006465 -8.06267444881048 -4.200546856730064 -44.305833499152115 -1.1983908052734307 -9.897384607883339 66.12288147509841 -12.227576708018443 -128.69601324481593 -46.76801086001636 173.55185080203805 3.4580092526404114 -95.79190217147983 57.912965677733055
-326.9756600609846 -39.705599712168556 -7.845268849420075 -7.0407070904482305 -4.508869185989436 -37.39796166668803 -0.6295670580277173 -8.461443768045353 55.046171819121916 13.471261320183364 -47.469497317128024 -5.957391579838971 -6.216582543772257 -4.459936812655788 231.88524499466337 134.62169297078262
-326.7867882643215 -39.245257058907484 -6.5424190479425866 -7.023674258593578 -3.791917532236189 -38.0434221100863 -2.565726531868432 -9.464001746887575 57.410503680888915 34.74535339094474 -14.416943173700867 6.889280169522424 -60.776549840424906 10.15410988057884 -30.2967085080516 31.527062602896255
-326.7867882643215 -39.245257058907484 -6.5424190479425866 -7.023674258593578 -3.791917532236189 -38.0434221100863 -2.565726531868432 -9.464001746887575 57.410503680888915 34.74535339094474 -14.416943173700867 6.889280169522424 -60.776549840424906 10.15410988057884 -30.2967085080516 31.527062602896255
-326.8093657782961 -39.42571110419646 -6.213852283268225 -7.2518593493388845 -3.6947341025087512 -39.23942575890772 -2.6310595243501043 -9.878752840054212 64.2395547844154 48.01877910026029 -6.010092283364468 12.961470918745025 -93.64676971356062 14.781097238749352 -61.072359026953045 47.19265459627031
-327.0620018120741 -40.16060529063002 -3.97928351911329 -7.322632915307918 -4.165653522459038 -41.122496766093185 -4.028868038227488 -10.788898990526393 69.636630343653 58.264522879657136 1.7636170930955233 13.565516005664023 -94.96839313507047 15.134424852247394 -65.35293741809437 46.678871548906166
-326.2370590924832 -38.076228353142604 4.421868616127088 -5.813026427769454 -3.2547783476833354 -30.425808294522376 -1.6545320044503637 -6.61759374068032 41.76888019181436 18.940078134261938 -13.505873991443696 9.426785664954393 -58.92438846390628 8.09552094379003 -32.239278701587686 9.995083993449718
417.31690681051384 0.97854544310066 -0.08682625423850288 0.10025227060023625 -0.10466744470344638 0.21652269320083892 -0.8032009345817457 -0.003417362656076219 -0.009010031345603475 -0.0120388088582793 0.01323991739995854 -0.003861218728336114 0.015508477481050387 -0.0011405688927423132 -0.001430971166293785 0.013229967088282616
417.31690681051384 0.97854544310066 -0.08682625423850288 0.10025227060023625 -0.10466744470344638 0.21652269320083892 -0.8032009345817457 -0.003417362656076219 -0.009010031345603475 -0.0120388088582793 0.01323991739995854 -0.003861218728336114 0.015508477481050387 -0.0011405688927423132 -0.001430971166293785 0.013229967088282616
417.31690681051384 0.97854544310066 -0.08682625423850288 0.10025227060023625 -0.10466744470344638 0.21652269320083892 -0.8032009345817457 -0.003417362656076219 -0.009010031345603475 -0.0120388088582793 0.01323991739995854 -0.003861218728336114 0.015508477481050387 -0.0011405688927423132 -0.001430971166293785 0.013229967088282616
417.31690681051384 0.97854544310066 -0.08682625423850288 0.10025227060023625 -0.10466744470344638 0.21652269320083892 -0.8032009345817457 -0.003417362656076219 -0.009010031345603475 -0.0120388088582793 0.01323991739995854 -0.003861218728336114 0.015508477481050387 -0.0011405688927423132 -0.001430971166293785 0.013229967088282616
417.31690681051384 0.97854544310066 -0.08682625423850288 0.10025227060023625 -0.10466744470344638 0.21652269320083892 -0.8032009345817457 -0.003417362656076219 -0.009010031345603475 -0.0120388088582793 0.01323991739995854 -0.003861218728336114 0.015508477481050387 -0.0011405688927423132 -0.001430971166293785 0.013229967088282616
417.31690681051384 0.97854544310066 -0.08682625423850288 0.10025227060023625 -0.10466744470344638 0.21652269320083892 -0.8032009345817457 -0.003417362656076219 -0.009010031345603475 -0.0120388088582793 0.01323991739995854 -0.003861218728336114 0.015508477481050387 -0.0011405688927423132 -0.001430971166293785 0.013229967088282616
417.31690681051384 0.97854544310066 -0.08682625423850288 0.10025227060023625 -0.10466744470344638 0.21652269320083892 -0.8032009345817457 -0.003417362656076219 -0.009010031345603475 -0.0120388088582793 0.01323991739995854 -0.003861218728336114 0.015508477481050387 -0.0011405688927423132 -0.001430971166293785 0.013229967088282616
417.31690681051384 0.97854544310066 -0.08682625423850288 0.10025227060023625 -0.10466744470344638 0.21652269320083892 -0.8032009345817457 -0.003417362656076219 -0.009010031345603475 -0.0120388088582793 0.01323991739995854 -0.003861218728336114 0.015508477481050387 -0.0011405688927423132 -0.001430971166293785 0.013229967088282616
417.31690681051384 0.97854544310066 -0.08682625423850288 0.10025227060023625 -0.10466744470344638 0.21652269320083892 -0.8032009345817457 -0.003417362656076219 -0.009010031345603475 -0.0120388088582793 0.01323991739995854 -0.003861218728336114 0.015508477481050387 -0.0011405688927423132 -0.001430971166293785 0.013229967088282616
417.31690681051384 0.97854544310066 -0.08682625423850288 0.10025227060023625 -0.10466744470344638 0.21652269320083892 -0.8032009345817457 -0.003417362656076219 -0.009010031345603475 -0.0120388088582793 0.01323991739995854 -0.003861218728336114 0.015508477481050387 -0.0011405688927423132 -0.001430971166293785 0.013229967088282616
417.31690681051384 0.97854544310066 -0.08682625423850288 0.10025227060023625 -0.10466744470344638 0.21652269320083892 -0.8032009345817457 -0.003417362656076219 -0.009010031345603475 -0.0120388088582793 0.01323991739995854 -0.003861218728336114 0.015508477481050387 -0.0011405688927423132 -0.001430971166293785 0.013229967088282616
417.31690681051384 0.97854544310066 -0.08682625423850288 0.10025227060023625 -0.10466744470344638 0.21652269320083892 -0.8032009345817457 -0.003417362656076219 -0.009010031345603475 -0.0120388088582793 0.01323991739995854 -0.003861218728336114 0.015508477481050387 -0.0011405688927423132 -0.001430971166293785 0.013229967088282616
417.31690681051384 0.97854544310066 -0.08682625423850288 0.10025227060023625 -0.10466744470344638 0.21652269320083892 -0.8032009345817457 -0.003417362656076219 -0.009010031345603475 -0.0120388088582793 0.01323991739995854 -0.003861218728336114 0.015508477481050387 -0.0011405688927423132 -0.001430971166293785 0.013229967088282616
417.31690681051384 0.97854544310066 -0.08682625423850288 0.10025227060023625 -0.10466744470344638 0.21652269320083892 -0.8032009345817457 -0.003417362656076219 -0.009010031345603475 -0.0120388088582793 0.01323991739995854 -0.003861218728336114 0.015508477481050387 -0.0011405688927423132 -0.001430971166293785 0.013229967088282616
417.31690681051384 0.97854544310066 -0.08682625423850288 0.10025227060023625 -0.10466744470344638 0.21652269320083892 -0.8032009345817457 -0.003417362656076219 -0.009010031345603475 -0.0120388088582793 0.01323991739995854 -0.003861218728336114 0.015508477481050387 -0.0011405688927423132 -0.001430971166293785 0.013229967088282616
417.31690681051384 0.97854544310066 -0.08682625423850288 0.10025227060023625 -0.10466744470344638 0.21652269320083892 -0.8032009345817457 -0.003417362656076219 -0.009010031345603475 -0.0120388088582793 0.01323991739995854 -0.003861218728336114 0.015508477481050387 -0.0011405688927423132 -0.001430971166293785 0.013229967088282616
417.31690681051384 0.97854544310066 -0.08682625423850288 0.10025227060023625 -0.10466744470344638 0.21652269320083892 -0.8032009345817457 -0.003417362656076219 -0.009010031345603475 -0.0120388088582793 0.01323991739995854 -0.003861218728336114 0.015508477481050387 -0.0011405688927423132 -0.001430971166293785 0.013229967088282616
417.31690681051384 0.97854544310066 -0.08682625423850288 0.10025227060023625 -0.10466744470344638 0.21652269320083892 -0.8032009345817457 -0.003417362656076219 -0.009010031345603475 -0.0120388088582793 0.01323991739995854 -0.003861218728336114 0.015508477481050387 -0.0011405688927423132 -0.001430971166293785 0.013229967088282616
417.31690681051384 0.97854544310066 -0.08682625423850288 0.10025227060023625 -0.10466744470344638 0.21652269320083892 -0.8032009345817457 -0.003417362656076219 -0.009010031345603475 -0.0120388088582793 0.01323991739995854 -0.003861218728336114 0.015508477481050387 -0.0011405688927423132 -0.001430971166293785 0.013229967088282616
417.31690681051384 0.97854544310066 -0.08682625423850288 0.10025227060023625 -0.10466744470344638 0.21652269320083892 -0.8032009345817457 -0.003417362656076219 -0.009010031345603475 -0.0120388088582793 0.01323991739995854 -0.003861218728336114 0.015508477481050387 -0.0011405688927423132 -0.001430971166293785 0.013229967088282616
417.31690681051384 0.97854544310066 -0.08682625423850288 0.10025227060023625 -0.10466744470344638 0.21652269320083892 -0.8032009345817457 -0.003417362656076219 -0.009010031345603475 -0.0120388088582793 0.01323991739995854 -0.003861218728336114 0.015508477481050387 -0.0011405688927423132 -0.001430971166293785 0.013229967088282616
417.31690681051384 0.97854544310066 -0.08682625423850288 0.10025227060023625 -0.10466744470344638 0.21652269320083892 -0.8032009345817457 -0.003417362656076219 -0.009010031345603475 -0.0120388088582793 0.01323991739995854 -0.003861218728336114 0.015508477481050387 -0.0011405688927423132 -0.001430971166293785 0.013229967088282616
417.31690681051384 0.97854544310066 -0.08682625423850288 0.10025227060023625 -0.10466744470344638 0.21652269320083892 -0.8032009345817457 -0.003417362656076219 -0.009010031345603475 -0.0120388088582793 0.01323991739995854 -0.003861218728336114 0.015508477481050387 -0.0011405688927423132 -0.001430971166293785 0.013229967088282616
417.31690681051384 0.97854544310066 -0.08682625423850288 0.10025227060023625 -0.10466744470344638 0.21652269320083892 -0.8032009345817457 -0.003417362656076219 -0.009010031345603475 -0.0120388088582793 0.01323991739995854 -0.003861218728336114 0.015508477481050387 -0.0011405688927423132 -0.001430971166293785 0.013229967088282616
417.31690681051384 0.97854544310066 -0.08682625423850288 0.10025227060023625 -0.10466744470344638 0.21652269320083892 -0.8032009345817457 -0.003417362656076219 -0.009010031345603475 -0.0120388088582793 0.01323991739995854 -0.003861218728336114 0.015508477481050387 -0.0011405688927423132 -0.001430971166293785 0.013229967088282616
417.31690681051384 0.97854544310066 -0.08682625423850288 0.10025227060023625 -0.10466744470344638 0.21652269320083892 -0.8032009345817457 -0.003417362656076219 -0.009010031345603475 -0.0120388088582793 0.01323991739995854 -0.003861218728336114 0.015508477481050387 -0.0011405688927423132 -0.001430971166293785 0.013229967088282616
417.31690681051384 0.97854544310066 -0.08682625423850288 0.10025227060023625 -0.10466744470344638 0.21652269320083892 -0.8032009345817457 -0.003417362656076219 -0.009010031345603475 -0.0120388088582793 0.01323991739995854 -0.003861218728336114 0.015508477481050387 -0.0011405688927423132 -0.001430971166293785 0.013229967088282616
417.31690681051384 0.97854544310066 -0.08682625423850288 0.10025227060023625 -0.10466744470344638 0.21652269320083892 -0.8032009345817457 -0.003417362656076219 -0.009010031345603475 -0.0120388088582793 0.01323991739995854 -0.003861218728336114 0.015508477481050387 -0.0011405688927423132 -0.001430971166293785 0.013229967088282616
417.31690681051384 0.97854544310066 -0.08682625423850288 0.10025227060023625 -0.10466744470344638 0.21652269320083892 -0.8032009345817457 -0.003417362656076219 -0.009010031345603475 -0.0120388088582793 0.01323991739995854 -0.003861218728336114 0.015508477481050387 -0.0011405688927423132 -0.001430971166293785 0.013229967088282616
417.31690681051384 0.97854544310066 -0.08682625423850288 0.10025227060023625 -0.10466744470344638 0.21652269320083892 -0.8032009345817457 -0.003417362656076219 -0.009010031345603475 -0.0120388088582793 0.01323991739995854 -0.003861218728336114 0.015508477481050387 -0.0011405688927423132 -0.001430971166293785 0.013229967088282616
417.31690681051384 0.97854544310066 -0.08682625423850288 0.10025227060023625 -0.10466744470344638 0.21652269320083892 -0.8032009345817457 -0.003417362656076219 -0.009010031345603475 -0.0120388088582793 0.01323991739995854 -0.003861218728336114 0.015508477481050387 -0.0011405688927423132 -0.001430971166293785 0.013229967088282616
417.31690681051384 0.97854544310066 -0.08682625423850288 0.10025227060023625 -0.10466744470344638 0.21652269320083892 -0.8032009345817457 -0.003417362656076219 -0.009010031345603475 -0.0120388088582793 0.01323991739995854 -0.003861218728336114 0.015508477481050387 -0.0011405688927423132 -0.001430971166293785 0.013229967088282616
417.31690681051384 0.97854544310066 -0.08682625423850288 0.10025227060023625 -0.10466744470344638 0.21652269320083892 -0.8032009345817457 -0.003417362656076219 -0.009010031345603475 -0.0120388088582793 0.01323991739995854 -0.003861218728336114 0.015508477481050387 -0.0011405688927423132 -0.001430971166293785 0.013229967088282616
417.31690681051384 0.97854544310066 -0.08682625423850288 0.10025227060023625 -0.10466744470344638 0.21652269320083892 -0.8032009345817457 -0.003417362656076219 -0.009010031345603475 -0.0120388088582793 0.01323991739995854 -0.003861218728336114 0.015508477481050387 -0.0011405688927423132 -0.001430971166293785 0.013229967088282616
417.31690681051384 0.97854544310066 -0.08682625423850288 0.10025227060023625 -0.10466744470344638 0.21652269320083892 -0.8032009345817457 -0.003417362656076219 -0.009010031345603475 -0.0120388088582793 0.01323991739995854 -0.003861218728336114 0.015508477481050387 -0.0011405688927423132 -0.001430971166293785 0.013229967088282616
417.31690681051384 0.97854544310066 -0.08682625423850288 0.10025227060023625 -0.10466744470344638 0.21652269320083892 -0.8032009345817457 -0.003417362656076219 -0.009010031345603475 -0.0120388088582793 0.01323991739995854 -0.003861218728336114 0.015508477481050387 -0.0011405688927423132 -0.001430971166293785 0.013229967088282616
417.31690681051384 0.97854544310066 -0.08682625423850288 0.10025227060023625 -0.10466744470344638 0.21652269320083892 -0.8032009345817457 -0.003417362656076219 -0.009010031345603475 -0.0120388088582793 0.01323991739995854 -0.003861218728336114 0.015508477481050387 -0.0011405688927423132 -0.001430971166293785 0.013229967088282616
417.31690681051384 0.97854544310066 -0.08682625423850288 0.10025227060023625 -0.10466744470344638 0.21652269320083892 -0.8032009345817457 -0.003417362656076219 -0.009010031345603475 -0.0120388088582793 0.01323991739995854 -0.003861218728336114 0.015508477481050387 -0.0011405688927423132 -0.001430971166293785 0.013229967088282616
417.31690681051384 0.97854544310066 -0.08682625423850288 0.10025227060023625 -0.10466744470344638 0.21652269320083892 -0.8032009345817457 -0.003417362656076219 -0.009010031345603475 -0.0120388088582793 0.01323991739995854 -0.003861218728336114 0.015508477481050387 -0.0011405688927423132 -0.001430971166293785 0.013229967088282616
417.31690681051384 0.97854544310066 -0.08682625423850288 0.10025227060023625 -0.10466744470344638 0.21652269320083892 -0.8032009345817457 -0.003417362656076219 -0.009010031345603475 -0.0120388088582793 0.01323991739995854 -0.003861218728336114 0.015508477481050387 -0.0011405688927423132 -0.001430971166293785 0.013229967088282616
417.31690681051384 0.97854544310066 -0.08682625423850288 0.10025227060023625 -0.10466744470344638 0.21652269320083892 -0.8032009345817457 -0.003417362656076219 -0.009010031345603475 -0.0120388088582793 0.01323991739995854 -0.003861218728336114 0.015508477481050387 -0.0011405688927423132 -0.001430971166293785 0.013229967088282616
417.31690681051384 0.97854544310066 -0.08682625423850288 0.10025227060023625 -0.10466744470344638 0.21652269320083892 -0.8032009345817457 -0.003417362656076219 -0.009010031345603475 -0.0120388088582793 0.01323991739995854 -0.003861218728336114 0.015508477481050387 -0.0011405688927423132 -0.001430971166293785 0.013229967088282616
417.31690681051384 0.97854544310066 -0.08682625423850288 0.10025227060023625 -0.10466744470344638 0.21652269320083892 -0.8032009345817457 -0.003417362656076219 -0.009010031345603475 -0.0120388088582793 0.01323991739995854 -0.003861218728336114 0.015508477481050387 -0.0011405688927423132 -0.001430971166293785 0.013229967088282616
417.31690681051384 0.97854544310066 -0.08682625423850288 0.10025227060023625 -0.10466744470344638 0.21652269320083892 -0.8032009345817457 -0.003417362656076219 -0.009010031345603475 -0.0120388088582793 0.01323991739995854 -0.003861218728336114 0.015508477481050387 -0.0011405688927423132 -0.001430971166293785 0.013229967088282616
417.31690681051384 0.97854544310066 -0.08682625423850288 0.10025227060023625 -0.10466744470344638 0.21652269320083892 -0.8032009345817457 -0.003417362656076219 -0.009010031345603475 -0.0120388088582793 0.01323991739995854 -0.003861218728336114 0.015508477481050387 -0.0011405688927423132 -0.001430971166293785 0.013229967088282616
417.31690681051384 0.97854544310066 -0.08682625423850288 0.10025227060023625 -0.10466744470344638 0.21652269320083892 -0.8032009345817457 -0.003417362656076219 -0.009010031345603475 -0.0120388088582793 0.01323991739995854 -0.003861218728336114 0.015508477481050387 -0.0011405688927423132 -0.001430971166293785 0.013229967088282616
417.31690681051384 0.97854544310066 -0.08682625423850288 0.10025227060023625 -0.10466744470344638 0.21652269320083892 -0.8032009345817457 -0.003417362656076219 -0.009010031345603475 -0.0120388088582793 0.01323991739995854 -0.003861218728336114 0.015508477481050387 -0.0011405688927423132 -0.001430971166293785 0.013229967088282616
417.31690681051384 0.97854544310066 -0.08682625423850288 0.10025227060023625 -0.10466744470344638 0.21652269320083892 -0.8032009345817457 -0.003417362656076219 -0.009010031345603475 -0.0120388088582793 0.01323991739995854 -0.003861218728336114 0.015508477481050387 -0.0011405688927423132 -0.001430971166293785 0.013229967088282616
417.31690681051384 0.97854544310066 -0.08682625423850288 0.10025227060023625 -0.10466744470344638 0.21652269320083892 -0.8032009345817457 -0.003417362656076219 -0.009010031345603475 -0.0120388088582793 0.01323991739995854 -0.003861218728336114 0.015508477481050387 -0.0011405688927423132 -0.001430971166293785 0.013229967088282616
417.31690681051384 0.97854544310066 -0.08682625423850288 0.10025227060023625 -0.10466744470344638 0.21652269320083892 -0.8032009345817457 -0.003417362656076219 -0.009010031345603475 -0.0120388088582793 0.01323991739995854 -0.003861218728336111 0.015508477481050383 -0.0011405688927423106 -0.0014309711662937872 0.013229967088282632
417.31690681051384 0.97854544310066 -0.08682625423850288 0.10025227060023625 -0.10466744470344638 0.21652269320083892 -0.8032009345817457 -0.003417362656076219 -0.009010031345603475 -0.0120388088582793 0.01323991739995854 -0.003861218728336111 0.015508477481050383 -0.0011405688927423106 -0.0014309711662937872 0.013229967088282632
417.31690681051384 0.97854544310066 -0.0868262542385029 0.10025227060023625 -0.1046674447034464 0.2165226932008388 -0.8032009345817457 -0.003417362656076253 -0.009010031345603443 -0.012038808858279307 0.013239917399958546 -0.00386121872833611 0.015508477481050383 -0.0011405688927423109 -0.0014309711662937878 0.01322996708828263
]