Naoki.g_r_e_a_s_y.2189 [ 440.7898026743632 1.6517076862841693 0.4626981667718612 0.05969064045770074 0.41721123187861114 -0.7722109219368997 -0.7897218171386393 -0.353240131126748 0.09607216906329685 -0.13670202026560926 0.18031728454631477 0.01634941406909058 -0.0017972379232709525 -0.0019307535427491337 -0.006793351384092707 -0.004421483177731644
440.7898026743639 1.6517076862842237 0.4626981667718753 0.059690640457718505 0.4172112318786157 -0.7722109219368748 -0.7897218171385625 -0.3532401311267456 0.09607216906332222 -0.13670202026561837 0.18031728454632212 0.016349414069066363 -0.0017972379232738254 -0.0019307535427578642 -0.006793351384087052 -0.004421483177742925
440.7898026743639 1.6517076862841837 0.46269816677170983 0.05969064045772969 0.41721123187861753 -0.7722109219369058 -0.7897218171386242 -0.353240131126755 0.0960721690632995 -0.13670202026560657 0.18031728454632842 0.01634941406907675 -0.0017972379232561182 -0.0019307535427447533 -0.006793351384087435 -0.004421483177724167
440.7898026743639 1.651707686284187 0.4626981667718401 0.05969064045768803 0.4172112318785712 -0.7722109219368023 -0.789721817138617 -0.3532401311267619 0.09607216906331346 -0.13670202026561817 0.18031728454628426 0.016349414069086528 -0.0017972379232715607 -0.0019307535427439575 -0.00679335138408419 -0.004421483177723837
440.7898026743639 1.651707686284187 0.46269816677184084 0.05969064045771433 0.4172112318786401 -0.7722109219368868 -0.789721817138621 -0.3532401311267269 0.09607216906324584 -0.1367020202656113 0.18031728454632887 0.01634941406907093 -0.0017972379232809438 -0.001930753542741995 -0.006793351384088614 -0.004421483177740262
440.7898026743639 1.651707686284187 0.4626981667718415 0.059690640457740377 0.41721123187862513 -0.7722109219369048 -0.7897218171385391 -0.3532401311267288 0.09607216906337693 -0.13670202026556658 0.18031728454632362 0.016349414069114648 -0.0017972379232322005 -0.0019307535427911737 -0.006793351384141988 -0.004421483177731783
440.7898026743639 1.651707686284187 0.46269816677184084 0.059690640457715924 0.41721123187863784 -0.7722109219368933 -0.7897218171386067 -0.3532401311267634 0.09607216906334937 -0.13670202026557585 0.18031728454634183 0.016349414069063803 -0.001797237923282012 -0.0019307535427303885 -0.006793351384074904 -0.004421483177738405
440.7898026743639 1.651707686284187 0.46269816677184095 0.05969064045772595 0.417211231878543 -0.7722109219368262 -0.7897218171385362 -0.3532401311266651 0.09607216906330021 -0.13670202026567735 0.18031728454636411 0.01634941406911469 -0.0017972379232724734 -0.0019307535427661748 -0.006793351384092294 -0.004421483177719309
440.7898026743639 1.651707686284187 0.46269816677184084 0.05969064045771863 0.4172112318786083 -0.7722109219368748 -0.7897218171385816 -0.3532401311267424 0.09607216906331889 -0.1367020202656714 0.18031728454633103 0.01634941406909319 -0.0017972379232682847 -0.001930753542718712 -0.006793351384066918 -0.004421483177741345
440.7898026743639 1.651707686284187 0.46269816677184084 0.059690640457714855 0.41721123187861336 -0.7722109219368759 -0.7897218171385956 -0.353240131126733 0.09607216906334314 -0.13670202026561717 0.1803172845462904 0.01634941406903954 -0.0017972379232920968 -0.0019307535427533972 -0.006793351384122574 -0.004421483177729885
440.7898026743639 1.651707686284187 0.46269816677184084 0.05969064045771284 0.41721123187861114 -0.7722109219368695 -0.7897218171385975 -0.3532401311267262 0.0960721690633234 -0.13670202026555595 0.18031728454629617 0.016349414069095337 -0.0017972379232528849 -0.0019307535427848933 -0.006793351384112282 -0.004421483177761732
440.7898026743639 1.651707686284187 0.46269816677184084 0.0596906404577165 0.41721123187861425 -0.7722109219368765 -0.7897218171385886 -0.3532401311267483 0.09607216906330808 -0.1367020202656354 0.18031728454631765 0.01634941406909564 -0.0017972379232707874 -0.0019307535427384387 -0.006793351384018834 -0.004421483177713741
440.7898026743639 1.651707686284187 0.46269816677184084 0.059690640457715306 0.41721123187861353 -0.7722109219368752 -0.7897218171385918 -0.3532401311267426 0.0960721690633158 -0.13670202026560604 0.1803172845463103 0.016349414069089845 -0.0017972379232656225 -0.0019307535427496602 -0.006793351384077394 -0.0044214831777177254
440.7898026743639 1.651707686284187 0.46269816677184084 0.059690640457715445 0.41721123187861403 -0.7722109219368753 -0.7897218171385909 -0.3532401311267441 0.09607216906331519 -0.13670202026560854 0.1803172845463131 0.016349414069091413 -0.0017972379232797568 -0.001930753542767455 -0.006793351384071962 -0.004421483177745645
440.7898026743639 1.651707686284187 0.46269816677184084 0.05969064045771511 0.4172112318786127 -0.7722109219368741 -0.7897218171385921 -0.35324013112673774 0.0960721690633205 -0.13670202026560743 0.18031728454630663 0.01634941406909013 -0.00179723792325505 -0.0019307535427076131 -0.006793351384105507 -0.004421483177744092
440.7898026743639 1.651707686284187 0.46269816677184084 0.05969064045771532 0.41721123187861336 -0.7722109219368745 -0.7897218171385916 -0.3532401311267411 0.09607216906331745 -0.13670202026560863 0.1803172845463089 0.01634941406908843 -0.0017972379232672798 -0.0019307535427602904 -0.0067933513840839795 -0.004421483177734374
440.7898026743639 1.651707686284187 0.46269816677184084 0.059690640457715306 0.41721123187861275 -0.7722109219368747 -0.7897218171385919 -0.3532401311267405 0.0960721690633172 -0.13670202026560976 0.18031728454630586 0.016349414069083187 -0.0017972379232572455 -0.0019307535427729448 -0.006793351384066374 -0.004421483177749092
440.7898026743639 1.651707686284187 0.46269816677184084 0.05969064045771536 0.41721123187861336 -0.7722109219368752 -0.7897218171385915 -0.3532401311267426 0.09607216906331546 -0.1367020202656079 0.18031728454630994 0.016349414069087295 -0.0017972379232578345 -0.0019307535427474465 -0.006793351384062076 -0.00442148317771667
440.7898026743639 1.651707686284187 0.46269816677184084 0.059690640457715334 0.4172112318786134 -0.7722109219368748 -0.7897218171385912 -0.35324013112674213 0.09607216906331582 -0.1367020202656075 0.1803172845463111 0.01634941406909162 -0.0017972379232668145 -0.0019307535427450253 -0.0067933513840765245 -0.004421483177730671
440.7898026743639 1.651707686284187 0.46269816677184084 0.059690640457715306 0.4172112318786134 -0.7722109219368748 -0.7897218171385912 -0.3532401311267415 0.09607216906331678 -0.1367020202656079 0.18031728454631057 0.01634941406909097 -0.0017972379232689974 -0.0019307535427515456 -0.006793351384080381 -0.0044214831777340145
440.7898026743639 1.651707686284187 0.46269816677184084 0.059690640457715306 0.4172112318786134 -0.7722109219368747 -0.7897218171385912 -0.3532401311267416 0.09607216906331668 -0.1367020202656077 0.18031728454631088 0.01634941406909154 -0.0017972379232696562 -0.0019307535427484346 -0.006793351384082877 -0.0044214831777360875
440.7898026743639 1.651707686284187 0.46269816677184084 0.059690640457715306 0.4172112318786134 -0.7722109219368747 -0.7897218171385915 -0.3532401311267415 0.09607216906331713 -0.1367020202656078 0.18031728454631063 0.016349414069090414 -0.0017972379232727227 -0.001930753542749786 -0.006793351384088992 -0.004421483177732456
440.7898026743639 1.651707686284187 0.46269816677184084 0.05969064045771532 0.4172112318786134 -0.7722109219368747 -0.7897218171385912 -0.3532401311267415 0.09607216906331673 -0.1367020202656078 0.1803172845463108 0.016349414069091586 -0.0017972379232718543 -0.0019307535427491537 -0.006793351384085255 -0.004421483177736492
440.7898026743639 1.651707686284187 0.46269816677184084 0.059690640457715306 0.4172112318786134 -0.7722109219368747 -0.7897218171385912 -0.3532401311267415 0.09607216906331693 -0.13670202026560777 0.18031728454631074 0.016349414069091003 -0.0017972379232713126 -0.00193075354274945 -0.006793351384085494 -0.004421483177733841
440.7898026743639 1.651707686284187 0.46269816677184084 0.059690640457715306 0.4172112318786134 -0.7722109219368747 -0.7897218171385912 -0.3532401311267415 0.09607216906331685 -0.13670202026560777 0.1803172845463108 0.016349414069091163 -0.001797237923270958 -0.0019307535427491034 -0.006793351384085245 -0.004421483177734515
440.7898026743639 1.651707686284187 0.46269816677184084 0.059690640457715306 0.4172112318786134 -0.7722109219368747 -0.7897218171385912 -0.3532401311267415 0.09607216906331685 -0.13670202026560777 0.1803172845463108 0.016349414069091153 -0.0017972379232709757 -0.001930753542749087 -0.006793351384085241 -0.0044214831777345375
440.7898026743639 1.651707686284187 0.46269816677184084 0.059690640457715306 0.4172112318786134 -0.7722109219368747 -0.7897218171385912 -0.3532401311267415 0.09607216906331685 -0.13670202026560774 0.1803172845463108 0.016349414069091135 -0.0017972379232710262 -0.0019307535427490288 -0.0067933513840851886 -0.00442148317773464
440.7898026743639 1.651707686284187 0.46269816677184084 0.059690640457715306 0.4172112318786134 -0.7722109219368747 -0.7897218171385912 -0.3532401311267415 0.09607216906331685 -0.13670202026560774 0.1803172845463108 0.016349414069091135 -0.0017972379232710262 -0.0019307535427490288 -0.0067933513840851886 -0.00442148317773464
440.7898026743639 1.651707686284187 0.46269816677184084 0.059690640457715306 0.4172112318786134 -0.7722109219368747 -0.7897218171385912 -0.3532401311267415 0.09607216906331685 -0.13670202026560774 0.1803172845463108 0.016349414069091135 -0.0017972379232710262 -0.0019307535427490288 -0.0067933513840851886 -0.00442148317773464
440.7898026743639 1.651707686284187 0.46269816677184084 0.059690640457715306 0.4172112318786134 -0.7722109219368747 -0.7897218171385912 -0.3532401311267415 0.09607216906331685 -0.13670202026560774 0.1803172845463108 0.016349414069091135 -0.0017972379232710262 -0.0019307535427490288 -0.0067933513840851886 -0.00442148317773464
440.7898026743639 1.651707686284187 0.46269816677184084 0.059690640457715306 0.4172112318786134 -0.7722109219368747 -0.7897218171385912 -0.3532401311267415 0.09607216906331685 -0.13670202026560774 0.1803172845463108 0.016349414069091135 -0.0017972379232710262 -0.0019307535427490288 -0.0067933513840851886 -0.00442148317773464
440.7898026743639 1.651707686284187 0.46269816677184084 0.059690640457715306 0.4172112318786134 -0.7722109219368747 -0.7897218171385912 -0.3532401311267415 0.09607216906331685 -0.13670202026560774 0.1803172845463108 0.016349414069091135 -0.0017972379232710262 -0.0019307535427490288 -0.0067933513840851886 -0.00442148317773464
440.7898026743639 1.651707686284187 0.46269816677184084 0.059690640457715306 0.4172112318786134 -0.7722109219368747 -0.7897218171385912 -0.3532401311267415 0.09607216906331685 -0.13670202026560774 0.1803172845463108 0.016349414069091135 -0.0017972379232710262 -0.0019307535427490288 -0.0067933513840851886 -0.00442148317773464
440.7898026743639 1.651707686284187 0.46269816677184084 0.059690640457715306 0.4172112318786134 -0.7722109219368747 -0.7897218171385912 -0.3532401311267415 0.09607216906331685 -0.13670202026560774 0.1803172845463108 0.016349414069091135 -0.0017972379232710262 -0.0019307535427490288 -0.0067933513840851886 -0.00442148317773464
440.7898026743639 1.651707686284187 0.46269816677184084 0.059690640457715306 0.4172112318786134 -0.7722109219368747 -0.7897218171385912 -0.3532401311267415 0.09607216906331685 -0.13670202026560774 0.1803172845463108 0.016349414069091135 -0.0017972379232710262 -0.0019307535427490288 -0.0067933513840851886 -0.00442148317773464
440.7898026743639 1.651707686284187 0.46269816677184084 0.059690640457715306 0.4172112318786134 -0.7722109219368747 -0.7897218171385912 -0.3532401311267415 0.09607216906331685 -0.13670202026560774 0.1803172845463108 0.016349414069091135 -0.0017972379232710262 -0.0019307535427490288 -0.0067933513840851886 -0.00442148317773464
440.7898026743639 1.651707686284187 0.46269816677184084 0.059690640457715306 0.4172112318786134 -0.7722109219368747 -0.7897218171385912 -0.3532401311267415 0.09607216906331685 -0.13670202026560774 0.1803172845463108 0.016349414069091135 -0.0017972379232710262 -0.0019307535427490288 -0.0067933513840851886 -0.00442148317773464
440.7898026743639 1.651707686284187 0.46269816677184084 0.059690640457715306 0.4172112318786134 -0.7722109219368747 -0.7897218171385912 -0.3532401311267415 0.09607216906331685 -0.13670202026560774 0.1803172845463108 0.016349414069091135 -0.0017972379232710262 -0.0019307535427490288 -0.0067933513840851886 -0.00442148317773464
440.7898026743639 1.651707686284187 0.46269816677184084 0.059690640457715306 0.4172112318786134 -0.7722109219368747 -0.7897218171385912 -0.3532401311267415 0.09607216906331685 -0.13670202026560774 0.1803172845463108 0.016349414069091135 -0.0017972379232710262 -0.0019307535427490288 -0.0067933513840851886 -0.00442148317773464
440.7898026743639 1.651707686284187 0.46269816677184084 0.059690640457715306 0.4172112318786134 -0.7722109219368747 -0.7897218171385912 -0.3532401311267415 0.09607216906331685 -0.13670202026560774 0.1803172845463108 0.016349414069091135 -0.0017972379232710262 -0.0019307535427490288 -0.0067933513840851886 -0.00442148317773464
440.7898026743639 1.651707686284187 0.46269816677184084 0.059690640457715306 0.4172112318786134 -0.7722109219368747 -0.7897218171385912 -0.3532401311267415 0.09607216906331685 -0.13670202026560774 0.1803172845463108 0.016349414069091135 -0.0017972379232710262 -0.0019307535427490288 -0.0067933513840851886 -0.00442148317773464
440.7898026743639 1.651707686284187 0.46269816677184084 0.059690640457715306 0.4172112318786134 -0.7722109219368747 -0.7897218171385912 -0.3532401311267415 0.09607216906331685 -0.13670202026560774 0.1803172845463108 0.016349414069091135 -0.0017972379232710262 -0.0019307535427490288 -0.0067933513840851886 -0.00442148317773464
440.7898026743639 1.651707686284187 0.46269816677184084 0.059690640457715306 0.4172112318786134 -0.7722109219368747 -0.7897218171385912 -0.3532401311267415 0.09607216906331685 -0.13670202026560774 0.1803172845463108 0.016349414069091135 -0.0017972379232710262 -0.0019307535427490288 -0.0067933513840851886 -0.00442148317773464
440.7898026743639 1.651707686284187 0.46269816677184084 0.059690640457715306 0.4172112318786134 -0.7722109219368747 -0.7897218171385912 -0.3532401311267415 0.09607216906331685 -0.13670202026560774 0.1803172845463108 0.016349414069091135 -0.0017972379232710262 -0.0019307535427490288 -0.0067933513840851886 -0.00442148317773464
440.7898026743639 1.651707686284187 0.46269816677184084 0.059690640457715306 0.4172112318786134 -0.7722109219368747 -0.7897218171385912 -0.3532401311267415 0.09607216906331685 -0.13670202026560774 0.1803172845463108 0.016349414069091135 -0.0017972379232710262 -0.0019307535427490288 -0.0067933513840851886 -0.00442148317773464
440.7898026743639 1.651707686284187 0.46269816677184084 0.059690640457715306 0.4172112318786134 -0.7722109219368747 -0.7897218171385912 -0.3532401311267415 0.09607216906331685 -0.13670202026560774 0.1803172845463108 0.016349414069091135 -0.0017972379232710262 -0.0019307535427490288 -0.0067933513840851886 -0.00442148317773464
440.7898026743639 1.651707686284187 0.46269816677184084 0.059690640457715306 0.4172112318786134 -0.7722109219368747 -0.7897218171385912 -0.3532401311267415 0.09607216906331685 -0.13670202026560774 0.1803172845463108 0.016349414069091135 -0.0017972379232710262 -0.0019307535427490288 -0.0067933513840851886 -0.00442148317773464
-302.53321931115977 -41.99276791612656 -27.244284338556035 -6.885568859106977 -53.63506227604097 98.21395938827247 101.3129006971118 10.794414180265095 -2.891155118126969 -14.0258577207899 14.231086397399011 -7.82375096022098 6.527096318345631 -27.22048160394175 -13.271246830524445 5.727450180582817
-181.48318439896926 -43.597608514259385 -12.233652305240822 -13.748735009692142 -155.50290913849622 396.1797539616809 511.2201881962731 254.71151011077896 -57.72127777880942 106.57293722043006 -59.7751054782137 14.965972934870505 -7.1975409030468525 23.290915235451457 9.587023740163122 -1.7695077194774127
-310.44500053337106 -62.774273266119245 214.39572840304052 12.906328631193604 10.125310636504462 2.3982767739413435 19.540305741028575 1.634395989247132 210.94923038023575 6.939933709261759 5.353414048190589 -1.7941997139871881 2.2823670133701928 -8.313709634292412 -6.672892994380485 -3.504539508403857
-304.9301448032407 -49.015853779849856 50.89177834286923 11.061058773854988 -23.616026868744573 28.927486192471957 -68.68488081181535 54.90267123112975 -66.8663160005138 -29.39284996829939 -4.778188364606381 0.6115613655435447 -4.284164162806415 -7.9186380693600755 1.0214701612265864 1.6161392501481227
-304.16391225469494 -41.4656821710918 -30.287281238690333 -14.723471052944573 -107.33311888798181 -116.96667230883163 19.09716750111571 54.780599356504865 -2.038026987267808 -2.76227262674448 9.854534139465564 2.99632772498585 -0.5466399392779968 -1.1321927430268752 4.5738193336948925 0.9108598414868857
-301.9481092168744 -53.71397132966289 -34.373412378671176 51.57936834892379 -65.82765931723786 109.6009038098165 -232.65943147835844 247.86470692017727 -4.654648834828318 -86.56506181173182 22.828918307199718 25.28277614004704 -13.965029487627513 24.35411088265435 14.206103212583688 5.531329457654692
-302.1563930399372 -47.724554557106345 -30.712489313616363 32.87366146397766 -51.586870604622824 79.82864416018057 -167.93335213777084 167.90591330437115 -3.4597795379809146 -56.02972491840127 14.376853960499346 15.036271305503378 -0.313544715281081 28.398559841913357 7.208102894040696 5.504855339512184
-303.4131727878632 -46.80889141027198 -32.12166932089498 24.33994976061206 -53.8917923094696 80.31383908536993 -168.98492368581392 155.59249747356603 -4.615718603255069 -20.4858065475707 30.019517113115068 22.24488831554768 -24.30667297841157 9.578289659682252 19.679119341592425 11.956560781451461
-303.6117737417589 -47.20972968684058 -32.754668611822765 23.1758856844195 -54.46707646500126 82.15378501796866 -173.12362209025866 158.41027664333512 -4.869610997547153 -16.50747126987928 32.744708328744395 23.346918969244772 -25.388243950999385 10.251176221382352 20.772258249275033 12.843733432081473
-304.348134923087 -46.38759304362667 -33.39150279637116 17.880119589530253 -55.85066931881302 80.43183521103275 -168.82106492609248 140.81297588108595 -5.553209893061979 14.245733917155619 42.77915873470533 24.83861554213024 -26.504292177268482 11.784732752544503 22.534807026915303 14.644696822307912
-306.28276900066254 -44.552247295097445 -36.215169471508084 -22.39527637759994 -50.048635418096694 55.07290891494506 -107.74416970840922 -49.97751098994585 -10.70513750546511 352.03798656329076 149.91602759525313 28.993812408585136 -5.527209659831302 16.487745759416853 2.779817027847221 -4.494827709470855
-306.49998127733505 -44.83215212472289 -36.99684632236718 -30.46326953777036 -48.24198897293119 50.22651110158208 -95.8471585345347 -91.0026427339468 -11.863773724410692 429.7276637020831 175.10456415469082 29.69364993242488 0.7875748462070736 17.16569353716432 -3.5628202418218384 -11.060003614169888
-304.2668708314397 -40.424624829749675 -30.01455434505281 -33.05443490832957 -14.337222696110661 21.66961546960166 -41.472730097408736 -46.654015877869426 -5.013228551933671 186.2263574517561 70.79038180782035 8.866846612260467 2.387281891852617 3.44941930353387 -3.013956414589459 -3.4422027489713662
-303.81079418944455 -39.40080377871788 -28.151479309517537 -36.80530806607341 2.060188847477279 9.181326879266605 -17.923294420591702 -24.064167319961943 -1.6911196991925443 65.74840037088576 18.17408202754444 -2.5344216588270077 3.3884131010163676 -5.4376984100588786 -2.933714080328468 1.436283546741071
-303.81079418944455 -39.40080377871788 -28.151479309517537 -36.80530806607341 2.060188847477279 9.181326879266605 -17.923294420591702 -24.064167319961943 -1.6911196991925443 65.74840037088576 18.17408202754444 -2.5344216588270077 3.3884131010163676 -5.4376984100588786 -2.933714080328468 1.436283546741071
-304.49219655449235 -40.715770014897586 -30.394915062351558 -54.061074109813944 18.76443399974476 3.9000769387964804 -10.801919452028061 -14.61621549624734 -0.9631142751614261 38.44488195564107 7.415404507141501 -4.914877993653422 3.686071611079934 -8.191372922952246 -3.5771285053657365 2.530254126076183
-303.6643380904562 -39.17711708261134 -28.062941454634746 -48.481356301043085 18.86320817136608 1.1506795471944264 -4.890434917329236 -10.892438856060076 -0.32915308796863796 16.198243207939655 -1.26869088610831 -5.832713061965082 3.545130026815104 -7.681743125156087 -3.000306578351295 2.2951870579461495
-304.4154450009182 -40.93464490802301 -31.83554546629811 -85.00477762256506 51.41158215615189 -5.5219679684262895 -0.21001253088045602 8.81117475833305 -0.5526557574208968 10.873097404687709 4.677438749094866 -0.9000451526395573 0.7742699876130492 -2.2898446268889256 -0.6728536935961517 2.391329693575883
-305.72144376791937 -43.77014155408515 -37.501877051981765 -134.66575772640815 94.48632910415303 -15.309178816088254 8.654092773032495 26.817339784990267 -0.825942624264406 11.530703209918974 12.931895486067456 3.863042154442713 -0.7678624837654083 2.5425336292568543 0.26333198529933016 1.3849182132956042
-307.0691626965336 -46.67926862948364 -43.21763107256774 -182.78061682112548 136.3032398089962 -24.01799495741604 15.341467027203699 48.73927959426015 -1.0068442119016199 4.891941131838471 18.603617912882278 8.340711349207766 -2.9970799588676265 6.750180704264956 1.803159907211491 1.354421070222654
-308.1851591948275 -49.27173018894284 -48.690070941981574 -235.12865246469275 184.2153328923779 -34.87439494394743 24.779360221808005 76.191935640587 -0.9551115855881409 -10.80942282267502 22.424950435593036 13.448563301165946 -5.69403814930083 11.354719382306495 3.5906159491244067 0.298985426268451
-306.4720972583486 -45.55228221372503 -41.38532402625882 -173.52348233737152 130.42535402396183 -23.566296625152148 15.934322304490268 48.33069658971913 -0.7557674586143309 -2.61818447901902 15.048645591615333 7.753823972601975 -3.1104581103874014 6.446194690971419 1.892146998670308 1.1949356227701542
-306.51568281201725 -45.75899409729553 -42.09390071041844 -184.140824720004 141.36051325574334 -26.511159653591406 19.045251230157128 55.53910705617493 -0.6189395306395872 -9.821245761409243 14.712529106511454 8.864558316070031 -3.874588363922213 7.497205164804626 2.3378359543857914 0.4152709637004682
-308.88602527726357 -50.81138672565729 -51.77077503488294 -261.9631953560374 208.16839441503507 -40.070549953518196 29.046545705034863 88.92359784279472 -0.9742463865374575 -15.599469729755695 25.36680386319046 15.948405194472125 -6.749738041723931 13.153496892417849 4.25967657632066 -0.8079417219763955
-309.3110178126071 -51.73601307068469 -53.58190646407138 -277.16043717409406 221.37758757937448 -42.797452097150284 31.089873009525515 95.7644818344682 -1.0411043663909165 -17.145868845050636 27.397677172343002 17.398744972348297 -7.348552354643716 14.310336748598559 4.696199097563006 -1.2200045546391234
-306.40822619055035 -45.402529002051686 -41.04169509357504 -168.39203857518868 129.61740511642586 -24.278363178903387 17.704505052620863 49.376208035567295 0.20098212731535126 -14.906542939997047 8.608701714861855 4.7143213402721305 0.0008209848581563117 -2.554589028226504 0.24772855269617786 -7.420428877974169
-301.97577822365196 -35.84763872227375 -22.57864994226389 -18.84770801361272 0.6313441407805974 2.3106204904582484 -2.1152757527002177 -14.38458401721187 0.6485633909801121 -3.8318548346675425 -11.183910423599624 -8.22130680674567 3.554478755189953 -9.72079400320259 -5.331968427834895 -2.224294319408077
-304.49159040287077 -42.76315907530674 -27.904199179733684 23.56451609897322 0.3890277198342937 11.23738593205145 -19.881638965689966 2.3306800561741885 9.439349639337347 -14.460042442157672 -19.514209832116318 -19.112477629420557 13.141390233671974 -65.26410737946841 -48.7536532794445 -50.77710698353677
-308.06865477468557 -50.26812827710231 -43.00729778696172 152.32039591194518 105.09625320993807 -38.150004644065575 32.997686193661906 30.25336620405494 -4.493902291628105 8.608291156767375 18.765861294314178 9.287274033263605 -3.8508117887839375 8.733960636729424 4.917644277413908 2.755782038884881
-302.705694603985 -36.94038134588085 -23.375679087360155 -7.55382488204894 -16.58363357708399 10.811863626989457 2.489153748514543 -30.49403146753299 -0.3989343266515522 -12.330135095807716 -1.9648442078697386 -9.807702140485345 5.777095767750115 -10.46130557412097 -4.613050963466928 0.5294918995220058
-295.89241139340226 -42.33923180685593 -15.338776599834128 10.307718414641334 -33.456672202962665 70.33348236473614 44.69397189927498 35.13680044127865 17.96685537011272 -12.7000681162789 7.899769148061269 -1.6809316606051894 1.0856254831125027 -14.145149166046727 -7.052011406307118 -1.1739815230724697
440.7898026743639 1.651707686284187 0.46269816677184084 0.059690640457715306 0.4172112318786134 -0.7722109219368747 -0.7897218171385912 -0.3532401311267415 0.09607216906331685 -0.13670202026560774 0.1803172845463108 0.016349414069091135 -0.0017972379232710262 -0.0019307535427490288 -0.0067933513840851886 -0.00442148317773464
440.7898026743639 1.651707686284187 0.46269816677184084 0.059690640457715306 0.4172112318786134 -0.7722109219368747 -0.7897218171385912 -0.3532401311267415 0.09607216906331685 -0.13670202026560774 0.1803172845463108 0.016349414069091135 -0.0017972379232710262 -0.0019307535427490288 -0.0067933513840851886 -0.00442148317773464
440.7898026743639 1.651707686284187 0.46269816677184084 0.059690640457715306 0.4172112318786134 -0.7722109219368747 -0.7897218171385912 -0.3532401311267415 0.09607216906331685 -0.13670202026560774 0.1803172845463108 0.016349414069091135 -0.0017972379232710262 -0.0019307535427490288 -0.0067933513840851886 -0.00442148317773464
440.7898026743639 1.651707686284187 0.46269816677184084 0.059690640457715306 0.4172112318786134 -0.7722109219368747 -0.7897218171385912 -0.3532401311267415 0.09607216906331685 -0.13670202026560774 0.1803172845463108 0.016349414069091135 -0.0017972379232710262 -0.0019307535427490288 -0.0067933513840851886 -0.00442148317773464
440.7898026743639 1.651707686284187 0.46269816677184084 0.059690640457715306 0.4172112318786134 -0.7722109219368747 -0.7897218171385912 -0.3532401311267415 0.09607216906331685 -0.13670202026560774 0.1803172845463108 0.016349414069091135 -0.0017972379232710262 -0.0019307535427490288 -0.0067933513840851886 -0.00442148317773464
440.7898026743639 1.651707686284187 0.46269816677184084 0.059690640457715306 0.4172112318786134 -0.7722109219368747 -0.7897218171385912 -0.3532401311267415 0.09607216906331685 -0.13670202026560774 0.1803172845463108 0.016349414069091135 -0.0017972379232710262 -0.0019307535427490288 -0.0067933513840851886 -0.00442148317773464
440.7898026743639 1.651707686284187 0.46269816677184084 0.059690640457715306 0.4172112318786134 -0.7722109219368747 -0.7897218171385912 -0.3532401311267415 0.09607216906331685 -0.13670202026560774 0.1803172845463108 0.016349414069091135 -0.0017972379232710262 -0.0019307535427490288 -0.0067933513840851886 -0.00442148317773464
440.7898026743639 1.651707686284187 0.46269816677184084 0.059690640457715306 0.4172112318786134 -0.7722109219368747 -0.7897218171385912 -0.3532401311267415 0.09607216906331685 -0.13670202026560774 0.1803172845463108 0.016349414069091135 -0.0017972379232710262 -0.0019307535427490288 -0.0067933513840851886 -0.00442148317773464
440.7898026743639 1.651707686284187 0.46269816677184084 0.059690640457715306 0.4172112318786134 -0.7722109219368747 -0.7897218171385912 -0.3532401311267415 0.09607216906331685 -0.13670202026560774 0.1803172845463108 0.016349414069091135 -0.0017972379232710262 -0.0019307535427490288 -0.0067933513840851886 -0.00442148317773464
440.7898026743639 1.651707686284187 0.46269816677184084 0.059690640457715306 0.4172112318786134 -0.7722109219368747 -0.7897218171385912 -0.3532401311267415 0.09607216906331685 -0.13670202026560774 0.1803172845463108 0.016349414069091135 -0.0017972379232710262 -0.0019307535427490288 -0.0067933513840851886 -0.00442148317773464
-295.89241139340226 -42.33923180685593 -15.338776599834128 10.307718414641334 -33.456672202962665 70.33348236473614 44.69397189927498 35.13680044127865 17.96685537011272 -12.7000681162789 7.899769148061269 -1.6809316606051894 1.0856254831125027 -14.145149166046727 -7.052011406307118 -1.1739815230724697
-303.4223809844094 -38.40816133805865 -25.190234821916043 -4.005556180359925 -19.999651393949925 17.304342249978273 7.893581761680941 -28.914216304772143 2.0993439601804607 -7.521474679314123 -20.566035112148057 -19.2471775270598 12.50942897473191 -34.661233680035366 -16.031117360931912 7.218096064049529
-303.35797234844654 -38.21574225111883 -24.952220834737428 -6.958099010942256 -21.244400147510717 14.948659489980594 3.861873384225055 -33.684554375667744 1.9614952664848977 -7.386340064656483 -24.397935179333466 -21.96632666616022 14.415833288657021 -39.790292352139325 -18.268143335872555 12.693006706485903
-303.4776117910206 -38.355056568679174 -25.373186086016336 -8.302014594300958 -20.254032216928362 8.465082222328515 -3.7969314512977648 -42.78480750960677 1.2612519136861031 -6.939397830172039 -31.953244922978094 -27.583411004671337 18.459185713803535 -51.40678052753482 -23.63497006605544 23.486287024977152
-303.4960507253899 -38.385683157196766 -25.413238101585833 -8.340109390660174 -20.316057241938307 8.49451938793946 -3.721581989978657 -43.00382825771649 1.2723260427515461 -6.9458104276047825 -32.08152815605645 -27.716198817659016 18.561457890920668 -51.66512028713336 -23.76447222956863 23.570295061099106
-302.4892186711471 -36.57368261955085 -22.92837167088361 -6.995262930974787 -16.297206268813497 5.934956371295902 -3.9399688870207896 -35.885371067374834 0.8582300839021663 -5.733483148804063 -32.47708750892736 40.215726266881006 1.1964396313996073 -3.1337799048116755 -1.4681788347838898 1.1179722326971702
-303.64350439339495 -38.785430798789996 -26.280471643035952 -9.596592363181419 -23.774091295141286 9.220079921062034 -6.3204006234396815 -65.62637547674028 1.8851944355618309 -12.49266159844283 -79.6399948964282 191.94935401545547 -12.007127473742592 17.24416409850953 4.050285368143013 -2.0027109138326176
-304.8641862592372 -41.112406748863975 -29.78949563375902 -12.302125502685831 -31.540054777723363 12.628761676495895 -8.789198856113615 -96.42159804566589 2.94862963836836 -19.48276218731091 -128.3788407107946 348.4805941245629 -25.609593531854834 38.20286620926165 9.720279980783749 -5.20688085327833
-305.17146003696377 -41.670197044963665 -30.584254937122083 -12.859730928520499 -33.102792483738135 13.298740158987869 -9.270007222597407 -102.21833087513977 3.136970343195861 -20.749948349048587 -137.0639462176971 374.6699428248713 -27.71384509646885 41.45690811636077 10.572421635265975 -5.676421639434592
-302.84721082394265 -37.37969349364752 -24.3557848157106 -8.357881853638707 -20.39678309543149 7.817797437484399 -5.327439668943322 -54.15041407185051 1.5574240795543335 -10.136002233308632 -63.87882141573385 149.65472207644584 -9.147408811023583 12.433923227593143 2.708592065838493 -1.2748649959656124
-304.3112969417599 -39.82367307016694 -27.364251629461737 -9.452276031651461 -22.906030923254313 8.680051827810674 -5.997182115488566 -52.779985875239085 0.9854237605924939 -8.474071023633678 -41.82652222923402 -34.97823200340613 27.091216307559197 -66.37230035617841 -43.226298501293876 29.858868607308587
-302.66703786011226 -36.92135053278717 -23.260520288899635 -6.702513570327897 -16.06397403368202 6.091656732326343 -4.420686721378066 -33.9071427769309 0.3269146138478602 -5.515514544164841 -25.288663721214544 -19.700926690973173 14.07186793458951 -30.563879660783357 -20.42620115861288 12.009802762539705
-302.66703786011226 -36.92135053278717 -23.260520288899635 -6.702513570327897 -16.06397403368202 6.091656732326343 -4.420686721378066 -33.9071427769309 0.3269146138478602 -5.515514544164841 -25.288663721214544 -19.700926690973173 14.07186793458951 -30.563879660783357 -20.42620115861288 12.009802762539705
-301.9694510902198 -34.61077132594601 -21.389681099734243 -5.807244522704079 -12.796881449365127 5.049187529604173 -3.940700958061893 -23.538682362682312 0.4796352254134082 -0.9058105918471998 -13.42935452597577 -9.84859013826754 4.333142744286836 -10.501412843845213 -4.1446289567572485 3.439986347288921
-301.9530171205887 -33.01058137303749 -21.185716323579385 -7.110899410622261 -11.307710204316635 4.6175251208461825 -3.7067387555849045 -22.07540281056081 0.5170293295328648 -2.5903723533194345 -14.293146382821101 -10.511964766469445 2.447858720489893 -8.925375350556113 -4.19040653507229 3.502802436110758
-301.62243847040673 -34.34657487952974 -20.758221653914347 -5.8249166726918284 -11.62949761514727 4.203831758299589 -2.8079766039360887 -22.143637068598075 0.5070773457040706 -3.1638052628591278 -14.301369221115529 -10.09373311955378 1.884838384432666 -7.940083787084473 -3.2853199029619944 6.3872300061231995
-303.28436480668404 -12.963015053570919 -19.648099862866086 -5.908792997886375 -12.44867996441561 4.469520733565015 -2.904821205421429 -24.616840633891098 0.5748922992343625 -3.4886447726590886 -16.70108456673824 -13.813521919590949 -5.818291037438122 -2.7662802052689353 -1.8640027144645313 1.9164935067789286
-304.2465147445513 0.2467678864856425 -18.986567930459408 -5.817273460250984 -13.390654302760563 4.839344712804268 -3.1830444083173974 -27.642610801364334 0.6731862525250133 -3.9993534577505914 -20.16405223887524 -19.38067191180314 -15.462110533840765 0.5697713538345516 -2.8466870139266383 29.783355621201398
-310.6758885876045 103.76386317997375 -10.846538102077215 -4.621371211876124 -11.112744397999158 4.155509614482791 -2.7764516555785748 -25.705962703393983 0.6436946873861799 -4.019726837693889 -21.008708953975784 -24.618749893622645 -36.99293131354674 18.924548052112034 3.139051481944805 -2.3807770364759784
-303.62102355237056 -24.913277205652538 -22.715998986295894 -7.086186125523501 -16.440390092766947 5.96328050182046 -3.916116642120296 -34.33829671076031 0.804550315440449 -4.96612075131084 -24.65963620071611 -21.481959321054866 -7.5754676108629875 -7.4888261308401 -4.089295178648497 6.208436048743264
-305.43064389071725 1.1138760897917115 -21.046428932071905 -7.0529353629169655 -16.530901957180415 6.051574638967319 -3.9953347911830424 -35.42817933654503 0.8330639879679038 -5.216510548724804 -26.114060304474386 -23.73554299177784 -11.28239500473155 -5.752818119774801 -3.7898408835566855 5.226974351085752
-328.6978558344595 430.9754067697664 19.713468195976127 2.5072700641564505 5.083170879637746 -1.6732823811844832 1.055548635503191 8.129316496180214 -0.18078996457369623 1.0779357457865983 5.166090726100723 4.551717890557973 4.4141805132613 -1.474542990987482 -0.023914617016611822 -1.1794244473563844
-328.6978558344595 430.9754067697664 19.713468195976127 2.5072700641564505 5.083170879637746 -1.6732823811844832 1.055548635503191 8.129316496180214 -0.18078996457369623 1.0779357457865983 5.166090726100723 4.551717890557973 4.4141805132613 -1.474542990987482 -0.023914617016611822 -1.1794244473563844
-328.6978558344595 430.9754067697664 19.713468195976127 2.5072700641564505 5.083170879637746 -1.6732823811844832 1.055548635503191 8.129316496180214 -0.18078996457369623 1.0779357457865983 5.166090726100723 4.551717890557973 4.4141805132613 -1.474542990987482 -0.023914617016611822 -1.1794244473563844
-328.6978558344595 430.9754067697664 19.713468195976127 2.5072700641564505 5.083170879637746 -1.6732823811844832 1.055548635503191 8.129316496180214 -0.18078996457369623 1.0779357457865983 5.166090726100723 4.551717890557973 4.4141805132613 -1.474542990987482 -0.023914617016611822 -1.1794244473563844
-328.6978558344595 430.9754067697664 19.713468195976127 2.5072700641564505 5.083170879637746 -1.6732823811844832 1.055548635503191 8.129316496180214 -0.18078996457369623 1.0779357457865983 5.166090726100723 4.551717890557973 4.4141805132613 -1.474542990987482 -0.023914617016611822 -1.1794244473563844
-328.6978558344595 430.9754067697664 19.713468195976127 2.5072700641564505 5.083170879637746 -1.6732823811844832 1.055548635503191 8.129316496180214 -0.18078996457369623 1.0779357457865983 5.166090726100723 4.551717890557973 4.4141805132613 -1.474542990987482 -0.023914617016611822 -1.1794244473563844
-328.6978558344595 430.9754067697664 19.713468195976127 2.5072700641564505 5.083170879637746 -1.6732823811844832 1.055548635503191 8.129316496180214 -0.18078996457369623 1.0779357457865983 5.166090726100723 4.551717890557973 4.4141805132613 -1.474542990987482 -0.023914617016611822 -1.1794244473563844
-328.6978558344595 430.9754067697664 19.713468195976127 2.5072700641564505 5.083170879637746 -1.6732823811844832 1.055548635503191 8.129316496180214 -0.18078996457369623 1.0779357457865983 5.166090726100723 4.551717890557973 4.4141805132613 -1.474542990987482 -0.023914617016611822 -1.1794244473563844
-328.6978558344595 430.9754067697664 19.713468195976127 2.5072700641564505 5.083170879637746 -1.6732823811844832 1.055548635503191 8.129316496180214 -0.18078996457369623 1.0779357457865983 5.166090726100723 4.551717890557973 4.4141805132613 -1.474542990987482 -0.023914617016611822 -1.1794244473563844
-328.6978558344595 430.9754067697664 19.713468195976127 2.5072700641564505 5.083170879637746 -1.6732823811844832 1.055548635503191 8.129316496180214 -0.18078996457369623 1.0779357457865983 5.166090726100723 4.551717890557973 4.4141805132613 -1.474542990987482 -0.023914617016611822 -1.1794244473563844
-328.1182874481127 421.9846993079446 19.045124778456998 2.4240382842326538 4.93703282723405 -1.6361526653410026 1.0358432731723561 8.124165733061803 -0.1842652263548394 1.1058456540299115 5.393445490208615 5.208460233134877 6.418609897252019 -2.8961884466470473 -0.34857831255919464 -0.8016129563596925
-328.1182874481127 421.9846993079446 19.045124778456998 2.4240382842326538 4.93703282723405 -1.6361526653410026 1.0358432731723561 8.124165733061803 -0.1842652263548394 1.1058456540299115 5.393445490208615 5.208460233134877 6.418609897252019 -2.8961884466470473 -0.34857831255919464 -0.8016129563596925
-303.1128104743522 -14.764758248746636 -19.718173798008277 -5.7277079294628 -12.97043532352331 4.624093293037711 -3.0343632604417197 -25.4223367292315 0.5892834130365963 -3.5995834273955136 -17.623719868828186 -15.476297649814892 -10.316018471962185 0.4726760212196024 -0.9965495843892515 2.765448471955722
-307.77228208879154 58.43965999768374 -14.11411852027009 -4.9708728551721 -11.18261863957264 4.081715267158847 -2.6784748385144392 -23.529462583464362 0.5559884920074543 -3.451222822627863 -17.170770214400914 -16.37270613346463 -13.876297775211846 2.62784828481889 -0.7080707449516098 4.099163441437645
-302.11822389825403 -33.469449931852715 -21.537221266549505 -6.009078113847365 -13.740486301099466 4.974989449252706 -3.373903101092535 -27.03069923619613 0.6735012361410545 -3.4054649156812586 -18.387554584209546 -15.354061030447339 -2.0397644259257532 -10.76202308061502 -6.757513290217742 47.43486053279609
-302.1557905063498 -32.93891172691482 -21.432355029382425 -6.191896119858084 -12.202151991828742 4.6038630138549586 -2.882791871372331 -24.314255769289176 0.6396655693692183 -3.6362319832888543 -15.720412254472262 -11.667377897448512 2.807887193167184 -11.185712128517348 -5.653366802447727 2.833890827913217
-301.62489017282434 -35.02221424566029 -20.965543222908284 -5.728925680393406 -11.070785113343437 4.131326129783356 -2.801706369326352 -21.97385502900575 0.6302448168856997 -3.0361121013439485 -14.039772958203876 -9.958010192976447 4.14482854084141 -11.486279831754645 -5.663386926905303 1.2132445150476052
-302.77874405496374 -37.33383537709773 -24.087375493112795 5.083022906846663 -6.454455616573828 2.9916148494721506 -2.0449949328748733 -25.012293016201333 2.111878101621752 -4.948429272221679 -19.29474442730171 -16.529000566130374 8.710769093727304 -36.086708045526734 -25.783442922966113 -22.575545910513174
-303.68850220746396 -39.583559204196376 -19.736815500886475 15.138042168188585 0.02977737413841491 1.6420740178555207 0.1303369936650955 -23.137010861518448 14.777182692339341 -5.2359026644079325 -20.025199755793984 -18.785539554636156 12.739572187890271 -52.03177428001515 -38.56474425889723 -37.76463336629593
-303.574692486775 -40.83236584183283 -19.955303410677523 30.867849490887046 7.068576081652523 4.065742894657911 -14.623527371617978 6.816088638762315 -8.13658775662835 -9.42770084183213 -8.402178883896786 -6.932236903303669 3.5757839820487525 -21.45097304024896 -13.675205197603585 -13.126413744235407
-308.06865477468557 -50.26812827710231 -43.00729778696172 152.32039591194518 105.09625320993807 -38.150004644065575 32.997686193661906 30.25336620405494 -4.493902291628105 8.608291156767375 18.765861294314178 9.287274033263605 -3.8508117887839375 8.733960636729424 4.917644277413908 2.755782038884881
-308.06865477468557 -50.26812827710231 -43.00729778696172 152.32039591194518 105.09625320993807 -38.150004644065575 32.997686193661906 30.25336620405494 -4.493902291628105 8.608291156767375 18.765861294314178 9.287274033263605 -3.8508117887839375 8.733960636729424 4.917644277413908 2.755782038884881
-311.62376770192077 -58.31308197391635 -63.85883102534226 294.57613233485 230.64270433248416 -100.24822904234124 100.34964887919902 51.38873526030615 -29.905073970151964 40.14778092860448 59.49325908911469 36.8274488961139 -17.021984396986603 76.2657866028537 47.37262856569939 41.306217260589555
-311.62376770192077 -58.31308197391635 -63.85883102534226 294.57613233485 230.64270433248416 -100.24822904234124 100.34964887919902 51.38873526030615 -29.905073970151964 40.14778092860448 59.49325908911469 36.8274488961139 -17.021984396986603 76.2657866028537 47.37262856569939 41.306217260589555
-307.41471816956516 -48.57980410420498 -41.148548830933706 129.8980998966511 87.90786865816311 -32.2255521562678 27.531999965328453 20.015506239931042 -5.462365428719615 6.628787929533345 12.21813456191166 4.76247195215054 -1.2672954791348021 1.8063312134783065 0.05631253261318908 -1.334803556766423
-307.41471816956516 -48.57980410420498 -41.148548830933706 129.8980998966511 87.90786865816311 -32.2255521562678 27.531999965328453 20.015506239931042 -5.462365428719615 6.628787929533345 12.21813456191166 4.76247195215054 -1.2672954791348021 1.8063312134783065 0.05631253261318908 -1.334803556766423
-305.7114794354782 -47.00754505478812 -20.84518709165884 78.13013184238287 35.40081239013966 0.31658193372605975 -19.840815288694802 41.692874105666526 2.4510243850222837 -11.761536039134652 4.933271276039425 2.3783502410605326 -2.334821776615767 -8.597294317892556 -4.069355249302143 -4.989663777783767
-306.92296036586197 -47.782054684520496 -34.66780552466416 120.856004996778 81.5838651986051 -28.882930011787316 27.548102927216654 19.74115707924241 4.16027480373798 6.799181939238332 12.60036513324683 5.281288436473025 -1.7153273892657126 3.522314523368065 1.6476141662852208 1.1573483455420357
-305.5541155459036 -44.15800486296332 -33.80596578180063 66.74492660595644 34.100177950678 -7.089366928188084 -0.6209979320736708 8.738562576296454 -2.955230627187757 -6.209192744544308 -5.9557099521724215 -7.248067541084589 4.715688693422915 -28.44888625591666 -19.438494162422625 -19.806235658123313
-305.90043743119145 -43.19309700507886 -30.835642310171217 30.183457257308476 7.186591290013097 0.4397578300240213 0.15038281627760097 -31.058691117386168 11.12035537427323 -9.234551187287003 -32.32373703050002 -33.41939186136986 24.881414944358994 -108.07532338193292 -83.93882589471131 -87.2809463838254
-306.12936043146425 -44.23587714050853 -31.428375379508836 41.035854380436604 16.57217709843397 -4.160862258615897 5.6900589655447344 -28.673833800591648 10.133783215951599 -6.48877282387998 -27.98788169860811 -29.930445625984795 21.86744655044524 -95.71701033361109 -74.65285393181843 -77.36889938782178
-305.03702794361453 -42.59918173211371 -29.689462625858052 24.95833485486787 5.57145460322127 4.131670314109652 -7.109333832956576 -15.564855948025295 8.012030139842356 -10.68798823211106 -24.738517930093288 -24.772025395818943 17.75502803900485 -79.38612780358214 -60.8072828069146 -63.05863065736034
-305.03702794361453 -42.59918173211371 -29.689462625858052 24.95833485486787 5.57145460322127 4.131670314109652 -7.109333832956576 -15.564855948025295 8.012030139842356 -10.68798823211106 -24.738517930093288 -24.772025395818943 17.75502803900485 -79.38612780358214 -60.8072828069146 -63.05863065736034
-305.03702794361453 -42.59918173211371 -29.689462625858052 24.95833485486787 5.57145460322127 4.131670314109652 -7.109333832956576 -15.564855948025295 8.012030139842356 -10.68798823211106 -24.738517930093288 -24.772025395818943 17.75502803900485 -79.38612780358214 -60.8072828069146 -63.05863065736034
-306.12936043146425 -44.23587714050853 -31.428375379508836 41.035854380436604 16.57217709843397 -4.160862258615897 5.6900589655447344 -28.673833800591648 10.133783215951599 -6.48877282387998 -27.98788169860811 -29.930445625984795 21.86744655044524 -95.71701033361109 -74.65285393181843 -77.36889938782178
-305.08234278384975 -42.91037506947257 -24.519149777233277 56.90673963308193 32.98352052333219 -9.131640320508627 11.205381457549102 -1.265043157723945 12.878286610792859 -1.1672239351417075 -4.482692451402144 -6.315181990928396 4.367294757949986 -19.791459418573403 -13.724768201144162 -12.162596874560412
-305.5541155459036 -44.15800486296332 -33.80596578180063 66.74492660595644 34.100177950678 -7.089366928188084 -0.6209979320736708 8.738562576296454 -2.955230627187757 -6.209192744544308 -5.9557099521724215 -7.248067541084589 4.715688693422915 -28.44888625591666 -19.438494162422625 -19.806235658123313
-305.5541155459036 -44.15800486296332 -33.80596578180063 66.74492660595644 34.100177950678 -7.089366928188084 -0.6209979320736708 8.738562576296454 -2.955230627187757 -6.209192744544308 -5.9557099521724215 -7.248067541084589 4.715688693422915 -28.44888625591666 -19.438494162422625 -19.806235658123313
-303.0470069814022 -50.86813574144813 -32.54412074509757 55.32111462789932 -38.74389309166058 78.37089459807535 -170.07036719272799 185.69141611787109 -4.634048766081243 -66.12320180477651 15.981566925871073 18.439492414782386 -18.3688585745472 -0.7313306591862159 7.19311570463898 -1.5738116860669957
-305.7114794354782 -47.00754505478812 -20.84518709165884 78.13013184238287 35.40081239013966 0.31658193372605975 -19.840815288694802 41.692874105666526 2.4510243850222837 -11.761536039134652 4.933271276039425 2.3783502410605326 -2.334821776615767 -8.597294317892556 -4.069355249302143 -4.989663777783767
-314.0867961319601 -76.69701665462505 385.36935474737953 -7.418318376119933 13.313755611176324 -21.616571875533776 -7.377959161771465 -10.714878691739505 -234.43517315351158 -2.6461636328069633 -1.9938773307575557 -0.7391652419788828 1.1987540786705515 -4.450400764077258 -4.492677555941884 -4.447109563071779
-314.0867961319601 -76.69701665462505 385.36935474737953 -7.418318376119933 13.313755611176324 -21.616571875533776 -7.377959161771465 -10.714878691739505 -234.43517315351158 -2.6461636328069633 -1.9938773307575557 -0.7391652419788828 1.1987540786705515 -4.450400764077258 -4.492677555941884 -4.447109563071779
-314.0867961319601 -76.69701665462505 385.36935474737953 -7.418318376119933 13.313755611176324 -21.616571875533776 -7.377959161771465 -10.714878691739505 -234.43517315351158 -2.6461636328069633 -1.9938773307575557 -0.7391652419788828 1.1987540786705515 -4.450400764077258 -4.492677555941884 -4.447109563071779
-314.0867961319601 -76.69701665462505 385.36935474737953 -7.418318376119933 13.313755611176324 -21.616571875533776 -7.377959161771465 -10.714878691739505 -234.43517315351158 -2.6461636328069633 -1.9938773307575557 -0.7391652419788828 1.1987540786705515 -4.450400764077258 -4.492677555941884 -4.447109563071779
-310.44500053337106 -62.774273266119245 214.39572840304052 12.906328631193604 10.125310636504462 2.3982767739413435 19.540305741028575 1.634395989247132 210.94923038023575 6.939933709261759 5.353414048190589 -1.7941997139871881 2.2823670133701928 -8.313709634292412 -6.672892994380485 -3.504539508403857
-310.44500053337106 -62.774273266119245 214.39572840304052 12.906328631193604 10.125310636504462 2.3982767739413435 19.540305741028575 1.634395989247132 210.94923038023575 6.939933709261759 5.353414048190589 -1.7941997139871881 2.2823670133701928 -8.313709634292412 -6.672892994380485 -3.504539508403857
-316.0657434670043 -84.03429009898191 444.0549805460327 2.929704157221444 14.936547446200416 -0.9887381180528098 12.830081630980873 29.385560463283298 252.8069661797971 11.450410169840685 22.1555510599371 13.288766358634087 -7.041023227747416 26.659653686742224 17.236798316294124 11.370366217856528
-316.0657434670043 -84.03429009898191 444.0549805460327 2.929704157221444 14.936547446200416 -0.9887381180528098 12.830081630980873 29.385560463283298 252.8069661797971 11.450410169840685 22.1555510599371 13.288766358634087 -7.041023227747416 26.659653686742224 17.236798316294124 11.370366217856528
-304.8727211531913 -49.1788193388915 70.70500426725235 7.4883133207345445 -21.161237062272644 27.856498084291992 -56.694382346499914 51.41043835059512 -13.697515708190378 -23.390907192622155 -0.9545377299663961 3.237348886236821 -5.436544396674634 0.43635648929064824 5.76462148954454 3.9984795869815426
-303.4004421307356 -39.13850799723251 -4.858491080720324 -6.3318652749547235 -18.992156070115293 2.747467603228352 -10.463869588301387 -20.45705598234915 -29.370251137243393 -8.363361608073808 -19.133629950530263 -12.807470037590042 5.200006134681909 -16.677617541099444 -4.241610540967495 4.285087217704296
-302.96576837547707 -37.552573039395156 -21.490074555727222 -7.099829322254189 -21.69126342826758 0.09173132144224136 -6.136991621503365 -23.267541747643996 -10.033377904932015 -6.702363589639464 -19.66472810548407 -13.731595103239783 5.8874740998279655 -17.146000167711282 -4.295668436045231 4.991799731384557
-306.67492096575575 -45.52591008637432 -39.30812316813793 -34.44836342880135 -214.87304204602788 -287.1629129765118 86.00182888923241 111.62335656580476 -0.8086748106055546 13.473807033396097 38.978608954717245 17.539266044318126 -10.948025828356421 11.564696222770417 -14.833701074558377 -0.7381802095161107
-306.967107443694 -46.148474410089825 -40.46047661644887 -36.47456331522616 -228.41519274037665 -307.28198341705024 92.63477169940279 120.23754770146498 -0.8228611826084704 14.8958774452848 42.611396896977155 19.263198453616692 -11.448846868461816 12.960228993570908 -14.138681800698732 -1.1147868035292292
-305.73074672091246 -43.589280267480795 -35.90852883902243 -29.058596515432743 -177.91709156726813 -233.4838393227304 69.14342572096751 87.66805096898207 -0.6466512324964434 10.145552977834035 29.20725620188488 12.533351614712979 -7.593979385915206 7.638659941819367 -10.172938831452461 -0.38790943055707144
-306.6340290168802 -45.34728599310439 -38.76238123382428 -32.82214696000125 -202.30386837462396 -266.6201657426571 79.0507588200647 100.13154648005323 -0.7169364053652648 11.481705034890734 32.5260950375889 12.427733325505582 -1.7474768966094003 6.784207697481141 10.8582552950919 -2.0422407862902934
-303.7780033000741 -39.01487794573421 -26.580949095226003 -10.374602181608877 -28.500312112888686 -2.3393517343538073 -2.827264542411769 -44.035151113565696 1.1544819670755944 -8.133771519860401 -39.34402492472921 -42.099257352788484 96.20777644261962 -37.593340498837016 270.84557284274644 -16.398727152831217
-304.05173344139104 -39.505229294557516 -27.274270946416227 -11.096774280250667 -30.047958789844717 -3.131601444968407 -2.6579396199986434 -46.429228210301986 1.2355458958712209 -8.590934748410639 -41.92046856672725 -45.33564560941091 104.19847897668713 -42.47209404929662 299.4033060203998 -18.187745234592295
-304.1255487839573 -39.63423703123769 -27.451393718172312 -11.265046821188378 -30.49958624639943 -3.4248120425613195 -2.631896411206741 -46.780905535370785 1.2499030370365873 -8.710100270593397 -42.39694324494688 -45.92743372727338 105.8737036829913 -42.50418453754616 302.88164099533 -18.417553177564745
-303.00975174758315 -37.568023646392774 -24.356789800426377 -7.561129904063679 -20.653193929014144 5.151105721686781 -7.306913106646748 -31.913991045699213 0.9052847067061558 -8.104501725415991 -28.58471878740474 -27.52122226177106 66.4874907617534 11.619972775032561 85.45828513629672 -4.951497232960071
-302.77694347215237 -37.153755812300965 -23.776869030302787 -6.780813729565164 -18.783525261310288 7.669975023724742 -8.845057580113512 -29.910885307025023 0.8364615667651341 -8.727576697259948 -27.48731735112426 -26.44050003054998 77.43842762716528 52.893727659045524 14.128227609100556 -2.371633515715941
-304.3123609779906 -40.10519565720176 -28.073647511582323 -7.6104643803526395 -28.66141609228917 16.45896374346337 -23.75948598115352 -36.15733841750405 0.9578666187601605 -21.139858185029258 -50.184182340060524 -58.26008534502368 253.43098909071676 270.9213342987867 -89.68693989659612 -9.378726226991786
-304.3725709316316 -40.215886266063244 -28.265962158098983 -7.856408127766586 -28.863449582329228 16.71581723419783 -23.58625183478344 -38.42822903388552 1.004853754943608 -21.659950719003152 -52.42322573441839 -61.507925597832674 272.71735007619264 298.32135134647876 -111.11179981797646 -9.997336877450124
-301.8044139143356 -39.732435733222275 -24.35426643128373 9.722403244706452 -24.773151591265275 30.740083005232137 -60.91357842408685 45.95989382083989 -0.8848852446746062 -24.28272248717082 -5.0559363219277955 -1.9752655228902645 7.073461836410006 4.868247044429264 -4.891515763859906 -1.4728472004821687
-304.11597940191814 -40.49128365987836 -23.166334871189097 28.394959268442392 10.140461928637823 -2.7946805880715777 1.7238298709635793 -17.86712366982817 -6.3297966297964585 -4.677182657225703 -16.428344930645505 -15.429182593507969 10.69383245782307 -41.808663467095094 -30.97816718445624 -30.280754411291536
-302.42823148017663 -36.75941128307339 -23.248724679089268 3.329325117955541 -7.504457039702434 3.523056967892729 -2.7835759577537322 -23.613343927679132 2.387792373680524 -5.032093684282889 -18.620725914025144 -15.59308894736476 9.788598761002895 -37.153623215843936 -26.420223816171 -24.84899768558209
-301.6279447402735 -34.74072644702724 -19.12967526849229 -3.4474601412118147 -9.59261894187318 3.876268309725886 -2.637019861238408 -19.81174255657998 2.6954932362259854 -3.2883972458609345 -12.530390289433265 -9.151944726145821 2.33828456666274 -8.442062275068414 -4.1485453976219935 -0.4355933180485551
-301.8922716302338 -35.625415948045436 -21.723178699705663 -5.741676504876732 -15.842438030589708 10.672145020316446 2.7534531922766434 -30.545723272044285 -0.7218328795920967 -18.13634174872471 14.233274546863928 -4.941254687452652 2.464257264570229 -6.765000648092136 -3.2870741250453417 -0.8225103164500739
-302.09198368082184 -35.88054834190001 -22.009261469754808 -6.064705182314531 -14.644019038550878 7.1265871784473696 -1.0731965011594327 -30.284025025434513 0.14066146965206455 -12.947663773129012 2.226086885982683 -7.488987748782039 4.369948559942907 -8.811129276144987 -3.502099144796498 0.4238896031802284
-303.46539264527445 -38.530303154905 -26.02914982001703 -9.54128675449822 -29.599716350280946 26.965950587272854 15.029788406472347 -70.55877114500487 -2.776309852563331 -73.09851752327118 112.02604278179875 9.189524321488708 -0.5212153387173879 1.8930265806997106 0.44151156212013326 -0.4708433596509567
-306.1268182577319 -44.020733605832106 -34.353820185964366 -16.177719420353927 -65.67325040065464 83.67628731750959 66.29549739622972 -148.80459629749478 -10.234330827582891 -207.49198323835833 363.98685857129834 49.48374485610693 -13.15724839861425 26.458845583937244 8.414611576953597 -3.174493931231119
440.7898026743639 1.651707686284187 0.46269816677184084 0.059690640457715306 0.4172112318786134 -0.7722109219368747 -0.7897218171385912 -0.3532401311267415 0.09607216906331685 -0.13670202026560774 0.1803172845463108 0.016349414069091135 -0.0017972379232710262 -0.0019307535427490288 -0.0067933513840851886 -0.00442148317773464
440.7898026743639 1.651707686284187 0.46269816677184084 0.059690640457715306 0.4172112318786134 -0.7722109219368747 -0.7897218171385912 -0.3532401311267415 0.09607216906331685 -0.13670202026560774 0.1803172845463108 0.016349414069091135 -0.0017972379232710262 -0.0019307535427490288 -0.0067933513840851886 -0.00442148317773464
440.7898026743639 1.651707686284187 0.46269816677184084 0.059690640457715306 0.4172112318786134 -0.7722109219368747 -0.7897218171385912 -0.3532401311267415 0.09607216906331685 -0.13670202026560774 0.1803172845463108 0.016349414069091135 -0.0017972379232710262 -0.0019307535427490288 -0.0067933513840851886 -0.00442148317773464
440.7898026743639 1.651707686284187 0.46269816677184084 0.059690640457715306 0.4172112318786134 -0.7722109219368747 -0.7897218171385912 -0.3532401311267415 0.09607216906331685 -0.13670202026560774 0.1803172845463108 0.016349414069091135 -0.0017972379232710262 -0.0019307535427490288 -0.0067933513840851886 -0.00442148317773464
440.7898026743639 1.651707686284187 0.46269816677184084 0.059690640457715306 0.4172112318786134 -0.7722109219368747 -0.7897218171385912 -0.3532401311267415 0.09607216906331685 -0.13670202026560774 0.1803172845463108 0.016349414069091135 -0.0017972379232710262 -0.0019307535427490288 -0.0067933513840851886 -0.00442148317773464
440.7898026743639 1.651707686284187 0.46269816677184084 0.059690640457715306 0.4172112318786134 -0.7722109219368747 -0.7897218171385912 -0.3532401311267415 0.09607216906331685 -0.13670202026560774 0.1803172845463108 0.016349414069091135 -0.0017972379232710262 -0.0019307535427490288 -0.0067933513840851886 -0.00442148317773464
440.7898026743639 1.651707686284187 0.46269816677184084 0.059690640457715306 0.4172112318786134 -0.7722109219368747 -0.7897218171385912 -0.3532401311267415 0.09607216906331685 -0.13670202026560774 0.1803172845463108 0.016349414069091135 -0.0017972379232710262 -0.0019307535427490288 -0.0067933513840851886 -0.00442148317773464
440.7898026743639 1.651707686284187 0.46269816677184084 0.059690640457715306 0.4172112318786134 -0.7722109219368747 -0.7897218171385912 -0.3532401311267415 0.09607216906331685 -0.13670202026560774 0.1803172845463108 0.016349414069091135 -0.0017972379232710262 -0.0019307535427490288 -0.0067933513840851886 -0.00442148317773464
440.7898026743639 1.651707686284187 0.46269816677184084 0.059690640457715306 0.4172112318786134 -0.7722109219368747 -0.7897218171385912 -0.3532401311267415 0.09607216906331685 -0.13670202026560774 0.1803172845463108 0.016349414069091135 -0.0017972379232710262 -0.0019307535427490288 -0.0067933513840851886 -0.00442148317773464
440.7898026743639 1.651707686284187 0.46269816677184084 0.059690640457715306 0.4172112318786134 -0.7722109219368747 -0.7897218171385912 -0.3532401311267415 0.09607216906331685 -0.13670202026560774 0.1803172845463108 0.016349414069091135 -0.0017972379232710262 -0.0019307535427490288 -0.0067933513840851886 -0.00442148317773464
440.7898026743639 1.651707686284187 0.46269816677184084 0.059690640457715306 0.4172112318786134 -0.7722109219368747 -0.7897218171385912 -0.3532401311267415 0.09607216906331685 -0.13670202026560774 0.1803172845463108 0.016349414069091135 -0.0017972379232710262 -0.0019307535427490288 -0.0067933513840851886 -0.00442148317773464
440.7898026743639 1.651707686284187 0.46269816677184084 0.059690640457715306 0.4172112318786134 -0.7722109219368747 -0.7897218171385912 -0.3532401311267415 0.09607216906331685 -0.13670202026560774 0.1803172845463108 0.016349414069091135 -0.0017972379232710262 -0.0019307535427490288 -0.0067933513840851886 -0.00442148317773464
440.7898026743639 1.651707686284187 0.46269816677184084 0.059690640457715306 0.4172112318786134 -0.7722109219368747 -0.7897218171385912 -0.3532401311267415 0.09607216906331685 -0.13670202026560774 0.1803172845463108 0.016349414069091135 -0.0017972379232710262 -0.0019307535427490288 -0.0067933513840851886 -0.00442148317773464
440.7898026743639 1.651707686284187 0.46269816677184084 0.059690640457715306 0.4172112318786134 -0.7722109219368747 -0.7897218171385912 -0.3532401311267415 0.09607216906331685 -0.13670202026560774 0.1803172845463108 0.016349414069091135 -0.0017972379232710262 -0.0019307535427490288 -0.0067933513840851886 -0.00442148317773464
440.7898026743639 1.651707686284187 0.46269816677184084 0.059690640457715306 0.4172112318786134 -0.7722109219368747 -0.7897218171385912 -0.3532401311267415 0.09607216906331685 -0.13670202026560774 0.1803172845463108 0.016349414069091135 -0.0017972379232710262 -0.0019307535427490288 -0.0067933513840851886 -0.00442148317773464
-303.2139159442249 -39.13154190365352 -25.08626329217714 -3.9483892444630304 -36.94920367726397 60.58507855878824 48.337577848131055 -0.13715081489967834 -4.306966604728573 -23.078123719677695 27.84613147152734 -0.8494136927014158 1.5956202319220405 -9.05726951038433 -4.090707498630415 1.4221331855129833
-282.5519472192139 -36.21936068914856 -14.613519134103504 -5.442705842133083 -31.86308525122047 62.54240441948498 76.2037528982137 22.518112948651762 -20.59019783099644 15.566494992223003 -22.053238005583395 -4.607164835892354 1.9342705045549777 -2.1027129260485142 -0.43147654982843037 0.28814795322132675
-304.96752363635306 -42.83741616502724 -34.99269104648399 91.10443712850982 66.3384585560695 -28.53793157785864 28.977925741591772 2.8340852917857675 -8.490741582833806 9.386267161134672 8.682566430371592 4.369153588325334 -1.6754049776914814 12.035164147531974 8.118508312003087 8.26058857673335
-304.234207774064 -41.43205122205161 -17.399298697386282 21.310409356892727 1.291570660167297 4.046530972286043 -7.880696320104966 -13.155885515645172 14.668339702464097 -8.391171147394466 -19.157225109111547 -18.367988980908475 12.640130541986487 -55.68769568949853 -41.538809681629765 -42.15087116023176
-302.4676947527025 -36.83645580072827 -21.488737563223815 0.5300110851868617 -8.581189579236552 3.8324256346954377 -3.052711753007119 -24.1447365735032 -0.39330008086556045 -5.041545267165471 -18.645912562735294 -15.226023424457466 9.431807393881003 -34.26176315459519 -23.826412570701752 -20.99763956270455
-301.5977367140904 -34.97195762669914 -20.971767874055256 -6.553692112007524 -10.014336457785237 3.9007162893298104 -2.429710499923544 -21.364891564423605 0.7041536684357154 -3.4060874732884847 -14.165457226804717 -10.18639856531262 2.7136621622011177 -10.443937195743386 -5.419532542394549 -0.2864357519596793
-301.59916855010744 -34.25832696055476 -20.81814514488879 -5.413587728601764 -12.446638398188453 4.463833287294481 -2.944547072709308 -24.518845946713142 0.6322047656797808 -3.5474810546535456 -17.02217605406161 -15.032398715996798 -9.835904191778866 -0.9795305556626092 -2.4804847426639585 11.751168844230001
-304.7539131253218 -29.57283645816164 -26.288465144766143 -9.503845218032225 -22.652118926028137 8.560946460230912 -5.794733561047673 -53.3446525452703 1.3467593215201863 -8.055382342551233 -42.81693190619036 -42.088674713077204 12.541996408307126 -74.06065637507922 -49.508561903074124 514.3940873345371
-302.4438050650926 -24.278704800507423 -20.34062732298351 -6.495084664736405 -11.597666682239343 4.232662852026238 -2.7362211926613242 -23.364630277821654 0.5724223920640092 -3.302445611474044 -15.476327635373838 -11.610881449184046 1.2415472972765904 -9.3728036793838 -4.537731237226488 22.171803838446387
-302.5288079994968 -23.960423813762894 -20.548837376399884 -5.63749353547577 -13.20895745928293 4.79602562777106 -3.1152279825060423 -27.137917632653867 0.7481754362962473 -4.015589860988531 -19.94155841699353 -20.04006520210469 -22.679071582891613 8.27868903925292 -0.08596017624005632 -1.0895735113631144
-305.5960888327498 -18.336830937988584 -26.053366644497345 -10.070851324544984 -24.94271879250538 9.652181318066946 -6.546218558573077 -65.06280798561518 1.7762137516913457 -11.102078197715633 -60.79979894555488 -87.65470270260582 -182.15187738950067 114.18282490252989 23.313337414458942 -17.797195660723734
-305.5960888327498 -18.336830937988584 -26.053366644497345 -10.070851324544984 -24.94271879250538 9.652181318066946 -6.546218558573077 -65.06280798561518 1.7762137516913457 -11.102078197715633 -60.79979894555488 -87.65470270260582 -182.15187738950067 114.18282490252989 23.313337414458942 -17.797195660723734
-305.5960888327498 -18.336830937988584 -26.053366644497345 -10.070851324544984 -24.94271879250538 9.652181318066946 -6.546218558573077 -65.06280798561518 1.7762137516913457 -11.102078197715633 -60.79979894555488 -87.65470270260582 -182.15187738950067 114.18282490252989 23.313337414458942 -17.797195660723734
-305.5960888327498 -18.336830937988584 -26.053366644497345 -10.070851324544984 -24.94271879250538 9.652181318066946 -6.546218558573077 -65.06280798561518 1.7762137516913457 -11.102078197715633 -60.79979894555488 -87.65470270260582 -182.15187738950067 114.18282490252989 23.313337414458942 -17.797195660723734
-305.5960888327498 -18.336830937988584 -26.053366644497345 -10.070851324544984 -24.94271879250538 9.652181318066946 -6.546218558573077 -65.06280798561518 1.7762137516913457 -11.102078197715633 -60.79979894555488 -87.65470270260582 -182.15187738950067 114.18282490252989 23.313337414458942 -17.797195660723734
-303.86250827552016 -23.442212388677806 -23.38653210061407 -7.865038513210206 -18.835920572833135 7.130407211714687 -4.770620635109954 -45.549800778855946 1.2653130349575783 -7.469465529496321 -39.7052676089803 -52.66152631576167 -99.17937078462974 58.85472937965897 10.984948663216171 -10.159181886224767
-301.8369953105994 -29.742210768052935 -20.31852081968459 -5.3903473542028015 -11.854385458226071 4.2181555572308955 -2.72634760376798 -22.99916320540022 0.5912988606923619 -3.2151724232330796 -15.285069858596009 -12.191274342498842 -3.7799682753891366 -4.117031211874342 -2.596363934873365 3.9110466392180436
-302.42684259579255 -31.651215775549982 -21.826669646527964 -6.848008501345204 -13.510741138770966 5.140381150510448 -3.653210624998975 -27.683222392237834 0.6903072449268535 -3.0448970092255996 -18.682380975343833 -15.42364901974602 3.2742877701978665 -18.324341463046313 -10.694493987032184 76.10915298515172
-301.5222626091209 -34.848526221915435 -20.54457104648451 -4.622286610635182 -11.442426793254475 4.827808417343854 -3.052333010506375 -20.055800394587678 0.42426876935944546 -3.5126615286952867 -13.315800011629763 -9.322901665477717 2.2461977248835927 -8.386402139482884 -3.6432050178747644 0.7456480617831417
-302.4676947527025 -36.83645580072827 -21.488737563223815 0.5300110851868617 -8.581189579236552 3.8324256346954377 -3.052711753007119 -24.1447365735032 -0.39330008086556045 -5.041545267165471 -18.645912562735294 -15.226023424457466 9.431807393881003 -34.26176315459519 -23.826412570701752 -20.99763956270455
-302.587165233018 -37.071579059322126 -23.794835340334114 7.90156605159903 -3.07663868772076 1.2655713277483707 -0.43798080358349245 -21.91590894018238 1.372259611719751 -3.6052199157584015 -15.713456541666305 -12.825892606472886 7.892273330462959 -27.300988891265607 -18.586397809846797 -16.49273029633995
-303.33904254072013 -39.040861278762485 -25.34716028841277 40.704287210684306 25.3435540628377 -11.695298731966904 13.225467557347553 -11.554486211944475 -0.09528551429794144 3.3735678586589906 -3.23941353897857 -3.077534754702479 1.567460408872207 0.5431061367081351 1.6429445021732942 4.3488569855288866
-301.7885348412291 -35.36117501071627 -21.276206592948665 -5.996945028358502 -15.103160431382763 9.847669828538724 3.321205924461303 -26.10015730230623 -0.8814603894124038 -10.911930575946508 1.6965629516268912 -6.914940977132152 2.0362119821189495 -6.152881997182696 -2.4209938153596973 1.0910603573632565
-299.9153775895212 -34.914465158895545 -20.782239514865392 -5.706955754296488 -13.30186497169518 6.636170078033982 -0.537680558739304 -25.135863825716548 0.3108582965836817 -9.417841337934505 -1.272526948126685 -6.7767612695658705 3.601273268163342 -7.152036955367116 -2.6057741816221385 0.79884045614257
-306.1268182577319 -44.020733605832106 -34.353820185964366 -16.177719420353927 -65.67325040065464 83.67628731750959 66.29549739622972 -148.80459629749478 -10.234330827582891 -207.49198323835833 363.98685857129834 49.48374485610693 -13.15724839861425 26.458845583937244 8.414611576953597 -3.174493931231119
440.7898026743639 1.651707686284187 0.46269816677184084 0.059690640457715306 0.4172112318786134 -0.7722109219368747 -0.7897218171385912 -0.3532401311267415 0.09607216906331685 -0.13670202026560774 0.1803172845463108 0.016349414069091135 -0.0017972379232710262 -0.0019307535427490288 -0.0067933513840851886 -0.00442148317773464
440.7898026743639 1.651707686284187 0.46269816677184084 0.059690640457715306 0.4172112318786134 -0.7722109219368747 -0.7897218171385912 -0.3532401311267415 0.09607216906331685 -0.13670202026560774 0.1803172845463108 0.016349414069091135 -0.0017972379232710262 -0.0019307535427490288 -0.0067933513840851886 -0.00442148317773464
440.7898026743639 1.651707686284187 0.46269816677184084 0.059690640457715306 0.4172112318786134 -0.7722109219368747 -0.7897218171385912 -0.3532401311267415 0.09607216906331685 -0.13670202026560774 0.1803172845463108 0.016349414069091135 -0.0017972379232710262 -0.0019307535427490288 -0.0067933513840851886 -0.00442148317773464
440.7898026743639 1.651707686284187 0.46269816677184084 0.059690640457715306 0.4172112318786134 -0.7722109219368747 -0.7897218171385912 -0.3532401311267415 0.09607216906331685 -0.13670202026560774 0.1803172845463108 0.016349414069091135 -0.0017972379232710262 -0.0019307535427490288 -0.0067933513840851886 -0.00442148317773464
440.7898026743639 1.651707686284187 0.46269816677184084 0.059690640457715306 0.4172112318786134 -0.7722109219368747 -0.7897218171385912 -0.3532401311267415 0.09607216906331685 -0.13670202026560774 0.1803172845463108 0.016349414069091135 -0.0017972379232710262 -0.0019307535427490288 -0.0067933513840851886 -0.00442148317773464
440.7898026743639 1.651707686284187 0.46269816677184084 0.059690640457715306 0.4172112318786134 -0.7722109219368747 -0.7897218171385912 -0.3532401311267415 0.09607216906331685 -0.13670202026560774 0.1803172845463108 0.016349414069091135 -0.0017972379232710262 -0.0019307535427490288 -0.0067933513840851886 -0.00442148317773464
440.7898026743639 1.651707686284187 0.46269816677184084 0.059690640457715306 0.4172112318786134 -0.7722109219368747 -0.7897218171385912 -0.3532401311267415 0.09607216906331685 -0.13670202026560774 0.1803172845463108 0.016349414069091135 -0.0017972379232710262 -0.0019307535427490288 -0.0067933513840851886 -0.00442148317773464
440.7898026743639 1.651707686284187 0.46269816677184084 0.059690640457715306 0.4172112318786134 -0.7722109219368747 -0.7897218171385912 -0.3532401311267415 0.09607216906331685 -0.13670202026560774 0.1803172845463108 0.016349414069091135 -0.0017972379232710262 -0.0019307535427490288 -0.0067933513840851886 -0.00442148317773464
440.7898026743639 1.651707686284187 0.46269816677184084 0.059690640457715306 0.4172112318786134 -0.7722109219368747 -0.7897218171385912 -0.3532401311267415 0.09607216906331685 -0.13670202026560774 0.1803172845463108 0.016349414069091135 -0.0017972379232710262 -0.0019307535427490288 -0.0067933513840851886 -0.00442148317773464
440.7898026743639 1.651707686284187 0.46269816677184084 0.059690640457715306 0.4172112318786134 -0.7722109219368747 -0.7897218171385912 -0.3532401311267415 0.09607216906331685 -0.13670202026560774 0.1803172845463108 0.016349414069091135 -0.0017972379232710262 -0.0019307535427490288 -0.0067933513840851886 -0.00442148317773464
440.7898026743639 1.651707686284187 0.46269816677184084 0.059690640457715306 0.4172112318786134 -0.7722109219368747 -0.7897218171385912 -0.3532401311267415 0.09607216906331685 -0.13670202026560774 0.1803172845463108 0.016349414069091135 -0.0017972379232710262 -0.0019307535427490288 -0.0067933513840851886 -0.00442148317773464
440.7898026743639 1.651707686284187 0.46269816677184084 0.059690640457715306 0.4172112318786134 -0.7722109219368747 -0.7897218171385912 -0.3532401311267415 0.09607216906331685 -0.13670202026560774 0.1803172845463108 0.016349414069091135 -0.0017972379232710262 -0.0019307535427490288 -0.0067933513840851886 -0.00442148317773464
440.7898026743639 1.651707686284187 0.46269816677184084 0.059690640457715306 0.4172112318786134 -0.7722109219368747 -0.7897218171385912 -0.3532401311267415 0.09607216906331685 -0.13670202026560774 0.1803172845463108 0.016349414069091135 -0.0017972379232710262 -0.0019307535427490288 -0.0067933513840851886 -0.00442148317773464
440.7898026743639 1.651707686284187 0.46269816677184084 0.059690640457715306 0.4172112318786134 -0.7722109219368747 -0.7897218171385912 -0.3532401311267415 0.09607216906331685 -0.13670202026560774 0.1803172845463108 0.016349414069091135 -0.0017972379232710262 -0.0019307535427490288 -0.0067933513840851886 -0.00442148317773464
440.7898026743639 1.651707686284187 0.46269816677184084 0.059690640457715306 0.4172112318786134 -0.7722109219368747 -0.7897218171385912 -0.3532401311267415 0.09607216906331685 -0.13670202026560774 0.1803172845463108 0.016349414069091135 -0.0017972379232710262 -0.0019307535427490288 -0.0067933513840851886 -0.00442148317773464
440.7898026743639 1.651707686284187 0.46269816677184084 0.059690640457715306 0.4172112318786134 -0.7722109219368747 -0.7897218171385912 -0.3532401311267415 0.09607216906331685 -0.13670202026560774 0.1803172845463108 0.016349414069091135 -0.0017972379232710262 -0.0019307535427490288 -0.0067933513840851886 -0.00442148317773464
440.7898026743639 1.651707686284187 0.46269816677184084 0.059690640457715306 0.4172112318786134 -0.7722109219368747 -0.7897218171385912 -0.3532401311267415 0.09607216906331685 -0.13670202026560774 0.1803172845463108 0.016349414069091135 -0.0017972379232710262 -0.0019307535427490288 -0.0067933513840851886 -0.00442148317773464
440.7898026743639 1.651707686284187 0.46269816677184084 0.059690640457715306 0.4172112318786134 -0.7722109219368747 -0.7897218171385912 -0.3532401311267415 0.09607216906331685 -0.13670202026560774 0.1803172845463108 0.016349414069091135 -0.0017972379232710262 -0.0019307535427490288 -0.0067933513840851886 -0.00442148317773464
440.7898026743639 1.651707686284187 0.46269816677184084 0.059690640457715306 0.4172112318786134 -0.7722109219368747 -0.7897218171385912 -0.3532401311267415 0.09607216906331685 -0.13670202026560774 0.1803172845463108 0.016349414069091135 -0.0017972379232710262 -0.0019307535427490288 -0.0067933513840851886 -0.00442148317773464
440.7898026743639 1.651707686284187 0.46269816677184084 0.059690640457715306 0.4172112318786134 -0.7722109219368747 -0.7897218171385912 -0.3532401311267415 0.09607216906331685 -0.13670202026560774 0.1803172845463108 0.016349414069091135 -0.0017972379232710262 -0.0019307535427490288 -0.0067933513840851886 -0.00442148317773464
440.7898026743639 1.651707686284187 0.46269816677184084 0.059690640457715306 0.4172112318786134 -0.7722109219368747 -0.7897218171385912 -0.3532401311267415 0.09607216906331685 -0.13670202026560774 0.1803172845463108 0.016349414069091135 -0.0017972379232710262 -0.0019307535427490288 -0.0067933513840851886 -0.00442148317773464
440.7898026743639 1.651707686284187 0.46269816677184084 0.059690640457715306 0.4172112318786134 -0.7722109219368747 -0.7897218171385912 -0.3532401311267415 0.09607216906331685 -0.13670202026560774 0.1803172845463108 0.016349414069091135 -0.0017972379232710262 -0.0019307535427490288 -0.0067933513840851886 -0.00442148317773464
440.7898026743639 1.651707686284187 0.46269816677184084 0.059690640457715306 0.4172112318786134 -0.7722109219368747 -0.7897218171385912 -0.3532401311267415 0.09607216906331685 -0.13670202026560774 0.1803172845463108 0.016349414069091135 -0.0017972379232710262 -0.0019307535427490288 -0.0067933513840851886 -0.00442148317773464
440.7898026743639 1.651707686284187 0.46269816677184084 0.059690640457715306 0.4172112318786134 -0.7722109219368747 -0.7897218171385912 -0.3532401311267415 0.09607216906331685 -0.13670202026560774 0.1803172845463108 0.016349414069091135 -0.0017972379232710262 -0.0019307535427490288 -0.0067933513840851886 -0.00442148317773464
440.7898026743639 1.651707686284187 0.46269816677184084 0.059690640457715306 0.4172112318786134 -0.7722109219368747 -0.7897218171385912 -0.3532401311267415 0.09607216906331685 -0.13670202026560774 0.1803172845463108 0.016349414069091135 -0.0017972379232710262 -0.0019307535427490288 -0.0067933513840851886 -0.00442148317773464
440.7898026743639 1.651707686284187 0.46269816677184084 0.059690640457715306 0.4172112318786134 -0.7722109219368747 -0.7897218171385912 -0.3532401311267415 0.09607216906331685 -0.13670202026560774 0.1803172845463108 0.016349414069091135 -0.0017972379232710262 -0.0019307535427490288 -0.0067933513840851886 -0.00442148317773464
440.7898026743639 1.651707686284187 0.46269816677184084 0.059690640457715306 0.4172112318786134 -0.7722109219368747 -0.7897218171385912 -0.3532401311267415 0.09607216906331685 -0.13670202026560774 0.1803172845463108 0.016349414069091135 -0.0017972379232710262 -0.0019307535427490288 -0.0067933513840851886 -0.00442148317773464
440.7898026743639 1.651707686284187 0.46269816677184084 0.059690640457715306 0.4172112318786134 -0.7722109219368747 -0.7897218171385912 -0.3532401311267415 0.09607216906331685 -0.13670202026560774 0.1803172845463108 0.016349414069091135 -0.0017972379232710262 -0.0019307535427490288 -0.0067933513840851886 -0.00442148317773464
440.7898026743639 1.651707686284187 0.46269816677184084 0.059690640457715306 0.4172112318786134 -0.7722109219368747 -0.7897218171385912 -0.3532401311267415 0.09607216906331685 -0.13670202026560774 0.1803172845463108 0.016349414069091135 -0.0017972379232710262 -0.0019307535427490288 -0.0067933513840851886 -0.00442148317773464
440.78980267436395 1.6517076862841877 0.4626981667718409 0.0596906404577153 0.4172112318786134 -0.7722109219368747 -0.7897218171385916 -0.35324013112674163 0.09607216906331684 -0.13670202026560777 0.18031728454631074 0.016349414069091156 -0.001797237923271005 -0.0019307535427490305 -0.006793351384085188 -0.004421483177734632
]