Naoki.o_l_d.2082 [ -370.44100252580046 0.325739092233865 0.7265210867049474 -0.48898173435589976 0.1509697741638093 0.02085612619048169 -0.03607285166253498 0.07563838874930182 -0.013153918935405169 0.01896169136942792 0.0017196762710298256 0.0003554629477589976 0.009770700382031157 -0.014953522202891634 0.006841016599834777 0.0023879181635486036
-370.4410025258011 0.32573909223368697 0.7265210867048637 -0.4889817343559031 0.15096977416384175 0.020856126190495348 -0.03607285166253647 0.07563838874931207 -0.013153918935397066 0.0189616913694418 0.0017196762710146739 0.00035546294776874605 0.00977070038202689 -0.014953522202877554 0.006841016599822852 0.002387918163565006
-370.4410025258011 0.32573909223380515 0.72652108670492 -0.48898173435594117 0.1509697741638268 0.020856126190506724 -0.036072851662548464 0.07563838874930127 -0.013153918935411282 0.01896169136943702 0.001719676271018335 0.00035546294776868896 0.009770700382024471 -0.014953522202893628 0.006841016599816073 0.002387918163552323
-370.4410025258011 0.325739092233805 0.7265210867049173 -0.4889817343559265 0.15096977416382396 0.020856126190498724 -0.03607285166252992 0.07563838874929223 -0.013153918935400095 0.01896169136944268 0.0017196762710083783 0.00035546294777988633 0.00977070038202907 -0.014953522202876882 0.006841016599834107 0.0023879181635432603
-370.4410025258011 0.32573909223380515 0.7265210867049124 -0.488981734355911 0.15096977416383262 0.020856126190486757 -0.03607285166250837 0.07563838874932988 -0.013153918935418368 0.01896169136944121 0.0017196762710068169 0.0003554629477763014 0.009770700382043281 -0.014953522202893569 0.006841016599845316 0.002387918163549004
-370.4410025258011 0.32573909223380537 0.7265210867049114 -0.48898173435592435 0.15096977416385016 0.02085612619047257 -0.036072851662592206 0.07563838874932043 -0.013153918935385242 0.018961691369435364 0.0017196762710263386 0.00035546294777436574 0.009770700382046405 -0.01495352220289665 0.006841016599841208 0.002387918163546997
-370.4410025258011 0.3257390922338052 0.726521086704912 -0.48898173435592285 0.1509697741638468 0.020856126190496354 -0.03607285166254473 0.07563838874929531 -0.013153918935386996 0.0189616913694415 0.0017196762710339612 0.00035546294776010447 0.009770700382042507 -0.014953522202907701 0.006841016599817672 0.0023879181635706953
-370.4410025258011 0.32573909223380515 0.726521086704912 -0.4889817343559223 0.15096977416384588 0.020856126190493367 -0.03607285166252368 0.07563838874932025 -0.013153918935311992 0.018961691369453495 0.0017196762709986832 0.00035546294777875437 0.009770700382025486 -0.01495352220289318 0.006841016599834205 0.0023879181635591768
-370.4410025258011 0.32573909223380515 0.7265210867049119 -0.4889817343559222 0.1509697741638457 0.020856126190494133 -0.036072851662532185 0.07563838874929872 -0.013153918935424854 0.01896169136946693 0.0017196762710159656 0.00035546294777308605 0.009770700382037532 -0.014953522202902457 0.006841016599842118 0.0023879181635620885
-370.4410025258011 0.32573909223380515 0.7265210867049121 -0.4889817343559223 0.15096977416384597 0.02085612619049525 -0.03607285166253417 0.07563838874929976 -0.013153918935402763 0.018961691369445734 0.0017196762709928177 0.0003554629478121955 0.009770700382061915 -0.01495352220289408 0.00684101659980969 0.0023879181635776936
-370.4410025258011 0.32573909223380515 0.726521086704912 -0.4889817343559223 0.1509697741638457 0.020856126190493214 -0.0360728516625242 0.0756383887493169 -0.013153918935393633 0.0189616913694932 0.001719676270991284 0.0003554629477455882 0.009770700382017864 -0.014953522202891093 0.00684101659983521 0.0023879181635450743
-370.4410025258011 0.32573909223380515 0.726521086704912 -0.4889817343559223 0.15096977416384594 0.020856126190494793 -0.03607285166253133 0.07563838874930515 -0.013153918935397456 0.018961691369438233 0.0017196762710036213 0.0003554629477715654 0.009770700382036673 -0.014953522202910265 0.00684101659986337 0.0023879181635509624
-370.4410025258011 0.32573909223380515 0.726521086704912 -0.4889817343559223 0.15096977416384597 0.020856126190495292 -0.036072851662532594 0.07563838874930558 -0.013153918935402737 0.018961691369452697 0.001719676270994379 0.0003554629477972193 0.009770700382012434 -0.014953522202876395 0.006841016599854654 0.0023879181635527414
-370.4410025258011 0.32573909223380515 0.726521086704912 -0.4889817343559223 0.15096977416384594 0.02085612619049486 -0.03607285166253122 0.07563838874930641 -0.01315391893539683 0.01896169136943811 0.0017196762710167245 0.0003554629477683679 0.009770700382018944 -0.014953522202904633 0.006841016599860985 0.0023879181635440634
-370.4410025258011 0.32573909223380515 0.726521086704912 -0.4889817343559223 0.15096977416384597 0.02085612619049492 -0.03607285166253157 0.07563838874930645 -0.013153918935397127 0.018961691369442178 0.0017196762710133024 0.000355462947771996 0.009770700382034292 -0.014953522202894387 0.006841016599834945 0.0023879181635595836
-370.4410025258011 0.32573909223380515 0.726521086704912 -0.4889817343559223 0.15096977416384594 0.020856126190494848 -0.03607285166253139 0.07563838874930645 -0.013153918935396787 0.018961691369445095 0.0017196762710149612 0.00035546294777426426 0.009770700382034155 -0.014953522202892035 0.0068410165998076455 0.002387918163525856
-370.4410025258011 0.32573909223380515 0.726521086704912 -0.4889817343559223 0.15096977416384594 0.02085612619049486 -0.03607285166253144 0.07563838874930641 -0.013153918935396759 0.018961691369444363 0.001719676271013979 0.00035546294777368914 0.009770700382037182 -0.014953522202891579 0.00684101659982273 0.0023879181635259555
-370.4410025258011 0.32573909223380515 0.726521086704912 -0.4889817343559223 0.15096977416384594 0.02085612619049488 -0.0360728516625315 0.07563838874930642 -0.013153918935396863 0.018961691369443198 0.0017196762710131094 0.0003554629477724627 0.009770700382038994 -0.01495352220289177 0.006841016599839971 0.002387918163533424
-370.4410025258011 0.32573909223380515 0.726521086704912 -0.4889817343559223 0.15096977416384597 0.0208561261904949 -0.03607285166253156 0.07563838874930656 -0.01315391893539715 0.01896169136944391 0.0017196762710155417 0.00035546294777184323 0.009770700382034252 -0.014953522202893097 0.006841016599805328 0.002387918163540403
-370.4410025258011 0.32573909223380515 0.726521086704912 -0.4889817343559223 0.15096977416384597 0.020856126190494883 -0.036072851662531456 0.07563838874930641 -0.01315391893539697 0.018961691369442698 0.0017196762710136768 0.0003554629477727606 0.009770700382033521 -0.014953522202893959 0.006841016599838313 0.0023879181635518606
-370.4410025258011 0.32573909223380515 0.726521086704912 -0.4889817343559223 0.15096977416384597 0.02085612619049489 -0.0360728516625315 0.07563838874930642 -0.013153918935396995 0.01896169136944286 0.001719676271013547 0.0003554629477727427 0.009770700382034252 -0.014953522202893723 0.006841016599834077 0.002387918163550844
-370.4410025258011 0.32573909223380515 0.726521086704912 -0.4889817343559223 0.15096977416384597 0.020856126190494893 -0.036072851662531505 0.07563838874930642 -0.01315391893539701 0.01896169136944294 0.0017196762710135287 0.000355462947772752 0.009770700382034493 -0.014953522202893605 0.006841016599832275 0.0023879181635502074
-370.4410025258011 0.32573909223380515 0.726521086704912 -0.4889817343559223 0.15096977416384597 0.020856126190494893 -0.036072851662531505 0.07563838874930641 -0.013153918935396995 0.018961691369442906 0.0017196762710135034 0.00035546294777278015 0.009770700382034527 -0.01495352220289358 0.006841016599833642 0.0023879181635504047
-370.4410025258011 0.32573909223380515 0.726521086704912 -0.4889817343559223 0.15096977416384597 0.020856126190494893 -0.036072851662531505 0.07563838874930641 -0.013153918935396997 0.018961691369442913 0.0017196762710134706 0.0003554629477728044 0.00977070038203463 -0.014953522202893534 0.006841016599833826 0.0023879181635503687
-370.4410025258011 0.32573909223380515 0.726521086704912 -0.4889817343559223 0.15096977416384597 0.020856126190494893 -0.036072851662531505 0.07563838874930641 -0.013153918935396998 0.01896169136944292 0.001719676271013476 0.00035546294777280725 0.009770700382034647 -0.014953522202893513 0.006841016599833651 0.0023879181635503392
-370.4410025258011 0.32573909223380515 0.726521086704912 -0.4889817343559223 0.15096977416384597 0.020856126190494893 -0.036072851662531505 0.07563838874930641 -0.013153918935396993 0.018961691369442903 0.0017196762710134724 0.000355462947772809 0.009770700382034602 -0.014953522202893553 0.006841016599833951 0.002387918163550387
-370.4410025258011 0.32573909223380515 0.726521086704912 -0.4889817343559223 0.15096977416384597 0.020856126190494893 -0.036072851662531505 0.07563838874930641 -0.01315391893539699 0.0189616913694429 0.0017196762710134687 0.00035546294777280264 0.009770700382034612 -0.014953522202893556 0.006841016599833968 0.002387918163550395
-370.4410025258011 0.32573909223380515 0.726521086704912 -0.4889817343559223 0.15096977416384597 0.020856126190494893 -0.036072851662531505 0.07563838874930641 -0.01315391893539699 0.0189616913694429 0.0017196762710134687 0.00035546294777280264 0.009770700382034612 -0.014953522202893556 0.006841016599833968 0.002387918163550395
-370.4410025258011 0.32573909223380515 0.726521086704912 -0.4889817343559223 0.15096977416384597 0.020856126190494893 -0.036072851662531505 0.07563838874930641 -0.01315391893539699 0.0189616913694429 0.0017196762710134687 0.00035546294777280264 0.009770700382034612 -0.014953522202893556 0.006841016599833968 0.002387918163550395
-370.4410025258011 0.32573909223380515 0.726521086704912 -0.4889817343559223 0.15096977416384597 0.020856126190494893 -0.036072851662531505 0.07563838874930641 -0.01315391893539699 0.0189616913694429 0.0017196762710134687 0.00035546294777280264 0.009770700382034612 -0.014953522202893556 0.006841016599833968 0.002387918163550395
-370.4410025258011 0.32573909223380515 0.726521086704912 -0.4889817343559223 0.15096977416384597 0.020856126190494893 -0.036072851662531505 0.07563838874930641 -0.01315391893539699 0.0189616913694429 0.0017196762710134687 0.00035546294777280264 0.009770700382034612 -0.014953522202893556 0.006841016599833968 0.002387918163550395
-370.4410025258011 0.32573909223380515 0.726521086704912 -0.4889817343559223 0.15096977416384597 0.020856126190494893 -0.036072851662531505 0.07563838874930641 -0.01315391893539699 0.0189616913694429 0.0017196762710134687 0.00035546294777280264 0.009770700382034612 -0.014953522202893556 0.006841016599833968 0.002387918163550395
-370.4410025258011 0.32573909223380515 0.726521086704912 -0.4889817343559223 0.15096977416384597 0.020856126190494893 -0.036072851662531505 0.07563838874930641 -0.01315391893539699 0.0189616913694429 0.0017196762710134687 0.00035546294777280264 0.009770700382034612 -0.014953522202893556 0.006841016599833968 0.002387918163550395
-370.4410025258011 0.32573909223380515 0.726521086704912 -0.4889817343559223 0.15096977416384597 0.020856126190494893 -0.036072851662531505 0.07563838874930641 -0.01315391893539699 0.0189616913694429 0.0017196762710134687 0.00035546294777280264 0.009770700382034612 -0.014953522202893556 0.006841016599833968 0.002387918163550395
-370.4410025258011 0.32573909223380515 0.726521086704912 -0.4889817343559223 0.15096977416384597 0.020856126190494893 -0.036072851662531505 0.07563838874930641 -0.01315391893539699 0.0189616913694429 0.0017196762710134687 0.00035546294777280264 0.009770700382034612 -0.014953522202893556 0.006841016599833968 0.002387918163550395
-370.4410025258011 0.32573909223380515 0.726521086704912 -0.4889817343559223 0.15096977416384597 0.020856126190494893 -0.036072851662531505 0.07563838874930641 -0.01315391893539699 0.0189616913694429 0.0017196762710134687 0.00035546294777280264 0.009770700382034612 -0.014953522202893556 0.006841016599833968 0.002387918163550395
-370.4410025258011 0.32573909223380515 0.726521086704912 -0.4889817343559223 0.15096977416384597 0.020856126190494893 -0.036072851662531505 0.07563838874930641 -0.01315391893539699 0.0189616913694429 0.0017196762710134687 0.00035546294777280264 0.009770700382034612 -0.014953522202893556 0.006841016599833968 0.002387918163550395
-370.4410025258011 0.32573909223380515 0.726521086704912 -0.4889817343559223 0.15096977416384597 0.020856126190494893 -0.036072851662531505 0.07563838874930641 -0.01315391893539699 0.0189616913694429 0.0017196762710134687 0.00035546294777280264 0.009770700382034612 -0.014953522202893556 0.006841016599833968 0.002387918163550395
-370.4410025258011 0.32573909223380515 0.726521086704912 -0.4889817343559223 0.15096977416384597 0.020856126190494893 -0.036072851662531505 0.07563838874930641 -0.01315391893539699 0.0189616913694429 0.0017196762710134687 0.00035546294777280264 0.009770700382034612 -0.014953522202893556 0.006841016599833968 0.002387918163550395
-370.4410025258011 0.32573909223380515 0.726521086704912 -0.4889817343559223 0.15096977416384597 0.020856126190494893 -0.036072851662531505 0.07563838874930641 -0.01315391893539699 0.0189616913694429 0.0017196762710134687 0.00035546294777280264 0.009770700382034612 -0.014953522202893556 0.006841016599833968 0.002387918163550395
-370.4410025258011 0.32573909223380515 0.726521086704912 -0.4889817343559223 0.15096977416384597 0.020856126190494893 -0.036072851662531505 0.07563838874930641 -0.01315391893539699 0.0189616913694429 0.0017196762710134687 0.00035546294777280264 0.009770700382034612 -0.014953522202893556 0.006841016599833968 0.002387918163550395
-370.4410025258011 0.32573909223380515 0.726521086704912 -0.4889817343559223 0.15096977416384597 0.020856126190494893 -0.036072851662531505 0.07563838874930641 -0.01315391893539699 0.0189616913694429 0.0017196762710134687 0.00035546294777280264 0.009770700382034612 -0.014953522202893556 0.006841016599833968 0.002387918163550395
-370.4410025258011 0.32573909223380515 0.726521086704912 -0.4889817343559223 0.15096977416384597 0.020856126190494893 -0.036072851662531505 0.07563838874930641 -0.01315391893539699 0.0189616913694429 0.0017196762710134687 0.00035546294777280264 0.009770700382034612 -0.014953522202893556 0.006841016599833968 0.002387918163550395
-370.4410025258011 0.32573909223380515 0.726521086704912 -0.4889817343559223 0.15096977416384597 0.020856126190494893 -0.036072851662531505 0.07563838874930641 -0.01315391893539699 0.0189616913694429 0.0017196762710134687 0.00035546294777280264 0.009770700382034612 -0.014953522202893556 0.006841016599833968 0.002387918163550395
-370.4410025258011 0.32573909223380515 0.726521086704912 -0.4889817343559223 0.15096977416384597 0.020856126190494893 -0.036072851662531505 0.07563838874930641 -0.01315391893539699 0.0189616913694429 0.0017196762710134687 0.00035546294777280264 0.009770700382034612 -0.014953522202893556 0.006841016599833968 0.002387918163550395
-370.4410025258011 0.32573909223380515 0.726521086704912 -0.4889817343559223 0.15096977416384597 0.020856126190494893 -0.036072851662531505 0.07563838874930641 -0.01315391893539699 0.0189616913694429 0.0017196762710134687 0.00035546294777280264 0.009770700382034612 -0.014953522202893556 0.006841016599833968 0.002387918163550395
-370.4410025258011 0.32573909223380515 0.726521086704912 -0.4889817343559223 0.15096977416384597 0.020856126190494893 -0.036072851662531505 0.07563838874930641 -0.01315391893539699 0.0189616913694429 0.0017196762710134687 0.00035546294777280264 0.009770700382034612 -0.014953522202893556 0.006841016599833968 0.002387918163550395
-370.4410025258011 0.32573909223380515 0.726521086704912 -0.4889817343559223 0.15096977416384597 0.020856126190494893 -0.036072851662531505 0.07563838874930641 -0.01315391893539699 0.0189616913694429 0.0017196762710134687 0.00035546294777280264 0.009770700382034612 -0.014953522202893556 0.006841016599833968 0.002387918163550395
-370.4410025258011 0.32573909223380515 0.726521086704912 -0.4889817343559223 0.15096977416384597 0.020856126190494893 -0.036072851662531505 0.07563838874930641 -0.01315391893539699 0.0189616913694429 0.0017196762710134687 0.00035546294777280264 0.009770700382034612 -0.014953522202893556 0.006841016599833968 0.002387918163550395
-370.4410025258011 0.32573909223380515 0.726521086704912 -0.4889817343559223 0.15096977416384597 0.020856126190494893 -0.036072851662531505 0.07563838874930641 -0.01315391893539699 0.0189616913694429 0.0017196762710134687 0.00035546294777280264 0.009770700382034612 -0.014953522202893556 0.006841016599833968 0.002387918163550395
-370.4410025258011 0.32573909223380515 0.726521086704912 -0.4889817343559223 0.15096977416384597 0.020856126190494893 -0.036072851662531505 0.07563838874930641 -0.01315391893539699 0.0189616913694429 0.0017196762710134687 0.00035546294777280264 0.009770700382034612 -0.014953522202893556 0.006841016599833968 0.002387918163550395
-370.4410025258011 0.32573909223380515 0.726521086704912 -0.4889817343559223 0.15096977416384597 0.020856126190494893 -0.036072851662531505 0.07563838874930641 -0.01315391893539699 0.0189616913694429 0.0017196762710134687 0.00035546294777280264 0.009770700382034612 -0.014953522202893556 0.006841016599833968 0.002387918163550395
-370.4410025258011 0.32573909223380515 0.726521086704912 -0.4889817343559223 0.15096977416384597 0.020856126190494893 -0.036072851662531505 0.07563838874930641 -0.01315391893539699 0.0189616913694429 0.0017196762710134687 0.00035546294777280264 0.009770700382034612 -0.014953522202893556 0.006841016599833968 0.002387918163550395
-370.4410025258011 0.32573909223380515 0.726521086704912 -0.4889817343559223 0.15096977416384597 0.020856126190494893 -0.036072851662531505 0.07563838874930641 -0.01315391893539699 0.0189616913694429 0.0017196762710134687 0.00035546294777280264 0.009770700382034612 -0.014953522202893556 0.006841016599833968 0.002387918163550395
-370.4410025258011 0.32573909223380515 0.726521086704912 -0.4889817343559223 0.15096977416384597 0.020856126190494893 -0.036072851662531505 0.07563838874930641 -0.01315391893539699 0.0189616913694429 0.0017196762710134687 0.00035546294777280264 0.009770700382034612 -0.014953522202893556 0.006841016599833968 0.002387918163550395
-370.4410025258011 0.32573909223380515 0.726521086704912 -0.4889817343559223 0.15096977416384597 0.020856126190494893 -0.036072851662531505 0.07563838874930641 -0.01315391893539699 0.0189616913694429 0.0017196762710134687 0.00035546294777280264 0.009770700382034612 -0.014953522202893556 0.006841016599833968 0.002387918163550395
-370.4410025258011 0.32573909223380515 0.726521086704912 -0.4889817343559223 0.15096977416384597 0.020856126190494893 -0.036072851662531505 0.07563838874930641 -0.01315391893539699 0.0189616913694429 0.0017196762710134687 0.00035546294777280264 0.009770700382034612 -0.014953522202893556 0.006841016599833968 0.002387918163550395
-370.4410025258011 0.32573909223380515 0.726521086704912 -0.4889817343559223 0.15096977416384597 0.020856126190494893 -0.036072851662531505 0.07563838874930641 -0.01315391893539699 0.0189616913694429 0.0017196762710134687 0.00035546294777280264 0.009770700382034612 -0.014953522202893556 0.006841016599833968 0.002387918163550395
-370.4410025258011 0.32573909223380515 0.726521086704912 -0.4889817343559223 0.15096977416384597 0.020856126190494893 -0.036072851662531505 0.07563838874930641 -0.01315391893539699 0.0189616913694429 0.0017196762710134687 0.00035546294777280264 0.009770700382034612 -0.014953522202893556 0.006841016599833968 0.002387918163550395
-370.4410025258011 0.32573909223380515 0.726521086704912 -0.4889817343559223 0.15096977416384597 0.020856126190494893 -0.036072851662531505 0.07563838874930641 -0.01315391893539699 0.0189616913694429 0.0017196762710134687 0.00035546294777280264 0.009770700382034612 -0.014953522202893556 0.006841016599833968 0.002387918163550395
-370.4410025258011 0.32573909223380515 0.726521086704912 -0.4889817343559223 0.15096977416384597 0.020856126190494893 -0.036072851662531505 0.07563838874930641 -0.01315391893539699 0.0189616913694429 0.0017196762710134687 0.00035546294777280264 0.009770700382034612 -0.014953522202893556 0.006841016599833968 0.002387918163550395
-370.4410025258011 0.32573909223380515 0.726521086704912 -0.4889817343559223 0.15096977416384597 0.020856126190494893 -0.036072851662531505 0.07563838874930641 -0.01315391893539699 0.0189616913694429 0.0017196762710134687 0.00035546294777280264 0.009770700382034612 -0.014953522202893556 0.006841016599833968 0.002387918163550395
-370.4410025258011 0.32573909223380515 0.726521086704912 -0.4889817343559223 0.15096977416384597 0.020856126190494893 -0.036072851662531505 0.07563838874930641 -0.01315391893539699 0.0189616913694429 0.0017196762710134687 0.00035546294777280264 0.009770700382034612 -0.014953522202893556 0.006841016599833968 0.002387918163550395
-370.4410025258011 0.32573909223380515 0.726521086704912 -0.4889817343559223 0.15096977416384597 0.020856126190494893 -0.036072851662531505 0.07563838874930641 -0.01315391893539699 0.0189616913694429 0.0017196762710134687 0.00035546294777280264 0.009770700382034612 -0.014953522202893556 0.006841016599833968 0.002387918163550395
-370.4410025258011 0.32573909223380515 0.726521086704912 -0.4889817343559223 0.15096977416384597 0.020856126190494893 -0.036072851662531505 0.07563838874930641 -0.01315391893539699 0.0189616913694429 0.0017196762710134687 0.00035546294777280264 0.009770700382034612 -0.014953522202893556 0.006841016599833968 0.002387918163550395
-370.4410025258011 0.32573909223380515 0.726521086704912 -0.4889817343559223 0.15096977416384597 0.020856126190494893 -0.036072851662531505 0.07563838874930641 -0.01315391893539699 0.0189616913694429 0.0017196762710134687 0.00035546294777280264 0.009770700382034612 -0.014953522202893556 0.006841016599833968 0.002387918163550395
-370.4410025258011 0.32573909223380515 0.726521086704912 -0.4889817343559223 0.15096977416384597 0.020856126190494893 -0.036072851662531505 0.07563838874930641 -0.01315391893539699 0.0189616913694429 0.0017196762710134687 0.00035546294777280264 0.009770700382034612 -0.014953522202893556 0.006841016599833968 0.002387918163550395
-370.4410025258011 0.32573909223380515 0.726521086704912 -0.4889817343559223 0.15096977416384597 0.020856126190494893 -0.036072851662531505 0.07563838874930641 -0.01315391893539699 0.0189616913694429 0.0017196762710134687 0.00035546294777280264 0.009770700382034612 -0.014953522202893556 0.006841016599833968 0.002387918163550395
-370.4410025258011 0.32573909223380515 0.726521086704912 -0.4889817343559223 0.15096977416384597 0.020856126190494893 -0.036072851662531505 0.07563838874930641 -0.01315391893539699 0.0189616913694429 0.0017196762710134687 0.00035546294777280264 0.009770700382034612 -0.014953522202893556 0.006841016599833968 0.002387918163550395
-370.4410025258011 0.32573909223380515 0.726521086704912 -0.4889817343559223 0.15096977416384597 0.020856126190494893 -0.036072851662531505 0.07563838874930641 -0.01315391893539699 0.0189616913694429 0.0017196762710134687 0.00035546294777280264 0.009770700382034612 -0.014953522202893556 0.006841016599833968 0.002387918163550395
-370.4410025258011 0.32573909223380515 0.726521086704912 -0.4889817343559223 0.15096977416384597 0.020856126190494893 -0.036072851662531505 0.07563838874930641 -0.01315391893539699 0.0189616913694429 0.0017196762710134687 0.00035546294777280264 0.009770700382034612 -0.014953522202893556 0.006841016599833968 0.002387918163550395
-370.4410025258011 0.32573909223380515 0.726521086704912 -0.4889817343559223 0.15096977416384597 0.020856126190494893 -0.036072851662531505 0.07563838874930641 -0.01315391893539699 0.0189616913694429 0.0017196762710134687 0.00035546294777280264 0.009770700382034612 -0.014953522202893556 0.006841016599833968 0.002387918163550395
-370.4410025258011 0.32573909223380515 0.726521086704912 -0.4889817343559223 0.15096977416384597 0.020856126190494893 -0.036072851662531505 0.07563838874930641 -0.01315391893539699 0.0189616913694429 0.0017196762710134687 0.00035546294777280264 0.009770700382034612 -0.014953522202893556 0.006841016599833968 0.002387918163550395
-370.4410025258011 0.32573909223380515 0.726521086704912 -0.4889817343559223 0.15096977416384597 0.020856126190494893 -0.036072851662531505 0.07563838874930641 -0.01315391893539699 0.0189616913694429 0.0017196762710134687 0.00035546294777280264 0.009770700382034612 -0.014953522202893556 0.006841016599833968 0.002387918163550395
-370.4410025258011 0.32573909223380515 0.726521086704912 -0.4889817343559223 0.15096977416384597 0.020856126190494893 -0.036072851662531505 0.07563838874930641 -0.01315391893539699 0.0189616913694429 0.0017196762710134687 0.00035546294777280264 0.009770700382034612 -0.014953522202893556 0.006841016599833968 0.002387918163550395
-370.4410025258011 0.32573909223380515 0.726521086704912 -0.4889817343559223 0.15096977416384597 0.020856126190494893 -0.036072851662531505 0.07563838874930641 -0.01315391893539699 0.0189616913694429 0.0017196762710134687 0.00035546294777280264 0.009770700382034612 -0.014953522202893556 0.006841016599833968 0.002387918163550395
-370.4410025258011 0.32573909223380515 0.726521086704912 -0.4889817343559223 0.15096977416384597 0.020856126190494893 -0.036072851662531505 0.07563838874930641 -0.01315391893539699 0.0189616913694429 0.0017196762710134687 0.00035546294777280264 0.009770700382034612 -0.014953522202893556 0.006841016599833968 0.002387918163550395
-370.4410025258011 0.32573909223380515 0.726521086704912 -0.4889817343559223 0.15096977416384597 0.020856126190494893 -0.036072851662531505 0.07563838874930641 -0.01315391893539699 0.0189616913694429 0.0017196762710134687 0.00035546294777280264 0.009770700382034612 -0.014953522202893556 0.006841016599833968 0.002387918163550395
-370.4410025258011 0.32573909223380515 0.726521086704912 -0.4889817343559223 0.15096977416384597 0.020856126190494893 -0.036072851662531505 0.07563838874930641 -0.01315391893539699 0.0189616913694429 0.0017196762710134687 0.00035546294777280264 0.009770700382034612 -0.014953522202893556 0.006841016599833968 0.002387918163550395
-370.4410025258011 0.32573909223380515 0.726521086704912 -0.4889817343559223 0.15096977416384597 0.020856126190494893 -0.036072851662531505 0.07563838874930641 -0.01315391893539699 0.0189616913694429 0.0017196762710134687 0.00035546294777280264 0.009770700382034612 -0.014953522202893556 0.006841016599833968 0.002387918163550395
-370.4410025258011 0.32573909223380515 0.726521086704912 -0.4889817343559223 0.15096977416384597 0.020856126190494893 -0.036072851662531505 0.07563838874930641 -0.01315391893539699 0.0189616913694429 0.0017196762710134687 0.00035546294777280264 0.009770700382034612 -0.014953522202893556 0.006841016599833968 0.002387918163550395
-370.4410025258011 0.32573909223380515 0.726521086704912 -0.4889817343559223 0.15096977416384597 0.020856126190494893 -0.036072851662531505 0.07563838874930641 -0.01315391893539699 0.0189616913694429 0.0017196762710134687 0.00035546294777280264 0.009770700382034612 -0.014953522202893556 0.006841016599833968 0.002387918163550395
-370.4410025258011 0.32573909223380515 0.726521086704912 -0.4889817343559223 0.15096977416384597 0.020856126190494893 -0.036072851662531505 0.07563838874930641 -0.01315391893539699 0.0189616913694429 0.0017196762710134687 0.00035546294777280264 0.009770700382034612 -0.014953522202893556 0.006841016599833968 0.002387918163550395
-370.4410025258011 0.32573909223380515 0.726521086704912 -0.4889817343559223 0.15096977416384597 0.020856126190494893 -0.036072851662531505 0.07563838874930641 -0.01315391893539699 0.0189616913694429 0.0017196762710134687 0.00035546294777280264 0.009770700382034612 -0.014953522202893556 0.006841016599833968 0.002387918163550395
-370.4410025258011 0.32573909223380515 0.726521086704912 -0.4889817343559223 0.15096977416384597 0.020856126190494893 -0.036072851662531505 0.07563838874930641 -0.01315391893539699 0.0189616913694429 0.0017196762710134687 0.00035546294777280264 0.009770700382034612 -0.014953522202893556 0.006841016599833968 0.002387918163550395
-370.4410025258011 0.32573909223380515 0.726521086704912 -0.4889817343559223 0.15096977416384597 0.020856126190494893 -0.036072851662531505 0.07563838874930641 -0.01315391893539699 0.0189616913694429 0.0017196762710134687 0.00035546294777280264 0.009770700382034612 -0.014953522202893556 0.006841016599833968 0.002387918163550395
-370.4410025258011 0.32573909223380515 0.726521086704912 -0.4889817343559223 0.15096977416384597 0.020856126190494893 -0.036072851662531505 0.07563838874930641 -0.01315391893539699 0.0189616913694429 0.0017196762710134687 0.00035546294777280264 0.009770700382034612 -0.014953522202893556 0.006841016599833968 0.002387918163550395
-370.4410025258011 0.32573909223380515 0.726521086704912 -0.4889817343559223 0.15096977416384597 0.020856126190494893 -0.036072851662531505 0.07563838874930641 -0.01315391893539699 0.0189616913694429 0.0017196762710134687 0.00035546294777280264 0.009770700382034612 -0.014953522202893556 0.006841016599833968 0.002387918163550395
-370.4410025258011 0.32573909223380515 0.726521086704912 -0.4889817343559223 0.15096977416384597 0.020856126190494893 -0.036072851662531505 0.07563838874930641 -0.01315391893539699 0.0189616913694429 0.0017196762710134687 0.00035546294777280264 0.009770700382034612 -0.014953522202893556 0.006841016599833968 0.002387918163550395
-370.4410025258011 0.32573909223380515 0.726521086704912 -0.4889817343559223 0.15096977416384597 0.020856126190494893 -0.036072851662531505 0.07563838874930641 -0.01315391893539699 0.0189616913694429 0.0017196762710134687 0.00035546294777280264 0.009770700382034612 -0.014953522202893556 0.006841016599833968 0.002387918163550395
-370.4410025258011 0.32573909223380515 0.726521086704912 -0.4889817343559223 0.15096977416384597 0.020856126190494893 -0.036072851662531505 0.07563838874930641 -0.01315391893539699 0.0189616913694429 0.0017196762710134687 0.00035546294777280264 0.009770700382034612 -0.014953522202893556 0.006841016599833968 0.002387918163550395
-370.4410025258011 0.32573909223380515 0.726521086704912 -0.4889817343559223 0.15096977416384597 0.020856126190494893 -0.036072851662531505 0.07563838874930641 -0.01315391893539699 0.0189616913694429 0.0017196762710134687 0.00035546294777280264 0.009770700382034612 -0.014953522202893556 0.006841016599833968 0.002387918163550395
-370.4410025258011 0.32573909223380515 0.726521086704912 -0.4889817343559223 0.15096977416384597 0.020856126190494893 -0.036072851662531505 0.07563838874930641 -0.01315391893539699 0.0189616913694429 0.0017196762710134687 0.00035546294777280264 0.009770700382034612 -0.014953522202893556 0.006841016599833968 0.002387918163550395
-370.4410025258011 0.32573909223380515 0.726521086704912 -0.4889817343559223 0.15096977416384597 0.020856126190494893 -0.036072851662531505 0.07563838874930641 -0.01315391893539699 0.0189616913694429 0.0017196762710134687 0.00035546294777280264 0.009770700382034612 -0.014953522202893556 0.006841016599833968 0.002387918163550395
-370.4410025258011 0.32573909223380515 0.726521086704912 -0.4889817343559223 0.15096977416384597 0.020856126190494893 -0.036072851662531505 0.07563838874930641 -0.01315391893539699 0.0189616913694429 0.0017196762710134687 0.00035546294777280264 0.009770700382034612 -0.014953522202893556 0.006841016599833968 0.002387918163550395
373.2534390692229 -24.2873690829281 -0.10598783710816125 -21.313021324903968 -13.102950865440167 -15.060581866222572 20.804144156574036 -13.494092380452168 -6.4838448559415784 -3.4340759815550435 9.099735247313234 5.429649735114081 3.174365714014728 15.652487425167065 -18.86897342573038 -18.52468115573038
385.2884538535515 -177.43770963674035 271.48937593537846 54.6501070921833 24.048359606131264 16.995733743091847 -15.472963802012321 9.360801737390124 4.553750433631584 3.372436327920157 -1.8360297733592412 -1.359270810227192 -2.976157292106887 -13.33024382279495 15.39234387058428 5.059586485463132
385.2884538535515 -177.43770963674035 271.48937593537846 54.6501070921833 24.048359606131264 16.995733743091847 -15.472963802012321 9.360801737390124 4.553750433631584 3.372436327920157 -1.8360297733592412 -1.359270810227192 -2.976157292106887 -13.33024382279495 15.39234387058428 5.059586485463132
385.2884538535515 -177.43770963674035 271.48937593537846 54.6501070921833 24.048359606131264 16.995733743091847 -15.472963802012321 9.360801737390124 4.553750433631584 3.372436327920157 -1.8360297733592412 -1.359270810227192 -2.976157292106887 -13.33024382279495 15.39234387058428 5.059586485463132
384.2259302102966 -165.59573765031004 251.0395507583796 49.420688728742775 21.59083538126557 15.096884819188148 -13.901568730881126 8.619189487380956 4.296822759512744 3.4895615173591623 -1.0509293704198779 -0.9993429754249665 -3.5020592419692416 -15.862445171029034 20.939442511144662 5.660086933746038
384.2259302102966 -165.59573765031004 251.0395507583796 49.420688728742775 21.59083538126557 15.096884819188148 -13.901568730881126 8.619189487380956 4.296822759512744 3.4895615173591623 -1.0509293704198779 -0.9993429754249665 -3.5020592419692416 -15.862445171029034 20.939442511144662 5.660086933746038
384.2259302102966 -165.59573765031004 251.0395507583796 49.420688728742775 21.59083538126557 15.096884819188148 -13.901568730881126 8.619189487380956 4.296822759512744 3.4895615173591623 -1.0509293704198779 -0.9993429754249665 -3.5020592419692416 -15.862445171029034 20.939442511144662 5.660086933746038
383.4309823033145 -153.6152619185998 229.15058989536723 42.60603398885284 18.14209111437413 11.77273769059947 -9.01767627641298 4.9250428534034505 2.214629874932376 1.2950378351258303 -1.307187001105669 -0.7521284744701028 -0.36985287337350764 -1.7125065410038385 -0.26963954074958907 1.0998964231923585
380.2879028654806 -110.40742928693268 151.26244303715433 19.869635348977585 6.655709506107265 1.329984364347798 4.739199172829559 -4.873231395019377 -2.854812805019025 -3.265482047636482 0.5493825480881056 1.0034958290705795 5.418953437337066 28.000305846840636 -48.85026603573283 -13.811879922094617
376.7546674165017 -62.4437678396141 64.76872385994092 -4.993731836056538 -6.078491432763498 -10.068909626082165 20.832386725935528 -17.028273303700395 -9.624169101999488 -10.74805069445665 -1.4881752742593275 1.0438654541535304 13.534874493337908 63.32734108759636 -94.42397466970311 -23.174447758660154
377.45800559103293 -64.512358123031 64.75409256657095 -5.8037795669974495 -8.107865333317479 -12.126742005749515 33.03085956293218 -30.723571065874058 -19.76025385674056 -28.47404700185329 -23.76657710862932 -8.433292916641369 28.72356531244126 107.53583116008113 -109.40922204363558 -3.56377046211846
374.13405418433183 -27.796576946988605 -5.063932508972844 -27.590008293957773 -21.141095624085374 -18.94967124880693 56.016928597253994 -52.8616328585638 -34.37404167577027 -52.88339632496775 -49.97680662954364 -20.326386325478225 27.2036319833938 112.41831597020986 -69.178724117991 16.31519779464549
358.74879162797185 -25.583373607544086 -36.56556401452833 24.630321185876905 -21.20618779556815 -11.662310643186606 41.83755477852922 -48.71144386156163 -23.97243425880784 -44.887468330250165 -44.2365829064441 -18.043884166005427 27.11248894281884 110.83802765770326 -63.672409545610584 8.54441226922469
375.02596988903616 -17.960915067717004 -25.776467034779035 -32.657841622813976 -22.387596494048754 -23.877651661901854 76.88319957505408 -69.37308422641675 -53.101543874762584 -76.20262704066963 -73.42756615054809 -27.561879624134363 71.16398063824151 173.61546968014355 -117.76264086260198 29.027480022486372
372.72784914202026 -15.490955567113001 -28.715158891729416 -30.719063649837754 -22.00450077375934 -17.145768707179723 59.02151651957606 -49.72325425423433 -41.08664411865098 -56.13464744218075 -53.49371837166648 -22.424390823965595 14.314240610967323 55.278868756588 23.757059626520203 17.135921729854065
373.3281637892306 -14.649401917460247 -26.262658433944303 -34.38722210045435 -21.627006549088584 -21.434994640866478 53.663378563608426 -48.101704450482025 -29.64170859779095 -43.8529238213233 -35.51219887854417 -14.490493308651931 7.16099384971423 63.933950250152414 157.15019050133867 -106.84590588025505
373.74764569445864 -14.741992454997668 -25.374019529949862 -35.66967593975464 -22.66440718262227 -24.26194620968352 53.155201197376314 -46.299494084532846 -28.23432000553201 -39.28428873247362 -28.02293206319735 -11.006483330916703 6.81070600472721 81.25295348719672 215.36949379613657 -176.78899674465342
372.9632973028954 -16.12706958121542 -28.098028100472703 -44.50503746308313 -30.25425474696201 -18.814886643902817 76.44933699094018 -75.05884689038847 -50.027591431872395 -85.58316075767627 -93.01246961739845 -44.195612446523455 -36.11036935516404 -44.381087162152475 130.17154710693805 181.72673327504046
371.0764315896762 -17.32560668810966 -30.04424919427375 -49.2657537931913 -34.753761379582436 -12.974299600830864 82.0162032798752 -81.12669899083299 -54.4943255724864 -94.74205250846457 -98.11691327841397 -45.53270977623786 -34.78968403292558 -46.45386553630794 78.54217977608776 128.84074925618614
373.8887857723505 -16.643426708641304 -29.91382527452211 -51.14861447109598 -36.5488324745021 12.75836465683989 53.40556231342283 -53.206560957042534 -34.5379966311772 -89.76033782653586 -50.39331597658929 -20.103073882922583 -60.1351142172616 -165.7345115419897 -72.79276068118953 -41.606516463556304
374.0342448482274 -16.935627232096156 -30.6062330116985 -53.88987432066268 -39.62686600579415 23.461223647148636 49.23487158080967 -50.26827587599825 -32.988224608564366 -94.01977309983609 -48.504040568530655 -18.71379042489231 -60.61310973058996 -168.90517369347927 -78.97212587902142 -49.72168503447398
373.8317272583659 -14.420709386052362 -25.880729058469026 -36.16205319453658 -21.570473069303873 -11.507913210372896 40.45744180950605 -35.825166583742956 -20.128383577165135 -41.805119431829915 -16.14208397737011 -5.685061938295545 -42.90117219450516 -123.20800256704437 -68.6876279405863 -62.90031744482401
373.01026835587805 -13.830662614818618 -24.340201776777445 -33.72459555344269 -21.147078110096498 -10.61711433942466 35.08770142197841 -30.327610684978875 -16.66687536178805 -32.00249424930316 -11.811580135905169 -4.098777484601045 -30.81982297936308 -86.92670465170191 -46.57346825953614 -43.477278151864574
373.23503549425266 -14.031855775167486 -24.74652265846785 -40.314514717726496 -29.199684705140214 23.18976302574427 14.275783288488977 -11.88941291990192 -6.095770128933784 0.7070783705931903 2.6858587738912414 0.5588209057287955 -8.953368978088053 -25.95216662453159 -16.085187743467184 -21.874358293619412
373.02685059357236 -14.957197724736508 -26.47840817697979 -45.56504731771001 -34.72541105747964 32.260904794350765 18.92670264777218 -18.347597421674024 -11.078985812199026 -3.7548859012877247 -10.796538335012897 -6.459027607597368 -7.58050281299239 -15.841530323475173 0.4197988202619683 2.9661850909843004
379.06421618363527 -24.740590964777674 -49.50248821515868 -133.18427943403378 -132.32788645866356 363.3445722075583 -104.94116041334745 65.92901060942768 33.41215040551157 -92.39715618798249 28.905491451699472 21.16912875583421 9.177726946440014 25.365226781479574 4.434579995781366 -5.8754785140947385
377.73885455177617 -22.738902199930212 -44.74271463181562 -114.64567944079045 -111.38956215153087 288.9576089515902 -73.50613429447311 42.61909748335026 20.87665026410639 -42.78668049134076 11.149727073134134 8.010656503072779 6.891025814181679 17.47139080195141 4.935301171594952 3.031989870212057
377.13196462868393 -21.829940674682618 -42.42859863156017 -104.3104619637374 -99.12050626373038 239.93617437275662 -49.280678869534206 23.446299666616916 10.680013059573314 25.62675576112326 -6.659694188249662 -6.582281454437196 10.925444328776013 27.436106979045963 16.64914853877828 22.122597184340158
376.1338790949056 -18.58876201791934 -34.524493408392345 -69.1425710491949 -56.935795987145006 70.72652767401821 36.05760787430351 -45.20783021638469 -25.851178269313607 249.63572316032477 -70.03090983200245 -56.13487014395556 3.59579732831824 -12.644169252673175 1.8738029237380474 37.988354413696335
375.32734631842425 -16.89610744894096 -30.805490772372202 -56.86564949845712 -44.102681757625376 34.46892369382743 42.45192779038556 -46.877927333431735 -25.74519202763969 252.44844903428148 -61.07269690165459 -44.15210748256396 2.0640100990258503 -13.202267582534164 -4.385525288600662 15.75211761278221
374.734355702267 -16.134611409474033 -29.184995460256047 -52.56484882755594 -40.26810707382595 29.664386487692145 38.906638852330694 -42.16879767898618 -23.06843946837449 225.54509831182995 -54.96565051118133 -43.94206793859868 2.785598022821069 -12.085001795671147 -3.6420965873535818 18.930371573849342
373.90419059315553 -14.41998869289426 -25.18057580076389 -37.775424292122125 -24.294804857576775 -17.419012412088733 35.74391657693319 -29.418798784027153 -14.358680860472589 77.91032518803172 11.379128033342564 58.3364772745007 -14.743432229403611 -4.583594473702256 -15.77277951796868 -112.00491361224114
373.19703108092847 -13.519544416856203 -23.27442871950166 -32.90568254243191 -20.119843445121667 -20.627486976116735 30.100394685274665 -22.511596264867947 -10.49509994813543 41.27961445176544 18.849352398461164 55.46900480839792 -12.946924925917187 -2.563606613938298 -13.768703220646197 -103.53958363830954
374.49591931702037 -15.202324621423559 -26.830245934319194 -41.40705927488003 -26.47587033089009 -40.0659830124447 10.491624837821023 -17.845304206165345 -8.929334709841575 26.583150453398524 25.428569215188258 179.3811922666828 -35.0162853398034 8.478439455598517 2.640529138621839 1.3585178283075217
374.0798843772631 -14.899329058936816 -26.307344549029523 -41.13850815527207 -26.64355803175869 -46.584665894697245 -15.085767898821887 -4.6680731714681 -3.169216889669774 7.905226643802032 19.36128974583001 116.7886629499883 -23.087790590527153 7.264752896980686 5.871755592936577 30.413310317492755
374.76134425604306 -15.783603777199538 -28.179003626147438 -45.703604215236865 -30.15112694200619 -55.60429232651264 -25.39641095195065 -2.615231770692198 -2.7133336635544025 10.315870247616356 2.678344007209236 188.687770406382 -32.983430475641526 10.895167226845825 10.261846209996396 60.31131075587982
374.76134425604306 -15.783603777199538 -28.179003626147438 -45.703604215236865 -30.15112694200619 -55.60429232651264 -25.39641095195065 -2.615231770692198 -2.7133336635544025 10.315870247616356 2.678344007209236 188.687770406382 -32.983430475641526 10.895167226845825 10.261846209996396 60.31131075587982
374.76134425604306 -15.783603777199538 -28.179003626147438 -45.703604215236865 -30.15112694200619 -55.60429232651264 -25.39641095195065 -2.615231770692198 -2.7133336635544025 10.315870247616356 2.678344007209236 188.687770406382 -32.983430475641526 10.895167226845825 10.261846209996396 60.31131075587982
376.5485359254421 -18.96458774735009 -35.37448169625623 -67.43583487091959 -48.71889392492804 -119.16951142458932 -178.33737748974923 59.421363398164715 21.583847317098133 -6.317601067361028 -111.80893434124481 -26.126620505877142 19.78605387867309 -6.096815828920851 -5.43968691043701 -30.610035315896553
376.8015318966258 -19.211909287885707 -35.85352100182561 -68.16059060615345 -49.05896556696426 -118.24464413538132 -166.8838236067329 53.06814300636683 18.925317865339554 -6.2652817351482355 -63.01994011417056 -41.411629813501484 13.714480372594558 -3.3188507376441976 -1.125912937676479 -4.708293356392935
376.8015318966258 -19.211909287885707 -35.85352100182561 -68.16059060615345 -49.05896556696426 -118.24464413538132 -166.8838236067329 53.06814300636683 18.925317865339554 -6.2652817351482355 -63.01994011417056 -41.411629813501484 13.714480372594558 -3.3188507376441976 -1.125912937676479 -4.708293356392935
376.8015318966258 -19.211909287885707 -35.85352100182561 -68.16059060615345 -49.05896556696426 -118.24464413538132 -166.8838236067329 53.06814300636683 18.925317865339554 -6.2652817351482355 -63.01994011417056 -41.411629813501484 13.714480372594558 -3.3188507376441976 -1.125912937676479 -4.708293356392935
376.8015318966258 -19.211909287885707 -35.85352100182561 -68.16059060615345 -49.05896556696426 -118.24464413538132 -166.8838236067329 53.06814300636683 18.925317865339554 -6.2652817351482355 -63.01994011417056 -41.411629813501484 13.714480372594558 -3.3188507376441976 -1.125912937676479 -4.708293356392935
375.31817485770716 -16.54032964434423 -29.793673257265787 -49.67129654216474 -33.18328428332855 -63.51873496231512 -31.806988464719986 -2.083146787966275 -2.639420944395448 -1.528913635627592 148.47322132671806 -85.03941812030553 -12.527112859070073 6.2537082728333795 7.794199084574273 45.61622644085786
375.31817485770716 -16.54032964434423 -29.793673257265787 -49.67129654216474 -33.18328428332855 -63.51873496231512 -31.806988464719986 -2.083146787966275 -2.639420944395448 -1.528913635627592 148.47322132671806 -85.03941812030553 -12.527112859070073 6.2537082728333795 7.794199084574273 45.61622644085786
374.68232122631616 -15.528716279626124 -27.566522445432316 -43.46731958575148 -28.092981908285633 -47.874132850990605 -2.197096896581232 -12.337512340996332 -6.3904016117991835 0.0027095745186607526 154.4283364588753 -65.15405071925647 -15.676448761168807 6.831775989243545 6.893611544991621 39.939342091009046
374.5032209876442 -15.27400417175303 -27.022122539034665 -42.113313195697884 -27.053461986832456 -45.277124140202 -0.37775030996783393 -12.158357660694332 -6.18066088386788 0.059292298221636196 140.38517723006157 -58.12150296163967 -14.126737119529626 5.998501092451637 5.635487710718546 31.66876994191275
373.4028852657657 -13.961752400327573 -24.292528920448067 -35.97272232210996 -22.56293216376162 -35.57525512395817 1.1625822432125785 -8.966388528518921 -4.403221065424934 0.06042899733447676 82.43245893864382 -32.57183651532674 -7.791963638293702 2.9544385048356014 1.8912827884174015 8.486360772313407
373.4169968068431 -13.9586823438006 -24.282339625882436 -35.885458004584585 -22.48786730770061 -35.1850544835232 1.4574805999266847 -8.718520492987057 -4.1900289112724405 0.5626982763490895 74.47708267745108 -27.072767750453256 -7.163277605194245 2.483709258345577 0.9997201178593772 1.9759138960937455
373.8864271446723 -14.36985789472438 -25.053473847391427 -36.932345659263945 -22.933663499340184 -33.753035632967034 15.178615016053087 -15.786184914281419 -7.179528386328212 1.0073073707783744 104.6244326083825 -26.503792351241454 -11.749670109378448 3.9379036121010698 1.2103857035283758 -0.5698908363428665
373.8864271446723 -14.36985789472438 -25.053473847391427 -36.932345659263945 -22.933663499340184 -33.753035632967034 15.178615016053087 -15.786184914281419 -7.179528386328212 1.0073073707783744 104.6244326083825 -26.503792351241454 -11.749670109378448 3.9379036121010698 1.2103857035283758 -0.5698908363428665
373.86699221713957 -14.394676629895455 -25.130677290122566 -37.34805240469116 -23.34969314901108 -35.524412357486256 9.768735726544696 -13.584522178209896 -6.344061942849796 1.9809674294598698 90.16699862093718 -7.982500719315269 -12.746557020686062 4.184260025477375 2.0087168836814286 4.506082850435879
372.32191627918473 -12.506227778373503 -21.198643918790612 -28.379984416244877 -16.74468200500039 -20.86605079373779 14.71119566953986 -10.303160794147983 -4.316399088397244 0.7357316417657148 30.940786637287637 -0.9804272497052537 -3.1464526537561004 0.21473013611038383 -1.4174537176033637 -13.67253320739534
371.5641970013151 -11.696806357412125 -19.660259893324042 -24.17151611556227 -14.268641966427719 -15.485507749563217 15.775758543983422 -9.010720935691289 -3.049590736597827 0.5957283848919525 14.746318057728413 4.1920797757493995 -1.4182209056239612 -0.3240336174031502 -1.914782728043137 -13.041986966685881
371.9677442143728 -10.560948412136286 -19.57948005366587 -25.885059418908376 -15.77272352613072 -13.247852578507514 17.940857299213082 -7.483686373808122 -1.6402558558068814 0.44699771998614557 12.847806778055856 5.3369278614178155 -2.5780913671240335 0.23023560710368116 -2.255620365658129 -14.998802774862328
371.9743286420551 -10.017088105991572 -19.243332787914177 -25.249634602800953 -14.92887426271911 -15.7691819982277 17.172944107767076 -9.06369869306343 -3.52888786735799 0.6372131280851157 15.87974573861577 4.570630011843055 -3.0276908468033823 0.6357384342099955 -2.20406622570265 -14.930190278458499
371.7971718431018 -11.84145349684742 -20.06431358662731 -24.79721594735658 -14.719583795630585 -15.902277374283964 19.650061975931912 -7.294359948969555 -1.259739029548994 0.5146534642450598 12.027268004406437 6.306140591363735 -0.3477157771907194 -0.738651186110505 -2.4393619641507907 -18.470462384928943
372.0470616520022 -12.217531842270416 -22.184480417125798 -22.969702452658634 -17.093699426572535 -16.409029169853138 29.261735885243056 0.34236957982337457 1.6127315131048963 -3.2983650400994247 6.805892751214116 3.8419418476588376 -2.3487746686839728 -1.7678132654903211 -0.21080237617654635 -13.734396121377547
372.8121173214956 -13.0250051320902 -22.71845329338856 -27.436016906283072 -16.92637882416357 -19.6896203745177 34.813588427755356 6.662144764513927 7.51341501406457 0.6451855153383855 14.658464994284378 7.99326941539562 -2.0738486182864886 -0.8921437031559477 -3.8384877400783273 -29.156431331028646
373.31959252771173 -12.219649618180151 -23.510237827558257 -28.558473787237414 -16.83649363222091 -21.594111408981348 39.099629723028904 9.519282467292209 15.335596159851136 -0.033233420008324036 14.402296476567185 7.548403236952522 -1.0764681601207395 -1.7662910089951116 -3.639811082733343 -33.888003469526126
373.0212097105076 -13.968197137632366 -27.540473590695882 -13.650435863665466 -14.731229381898556 -16.214049022536013 31.33936687085047 23.27974310746813 -16.546340419493188 1.4359086006344253 12.751999385977761 6.845665467047029 -1.7942510188722762 -1.805060546892798 -2.4501904612732326 -22.623992530047772
374.7144051597675 -16.871074688542 -37.626746074017284 -0.7560946394992054 -24.320459219235474 -24.432829951643214 96.53815663118465 115.13910618749311 72.03514366368059 -0.5907658211048078 -9.626598820167922 -4.099860391078676 -1.429889066077768 -1.935324694299161 1.077539985985663 -0.9242126374748051
373.56613094950274 -14.213157521277076 -26.943198404364413 -25.63232989579668 -21.359651026331363 -26.567960035823305 88.70946316816078 79.07151079722082 94.05797406965009 -1.6459422392466463 -7.412625289218691 -3.139638869916392 -2.4621665378603192 0.6028026829241395 -0.7128457836678765 -2.892557425473216
376.96936089247885 -14.649844599385855 -36.834277125280586 -32.36100792874857 -33.70535222590191 -49.30287360148844 230.97718151070862 250.90203711702247 304.382616252446 -6.942415213875547 -49.87712402114392 -23.19463453386078 -1.270267351724914 2.168973426876063 4.2228184714656045 27.213185607232145
361.1433473003599 -33.21899549036112 -107.7296595974052 190.23765389419245 -32.421561011507016 11.576426176338508 36.09615810074001 221.7949478009537 -237.40314366143178 6.56693237771006 -0.14037289381602916 0.2134045858125368 8.769136869949362 -8.843002536971657 3.8142699754751637 5.054407976724639
361.1433473003599 -33.21899549036112 -107.7296595974052 190.23765389419245 -32.421561011507016 11.576426176338508 36.09615810074001 221.7949478009537 -237.40314366143178 6.56693237771006 -0.14037289381602916 0.2134045858125368 8.769136869949362 -8.843002536971657 3.8142699754751637 5.054407976724639
338.25186852451003 -28.38026713562877 -95.33305163839412 161.5853361631266 -27.81435525430219 8.453425283403561 16.829790662850893 29.852298360103326 34.820628978992715 -2.613324650635922 -10.956366608021062 -5.025132188632902 3.218640212869767 8.441096297405613 -2.8346447195118363 5.858906349118973
351.63026729623726 -33.56149785581088 -116.7124932242751 240.80945829189181 -54.61046133474131 21.704678861509546 -40.8744600648384 -73.78974199737706 72.48145747971111 1.1217236392902687 -0.40736710794604436 -0.2707048743308326 -0.12414470052572192 -6.201393078386547 3.427033910807103 1.7180736620053643
351.63026729623726 -33.56149785581088 -116.7124932242751 240.80945829189181 -54.61046133474131 21.704678861509546 -40.8744600648384 -73.78974199737706 72.48145747971111 1.1217236392902687 -0.40736710794604436 -0.2707048743308326 -0.12414470052572192 -6.201393078386547 3.427033910807103 1.7180736620053643
351.63026729623726 -33.56149785581088 -116.7124932242751 240.80945829189181 -54.61046133474131 21.704678861509546 -40.8744600648384 -73.78974199737706 72.48145747971111 1.1217236392902687 -0.40736710794604436 -0.2707048743308326 -0.12414470052572192 -6.201393078386547 3.427033910807103 1.7180736620053643
351.63026729623726 -33.56149785581088 -116.7124932242751 240.80945829189181 -54.61046133474131 21.704678861509546 -40.8744600648384 -73.78974199737706 72.48145747971111 1.1217236392902687 -0.40736710794604436 -0.2707048743308326 -0.12414470052572192 -6.201393078386547 3.427033910807103 1.7180736620053643
351.63026729623726 -33.56149785581088 -116.7124932242751 240.80945829189181 -54.61046133474131 21.704678861509546 -40.8744600648384 -73.78974199737706 72.48145747971111 1.1217236392902687 -0.40736710794604436 -0.2707048743308326 -0.12414470052572192 -6.201393078386547 3.427033910807103 1.7180736620053643
362.35044281299025 -24.076544532574214 -74.690202055108 117.51374202040715 -25.017062231647436 6.046865805622422 -5.150746463195012 -2.6723730883562538 -2.054963071868351 1.172770207837251 3.213118280706638 1.9386161269194098 3.4827469412683563 -3.20240077859891 1.4348423997269755 -2.6786979874500725
374.37380711970155 -8.067179364874741 -80.64060660251974 4.417314852965411 221.4415029369462 38.17644322501918 -23.335877592709572 18.645965659263926 -5.255680363126156 1.9244184924005936 -8.559295183528056 -7.636428483736886 -37.37326946326778 1.6915509695149573 -3.0681041348742486 -0.7189106194740735
374.37380711970155 -8.067179364874741 -80.64060660251974 4.417314852965411 221.4415029369462 38.17644322501918 -23.335877592709572 18.645965659263926 -5.255680363126156 1.9244184924005936 -8.559295183528056 -7.636428483736886 -37.37326946326778 1.6915509695149573 -3.0681041348742486 -0.7189106194740735
373.59092305003617 -8.035997583700661 -75.46857463488075 -6.7098659324680305 218.81572465639428 35.80506935580434 -23.785546655799948 1.2708064142202142 13.283200137497733 0.7941107058904416 -9.53724518340658 -7.0231394626567765 -22.042495769382793 13.286659353840797 0.7923923019850032 8.126727634505862
373.59092305003617 -8.035997583700661 -75.46857463488075 -6.7098659324680305 218.81572465639428 35.80506935580434 -23.785546655799948 1.2708064142202142 13.283200137497733 0.7941107058904416 -9.53724518340658 -7.0231394626567765 -22.042495769382793 13.286659353840797 0.7923923019850032 8.126727634505862
373.59092305003617 -8.035997583700661 -75.46857463488075 -6.7098659324680305 218.81572465639428 35.80506935580434 -23.785546655799948 1.2708064142202142 13.283200137497733 0.7941107058904416 -9.53724518340658 -7.0231394626567765 -22.042495769382793 13.286659353840797 0.7923923019850032 8.126727634505862
373.59092305003617 -8.035997583700661 -75.46857463488075 -6.7098659324680305 218.81572465639428 35.80506935580434 -23.785546655799948 1.2708064142202142 13.283200137497733 0.7941107058904416 -9.53724518340658 -7.0231394626567765 -22.042495769382793 13.286659353840797 0.7923923019850032 8.126727634505862
379.45696764570584 -3.3773609199440697 -60.750351197288246 -31.493560374145275 203.27448919305743 28.744059481214794 -18.16160680089803 -0.37212729664431676 10.64887315210743 1.8027568609238909 -3.4561774516350647 -3.2271687155708744 -16.049703131194295 1.7783233639689597 1.8097574052239354 0.3355201312646991
379.47639666918343 38.46520222019713 -27.806040387043794 -22.332700787713286 136.33459990436933 17.55023853851395 -8.543716208708892 -1.297514361103989 2.5815625177757973 0.787850084972214 3.7221710103144146 4.160802696042102 23.906516522998572 -13.642128246008483 3.5504664667322263 -2.5356999341303577
379.47639666918343 38.46520222019713 -27.806040387043794 -22.332700787713286 136.33459990436933 17.55023853851395 -8.543716208708892 -1.297514361103989 2.5815625177757973 0.787850084972214 3.7221710103144146 4.160802696042102 23.906516522998572 -13.642128246008483 3.5504664667322263 -2.5356999341303577
379.47639666918343 38.46520222019713 -27.806040387043794 -22.332700787713286 136.33459990436933 17.55023853851395 -8.543716208708892 -1.297514361103989 2.5815625177757973 0.787850084972214 3.7221710103144146 4.160802696042102 23.906516522998572 -13.642128246008483 3.5504664667322263 -2.5356999341303577
376.4888503915565 0.7910942430546217 -39.32609271172883 -20.614691664297666 95.53676770351363 7.852843414978669 2.4676139373366115 -5.183963374509333 6.569288929163044 -2.0080244236013596 1.466352787831336 2.535181200329345 17.743959323359295 0.33157821484677946 -2.507536981284984 -1.5590337149275642
381.07328258673357 128.966142945472 34.794648579561525 -3.4496814904636963 25.37435424739352 -1.4777237813312016 14.132144373817438 -16.42778863218956 -0.09196506607398301 -8.834170867671283 18.845227326630614 30.551469469869318 228.00645801657703 -69.74788776383397 11.743189415084696 11.611919383494318
381.07328258673357 128.966142945472 34.794648579561525 -3.4496814904636963 25.37435424739352 -1.4777237813312016 14.132144373817438 -16.42778863218956 -0.09196506607398301 -8.834170867671283 18.845227326630614 30.551469469869318 228.00645801657703 -69.74788776383397 11.743189415084696 11.611919383494318
381.07328258673357 128.966142945472 34.794648579561525 -3.4496814904636963 25.37435424739352 -1.4777237813312016 14.132144373817438 -16.42778863218956 -0.09196506607398301 -8.834170867671283 18.845227326630614 30.551469469869318 228.00645801657703 -69.74788776383397 11.743189415084696 11.611919383494318
387.0626107825109 300.0068410178748 123.42005108846675 41.09343910275393 -15.284696206787055 8.703894259920345 -9.921399421004157 6.903442521497389 0.001908419185525807 1.5742017910082997 -6.7047554143232215 -7.585476352918789 -45.46863318388192 14.219385707352249 -2.060299735235344 0.010999782207174442
387.0626107825109 300.0068410178748 123.42005108846675 41.09343910275393 -15.284696206787055 8.703894259920345 -9.921399421004157 6.903442521497389 0.001908419185525807 1.5742017910082997 -6.7047554143232215 -7.585476352918789 -45.46863318388192 14.219385707352249 -2.060299735235344 0.010999782207174442
387.0626107825109 300.0068410178748 123.42005108846675 41.09343910275393 -15.284696206787055 8.703894259920345 -9.921399421004157 6.903442521497389 0.001908419185525807 1.5742017910082997 -6.7047554143232215 -7.585476352918789 -45.46863318388192 14.219385707352249 -2.060299735235344 0.010999782207174442
387.0626107825109 300.0068410178748 123.42005108846675 41.09343910275393 -15.284696206787055 8.703894259920345 -9.921399421004157 6.903442521497389 0.001908419185525807 1.5742017910082997 -6.7047554143232215 -7.585476352918789 -45.46863318388192 14.219385707352249 -2.060299735235344 0.010999782207174442
387.0626107825109 300.0068410178748 123.42005108846675 41.09343910275393 -15.284696206787055 8.703894259920345 -9.921399421004157 6.903442521497389 0.001908419185525807 1.5742017910082997 -6.7047554143232215 -7.585476352918789 -45.46863318388192 14.219385707352249 -2.060299735235344 0.010999782207174442
387.0626107825109 300.0068410178748 123.42005108846675 41.09343910275393 -15.284696206787055 8.703894259920345 -9.921399421004157 6.903442521497389 0.001908419185525807 1.5742017910082997 -6.7047554143232215 -7.585476352918789 -45.46863318388192 14.219385707352249 -2.060299735235344 0.010999782207174442
387.062610782511 300.00684101787476 123.42005108846672 41.09343910275393 -15.284696206787055 8.703894259920345 -9.921399421004155 6.9034425214973885 0.0019084191855262835 1.5742017910083 -6.704755414323222 -7.585476352918789 -45.46863318388192 14.219385707352245 -2.0602997352353434 0.010999782207174754
]