Naoki.f_o_u_n_d.1028 [ 439.24374472134303 4.4573506903779725 -0.9304730961554712 0.17077361327986815 0.17173615739065748 -0.10234878811023441 0.2896475910943261 0.21600159369915192 0.06113664806555672 0.03933488451051334 0.030254350713010237 0.015572729797711418 0.011981682666267306 -0.017836488917413486 0.029473594028499646 0.03284090428390322
439.2437447213429 4.4573506903777265 -0.9304730961552904 0.17077361327986643 0.17173615739067502 -0.10234878811025232 0.28964759109436683 0.21600159369916186 0.06113664806554806 0.03933488451050958 0.030254350712977197 0.015572729797704164 0.01198168266627077 -0.017836488917393815 0.029473594028478347 0.03284090428390902
439.2437447213429 4.457350690377921 -0.9304730961552825 0.17077361327985344 0.1717361573906676 -0.10234878811024727 0.28964759109434385 0.21600159369914973 0.061136648065548575 0.039334884510507484 0.030254350713000713 0.015572729797709853 0.011981682666256694 -0.0178364889173913 0.02947359402848098 0.03284090428391194
439.2437447213429 4.457350690377874 -0.9304730961553044 0.17077361327990517 0.17173615739062104 -0.1023487881102498 0.2896475910943302 0.21600159369914687 0.061136648065542885 0.039334884510515214 0.030254350712995266 0.015572729797708467 0.011981682666264376 -0.017836488917374396 0.029473594028480484 0.03284090428391403
439.2437447213429 4.457350690377874 -0.9304730961553044 0.17077361327985177 0.17173615739065234 -0.10234878811025962 0.2896475910943256 0.21600159369913643 0.06113664806557108 0.039334884510517136 0.030254350712991367 0.015572729797694739 0.011981682666274921 -0.017836488917381703 0.02947359402846877 0.03284090428390316
439.2437447213429 4.457350690377874 -0.9304730961553044 0.17077361327985255 0.1717361573906647 -0.10234878811025766 0.2896475910944083 0.21600159369915453 0.06113664806559006 0.03933488451050555 0.030254350712986884 0.01557272979769385 0.011981682666279905 -0.017836488917384503 0.029473594028482597 0.03284090428390845
439.2437447213429 4.457350690377874 -0.9304730961553044 0.17077361327985302 0.17173615739066267 -0.10234878811024337 0.2896475910943762 0.21600159369918784 0.06113664806547004 0.039334884510507 0.03025435071299824 0.015572729797701568 0.01198168266626262 -0.017836488917383493 0.029473594028476675 0.032840904283893135
439.2437447213429 4.457350690377874 -0.9304730961553044 0.17077361327985316 0.17173615739066225 -0.10234878811024789 0.2896475910943692 0.2160015936991319 0.06113664806551722 0.0393348845105031 0.03025435071299308 0.015572729797699815 0.011981682666267418 -0.017836488917387205 0.02947359402847602 0.03284090428390847
439.2437447213429 4.457350690377874 -0.9304730961553044 0.17077361327985302 0.1717361573906627 -0.10234878811025219 0.2896475910943594 0.21600159369917082 0.06113664806557468 0.03933488451050695 0.03025435071299445 0.015572729797695627 0.011981682666272116 -0.0178364889173914 0.029473594028470013 0.03284090428391307
439.2437447213429 4.457350690377874 -0.9304730961553044 0.1707736132798531 0.17173615739066236 -0.10234878811025101 0.28964759109436145 0.21600159369914698 0.061136648065555736 0.03933488451042566 0.030254350712978877 0.015572729797675596 0.011981682666291408 -0.017836488917338956 0.029473594028465305 0.03284090428388785
439.2437447213429 4.457350690377874 -0.9304730961553044 0.1707736132798531 0.17173615739066236 -0.10234878811025092 0.2896475910943623 0.2160015936991455 0.06113664806555102 0.03933488451047109 0.0302543507129765 0.015572729797715623 0.011981682666235356 -0.017836488917385224 0.029473594028499202 0.03284090428394253
439.2437447213429 4.457350690377874 -0.9304730961553044 0.1707736132798531 0.17173615739066234 -0.1023487881102509 0.2896475910943631 0.21600159369914232 0.061136648065549117 0.039334884510517656 0.030254350712977933 0.015572729797658611 0.011981682666268569 -0.017836488917360168 0.02947359402848126 0.03284090428389788
439.2437447213429 4.457350690377874 -0.9304730961553044 0.1707736132798531 0.17173615739066236 -0.10234878811025092 0.2896475910943629 0.21600159369914348 0.06113664806554964 0.039334884510504806 0.03025435071298499 0.015572729797705954 0.011981682666255341 -0.017836488917387983 0.029473594028437324 0.03284090428388372
439.2437447213429 4.457350690377874 -0.9304730961553044 0.1707736132798531 0.17173615739066236 -0.10234878811025094 0.2896475910943628 0.21600159369914382 0.06113664806554971 0.0393348845104971 0.03025435071297096 0.015572729797691004 0.01198168266625483 -0.017836488917403637 0.029473594028490258 0.032840904283901344
439.2437447213429 4.457350690377874 -0.9304730961553044 0.1707736132798531 0.17173615739066236 -0.10234878811025087 0.28964759109436294 0.21600159369914318 0.06113664806554954 0.03933488451050743 0.030254350712981833 0.015572729797720977 0.011981682666303221 -0.017836488917398897 0.029473594028488988 0.032840904283858434
439.2437447213429 4.457350690377874 -0.9304730961553044 0.1707736132798531 0.17173615739066236 -0.1023487881102509 0.2896475910943629 0.2160015936991433 0.06113664806554965 0.03933488451050635 0.030254350712987963 0.015572729797701688 0.011981682666266915 -0.01783648891738903 0.029473594028477802 0.03284090428391504
439.2437447213429 4.457350690377874 -0.9304730961553044 0.1707736132798531 0.17173615739066236 -0.10234878811025092 0.2896475910943629 0.21600159369914335 0.06113664806554962 0.039334884510506124 0.03025435071298383 0.015572729797700403 0.011981682666268827 -0.01783648891738983 0.029473594028471054 0.03284090428393691
439.2437447213429 4.457350690377874 -0.9304730961553044 0.1707736132798531 0.17173615739066236 -0.1023487881102509 0.2896475910943629 0.2160015936991433 0.06113664806554965 0.03933488451050638 0.03025435071298888 0.015572729797701515 0.011981682666266789 -0.017836488917388944 0.029473594028480665 0.03284090428390935
439.2437447213429 4.457350690377874 -0.9304730961553044 0.1707736132798531 0.17173615739066236 -0.1023487881102509 0.2896475910943629 0.2160015936991433 0.06113664806554965 0.039334884510506506 0.030254350712989368 0.015572729797699232 0.011981682666264027 -0.017836488917386872 0.02947359402848021 0.03284090428391604
439.2437447213429 4.457350690377874 -0.9304730961553044 0.1707736132798531 0.17173615739066236 -0.1023487881102509 0.2896475910943629 0.2160015936991433 0.06113664806554965 0.03933488451050683 0.030254350712989552 0.015572729797700786 0.011981682666263954 -0.017836488917385537 0.029473594028474204 0.032840904283909886
439.2437447213429 4.457350690377874 -0.9304730961553044 0.1707736132798531 0.17173615739066236 -0.1023487881102509 0.2896475910943629 0.2160015936991433 0.06113664806554965 0.03933488451050643 0.03025435071298888 0.01557272979770122 0.01198168266626578 -0.017836488917388517 0.029473594028479308 0.032840904283911516
439.2437447213429 4.457350690377874 -0.9304730961553044 0.1707736132798531 0.17173615739066236 -0.1023487881102509 0.2896475910943629 0.2160015936991433 0.06113664806554965 0.03933488451050642 0.030254350712988733 0.015572729797701966 0.011981682666266601 -0.017836488917388663 0.02947359402847936 0.03284090428391025
439.2437447213429 4.457350690377874 -0.9304730961553044 0.1707736132798531 0.17173615739066236 -0.1023487881102509 0.2896475910943629 0.2160015936991433 0.06113664806554965 0.03933488451050645 0.030254350712988754 0.015572729797702155 0.011981682666266522 -0.017836488917388486 0.02947359402847909 0.032840904283908456
439.2437447213429 4.457350690377874 -0.9304730961553044 0.1707736132798531 0.17173615739066236 -0.1023487881102509 0.2896475910943629 0.2160015936991433 0.06113664806554965 0.03933488451050646 0.03025435071298877 0.015572729797701867 0.011981682666266683 -0.017836488917388586 0.02947359402847904 0.03284090428390936
439.2437447213429 4.457350690377874 -0.9304730961553044 0.1707736132798531 0.17173615739066236 -0.1023487881102509 0.2896475910943629 0.2160015936991433 0.06113664806554965 0.039334884510506436 0.03025435071298881 0.015572729797701863 0.011981682666266712 -0.01783648891738864 0.029473594028479287 0.03284090428390966
439.2437447213429 4.457350690377874 -0.9304730961553044 0.1707736132798531 0.17173615739066236 -0.1023487881102509 0.2896475910943629 0.2160015936991433 0.06113664806554965 0.03933488451050645 0.03025435071298877 0.015572729797701853 0.011981682666266674 -0.017836488917388597 0.029473594028479117 0.032840904283909546
439.2437447213429 4.457350690377874 -0.9304730961553044 0.1707736132798531 0.17173615739066236 -0.1023487881102509 0.2896475910943629 0.2160015936991433 0.06113664806554965 0.03933488451050645 0.030254350712988782 0.01557272979770185 0.011981682666266686 -0.017836488917388614 0.029473594028479187 0.03284090428390963
439.2437447213429 4.457350690377874 -0.9304730961553044 0.1707736132798531 0.17173615739066236 -0.1023487881102509 0.2896475910943629 0.2160015936991433 0.06113664806554965 0.03933488451050645 0.030254350712988782 0.01557272979770185 0.011981682666266686 -0.017836488917388614 0.029473594028479187 0.03284090428390963
439.2437447213429 4.457350690377874 -0.9304730961553044 0.1707736132798531 0.17173615739066236 -0.1023487881102509 0.2896475910943629 0.2160015936991433 0.06113664806554965 0.03933488451050645 0.030254350712988782 0.01557272979770185 0.011981682666266686 -0.017836488917388614 0.029473594028479187 0.03284090428390963
439.2437447213429 4.457350690377874 -0.9304730961553044 0.1707736132798531 0.17173615739066236 -0.1023487881102509 0.2896475910943629 0.2160015936991433 0.06113664806554965 0.03933488451050645 0.030254350712988782 0.01557272979770185 0.011981682666266686 -0.017836488917388614 0.029473594028479187 0.03284090428390963
439.2437447213429 4.457350690377874 -0.9304730961553044 0.1707736132798531 0.17173615739066236 -0.1023487881102509 0.2896475910943629 0.2160015936991433 0.06113664806554965 0.03933488451050645 0.030254350712988782 0.01557272979770185 0.011981682666266686 -0.017836488917388614 0.029473594028479187 0.03284090428390963
439.2437447213429 4.457350690377874 -0.9304730961553044 0.1707736132798531 0.17173615739066236 -0.1023487881102509 0.2896475910943629 0.2160015936991433 0.06113664806554965 0.03933488451050645 0.030254350712988782 0.01557272979770185 0.011981682666266686 -0.017836488917388614 0.029473594028479187 0.03284090428390963
439.2437447213429 4.457350690377874 -0.9304730961553044 0.1707736132798531 0.17173615739066236 -0.1023487881102509 0.2896475910943629 0.2160015936991433 0.06113664806554965 0.03933488451050645 0.030254350712988782 0.01557272979770185 0.011981682666266686 -0.017836488917388614 0.029473594028479187 0.03284090428390963
439.2437447213429 4.457350690377874 -0.9304730961553044 0.1707736132798531 0.17173615739066236 -0.1023487881102509 0.2896475910943629 0.2160015936991433 0.06113664806554965 0.03933488451050645 0.030254350712988782 0.01557272979770185 0.011981682666266686 -0.017836488917388614 0.029473594028479187 0.03284090428390963
439.2437447213429 4.457350690377874 -0.9304730961553044 0.1707736132798531 0.17173615739066236 -0.1023487881102509 0.2896475910943629 0.2160015936991433 0.06113664806554965 0.03933488451050645 0.030254350712988782 0.01557272979770185 0.011981682666266686 -0.017836488917388614 0.029473594028479187 0.03284090428390963
439.2437447213429 4.457350690377874 -0.9304730961553044 0.1707736132798531 0.17173615739066236 -0.1023487881102509 0.2896475910943629 0.2160015936991433 0.06113664806554965 0.03933488451050645 0.030254350712988782 0.01557272979770185 0.011981682666266686 -0.017836488917388614 0.029473594028479187 0.03284090428390963
439.2437447213429 4.457350690377874 -0.9304730961553044 0.1707736132798531 0.17173615739066236 -0.1023487881102509 0.2896475910943629 0.2160015936991433 0.06113664806554965 0.03933488451050645 0.030254350712988782 0.01557272979770185 0.011981682666266686 -0.017836488917388614 0.029473594028479187 0.03284090428390963
439.2437447213429 4.457350690377874 -0.9304730961553044 0.1707736132798531 0.17173615739066236 -0.1023487881102509 0.2896475910943629 0.2160015936991433 0.06113664806554965 0.03933488451050645 0.030254350712988782 0.01557272979770185 0.011981682666266686 -0.017836488917388614 0.029473594028479187 0.03284090428390963
439.2437447213429 4.457350690377874 -0.9304730961553044 0.1707736132798531 0.17173615739066236 -0.1023487881102509 0.2896475910943629 0.2160015936991433 0.06113664806554965 0.03933488451050645 0.030254350712988782 0.01557272979770185 0.011981682666266686 -0.017836488917388614 0.029473594028479187 0.03284090428390963
439.2437447213429 4.457350690377874 -0.9304730961553044 0.1707736132798531 0.17173615739066236 -0.1023487881102509 0.2896475910943629 0.2160015936991433 0.06113664806554965 0.03933488451050645 0.030254350712988782 0.01557272979770185 0.011981682666266686 -0.017836488917388614 0.029473594028479187 0.03284090428390963
-305.2177179887492 -39.162008131203564 -34.865811041559084 -20.764965770549118 -79.07645429446751 -113.93755883417504 172.33945057882292 48.847973399562896 -107.8168491103881 -1.9360953587753826 -3.399803732260856 -2.139345716341172 -1.662813754617727 -1.937658620651652 -7.811020771383294 -2.081382927795333
-306.34644201153685 -70.60109474765606 34.51751603497295 -10.531851786590527 -32.014969124125216 -61.175876740098275 38.46221708879783 24.764919302487755 -39.88214428523676 -3.1067413992071025 -6.070458755200836 -4.220504172441345 -2.8868116232971825 -9.505377170966971 -16.888511945324787 8.82431680860339
-315.1748611407713 -102.14320285305703 78.01543717708847 -22.750603467107183 -172.35288465660048 -273.0695106430698 484.2754307146407 143.61657626002352 -252.401878829707 7.235928040902888 5.9841456818833825 3.6879203195163996 2.4106730226174418 1.434777106179245 9.237096304134914 -0.3550774637892746
-263.6893475573745 -209.10629277128712 321.87837478992566 5.869318570438034 -15.841916228339148 -26.272907173665672 59.048059451792305 -14.981739791042157 -39.96154515411902 0.8393711955531952 0.08046339585646134 -0.418209449542251 -1.5824018529634791 12.093903907462149 5.99527746611093 -13.489488584661972
-258.8050568555593 -276.1042657099594 461.7983921388576 13.45623551257646 26.312863318611857 18.780707465129137 -25.227189590494156 -19.880304429883743 18.754546270939105 1.6278522829441486 2.426766452846106 1.369843847924665 0.7779759798487746 4.866059944822192 9.589543484863963 -8.947104397886157
-258.8050568555593 -276.1042657099594 461.7983921388576 13.45623551257646 26.312863318611857 18.780707465129137 -25.227189590494156 -19.880304429883743 18.754546270939105 1.6278522829441486 2.426766452846106 1.369843847924665 0.7779759798487746 4.866059944822192 9.589543484863963 -8.947104397886157
-284.8424907500495 -227.43816359367761 360.10789684325886 14.346645743548219 15.176734838949361 -18.0229379447445 -23.797181180316684 3.298775311428152 10.043529369952966 0.8111853670118762 -0.37169130529776045 -0.08764087633820329 0.06799584740682277 -4.478283074878585 -4.3132857051509195 8.079020270970789
-284.8424907500495 -227.43816359367761 360.10789684325886 14.346645743548219 15.176734838949361 -18.0229379447445 -23.797181180316684 3.298775311428152 10.043529369952966 0.8111853670118762 -0.37169130529776045 -0.08764087633820329 0.06799584740682277 -4.478283074878585 -4.3132857051509195 8.079020270970789
-284.8424907500495 -227.43816359367761 360.10789684325886 14.346645743548219 15.176734838949361 -18.0229379447445 -23.797181180316684 3.298775311428152 10.043529369952966 0.8111853670118762 -0.37169130529776045 -0.08764087633820329 0.06799584740682277 -4.478283074878585 -4.3132857051509195 8.079020270970789
-284.8424907500495 -227.43816359367761 360.10789684325886 14.346645743548219 15.176734838949361 -18.0229379447445 -23.797181180316684 3.298775311428152 10.043529369952966 0.8111853670118762 -0.37169130529776045 -0.08764087633820329 0.06799584740682277 -4.478283074878585 -4.3132857051509195 8.079020270970789
-284.8424907500495 -227.43816359367761 360.10789684325886 14.346645743548219 15.176734838949361 -18.0229379447445 -23.797181180316684 3.298775311428152 10.043529369952966 0.8111853670118762 -0.37169130529776045 -0.08764087633820329 0.06799584740682277 -4.478283074878585 -4.3132857051509195 8.079020270970789
-271.13386079282753 -215.09893510155757 337.66776375229006 9.157894607743701 14.587051620037112 5.519283268074849 -28.341506669820806 -20.61317118540859 8.775651214029489 -0.28769951368726676 -0.19551068404198377 -0.2513657576304972 -0.3237062024035725 3.2764420770055227 3.1505311604527053 -2.8877823131783025
-271.13386079282753 -215.09893510155757 337.66776375229006 9.157894607743701 14.587051620037112 5.519283268074849 -28.341506669820806 -20.61317118540859 8.775651214029489 -0.28769951368726676 -0.19551068404198377 -0.2513657576304972 -0.3237062024035725 3.2764420770055227 3.1505311604527053 -2.8877823131783025
-271.13386079282753 -215.09893510155757 337.66776375229006 9.157894607743701 14.587051620037112 5.519283268074849 -28.341506669820806 -20.61317118540859 8.775651214029489 -0.28769951368726676 -0.19551068404198377 -0.2513657576304972 -0.3237062024035725 3.2764420770055227 3.1505311604527053 -2.8877823131783025
-284.8424907500495 -227.43816359367761 360.10789684325886 14.346645743548219 15.176734838949361 -18.0229379447445 -23.797181180316684 3.298775311428152 10.043529369952966 0.8111853670118762 -0.37169130529776045 -0.08764087633820329 0.06799584740682277 -4.478283074878585 -4.3132857051509195 8.079020270970789
-298.2328122294696 -210.90971203749865 318.6934513487028 4.4936068820821164 -3.698533619932029 4.1193962999217035 -7.262729365538722 90.2046976778153 47.868447963757944 2.6558006571529664 3.107244460763165 1.2495679797194552 2.134410909127307 -5.683086656300758 -2.648438802283394 8.769454957814613
-307.8851893804564 -43.14856871630613 -52.859132297037654 -74.75113757734893 -34.661613877070565 226.7078664194194 90.78179637160731 92.92854333860329 51.71062478940056 7.401078885104057 10.233009318477041 4.651502101773893 5.8080841479209795 -1.2996028135083142 7.733545827482849 22.78241329007955
-307.8851893804564 -43.14856871630613 -52.859132297037654 -74.75113757734893 -34.661613877070565 226.7078664194194 90.78179637160731 92.92854333860329 51.71062478940056 7.401078885104057 10.233009318477041 4.651502101773893 5.8080841479209795 -1.2996028135083142 7.733545827482849 22.78241329007955
-309.35276455037143 -30.352283339894722 -83.70337976268901 -108.26396203509911 229.12947507780024 -20.423615375343257 56.175343520127 3.268524010733761 20.365159317006853 -18.83689563623824 -1.743779890078573 0.8654707896420407 6.031764864513274 -98.41167669046702 7.862901387702511 -4.833030900494195
-309.35276455037143 -30.352283339894722 -83.70337976268901 -108.26396203509911 229.12947507780024 -20.423615375343257 56.175343520127 3.268524010733761 20.365159317006853 -18.83689563623824 -1.743779890078573 0.8654707896420407 6.031764864513274 -98.41167669046702 7.862901387702511 -4.833030900494195
-309.35276455037143 -30.352283339894722 -83.70337976268901 -108.26396203509911 229.12947507780024 -20.423615375343257 56.175343520127 3.268524010733761 20.365159317006853 -18.83689563623824 -1.743779890078573 0.8654707896420407 6.031764864513274 -98.41167669046702 7.862901387702511 -4.833030900494195
-309.35276455037143 -30.352283339894722 -83.70337976268901 -108.26396203509911 229.12947507780024 -20.423615375343257 56.175343520127 3.268524010733761 20.365159317006853 -18.83689563623824 -1.743779890078573 0.8654707896420407 6.031764864513274 -98.41167669046702 7.862901387702511 -4.833030900494195
-309.35276455037143 -30.352283339894722 -83.70337976268901 -108.26396203509911 229.12947507780024 -20.423615375343257 56.175343520127 3.268524010733761 20.365159317006853 -18.83689563623824 -1.743779890078573 0.8654707896420407 6.031764864513274 -98.41167669046702 7.862901387702511 -4.833030900494195
-309.35276455037143 -30.352283339894722 -83.70337976268901 -108.26396203509911 229.12947507780024 -20.423615375343257 56.175343520127 3.268524010733761 20.365159317006853 -18.83689563623824 -1.743779890078573 0.8654707896420407 6.031764864513274 -98.41167669046702 7.862901387702511 -4.833030900494195
-306.6966865780649 -25.773663373483295 -80.51964965191348 -75.99004676565218 140.278260913916 -37.48739005196025 11.79813677116036 2.884725305338865 5.656447045188253 17.963569827056734 3.6628143151658965 0.43167077655265773 -6.3784788324637045 90.1402607203932 -1.096469271682852 -7.748585936998218
-306.6966865780649 -25.773663373483295 -80.51964965191348 -75.99004676565218 140.278260913916 -37.48739005196025 11.79813677116036 2.884725305338865 5.656447045188253 17.963569827056734 3.6628143151658965 0.43167077655265773 -6.3784788324637045 90.1402607203932 -1.096469271682852 -7.748585936998218
-305.2776144051763 -24.090121501972355 -75.05372118241225 -32.6309156511072 -30.716238815423683 -26.47042381910735 -63.27313434599828 -9.839545455040131 -36.820742978347454 256.35241162517275 98.87329927243815 71.93882468123225 57.41730751652267 -29.361852119546903 24.08767083050801 -131.00186332281243
-303.5816721767622 -22.92657437024846 -70.55277617465956 -24.724524271397808 -34.484689251913906 -20.830489124659422 -52.51974049224453 -6.238153812234971 -28.89860817240113 159.57021194941612 55.60345851894901 38.35292311487938 29.00822394091505 -27.12501747506795 13.80140647917863 -65.39897773410405
-303.5816721767622 -22.92657437024846 -70.55277617465956 -24.724524271397808 -34.484689251913906 -20.830489124659422 -52.51974049224453 -6.238153812234971 -28.89860817240113 159.57021194941612 55.60345851894901 38.35292311487938 29.00822394091505 -27.12501747506795 13.80140647917863 -65.39897773410405
-303.5816721767622 -22.92657437024846 -70.55277617465956 -24.724524271397808 -34.484689251913906 -20.830489124659422 -52.51974049224453 -6.238153812234971 -28.89860817240113 159.57021194941612 55.60345851894901 38.35292311487938 29.00822394091505 -27.12501747506795 13.80140647917863 -65.39897773410405
-302.3260689332595 -22.21899829312658 -66.93457119598655 -20.287121073123192 -36.26254759672461 -19.914664910616885 -24.596537409693696 -21.011378941016968 6.472251152076189 27.022954620287678 -1.3902727590078159 -4.352711523658894 -6.494090312722302 -3.338217935435143 -8.77515852783953 24.35207698984473
-299.78331253608275 -25.958590665520305 -56.46721163466877 -19.29385999134199 -27.639780072337203 -9.658886775910508 -22.42612971636501 -19.74239341308089 -2.7016537565140957 30.21225778599208 6.374730020826346 4.309670069066732 3.773785111648944 0.49719122136914273 -9.730873128871742 -10.216179815143523
-302.2085782877927 -22.45209192171425 -65.5582016108583 -18.282354260767214 -37.54035289056139 -25.114635361140845 -22.502334596715173 -18.803326089921594 13.263370456507856 -7.805711427078477 -17.486952407736982 -16.445987620981914 -15.704927117890222 -5.003741285621368 -37.31918048100294 -0.32502851974628594
-301.89761515147813 -21.81620779241896 -66.01427104899689 -17.890623893988906 -38.459622971295786 -26.344062119533053 -16.556751734625944 -23.51043243490199 24.85925577826256 -11.674328234308831 -13.550729353325796 -9.077575385446593 -6.887865513310363 -2.2279064587045405 -46.05386402794568 -5.385762492802446
-301.89761515147813 -21.81620779241896 -66.01427104899689 -17.890623893988906 -38.459622971295786 -26.344062119533053 -16.556751734625944 -23.51043243490199 24.85925577826256 -11.674328234308831 -13.550729353325796 -9.077575385446593 -6.887865513310363 -2.2279064587045405 -46.05386402794568 -5.385762492802446
-306.79734667421377 -26.76114608569395 -75.74181665831729 -36.77632390798656 -144.64081831930568 -145.29684188516333 158.6592100027165 -193.7020206699823 336.12890163902426 3.483909081845207 10.304822399730702 6.719989075899737 5.459402146002922 1.3166794860314384 16.24750792394478 -2.5661024669424606
-306.79734667421377 -26.76114608569395 -75.74181665831729 -36.77632390798656 -144.64081831930568 -145.29684188516333 158.6592100027165 -193.7020206699823 336.12890163902426 3.483909081845207 10.304822399730702 6.719989075899737 5.459402146002922 1.3166794860314384 16.24750792394478 -2.5661024669424606
439.2437447213429 4.457350690377874 -0.9304730961553044 0.1707736132798531 0.17173615739066236 -0.1023487881102509 0.2896475910943629 0.2160015936991433 0.06113664806554965 0.03933488451050645 0.030254350712988782 0.01557272979770185 0.011981682666266686 -0.017836488917388614 0.029473594028479187 0.03284090428390963
439.2437447213429 4.457350690377874 -0.9304730961553044 0.1707736132798531 0.17173615739066236 -0.1023487881102509 0.2896475910943629 0.2160015936991433 0.06113664806554965 0.03933488451050645 0.030254350712988782 0.01557272979770185 0.011981682666266686 -0.017836488917388614 0.029473594028479187 0.03284090428390963
439.2437447213429 4.457350690377874 -0.9304730961553044 0.1707736132798531 0.17173615739066236 -0.1023487881102509 0.2896475910943629 0.2160015936991433 0.06113664806554965 0.03933488451050645 0.030254350712988782 0.01557272979770185 0.011981682666266686 -0.017836488917388614 0.029473594028479187 0.03284090428390963
439.2437447213429 4.457350690377874 -0.9304730961553044 0.1707736132798531 0.17173615739066236 -0.1023487881102509 0.2896475910943629 0.2160015936991433 0.06113664806554965 0.03933488451050645 0.030254350712988782 0.01557272979770185 0.011981682666266686 -0.017836488917388614 0.029473594028479187 0.03284090428390963
439.2437447213429 4.457350690377874 -0.9304730961553044 0.1707736132798531 0.17173615739066236 -0.1023487881102509 0.2896475910943629 0.2160015936991433 0.06113664806554965 0.03933488451050645 0.030254350712988782 0.01557272979770185 0.011981682666266686 -0.017836488917388614 0.029473594028479187 0.03284090428390963
439.2437447213429 4.457350690377874 -0.9304730961553044 0.1707736132798531 0.17173615739066236 -0.1023487881102509 0.2896475910943629 0.2160015936991433 0.06113664806554965 0.03933488451050645 0.030254350712988782 0.01557272979770185 0.011981682666266686 -0.017836488917388614 0.029473594028479187 0.03284090428390963
439.2437447213429 4.457350690377874 -0.9304730961553044 0.1707736132798531 0.17173615739066236 -0.1023487881102509 0.2896475910943629 0.2160015936991433 0.06113664806554965 0.03933488451050645 0.030254350712988782 0.01557272979770185 0.011981682666266686 -0.017836488917388614 0.029473594028479187 0.03284090428390963
439.2437447213429 4.457350690377874 -0.9304730961553044 0.1707736132798531 0.17173615739066236 -0.1023487881102509 0.2896475910943629 0.2160015936991433 0.06113664806554965 0.03933488451050645 0.030254350712988782 0.01557272979770185 0.011981682666266686 -0.017836488917388614 0.029473594028479187 0.03284090428390963
-300.53089481035806 -21.602310784546003 -64.11969090287235 -16.38468261421713 -32.6677748090108 -22.11796995711282 -16.576171302793774 -10.851198058294427 2.228054595588774 -6.542259630349709 -9.731546885957096 -6.196178324584964 -4.440720714605332 -2.3163566764484105 -30.842186814363554 -4.576388940823893
-302.85125524727727 -22.798056065955784 -68.10351736643479 -23.654041448385552 -51.714369964662566 -25.871569421836362 3.123754854428509 -57.54442917206337 60.15179169744504 22.234516670836815 1.478743512755643 -0.6993136594080698 -3.1471678915191084 -2.64771712938822 -2.995865274465422 23.41477963640117
-303.1156172267941 -22.63863534762747 -69.21560269771841 -23.39925132686061 -32.101996629520144 -14.337994967922175 -41.74936560690879 -4.440529288277232 -20.111037919826916 78.11337654639219 16.060726387856256 5.905065503064177 1.0619396603348092 -20.41191593484485 2.94336619691989 56.30520542801855
-303.10555164290304 -23.076871948108256 -68.72439815047835 -28.78770781901112 -18.13107874039438 -2.0199542496226 -23.617357538701174 -11.006219111584622 -18.08220607130916 65.03937424523271 15.535039316722521 8.651794058106608 1.3205761278401051 10.14269510222643 8.835381934595983 -17.18062739316026
-301.26477030982585 -21.4557287929289 -64.40280520125103 -16.499190281906866 -26.842781220615848 -13.022982220038614 -28.49901868731995 -2.9056756002740927 -10.338793651327158 -2.9036025592528776 -16.027042979037073 -15.457424517563036 -19.926728819391375 1.1579476901317791 6.333295760641591 -0.8261504276348108
-301.21287026653346 -20.786813253179474 -63.52650787372796 -15.258148039536621 -26.377904304728137 -13.674583500359176 -29.418040977766445 -1.0757853483977398 -14.453730125045242 -14.556684816141392 -11.561844853278476 -16.810730051915275 -0.04605740442008064 -2.391940836044642 -23.007761077608688 -4.260635471380119
-301.43776449251607 -20.722175539904246 -64.44880835350212 -16.039496276120047 -28.344564869845865 -15.386018202091709 -34.25569905374902 -2.150675413108362 -16.195922622723586 -32.80459790565712 1.2904950748469075 -23.471507063998857 52.86041969225008 3.11178317343511 2.8700130742247403 -1.9866659820798704
-301.28540545459504 -21.345877068989868 -64.57435113524808 -16.202888294192828 -26.985803104471778 -15.327362315879393 -33.411189816401176 -2.15421358709952 -15.702896271440565 -29.709608935483757 16.380436913789826 -4.339248329316514 19.548768192471165 1.915265597283764 -2.761286073980674 -0.5447307910777505
-301.3302964122004 -21.37190601436388 -64.65071463566046 -16.086536489974787 -27.556093211559592 -15.249888901409976 -33.54427072821229 -2.120743293600669 -15.770959122364342 -31.20075734583524 2.0713768865825655 -20.447847137416165 47.166337266695635 1.9546812641233224 -0.3733546535288257 -1.2258072297743035
-302.4156574840402 -21.33932878058661 -66.8555746739305 -18.095610207563674 -33.26449442487886 -18.36968143680519 -42.644868856388925 -2.7776184525899668 -21.48057788701076 -55.372996059148605 12.575488371724909 -39.91075482376957 111.87978389576438 7.46347164680138 18.094113686356692 -1.5857098707383472
-302.3691010466781 -22.00875779925561 -67.22916979176074 -18.269613839513127 -33.782786529399935 -18.675754493572708 -43.701348972733754 -2.8940352656231996 -22.261526988206246 -62.88760776031284 18.898849136831064 -43.95279157966666 134.52105960583748 9.741919102372876 32.06908887811449 -0.4760964639125031
-302.3691010466781 -22.00875779925561 -67.22916979176074 -18.269613839513127 -33.782786529399935 -18.675754493572708 -43.701348972733754 -2.8940352656231996 -22.261526988206246 -62.88760776031284 18.898849136831064 -43.95279157966666 134.52105960583748 9.741919102372876 32.06908887811449 -0.4760964639125031
-303.2166462228929 -22.509745667657956 -69.31944870545716 -20.05882321027338 -38.78477271130951 -21.572223209065765 -52.08520981212367 -3.5341914424986745 -27.688970453257735 -94.59004093771101 39.46154989833834 -58.92189013677301 203.32381788066758 15.230965287895733 60.74406192062868 -5.018164482026969
-303.2166462228929 -22.509745667657956 -69.31944870545716 -20.05882321027338 -38.78477271130951 -21.572223209065765 -52.08520981212367 -3.5341914424986745 -27.688970453257735 -94.59004093771101 39.46154989833834 -58.92189013677301 203.32381788066758 15.230965287895733 60.74406192062868 -5.018164482026969
-303.1804417217568 -22.527388357094903 -69.29248807037395 -20.08341612516361 -39.414316457675476 -21.909315008652317 -53.56273911841645 -3.6748111860309765 -29.178710200483383 -144.65970532950314 220.36336755697278 129.1464731662002 -98.72033638162753 -1.0879955786214885 25.16587938217121 1.9274312955910773
-303.1804417217568 -22.527388357094903 -69.29248807037395 -20.08341612516361 -39.414316457675476 -21.909315008652317 -53.56273911841645 -3.6748111860309765 -29.178710200483383 -144.65970532950314 220.36336755697278 129.1464731662002 -98.72033638162753 -1.0879955786214885 25.16587938217121 1.9274312955910773
-302.1413027975487 -21.86317707046471 -66.68499484468599 -17.797884615898433 -33.27427774918739 -18.30079387254453 -42.960637960202824 -2.8574233459168195 -22.18029800793263 -92.16187313349565 129.78707862161062 74.38783129685794 -55.97260505024882 -0.6855316947497648 10.192076968657753 1.1398025017746982
-301.067088929486 -21.135453942732152 -63.95746364391487 -15.390657304817028 -26.79606397462218 -14.484235987866695 -31.702002063049953 -1.9678463098635424 -14.666583470699141 -32.4429471309508 24.468171892229197 10.42344926312909 -11.177866260632891 -0.8779127084132867 -10.901664101084693 -1.0201675648330273
-302.26512268015836 -10.183786501742837 -59.32705842910681 -15.53333198343334 -27.568003000188238 -14.976476162519802 -33.34338266790557 -2.1103966075625102 -15.818589251926442 -37.17327665893131 18.567098408096083 -5.146806385303826 26.35513533621883 1.6013647597653837 -1.8163114879781628 -1.8522947890191155
-301.64716814438776 -15.345019542559085 -61.43732853605818 -16.350195953637968 -23.05767886571995 -14.370338475033542 -29.689081251943506 -2.01710563028739 -13.274758544325415 -11.268493311374563 -11.106476511008072 -14.391712556800712 -0.4781389455016821 -7.049577777247067 -17.441336323803956 1.8312028047679145
-301.4781698701169 -20.777873233879433 -64.55700568065569 -16.293828037726215 -28.326872310043335 -14.672635227935363 -33.37225259891179 -0.913821976558518 -14.267944164469313 -9.046472015658304 -19.177070968163864 -20.547320964042374 -18.213359727320995 -5.3882978285298275 -18.508862512036163 -2.9327465976170792
-302.10060518764624 -21.87370942694633 -66.53722066242214 -17.6327028131063 -31.859621511606704 -16.07449108881531 -38.76340529434344 -0.12992815560391696 -17.13543583609062 -12.013525907304087 -32.775710239215655 -35.67459319692071 -43.70370410073457 -5.944972887841041 23.58716944757416 -9.419069558320505
-302.7698029049845 -22.41120132898649 -68.03196994443384 -19.152687640667654 -33.673748475101064 -18.26303456849383 -43.435022712966244 -0.5078829931028569 -21.412560587697588 -14.697128597961093 -56.8915746134828 -63.613409420133685 -87.33061006795813 -5.178743382027597 112.36184145211507 -33.822141278920036
-302.3362096862817 -22.06912687967431 -67.05004415231834 -18.22672688912648 -32.56979339898714 -16.802461277467412 -40.31266293427358 -0.647812055950966 -18.790397939291395 -9.094242831409659 -38.084271416151005 -42.90137650314232 -54.23919523645158 -5.453399088779902 42.92399625127278 -14.501605998125681
-303.2081295567489 -22.581420132337005 -69.32797955860762 -20.30363013941373 -37.569265627011866 -19.77731334878557 -49.17918530380698 -0.296454455433274 -23.632363253959085 -14.7316960841092 -68.93470512742333 -78.11969275519519 -109.39154129855233 -1.7643651896568426 159.0612366048402 -41.047401741515785
-302.5062720397595 -22.187321246449915 -67.58103649662849 -19.77144725407015 -31.583961813680187 -16.68250877129072 -41.27604453085157 1.7505112110266483 -17.959290082369506 -1.674593767338654 -42.443402203797646 -48.51729371783733 -68.7795212683439 1.742922610449807 94.75568288473593 -17.69787835273059
-302.57196053196265 -22.19204564689998 -67.80992420966926 -19.326683486812687 -32.0985206908827 -17.52609728877047 -41.96659612932272 -1.6973577030299258 -19.477781895367432 6.393141320727154 -36.74329135686007 -39.93019593739597 -59.080578544902444 0.513441872365687 76.84111867253779 -1.2711254326737351
-302.78281663081873 -22.38029030292755 -68.3634774574985 -21.72554907957383 -27.83627952205525 -17.10774055164319 -39.96911361947337 2.189663828181579 -16.7492547783972 5.702550613232977 -35.59687640551497 -40.96928819044211 -59.33264965196241 13.426866801689451 71.44219959297664 -9.058712903408264
-302.43921570569324 -22.3529887677151 -67.218575614186 -22.342038625383264 -25.417107017999516 -7.108774625656682 -30.046524266373567 -5.9415981543226755 -16.328776876495503 20.18871185606909 -11.229770931955185 -13.124507887180934 -20.55904273402923 11.60863676201985 11.131174705788304 30.202813591537065
-302.5615582676203 -22.53722599825595 -67.72491887950528 -27.413512688949826 -7.650298259939071 -6.028933814959582 -22.18410918641093 -0.6424746659019068 -11.45930407974237 7.1080755061356236 -12.461079732400934 -13.981242817364539 -19.697043670198813 29.45355478799819 2.599168319392222 7.871963013371586
-306.42011853365 -25.42516644270796 -79.77589032114363 -70.62110885399024 121.0118117120771 -34.65869972737207 5.854202247953541 3.0936171323015342 2.270001423216376 23.337027744232024 2.336628138841958 -2.3021002880282535 -11.11002273654574 116.83543255192696 -3.370273866640411 -4.930191060327473
-304.12674341383166 -23.532442833393713 -72.5919451311443 -39.47831848550251 19.258190199092475 -18.90520901953576 -26.292884469243145 0.357536180824951 -14.594995942958404 75.64348126099269 24.456809003363862 10.989549265240422 16.022473316951633 28.647569613156104 2.8501937328900637 82.4259259990373
-305.86152892978674 -28.019674204622195 -71.17115358404348 -56.02827346652495 -20.29423279020483 137.20504568663372 49.43218031982508 -59.72586441299258 -40.69832074169535 29.818412257543603 6.664638926506751 2.1215473014276283 0.4934759307193454 -5.896138907579588 0.405045362753833 101.64723728900096
-306.6966865780649 -25.773663373483295 -80.51964965191348 -75.99004676565218 140.278260913916 -37.48739005196025 11.79813677116036 2.884725305338865 5.656447045188253 17.963569827056734 3.6628143151658965 0.43167077655265773 -6.3784788324637045 90.1402607203932 -1.096469271682852 -7.748585936998218
-309.84749431964536 -28.41782705015403 -89.86963538515523 -112.45398811456992 241.79646626743812 -48.35423602714513 42.52083421635081 13.559071332406456 21.020294357486634 28.48173465586497 14.928877703447212 6.288794468544959 -9.060581325035553 324.95977805839306 -15.302335120722692 7.619558282453933
-293.49637427248376 -65.2910742531632 -0.6571523759419432 -73.40222918851417 -38.92093245847527 296.09924196111785 121.35379882550652 -175.74243538441314 -81.51353367573432 -8.959666542928796 -1.8040387121850374 0.5972280451921316 -0.8969129167222931 14.574816258500482 -0.1525243822608335 -29.242520967363397
-293.49637427248376 -65.2910742531632 -0.6571523759419432 -73.40222918851417 -38.92093245847527 296.09924196111785 121.35379882550652 -175.74243538441314 -81.51353367573432 -8.959666542928796 -1.8040387121850374 0.5972280451921316 -0.8969129167222931 14.574816258500482 -0.1525243822608335 -29.242520967363397
-293.49637427248376 -65.2910742531632 -0.6571523759419432 -73.40222918851417 -38.92093245847527 296.09924196111785 121.35379882550652 -175.74243538441314 -81.51353367573432 -8.959666542928796 -1.8040387121850374 0.5972280451921316 -0.8969129167222931 14.574816258500482 -0.1525243822608335 -29.242520967363397
-307.0118439550787 -34.456107634528934 -56.90782819634165 -45.25716722549532 -60.83991812703791 108.67546995783319 20.019204467546427 189.7407206649234 93.23702429229621 13.381644235481861 4.256134300804435 -4.219993436897287 -4.5900838794188115 -1.687014552242057 21.90399053956897 34.1548046263307
-306.0269076518078 -32.943110292373696 -56.58140255707088 -40.718588017721835 -67.83311211277599 108.78763167198422 20.81889434190982 226.88219609086175 116.6059618741787 -2.3674910964360922 6.578777017836387 0.7607539506632519 4.043143432194563 12.677573162619128 7.116229882084736 -32.05428193899545
-309.14480725719653 -43.35551381452685 -48.22426216783292 -51.657699717528416 -88.43611744043459 173.295563671896 43.27733074956084 359.87198478054046 190.91171549775143 1.7715672666982283 10.606289550958738 1.9672373086713308 3.7953321967579776 9.940895392628082 11.117085661291544 -34.03139918875265
-301.76988549703754 -26.409817085810342 -62.2102665379936 -14.179488874877634 -34.22683570784655 20.361823106390144 -15.007331163358197 73.43867852330686 27.567930585927346 -17.021787724149277 -33.58900789230097 24.144078852907178 2.015202394880699 -12.758445739747852 -92.83202590031726 -38.41961192566385
-300.73797300582663 -23.689278879080597 -64.53570847764075 -6.785143666852376 -25.200615683078805 -6.540231381164031 -26.262872352644823 21.831730557459366 -2.1014625888797767 -22.290631457784297 -54.37706846195854 47.57490008200289 5.283958618654568 -14.642569050324406 -96.5781541118068 -35.14368757179338
-302.8333585729476 -22.425036382252696 -68.85164316641905 -1.9889709574523202 -28.939899609514693 -15.787286071433765 -38.559244525000715 -0.9422682078638055 -18.61519915088097 -42.739860723321186 -181.85838448295564 242.09583121300693 44.36350570447582 7.3945493284503785 20.071526351201513 -0.01940317551966939
-304.06122793179105 -23.430682620375087 -73.16848069899751 39.39512188748026 -16.628882649044247 -10.23697081162122 -28.568009768567464 -1.7693162144779415 -15.14477433747141 -36.15335544538901 -159.07661828083306 213.75435961912092 38.959665721419135 8.108538096969427 35.20222340329819 4.707722187980666
-306.0744417662621 -25.16282653908857 -80.68308930906682 121.18178124925622 9.358301519050444 1.6197142080524254 -6.056600316312182 -3.2029694740702697 -6.664437723534747 -18.782198889879396 -90.79285253757091 126.44578154888289 23.653761739244768 7.206206895030364 41.50606114716745 8.45357901608002
-307.4629042988856 -26.29200577345631 -85.48937263636805 165.63339616606984 22.285303202159305 7.526558777330843 4.2993299153893885 -3.5408890638923327 -2.909506240383356 -13.163175432359422 -71.45278028840171 103.50069662292157 20.011083534415885 7.077123362921773 43.84901688544648 8.917475137043185
-310.91813640742913 -29.19539346303721 -97.8375481397509 289.31544149764494 59.99604626160807 25.11253280959916 36.19206219373441 -3.5946343009219404 9.626300112255361 8.196047327096517 14.400594213303872 -7.226557610160024 0.9859925544040481 3.1082100165022717 22.3666312592687 4.275060796321845
-312.2162301282242 -30.682317697152197 -102.42968797922633 332.792234776213 72.39882309343295 31.35394655032664 46.5903088202346 -2.1903072238805907 13.50308694557861 12.00141241713109 25.46064569064964 -19.117865736408127 -0.7521091337512354 2.1501492103019446 23.90909459961241 3.654045102572587
-312.2162301282242 -30.682317697152197 -102.42968797922633 332.792234776213 72.39882309343295 31.35394655032664 46.5903088202346 -2.1903072238805907 13.50308694557861 12.00141241713109 25.46064569064964 -19.117865736408127 -0.7521091337512354 2.1501492103019446 23.90909459961241 3.654045102572587
-310.21533627437094 -29.800327084643968 -96.4132737020198 283.2057429214116 59.11768960528947 25.829460391824973 36.50615051382336 0.8628003802280368 11.371739944987157 8.409489600106593 23.32594646252033 -24.58236901006175 -3.1825989455243087 -1.6862167985159502 -3.037458661719809 -1.265016261202591
-309.8180118704474 -29.861884344863856 -95.390345284238 276.0039331704758 57.22728749477364 25.27507841213613 35.199394631486506 2.03844209776859 11.252929474475783 7.103157098636625 17.6644181477926 -16.702877721376023 -1.6252824485190744 -1.908221609285309 -0.7001689097047046 -0.9696559727305694
-309.8180118704474 -29.861884344863856 -95.390345284238 276.0039331704758 57.22728749477364 25.27507841213613 35.199394631486506 2.03844209776859 11.252929474475783 7.103157098636625 17.6644181477926 -16.702877721376023 -1.6252824485190744 -1.908221609285309 -0.7001689097047046 -0.9696559727305694
-310.3236310247672 -29.067703247231712 -95.89572848778909 269.3114361871733 53.96267223108851 22.63590812958803 31.223866628577003 -1.7937533038153197 8.316579326549522 5.903776384448078 15.783733192357273 -18.333206991724765 -3.2288441810197908 0.16854396920456927 -8.913908298189215 -1.8174169476187454
-306.26355938219695 -26.168590713428816 -82.26941793880366 148.75964557307776 20.016588524144417 7.567056195857689 5.272939068896215 0.43024992296045267 -0.1500188908233953 -2.639824126410735 8.134542362213226 -29.165171728884786 -9.823797997906365 -4.40876850012023 -59.17203611658732 -10.669070987984927
-306.26355938219695 -26.168590713428816 -82.26941793880366 148.75964557307776 20.016588524144417 7.567056195857689 5.272939068896215 0.43024992296045267 -0.1500188908233953 -2.639824126410735 8.134542362213226 -29.165171728884786 -9.823797997906365 -4.40876850012023 -59.17203611658732 -10.669070987984927
-302.1928885989627 -22.429899216778896 -67.65962707177766 8.714672881422475 -21.09433815442935 -11.601426647525313 -27.802213739752073 -0.06235114941139256 -12.51647805534778 -14.321872008807533 -13.880776505091047 -26.231877409335365 -16.51342710153769 -7.59754422964958 -104.47973599532259 -19.37505146662605
-301.92282581187237 -22.5991380519675 -67.10778453875261 6.750770251449987 -21.29707602127721 -11.3593172680829 -27.62676251721249 1.1021535273154708 -12.059115653356548 -14.574361565740103 -14.621921380837609 -23.45001533318624 -15.280173793425254 -7.90273113855438 -99.50432462504871 -17.696704014500664
-301.8681565726193 -21.713758772277544 -66.06146843707059 -10.942754151054489 -27.624099917754958 -15.091736262663433 -33.75664535664688 -2.046638479623289 -15.6317542366244 -18.384241142499985 -19.533696957351424 -16.041278494163706 -13.012994847905441 -5.437727284429466 -88.80264938983449 -12.135876389766029
-302.00585209145873 -21.830887519282474 -66.5446512092638 -6.1036593905022904 -26.11878181962068 -14.362590791544795 -32.43490057369852 -1.8923863211068468 -15.032605687494902 -17.441842152258083 -16.40247159985158 -21.038981230950846 -14.281264609979955 -5.94920822828302 -95.4374604142946 -13.798675741191593
-301.57676427765585 -21.516927825081595 -65.26445370061978 -15.043449095629157 -28.33516616789484 -15.329567483358687 -34.129350207428146 -2.393825065311887 -15.714181859743427 -17.054629614020122 -9.314787809836206 -9.918021117594078 -13.67550541827441 -4.822213814280276 -48.20637964965106 -4.131246499209068
-301.57675780593934 -21.514495652157198 -65.2640321832774 -15.244199559886816 -28.217709616490946 -15.472355490465587 -34.20378710368447 -2.2739869751659407 -15.670443490490054 -16.342170837057346 -8.452046613026793 -11.45940882527156 -14.30754127011267 -4.8239612566722005 -44.61449163865398 -4.163038727532122
-301.9714321082044 -21.73313337539578 -66.19468372939419 -15.57614297909137 -29.854926837976535 -16.38887498784423 -36.82339553545865 -2.2756938444807613 -17.32653494860594 -20.591677022891837 -17.38065231211263 -20.95574764193013 -2.9133303406795528 -4.567574355672049 -50.15700182778111 -8.002958305056554
-301.9792039888029 -10.044826106146868 -58.654923448121934 -14.455154825436074 -25.41644478545044 -13.822199077811996 -29.90248199783758 -1.8066839791371023 -13.458410683968722 -16.246067035037736 -6.903127004707234 -9.264058411991444 -4.308703007973401 -2.069316963785573 -31.280759938300083 -3.132916120611462
-342.3821881504018 483.00926585224727 177.4530893009956 4.429482659441501 4.899007557513054 2.4411801136833686 4.05481912710185 0.20718527913892804 1.3637179653709757 0.7451764277913935 0.48635555827622595 0.3471858677849429 0.11944620838412734 0.058873350069093666 0.6619133237149173 0.016185685638071864
-342.3821881504018 483.00926585224727 177.4530893009956 4.429482659441501 4.899007557513054 2.4411801136833686 4.05481912710185 0.20718527913892804 1.3637179653709757 0.7451764277913935 0.48635555827622595 0.3471858677849429 0.11944620838412734 0.058873350069093666 0.6619133237149173 0.016185685638071864
-342.3821881504018 483.00926585224727 177.4530893009956 4.429482659441501 4.899007557513054 2.4411801136833686 4.05481912710185 0.20718527913892804 1.3637179653709757 0.7451764277913935 0.48635555827622595 0.3471858677849429 0.11944620838412734 0.058873350069093666 0.6619133237149173 0.016185685638071864
-342.3821881504018 483.00926585224727 177.4530893009956 4.429482659441501 4.899007557513054 2.4411801136833686 4.05481912710185 0.20718527913892804 1.3637179653709757 0.7451764277913935 0.48635555827622595 0.3471858677849429 0.11944620838412734 0.058873350069093666 0.6619133237149173 0.016185685638071864
-342.3821881504018 483.00926585224727 177.4530893009956 4.429482659441501 4.899007557513054 2.4411801136833686 4.05481912710185 0.20718527913892804 1.3637179653709757 0.7451764277913935 0.48635555827622595 0.3471858677849429 0.11944620838412734 0.058873350069093666 0.6619133237149173 0.016185685638071864
-342.3821881504018 483.00926585224727 177.4530893009956 4.429482659441501 4.899007557513054 2.4411801136833686 4.05481912710185 0.20718527913892804 1.3637179653709757 0.7451764277913935 0.48635555827622595 0.3471858677849429 0.11944620838412734 0.058873350069093666 0.6619133237149173 0.016185685638071864
-342.3821881504018 483.00926585224727 177.4530893009956 4.429482659441501 4.899007557513054 2.4411801136833686 4.05481912710185 0.20718527913892804 1.3637179653709757 0.7451764277913935 0.48635555827622595 0.3471858677849429 0.11944620838412734 0.058873350069093666 0.6619133237149173 0.016185685638071864
-342.3821881504018 483.00926585224727 177.4530893009956 4.429482659441501 4.899007557513054 2.4411801136833686 4.05481912710185 0.20718527913892804 1.3637179653709757 0.7451764277913935 0.48635555827622595 0.3471858677849429 0.11944620838412734 0.058873350069093666 0.6619133237149173 0.016185685638071864
-342.3821881504018 483.00926585224727 177.4530893009956 4.429482659441501 4.899007557513054 2.4411801136833686 4.05481912710185 0.20718527913892804 1.3637179653709757 0.7451764277913935 0.48635555827622595 0.3471858677849429 0.11944620838412734 0.058873350069093666 0.6619133237149173 0.016185685638071864
-342.3821881504018 483.00926585224727 177.4530893009956 4.429482659441501 4.899007557513054 2.4411801136833686 4.05481912710185 0.20718527913892804 1.3637179653709757 0.7451764277913935 0.48635555827622595 0.3471858677849429 0.11944620838412734 0.058873350069093666 0.6619133237149173 0.016185685638071864
-342.3821881504018 483.00926585224727 177.4530893009956 4.429482659441501 4.899007557513054 2.4411801136833686 4.05481912710185 0.20718527913892804 1.3637179653709757 0.7451764277913935 0.48635555827622595 0.3471858677849429 0.11944620838412734 0.058873350069093666 0.6619133237149173 0.016185685638071864
-301.4992944455363 -21.124963240280433 -64.85799231796 -16.378914736789287 -28.530322012411915 -15.653678185386097 -34.689012823074414 -2.223870495841031 -15.956288988602276 -15.710450852764186 -17.679963342602672 -24.53579962438483 -7.097492573680732 -5.764373745284654 -23.389893230776032 -5.243265190519797
-302.8394165889152 -21.615165570509607 -67.93078516801606 -19.78243380227356 -31.396047872574385 -19.388230929742264 -42.746652156739565 -3.116256016903479 -20.178778838036486 -12.589367938737327 -33.86361592668687 -39.05771612384675 -35.52444533132926 -16.73212863722048 -55.73197546239756 -12.969466895929648
-302.8394165889152 -21.615165570509607 -67.93078516801606 -19.78243380227356 -31.396047872574385 -19.388230929742264 -42.746652156739565 -3.116256016903479 -20.178778838036486 -12.589367938737327 -33.86361592668687 -39.05771612384675 -35.52444533132926 -16.73212863722048 -55.73197546239756 -12.969466895929648
-302.2568666390013 -21.95889609697035 -66.94500651598615 -17.756809879065557 -32.22989394363172 -17.27697637543493 -40.06261945269714 -2.0089474506222635 -18.26793978156516 -8.30765238948141 -31.47388123276893 -35.809928417898185 -41.68050761770243 -8.557424931760615 0.007118081178080664 -12.218111974947572
-302.10060518764624 -21.87370942694633 -66.53722066242214 -17.6327028131063 -31.859621511606704 -16.07449108881531 -38.76340529434344 -0.12992815560391696 -17.13543583609062 -12.013525907304087 -32.775710239215655 -35.67459319692071 -43.70370410073457 -5.944972887841041 23.58716944757416 -9.419069558320505
-302.28102669934174 -22.05815173647328 -66.89064552158904 -18.059747370001276 -32.56609048943167 -16.607453294156475 -40.01867950586763 -0.3560819664958669 -18.626107336731042 -12.908605626319142 -45.24423477812809 -50.65130441905868 -66.87565452681166 -2.3656248985895934 80.29143929583876 -23.38771615016471
-301.5735817306295 -21.91923163238966 -65.45118413097677 -16.63331323664205 -25.285406468881277 -14.910494798960368 -32.64859870775818 0.6312049187967821 -13.900853538605379 -9.872160356681333 -20.12451552528994 -16.6409742383833 -18.620727065482715 17.221220543029933 -49.083698408463846 -0.09556598732342006
-303.38269514724874 -22.83912800031597 -70.0037117094632 -25.50531480088172 -30.60447796128733 -10.685632425941899 -40.875748580105686 -3.389298673493395 -21.352919692350156 85.81956491393137 18.340052154293666 6.250938188299025 2.0001253017385623 -18.06569292960742 5.489040711701075 129.53614008553856
-304.08629924029424 -23.346728423960194 -71.67298224731157 -27.953607949115902 -34.10686274954792 -6.953918216497212 -42.00140490335904 -1.1850941712661902 -20.79327524547396 87.34074242788202 13.528127281408588 -0.29067672619900653 -5.671600981901095 -30.04159791664233 9.55405775650866 216.46890749417167
-303.50652354989 -23.217431978603475 -69.88331252568312 -28.512642712918012 -27.233508559906202 2.608114606783983 -31.219382923203852 -2.835376146984764 -19.5964470568634 71.09048538927864 15.635230615778553 3.435113010230746 6.075604657464318 -19.102739384064 0.3093376868750598 186.55319826826832
-302.48458846594133 -23.39323266488121 -64.82241920830074 -23.282670095226898 -37.59476699111371 14.8687268640887 -6.681224897745387 -42.434014840629345 -11.023837562019521 -6.639742777369437 -12.610785369736368 -8.485660924673681 -8.146857779395333 8.49803485935704 -37.45889430741046 -11.889065507272743
-298.4994705005676 -25.604674333755195 -54.81957949552391 -15.240934952339622 -26.511234098019155 -13.674354761025075 -26.93080064028144 -6.648209216658381 -9.519190107633596 -8.559436409405395 -12.945322097811347 -9.94443541493434 -8.806550832096596 -0.9941400396807759 -30.470446697592816 -2.191700988082404
439.2437447213429 4.457350690377874 -0.9304730961553044 0.1707736132798531 0.17173615739066236 -0.1023487881102509 0.2896475910943629 0.2160015936991433 0.06113664806554965 0.03933488451050645 0.030254350712988782 0.01557272979770185 0.011981682666266686 -0.017836488917388614 0.029473594028479187 0.03284090428390963
439.2437447213429 4.457350690377874 -0.9304730961553044 0.1707736132798531 0.17173615739066236 -0.1023487881102509 0.2896475910943629 0.2160015936991433 0.06113664806554965 0.03933488451050645 0.030254350712988782 0.01557272979770185 0.011981682666266686 -0.017836488917388614 0.029473594028479187 0.03284090428390963
439.2437447213429 4.457350690377874 -0.9304730961553044 0.1707736132798531 0.17173615739066236 -0.1023487881102509 0.2896475910943629 0.2160015936991433 0.06113664806554965 0.03933488451050645 0.030254350712988782 0.01557272979770185 0.011981682666266686 -0.017836488917388614 0.029473594028479187 0.03284090428390963
439.2437447213429 4.457350690377874 -0.9304730961553044 0.1707736132798531 0.17173615739066236 -0.1023487881102509 0.2896475910943629 0.2160015936991433 0.06113664806554965 0.03933488451050645 0.030254350712988782 0.01557272979770185 0.011981682666266686 -0.017836488917388614 0.029473594028479187 0.03284090428390963
439.2437447213429 4.457350690377874 -0.9304730961553044 0.1707736132798531 0.17173615739066236 -0.1023487881102509 0.2896475910943629 0.2160015936991433 0.06113664806554965 0.03933488451050645 0.030254350712988782 0.01557272979770185 0.011981682666266686 -0.017836488917388614 0.029473594028479187 0.03284090428390963
439.2437447213429 4.457350690377874 -0.9304730961553044 0.1707736132798531 0.17173615739066236 -0.1023487881102509 0.2896475910943629 0.2160015936991433 0.06113664806554965 0.03933488451050645 0.030254350712988782 0.01557272979770185 0.011981682666266686 -0.017836488917388614 0.029473594028479187 0.03284090428390963
439.2437447213429 4.457350690377874 -0.9304730961553044 0.1707736132798531 0.17173615739066236 -0.1023487881102509 0.2896475910943629 0.2160015936991433 0.06113664806554965 0.03933488451050645 0.030254350712988782 0.01557272979770185 0.011981682666266686 -0.017836488917388614 0.029473594028479187 0.03284090428390963
439.2437447213429 4.457350690377874 -0.9304730961553044 0.1707736132798531 0.17173615739066236 -0.1023487881102509 0.2896475910943629 0.2160015936991433 0.06113664806554965 0.03933488451050645 0.030254350712988782 0.01557272979770185 0.011981682666266686 -0.017836488917388614 0.029473594028479187 0.03284090428390963
439.2437447213429 4.457350690377874 -0.9304730961553044 0.1707736132798531 0.17173615739066236 -0.1023487881102509 0.2896475910943629 0.2160015936991433 0.06113664806554965 0.03933488451050645 0.030254350712988782 0.01557272979770185 0.011981682666266686 -0.017836488917388614 0.029473594028479187 0.03284090428390963
439.2437447213429 4.457350690377874 -0.9304730961553044 0.1707736132798531 0.17173615739066236 -0.1023487881102509 0.2896475910943629 0.2160015936991433 0.06113664806554965 0.03933488451050645 0.030254350712988782 0.01557272979770185 0.011981682666266686 -0.017836488917388614 0.029473594028479187 0.03284090428390963
439.2437447213429 4.457350690377874 -0.9304730961553044 0.1707736132798531 0.17173615739066236 -0.1023487881102509 0.2896475910943629 0.2160015936991433 0.06113664806554965 0.03933488451050645 0.030254350712988782 0.01557272979770185 0.011981682666266686 -0.017836488917388614 0.029473594028479187 0.03284090428390963
439.2437447213429 4.457350690377874 -0.9304730961553044 0.1707736132798531 0.17173615739066236 -0.1023487881102509 0.2896475910943629 0.2160015936991433 0.06113664806554965 0.03933488451050645 0.030254350712988782 0.01557272979770185 0.011981682666266686 -0.017836488917388614 0.029473594028479187 0.03284090428390963
439.2437447213429 4.457350690377874 -0.9304730961553044 0.1707736132798531 0.17173615739066236 -0.1023487881102509 0.2896475910943629 0.2160015936991433 0.06113664806554965 0.03933488451050645 0.030254350712988782 0.01557272979770185 0.011981682666266686 -0.017836488917388614 0.029473594028479187 0.03284090428390963
439.2437447213429 4.457350690377874 -0.9304730961553044 0.1707736132798531 0.17173615739066236 -0.1023487881102509 0.2896475910943629 0.2160015936991433 0.06113664806554965 0.03933488451050645 0.030254350712988782 0.01557272979770185 0.011981682666266686 -0.017836488917388614 0.029473594028479187 0.03284090428390963
439.2437447213429 4.457350690377874 -0.9304730961553044 0.1707736132798531 0.17173615739066236 -0.1023487881102509 0.2896475910943629 0.2160015936991433 0.06113664806554965 0.03933488451050645 0.030254350712988782 0.01557272979770185 0.011981682666266686 -0.017836488917388614 0.029473594028479187 0.03284090428390963
439.2437447213429 4.457350690377874 -0.9304730961553044 0.1707736132798531 0.17173615739066236 -0.1023487881102509 0.2896475910943629 0.2160015936991433 0.06113664806554965 0.03933488451050645 0.030254350712988782 0.01557272979770185 0.011981682666266686 -0.017836488917388614 0.029473594028479187 0.03284090428390963
439.2437447213429 4.457350690377874 -0.9304730961553044 0.1707736132798531 0.17173615739066236 -0.1023487881102509 0.2896475910943629 0.2160015936991433 0.06113664806554965 0.03933488451050645 0.030254350712988782 0.01557272979770185 0.011981682666266686 -0.017836488917388614 0.029473594028479187 0.03284090428390963
439.2437447213429 4.457350690377874 -0.9304730961553044 0.1707736132798531 0.17173615739066236 -0.1023487881102509 0.2896475910943629 0.2160015936991433 0.06113664806554965 0.03933488451050645 0.030254350712988782 0.01557272979770185 0.011981682666266686 -0.017836488917388614 0.029473594028479187 0.03284090428390963
439.2437447213429 4.457350690377874 -0.9304730961553044 0.1707736132798531 0.17173615739066236 -0.1023487881102509 0.2896475910943629 0.2160015936991433 0.06113664806554965 0.03933488451050645 0.030254350712988782 0.01557272979770185 0.011981682666266686 -0.017836488917388614 0.029473594028479187 0.03284090428390963
439.2437447213429 4.457350690377874 -0.9304730961553044 0.1707736132798531 0.17173615739066236 -0.1023487881102509 0.2896475910943629 0.2160015936991433 0.06113664806554965 0.03933488451050645 0.030254350712988782 0.01557272979770185 0.011981682666266686 -0.017836488917388614 0.029473594028479187 0.03284090428390963
439.2437447213429 4.457350690377874 -0.9304730961553044 0.1707736132798531 0.17173615739066236 -0.1023487881102509 0.2896475910943629 0.2160015936991433 0.06113664806554965 0.03933488451050645 0.030254350712988782 0.01557272979770185 0.011981682666266686 -0.017836488917388614 0.029473594028479187 0.03284090428390963
439.2437447213429 4.457350690377874 -0.9304730961553044 0.1707736132798531 0.17173615739066236 -0.1023487881102509 0.2896475910943629 0.2160015936991433 0.06113664806554965 0.03933488451050645 0.030254350712988782 0.01557272979770185 0.011981682666266686 -0.017836488917388614 0.029473594028479187 0.03284090428390963
439.2437447213429 4.457350690377874 -0.9304730961553044 0.1707736132798531 0.17173615739066236 -0.1023487881102509 0.2896475910943629 0.2160015936991433 0.06113664806554965 0.03933488451050645 0.030254350712988782 0.01557272979770185 0.011981682666266686 -0.017836488917388614 0.029473594028479187 0.03284090428390963
439.2437447213429 4.457350690377874 -0.9304730961553044 0.1707736132798531 0.17173615739066236 -0.1023487881102509 0.2896475910943629 0.2160015936991433 0.06113664806554965 0.03933488451050645 0.030254350712988782 0.01557272979770185 0.011981682666266686 -0.017836488917388614 0.029473594028479187 0.03284090428390963
439.2437447213429 4.457350690377874 -0.9304730961553044 0.1707736132798531 0.17173615739066236 -0.1023487881102509 0.2896475910943629 0.2160015936991433 0.06113664806554965 0.03933488451050645 0.030254350712988782 0.01557272979770185 0.011981682666266686 -0.017836488917388614 0.029473594028479187 0.03284090428390963
439.2437447213429 4.457350690377874 -0.9304730961553044 0.1707736132798531 0.17173615739066236 -0.1023487881102509 0.2896475910943629 0.2160015936991433 0.06113664806554965 0.03933488451050645 0.030254350712988782 0.01557272979770185 0.011981682666266686 -0.017836488917388614 0.029473594028479187 0.03284090428390963
439.2437447213429 4.457350690377874 -0.9304730961553044 0.1707736132798531 0.17173615739066236 -0.1023487881102509 0.2896475910943629 0.2160015936991433 0.06113664806554965 0.03933488451050645 0.030254350712988782 0.01557272979770185 0.011981682666266686 -0.017836488917388614 0.029473594028479187 0.03284090428390963
439.2437447213429 4.457350690377874 -0.9304730961553044 0.1707736132798531 0.17173615739066236 -0.1023487881102509 0.2896475910943629 0.2160015936991433 0.06113664806554965 0.03933488451050645 0.030254350712988782 0.01557272979770185 0.011981682666266686 -0.017836488917388614 0.029473594028479187 0.03284090428390963
439.2437447213429 4.457350690377874 -0.9304730961553044 0.1707736132798531 0.17173615739066236 -0.1023487881102509 0.2896475910943629 0.2160015936991433 0.06113664806554965 0.03933488451050645 0.030254350712988782 0.01557272979770185 0.011981682666266686 -0.017836488917388614 0.029473594028479187 0.03284090428390963
439.2437447213429 4.457350690377874 -0.9304730961553044 0.1707736132798531 0.17173615739066236 -0.1023487881102509 0.2896475910943629 0.2160015936991433 0.06113664806554965 0.03933488451050645 0.030254350712988782 0.01557272979770185 0.011981682666266686 -0.017836488917388614 0.029473594028479187 0.03284090428390963
439.2437447213429 4.457350690377874 -0.9304730961553044 0.1707736132798531 0.17173615739066236 -0.1023487881102509 0.2896475910943629 0.2160015936991433 0.06113664806554965 0.03933488451050645 0.030254350712988782 0.01557272979770185 0.011981682666266686 -0.017836488917388614 0.029473594028479187 0.03284090428390963
439.2437447213429 4.457350690377874 -0.9304730961553044 0.1707736132798531 0.17173615739066236 -0.1023487881102509 0.2896475910943629 0.2160015936991433 0.06113664806554965 0.03933488451050645 0.030254350712988782 0.01557272979770185 0.011981682666266686 -0.017836488917388614 0.029473594028479187 0.03284090428390963
439.2437447213429 4.457350690377874 -0.9304730961553044 0.1707736132798531 0.17173615739066236 -0.1023487881102509 0.2896475910943629 0.2160015936991433 0.06113664806554965 0.03933488451050645 0.030254350712988782 0.01557272979770185 0.011981682666266686 -0.017836488917388614 0.029473594028479187 0.03284090428390963
439.2437447213429 4.457350690377874 -0.9304730961553044 0.1707736132798531 0.17173615739066236 -0.1023487881102509 0.2896475910943629 0.2160015936991433 0.06113664806554965 0.03933488451050645 0.030254350712988782 0.01557272979770185 0.011981682666266686 -0.017836488917388614 0.029473594028479187 0.03284090428390963
439.2437447213429 4.457350690377874 -0.9304730961553044 0.1707736132798531 0.17173615739066236 -0.1023487881102509 0.2896475910943629 0.2160015936991433 0.06113664806554965 0.03933488451050645 0.030254350712988782 0.01557272979770185 0.011981682666266686 -0.017836488917388614 0.029473594028479187 0.03284090428390963
439.2437447213429 4.457350690377874 -0.9304730961553044 0.1707736132798531 0.17173615739066236 -0.1023487881102509 0.2896475910943629 0.2160015936991433 0.06113664806554965 0.03933488451050645 0.030254350712988782 0.01557272979770185 0.011981682666266686 -0.017836488917388614 0.029473594028479187 0.03284090428390963
439.2437447213429 4.457350690377874 -0.9304730961553044 0.1707736132798531 0.17173615739066236 -0.1023487881102509 0.2896475910943629 0.2160015936991433 0.06113664806554965 0.03933488451050645 0.030254350712988782 0.01557272979770185 0.011981682666266685 -0.01783648891738861 0.02947359402847918 0.03284090428390961
439.2437447213429 4.457350690377874 -0.9304730961553044 0.1707736132798531 0.17173615739066236 -0.1023487881102509 0.2896475910943629 0.2160015936991433 0.06113664806554965 0.03933488451050645 0.030254350712988782 0.01557272979770185 0.011981682666266685 -0.01783648891738861 0.02947359402847918 0.03284090428390961
]