07-24-20_Matthew_4K.lion_above_grey_wall.0000000002 [ 2634.172211 3592.838058 7.356447 5.719754 2474.061432 5083.44101 2.174344 14.224513 2430.071564 5723.874054 5.95006 21.80298 1767.160492 5025.29892 0.011785 6.157213 1985.888519 5630.673828 5.948754 14.313962 -1694.600639 3481.86121 4.3963 3.550419 -2280.596161 5540.312653 14.618182 15.157571 -2465.430756 6497.03949 13.496792 20.938189 -2520.223694 6730.915833 11.434022 17.079886 -2358.584976 6425.743713 17.652439 18.054213
2563.233185 3676.723824 8.526258 0.844017 2446.757355 5061.012878 2.470708 13.534402 2138.533783 5635.339966 1.429118 19.667599 1996.074982 5012.16156 0.59649 5.960599 1649.84726 5373.219299 1.336227 10.185331 -1696.255531 3485.770817 5.902155 3.522782 -2274.057159 5570.909271 13.190482 15.437186 -2670.311279 6316.115723 16.617263 18.768452 -2808.133087 6826.453552 14.744678 17.907714 -2393.646469 6614.404907 17.41481 20.054471
2563.26355 3676.729851 8.525772 0.843194 2446.772766 5060.973816 2.470627 13.533898 2138.544312 5635.303345 1.429 19.66718 1996.08551 5012.122955 0.596441 5.960393 1649.873657 5373.170929 1.336289 10.184888 -1696.213417 3485.75491 5.902955 3.522796 -2274.015503 5570.923157 13.189914 15.437556 -2670.298309 6316.18103 16.617414 18.769381 -2808.27301 6826.668396 14.747008 17.909908 -2393.652496 6614.475098 17.415392 20.05546
2563.268127 3688.071785 8.337341 0.477242 2447.153015 5052.73407 2.542467 13.355621 2160.718384 5631.100464 1.76227 19.587601 1990.787354 5016.047974 0.589669 6.004082 1646.056824 5379.878082 1.337415 10.288877 -1696.758575 3491.618156 6.02753 3.582748 -2272.244186 5581.181946 13.038827 15.565795 -2670.795441 6337.39502 16.546727 19.014759 -2844.811859 6886.096497 15.225056 18.481036 -2405.247726 6635.116882 17.585356 20.295477
2563.37677 3688.123283 8.335043 0.47548 2447.210083 5052.579651 2.54241 13.352406 2160.942993 5631.016083 1.764477 19.586097 1990.861206 5015.951538 0.589735 6.003288 1646.046448 5379.823608 1.336692 10.288314 -1696.640434 3491.5798 6.029668 3.582531 -2272.145462 5581.231995 13.037815 15.566571 -2670.808411 6337.58728 16.548238 19.017106 -2845.329285 6886.721802 15.233596 18.487184 -2405.268402 6635.268555 17.587158 20.297373
2518.280792 3730.750923 9.495864 0.031319 2415.615997 4975.729523 2.376163 11.297135 2199.295502 5622.344666 2.66147 19.05665 2020.779877 5120.388336 0.870361 6.901259 1716.809845 5340.885773 2.446445 9.516616 -1714.302826 3504.697037 6.173757 3.557143 -2284.409943 5596.180878 12.794013 15.556139 -2666.273651 6370.857544 16.015961 19.214942 -2971.605682 7069.738159 16.821059 20.12681 -2434.520264 6642.928772 17.759153 20.204708
2526.416321 3734.695244 8.895681 0.018079 2421.09375 4997.513885 2.530173 11.727506 2412.329407 5908.033752 7.447903 25.639066 1866.688538 5359.503021 0.203536 9.615305 1608.854675 5345.806885 1.218758 9.560875 -1714.403191 3509.578781 6.31534 3.586767 -2289.05098 5602.761078 12.814555 15.613941 -2655.044556 6378.259277 15.711859 19.279584 -3036.584015 7114.989929 17.783716 20.565139 -2437.34314 6663.379211 17.736072 20.417547
2530.60112 3741.488609 8.035416 0.164335 2434.544601 5038.25531 3.006231 12.159736 1959.450302 5669.869232 0.256616 19.593628 1768.074875 5341.938477 0.032023 9.144353 1536.00975 5124.548798 0.710126 6.500695 -1726.803741 3543.955994 6.365978 3.713916 -2322.8405 5645.830688 13.345596 15.878333 -2685.15419 6355.398865 16.042093 18.78372 -3039.860916 6926.115417 17.61712 18.495695 -2449.953079 6742.627563 17.711001 21.087091
2536.108627 3754.187202 7.70703 0.056882 2441.473312 5051.256104 3.16374 12.359592 1975.482712 5623.51059 0.354895 18.513514 1760.787277 5376.310272 0.025812 9.514997 1522.586899 5141.407471 0.624669 6.648676 -1725.20607 3547.829227 6.487637 3.712965 -2322.096939 5654.8703 13.283408 15.939233 -2687.730789 6374.526062 16.062217 18.954477 -3045.928574 6950.913391 17.688453 18.696175 -2445.312195 6758.105469 17.572469 21.220522
2536.107864 3754.185257 7.706988 0.056894 2441.472855 5051.261292 3.163763 12.35972 1975.482559 5623.521729 0.354904 18.513763 1760.777664 5376.333008 0.025804 9.515284 1522.578201 5141.42807 0.62462 6.648921 -1725.207901 3547.827873 6.487631 3.712958 -2322.099075 5654.869537 13.28342 15.939232 -2687.732925 6374.525452 16.062226 18.954477 -3045.930862 6950.913391 17.688462 18.696181 -2445.314331 6758.103943 17.572479 21.220512
2536.107864 3754.185257 7.706988 0.056894 2441.472855 5051.261292 3.163763 12.35972 1975.482559 5623.521729 0.354904 18.513763 1760.777664 5376.333008 0.025804 9.515284 1522.578201 5141.42807 0.62462 6.648921 -1725.207901 3547.827873 6.487631 3.712958 -2322.099075 5654.869537 13.28342 15.939232 -2687.732925 6374.525452 16.062226 18.954477 -3045.930862 6950.913391 17.688462 18.696181 -2445.314331 6758.103943 17.572479 21.220512
2536.107864 3754.185257 7.706988 0.056894 2441.472855 5051.261292 3.163763 12.35972 1975.482559 5623.521729 0.354904 18.513763 1760.777664 5376.333008 0.025804 9.515284 1522.578201 5141.42807 0.62462 6.648921 -1725.207901 3547.827873 6.487631 3.712958 -2322.099075 5654.869537 13.28342 15.939232 -2687.732925 6374.525452 16.062226 18.954477 -3045.930862 6950.913391 17.688462 18.696181 -2445.314331 6758.103943 17.572479 21.220512
2430.209503 3849.642792 9.095965 0.61031 2346.062775 5174.944305 2.825376 14.238722 1903.500824 5535.818634 0.384813 15.868737 1619.122467 5457.328949 0.002229 9.999792 1616.794891 5396.44928 2.39149 9.334735 -1798.396988 3576.753235 6.628696 3.587754 -2405.063477 5690.071564 13.447315 15.855894 -2767.922058 6422.630005 16.130203 19.021919 -3132.796631 7030.293274 17.848474 19.057395 -2523.685837 6767.600098 17.60648 20.843043
2406.027832 3855.968056 8.957656 0.586567 2327.05658 5205.725098 2.968173 14.808615 1905.756226 5481.363525 0.590202 14.685466 1586.008911 5477.618408 0.004477 10.16663 1533.582458 5497.292175 1.684397 10.661175 -1826.680603 3583.534908 6.57781 3.584504 -2435.720367 5699.702759 13.546468 15.885949 -2796.780243 6433.884277 16.168592 19.068633 -3173.880157 7046.061401 18.074966 19.141694 -2557.686691 6773.847351 17.763121 20.832908
2345.809326 3926.697121 10.296386 1.600318 2259.293823 5216.937714 2.388017 14.006735 1900.89325 5412.111053 0.839101 12.618072 1526.404114 5539.356842 0.022149 10.385565 1420.393372 5608.73764 0.898866 11.660673 -1855.971375 3631.540871 6.763687 3.616281 -2516.178436 5714.839325 14.825569 15.533688 -2850.915985 6474.744873 16.579677 19.025965 -3190.622253 7037.988586 17.797196 18.630406 -2586.21521 6823.086853 17.639759 20.886
2345.378723 3926.936417 10.287433 1.603659 2258.922729 5217.498474 2.39174 14.015976 1900.509644 5412.96463 0.841105 12.630009 1525.817566 5540.701141 0.022136 10.400674 1420.133667 5609.808044 0.901718 11.674444 -1856.511078 3631.615353 6.766039 3.615377 -2516.871643 5714.73114 14.828206 15.530381 -2851.762543 6474.493103 16.584766 19.02119 -3191.8573 7038.091431 17.807347 18.629756 -2586.435776 6821.240845 17.631324 20.86277
2208.569336 4075.839043 13.039741 6.431308 2118.482361 5341.838226 1.612292 15.02341 1768.968201 5499.778137 0.484755 12.705201 1462.585754 5596.047058 0.004855 10.053815 1386.763306 5628.238525 1.417568 10.714322 -1937.955246 3686.098728 7.021638 3.355832 -2597.589111 5753.926697 14.626427 15.020173 -2932.791748 6349.996948 16.443477 16.751305 -3327.993164 7025.249329 18.586499 17.722246 -2665.516663 6788.275146 17.435692 19.553901
2187.785645 4089.207649 13.197501 7.222424 2093.646545 5349.70459 1.524029 15.082695 1752.11853 5503.860474 0.493925 12.681251 1458.252258 5596.294098 0.000645 9.988072 1397.904663 5618.907318 1.74258 10.498727 -1955.560913 3689.814796 7.043203 3.340101 -2614.530029 5727.391205 14.592735 14.648943 -2871.643982 6232.282715 14.856419 15.469228 -3193.744202 6786.420898 16.18185 15.500872 -2632.477417 6732.437439 16.321694 18.876497
2120.166626 4077.416 13.271662 4.640678 2049.438782 5468.318481 1.826092 17.705156 1708.304749 5340.862427 0.667531 9.739408 1643.494263 5436.281433 0.610812 7.889896 1460.383911 5580.741882 3.570863 9.726138 -1972.785263 3583.748884 9.148367 2.324573 -2633.67363 5489.719238 13.301377 11.868317 -2740.589294 5886.799469 11.254521 12.000258 -2964.501953 6375.537415 11.991918 11.975226 -2488.853378 6360.26825 12.135925 14.862545
2080.85495 4179.069099 12.767245 9.072734 1974.679413 5362.982483 1.46222 13.654545 1680.728607 5315.880737 0.845085 8.524969 1516.198883 5516.694183 0.277259 8.156915 1352.642059 5610.459747 2.639438 9.35157 -1990.040817 3633.000422 10.593916 2.26786 -2600.673523 5327.492676 11.231735 9.703418 -2635.407028 5683.703003 8.807211 9.778502 -2841.328659 6134.692993 9.854908 9.786221 -2368.764725 6057.855835 9.235214 11.575711
2066.184845 4173.807793 12.894269 9.063586 1934.955902 5369.990082 1.136219 13.940812 1668.845673 5402.963715 0.851039 9.900969 1419.841461 5639.500275 0.066411 9.681382 1229.126434 5640.87326 1.285993 9.845449 -2002.049065 3589.281149 10.619135 1.989146 -2559.028168 5227.601929 9.941928 8.834745 -2484.428787 5367.301025 6.522667 7.416969 -2484.51088 5797.743225 5.953373 7.606407 -2107.188416 5822.578888 5.349129 9.685842
2015.079346 4223.852615 13.639092 10.66903 1901.42395 5381.022339 1.195173 13.342128 1620.758362 5440.372162 0.765776 9.912375 1320.540771 5636.657562 0.004021 9.196801 1148.823853 5655.072632 0.902864 9.532175 -2073.155899 3659.722948 9.08679 2.232393 -2642.052536 5113.350525 10.991146 7.534635 -2377.507935 5088.257904 4.776029 5.354288 -2058.617096 5283.688507 2.434451 4.593505 -1979.52919 5479.968262 3.504625 6.938031
1969.637909 4235.061417 14.364668 12.051983 1866.056976 5390.066223 1.175969 13.540707 1584.941864 5451.075287 0.74708 10.071309 1281.344452 5661.074219 0.002094 9.488899 1108.065643 5656.185303 0.844489 9.540967 -2144.719353 3675.493898 7.446564 2.34717 -2697.328033 5070.280304 11.521274 7.178728 -2392.194519 5036.206512 4.568123 5.04364 -2019.982529 5269.434052 2.025867 4.523291 -1908.081818 5303.261108 2.53934 5.811102
1913.740845 4199.698181 13.832143 12.083806 1759.355164 5332.164917 0.743161 13.026892 1484.050293 5410.783539 0.462549 9.998275 1198.369446 5633.334045 0.000183 9.58583 1017.514648 5614.262695 0.646038 9.453736 -2276.346893 3629.618759 4.939684 2.269761 -2600.473862 4761.732559 7.860444 5.144091 -2033.221931 4696.107635 1.135775 3.425747 -1779.826422 5276.850739 0.716595 4.729849 -1395.55809 5086.399231 0.004215 4.761531
1933.818665 4224.399414 9.613981 12.062512 1757.155457 5420.912018 1.298452 14.525526 1438.585205 5497.529449 0.529538 10.983543 1122.531738 5602.209625 0.006523 8.906362 938.543396 5658.487854 0.486115 9.722272 -2438.092499 3620.73072 2.006606 2.024575 -2691.348267 4426.502151 8.616949 2.977335 -1883.839712 4650.853271 0.301254 3.097382 -1308.94516 5380.84549 0.022178 5.121852 -1490.996742 4960.18158 0.029724 3.966529
1815.70816 4256.577454 11.41844 12.125718 1690.803986 5404.492798 1.523739 13.389094 1360.276947 5507.776794 0.575112 10.636705 1035.58609 5625.766907 0.007926 8.809584 852.807465 5725.305176 0.477719 10.218833 -2592.625351 3610.349145 0.78751 1.738464 -2628.116455 4241.178589 5.736639 1.955786 -1844.611645 4498.938522 0.055744 2.31584 -1513.808517 5074.878693 0.006276 3.557906 -1689.951019 4198.565483 0.226542 0.982889
1784.105682 4251.279068 10.640387 15.207726 1638.352814 5381.515961 1.43845 13.485316 1313.262482 5489.091644 0.565814 10.772533 1000.041046 5596.829529 0.003153 8.788166 817.682953 5695.019226 0.545165 10.173679 -2790.243683 3408.253937 0.066301 0.782517 -2601.132965 3826.536427 4.531308 0.663595 -1775.181694 4157.873764 0.003079 1.242371 -904.305267 4443.693771 1.349109 1.468916 -1528.07724 3915.971069 0.005505 0.447988
1821.394043 4261.194458 7.399628 16.237862 1601.980591 5347.671661 1.338911 12.640688 1280.950928 5467.660217 0.536077 10.379929 977.636108 5571.487732 0.001375 8.454545 767.659607 5665.789185 0.412891 9.71675 -2919.719086 3307.46563 1.040553 0.393012 -2562.027855 3153.140945 3.540924 0.04191 -1793.736858 3721.736097 0.006445 0.296918 -876.559067 3927.722359 1.607136 0.400147 -1683.642597 3454.856005 0.069071 0.007058
1756.175995 4265.338745 8.865478 19.572702 1634.243317 5234.853516 2.269216 10.567909 1221.584625 5475.618134 0.364842 10.770691 824.251251 5597.330933 0.176217 8.952961 565.679779 5813.722992 0.009949 12.14775 -3295.025711 2709.917526 12.913983 0.662772 -2559.171638 2534.342194 3.050771 1.237106 -1726.627235 2974.133873 0.11307 0.162692 -792.953491 3245.238895 2.221547 0.012282 -1421.499367 2754.319382 0.272315 0.605959
1858.938599 4217.018509 7.111091 14.54752 1883.960266 5489.558411 6.14481 16.875202 1452.377625 5358.814697 2.081084 9.211854 947.747192 5265.263214 0.054062 5.579693 789.448547 5818.084717 0.361935 12.474419 -3379.528046 2110.271606 22.295222 5.109696 -2898.606186 1815.481873 10.417221 4.711658 -2294.106293 2483.31665 1.598978 1.037608 -1441.97155 2847.427597 0.019152 0.287865 -1819.139204 2393.191223 0.495664 1.471442
1775.939941 4195.388641 9.29894 12.640243 1915.534058 5519.199066 8.054758 17.869587 1261.672058 5512.750397 0.439269 11.788572 494.776459 5897.085571 2.457661 13.245239 695.233154 5784.589233 0.120429 12.075891 -3355.872192 1614.531403 18.209187 12.039461 -2272.042065 1161.134796 0.639633 9.887016 -1542.577477 1621.859283 0.53281 4.517441 -689.951477 1922.92984 2.662075 2.431803 -1487.172279 1734.192352 0.07421 4.135849
1698.716583 4312.750244 13.549591 12.199852 1698.941498 5411.190186 2.89291 12.281267 1239.991913 5560.806274 0.309784 10.595252 647.686615 5854.089966 1.155822 10.974717 642.770844 5913.371277 0.013976 12.203123 -3466.156769 1206.021729 25.94517 22.8678 -2025.073693 863.865967 0.011426 14.243254 -1210.433884 1320.063934 2.471836 7.146564 -314.504395 1654.389191 5.493263 3.97531 -1279.74556 1515.342407 0.6786 6.059914
1571.646423 4513.50853 12.795572 7.2086 1578.084717 5613.377533 3.239612 11.39356 1100.101013 5780.278931 0.308474 10.222003 597.608643 6002.518005 0.62066 9.759635 507.157288 6120.053558 0.018522 11.64147 -3401.111374 796.096191 12.601983 40.976116 -1752.679329 378.052673 2.609328 23.737919 -1220.481339 1120.061646 3.61073 10.548713 -1098.409042 1246.551208 1.263306 7.39999 -1889.607029 1104.544067 0.177978 10.797759
1607.816467 4530.74913 14.668879 10.277881 1616.280212 5611.492462 2.719663 11.567453 1171.217346 5723.014984 0.333131 9.49255 856.42395 5835.887909 0.029618 7.904064 581.251831 6105.95993 0.028316 11.579035 -3225.813141 412.328186 7.462887 53.7022 -1664.9506 -18.506165 2.862541 29.752615 -754.037781 58.914185 8.476657 21.263164 -724.196472 527.791138 2.9104 12.330024 -823.298798 484.013062 4.954853 16.449038
1490.869446 4496.188049 20.662052 13.440322 1589.224854 5580.635681 2.775341 12.172227 1116.821899 5689.296417 0.206974 9.873571 909.633484 5789.405518 0.009125 8.040906 571.072998 6074.025421 0.066032 11.989352 -3184.397888 -18.206787 4.802373 68.07077 -1654.941254 -504.111328 3.382893 37.184933 -738.323669 -569.554749 9.167382 28.625524 -661.488495 338.474121 3.541857 13.375808 -1193.179779 -461.498108 1.758792 26.769441
1426.639404 4556.360779 24.249916 22.109526 1531.611938 5611.871033 2.128606 12.73513 1125.769653 5710.851135 0.351603 10.115273 912.302856 5828.946838 0.026519 8.425011 560.083923 6081.358032 0.083743 12.00995 -3139.371262 -268.031616 2.936761 78.942265 -1577.870369 -953.540039 4.789464 46.024869 -700.146332 -1230.175781 10.053624 38.624832 63.543243 -685.184937 10.820377 23.103544 -928.168259 -546.534729 4.313078 27.970384
1380.18158 4580.760651 32.537672 44.443275 1522.264709 5557.094727 1.338104 13.271828 1176.37146 5668.262024 0.36724 10.681706 960.015564 5758.283997 0.026194 8.513943 636.21521 5901.721649 0.171083 10.488823 -3041.617355 -574.127502 1.792067 89.299171 -1333.14888 -1449.869995 8.459695 54.96735 -523.931274 -1286.855774 12.215973 38.276789 292.783203 -920.819397 13.195367 24.822444 -798.010864 -1272.390442 5.264169 37.272384
1350.97641 4562.676392 35.425584 51.023575 1490.526581 5519.165192 0.970789 13.38885 1184.400177 5654.579315 0.412817 11.158002 999.322052 5733.799896 0.081385 8.730969 686.096344 5784.467316 0.397533 9.439383 -3029.363937 -693.770752 1.56857 92.92763 -1326.246567 -1706.912537 8.589811 59.853494 -391.11969 -1653.930969 14.662443 43.654386 505.111542 -1540.813293 16.265221 31.654794 -334.77478 -1421.882629 12.386221 38.929822
1345.293579 4562.8125 36.704522 49.853012 1466.082458 5461.345978 0.669933 11.987138 1167.24762 5638.05954 0.269526 10.81633 994.47052 5737.159882 0.060796 8.718173 691.654968 5783.633575 0.388326 9.366883 -3023.226547 -712.669678 1.589087 94.047131 -1292.052155 -1739.257507 9.178394 60.714282 -376.873474 -1987.723083 14.798925 49.643805 547.975464 -1706.596985 16.814131 33.828999 -654.246521 -2238.497009 7.043428 52.919205
1762.473755 3692.579575 5.821961 17.161521 1394.389343 4852.709198 0.325075 14.49241 1032.590332 4965.648651 0.001452 11.560387 788.377075 5183.61618 0.112645 10.759873 520.43457 5316.582642 0.000633 13.117048 -3125.165787 -1662.615356 3.401133 105.551993 -1026.800537 -2368.569641 16.73211 58.657556 -121.572113 -2739.474792 20.748998 50.268869 812.694702 -3097.828064 21.605722 43.140165 64.711609 -2623.833923 21.377827 46.99886
1805.836639 3687.386322 3.9925 22.036503 1317.8508 4679.357758 0.041326 11.333221 1012.42691 4846.686859 0.011082 10.184257 848.332062 5140.926819 0.014703 10.646883 613.631744 5198.891907 0.174096 11.795202 -3180.179062 -1712.069397 4.871332 106.339024 -1078.920517 -2415.645142 15.404984 58.958848 -151.744385 -2761.031494 20.215769 50.039586 702.370758 -3264.376221 19.823507 45.105012 103.058624 -2616.293335 22.500429 46.282849
1834.952698 3694.093246 2.935893 23.848848 1248.999634 4655.512695 0.017176 10.897787 1008.757629 4825.731049 0.009336 9.907354 864.354858 5129.163818 0.002769 10.535468 608.613586 5217.539215 0.175427 12.133448 -3267.730865 -1633.459473 7.990786 102.196519 -1178.278732 -2314.606018 12.822662 56.571839 -291.869659 -2762.779236 17.265787 50.013181 476.27594 -3314.945984 16.276866 45.818218 -59.934692 -2698.714294 18.713526 47.652061
1887.111359 3700.984497 1.875428 22.006566 1275.059967 4645.785675 0.002399 10.348066 1025.56015 4821.096039 0.004175 9.576087 859.51004 5157.429047 0.010356 10.682568 631.886444 5275.022736 0.225999 12.774021 -3281.619186 -1612.149658 9.063439 101.978127 -1203.916168 -2291.756897 11.893255 56.438254 -317.868195 -2757.45636 16.507197 50.226738 334.59259 -3369.031067 14.03521 46.897948 -19.861908 -2622.315369 19.397973 46.62291
1928.444366 3710.785294 1.0841 18.901528 1275.548248 4624.352417 0.002983 9.371682 1004.395599 4829.994812 0.032262 9.291217 826.340179 5197.477417 0.045426 10.843464 659.55246 5313.831329 0.349041 12.95145 -3458.429718 -1285.542297 18.971859 87.559112 -1408.348541 -2040.705566 7.260687 51.496453 -588.050537 -2593.989868 11.392346 47.762978 97.820129 -3173.181763 10.85775 44.363433 -548.449097 -1983.251953 8.999223 36.691811
1937.740936 3715.587769 1.041726 18.495086 1281.860199 4621.426239 0.003274 9.175567 1010.609589 4824.407806 0.033348 9.099675 837.193451 5192.08786 0.040062 10.677822 663.553314 5308.235168 0.334542 12.745062 -3471.012878 -1266.506348 20.267014 87.01342 -1420.765457 -2028.361511 6.88639 51.386566 -601.178589 -2584.71344 11.054363 47.726833 104.528503 -3177.193298 10.856527 44.531187 -598.844452 -1930.231934 8.113005 35.996192
2016.703339 3775.985794 0.179372 16.460701 1191.963043 4492.327576 0.319871 5.711335 935.752106 4762.125854 0.353925 7.202134 1015.84671 5162.872314 0.1236 9.384566 689.949493 5313.167877 0.443369 11.678024 -3540.186615 -857.098694 25.739241 72.150334 -1525.746269 -1728.404236 4.909248 46.603376 -882.618256 -2319.957886 6.738648 44.354521 -291.071167 -3124.968872 6.41807 44.843098 -744.559937 -1563.661499 5.977049 31.693642
2062.796021 3812.087784 0.048035 15.389626 1115.228577 4489.249725 1.171021 5.034629 754.60022 4680.115509 2.62337 5.645647 462.500458 4730.65155 2.224123 4.471772 505.000916 5327.315369 0.060489 11.238799 -3650.172424 -327.388611 36.768173 53.106434 -1755.990944 -1411.427307 1.676267 41.139861 -1143.403168 -2071.733093 3.541863 40.881963 -644.542084 -2951.31012 3.326059 42.912854 -874.849472 -1476.451111 4.174386 31.070833
2140.584106 3834.884491 0.279076 12.906326 1029.112854 4281.214142 2.156316 2.130035 857.133484 4370.430298 1.073475 2.298874 700.159302 4522.378387 0.473656 2.621041 634.779358 4795.609589 0.147604 4.293148 -3722.082672 415.243225 42.374843 30.748216 -1989.464717 -827.321777 0.236959 31.296459 -1641.364288 -1737.405396 0.427992 36.14723 -914.552307 -2386.987305 1.786802 35.588609 -1412.600403 -1745.849609 0.425618 35.572879
2187.369385 3835.513 1.151862 10.388509 1040.591736 3971.179657 1.70716 0.173322 625.257874 3986.595993 4.461354 0.274102 231.28418 4181.716843 4.53742 0.808566 444.741974 4460.038681 0.137443 1.627799 -3671.331329 1029.67453 35.780895 16.57149 -2109.705689 -412.217407 0.013705 24.989219 -1692.087364 -1288.400269 0.330122 29.765427 -1024.927521 -2020.378113 1.355304 31.121542 -1468.616982 -1308.280334 0.308013 29.569273
2141.079102 3886.683502 0.771395 14.762115 799.869995 3819.153709 6.027972 0.015305 374.512329 3736.633911 10.669977 0.018821 -162.521667 3938.330154 11.02449 0.141285 426.936646 4218.36441 0.12197 0.479611 -3594.378052 1755.167389 27.35762 5.374309 -2111.330705 127.449036 0.037675 17.758798 -1787.542744 -766.504517 0.152389 23.071362 -1415.911179 -1604.313965 0.217915 26.370718 -1601.198044 -620.201111 0.069596 21.104365
2057.725067 3929.792099 0.047605 16.232583 753.530731 3639.886475 7.190642 0.633327 251.446686 3540.61882 14.994507 0.49146 -387.8302 3706.533356 16.257382 0.02351 4.785156 3817.192535 4.841548 0.078684 -3336.480408 2420.58403 10.628764 0.563609 -2088.785172 662.24823 0.083505 11.96159 -1795.830479 -80.258789 0.142827 15.653544 -1455.032043 -876.573181 0.159299 19.010885 -1514.389954 67.509155 0.252713 14.204812
1988.074036 3922.902794 0.292564 8.247571 680.679016 3700.615845 10.130774 0.598024 180.908661 3452.384319 18.85519 1.101999 -521.811981 3517.449799 20.550828 0.406717 -273.825378 3703.166351 12.464835 0.430225 -2929.373627 2997.74437 0.128494 0.299902 -1670.718422 1312.479553 3.019634 6.551583 -1536.778564 632.952881 0.954471 9.615979 -1304.904404 76.961365 0.41101 11.260365 -1045.48317 1074.158783 2.841832 6.591282
2026.78299 3938.164291 0.030323 8.01748 624.481964 3702.986183 11.893678 0.673615 53.806458 3354.586239 24.567057 1.776609 -719.133759 3520.590248 26.498917 0.443752 -395.014038 3583.180618 16.328933 0.928354 -2465.512352 3231.325169 10.130437 1.174672 -1541.555595 1309.729156 4.979729 6.707704 -1211.781845 1210.267792 3.290196 5.639314 -517.623291 525.642395 4.590615 8.261111 -1162.534866 1214.273682 1.934507 5.820615
1927.781525 3833.921394 2.457426 0.062788 448.309326 3617.635822 22.511537 1.410453 247.247467 3569.697571 18.757569 0.773609 -345.097351 3692.020378 17.407328 0.14843 -498.448029 3369.294498 23.105732 2.28388 -2304.77438 3447.244301 14.963543 2.381284 -1030.710068 2045.154572 14.791353 2.335085 -323.868866 1974.277496 15.085793 2.026749 -750.717163 1287.644501 2.461739 4.235103 -264.369049 1806.584015 12.853828 2.905428
1819.616394 3758.127136 7.219782 0.930972 341.677399 3561.945572 29.713335 1.755556 8.446808 3450.866051 32.246159 1.30323 -578.405151 3572.196045 25.084812 0.359996 -519.788666 3703.142166 25.226253 0.542017 -2111.358709 3365.433111 26.211773 1.878583 -515.131683 2193.362656 31.728984 1.654675 238.806458 1718.302155 27.440994 3.026757 148.481293 1283.366394 10.365271 4.198592 394.934082 1750.962219 27.657793 3.094869
1862.64679 3732.728233 6.500786 3.067931 325.48996 3550.027332 32.20894 1.994847 -166.210938 3434.216604 44.837629 1.491339 -692.857132 3620.887032 29.813217 0.285387 -654.77417 3748.569946 32.90063 0.448528 -1959.253824 3292.872024 36.817692 1.326289 -272.997742 2195.096359 41.25024 1.709391 411.832123 1746.598358 31.466192 2.970331 359.751129 1323.082275 12.741719 4.089609 503.748016 1642.294312 30.002047 3.671319
1856.537781 3750.051994 7.845134 3.552591 296.58783 3523.616486 35.470613 2.473312 -159.118958 3479.424725 46.013939 1.368396 -713.657684 3681.52729 31.414815 0.213137 -762.967987 3767.425919 39.964073 0.464984 -1880.662408 3206.697998 41.950461 0.770348 -177.041931 2072.193909 44.686898 2.338517 513.869629 1686.701965 33.710829 3.358632 589.90036 1314.60495 15.67557 4.238889 350.570068 1655.69809 25.071562 3.724117
1833.93219 3755.469398 9.03324 3.135789 184.906158 3517.09487 42.975016 2.533104 -86.619263 3374.329455 41.312877 2.035801 -715.684509 3570.971985 31.566507 0.464097 -549.568634 3713.154907 29.031748 0.643546 -1860.453658 3124.307308 43.729354 0.455246 -288.067169 2073.554382 39.31758 2.329748 473.770905 1554.893341 32.479683 4.01163 1226.848755 1103.206787 26.636751 5.263415 142.521362 2000.858459 19.804277 2.231848
1860.953827 3739.483452 8.587702 5.829809 247.775574 3463.535395 39.927204 3.300572 59.201202 3258.885021 33.411195 3.07675 -661.791077 3802.983589 30.283762 0.064225 -547.441406 3651.560822 29.789226 0.959846 -1987.986822 2936.186142 30.424823 0.027016 -652.869186 1993.072815 23.709792 2.80308 173.810272 1652.495422 23.957763 3.607093 852.776031 1151.754456 19.52647 5.10646 -40.979156 1737.548676 15.339634 3.415819
1824.640808 3762.433624 10.296967 5.071782 263.843536 3510.872507 38.695589 2.933701 114.17572 3286.331158 30.128763 2.965744 -564.624481 3616.527729 26.865557 0.428296 -659.806976 3646.019039 35.322046 1.049605 -2147.596855 2860.78968 18.763276 0.003418 -904.81987 2121.869278 15.652803 2.255885 -509.29184 1749.687195 10.065219 3.211008 206.773376 1377.406616 10.244038 4.096615 -453.943481 1810.20813 8.005525 3.149958
1828.154907 3755.642548 7.680246 3.671407 318.754425 3499.277611 32.155282 2.797115 206.952057 3258.125172 22.742239 2.998417 -592.182312 3607.243423 26.140905 0.389821 -528.748169 3527.393475 26.47208 1.526719 -2387.87426 2784.325676 8.369471 0.035226 -1139.406586 2179.289398 10.750603 1.900931 -879.508591 1862.776031 5.574314 2.603905 -300.881195 1463.069916 5.443731 3.614573 -591.183167 1887.325134 6.744305 2.712193
1863.532867 3771.561966 6.483395 2.716835 355.035706 3504.241714 30.494117 2.764982 281.906433 3301.628952 19.629886 2.654797 -524.255524 3614.958878 24.216043 0.375502 -453.453064 3471.969976 23.504182 1.860528 -2519.194946 2774.89212 3.391334 0.046584 -1269.243622 2267.520142 7.694114 1.559226 -1145.278549 1962.909088 2.782038 2.209017 -505.232239 1690.25589 3.728448 2.721693 -730.093536 2052.367859 4.873097 2.077075
1866.818237 3779.591522 6.37023 2.04378 309.593506 3494.209442 33.230342 2.835103 349.991455 3363.224791 16.719306 2.159599 -555.00946 3492.757835 25.215128 0.722326 -401.02951 3519.253845 21.334745 1.563753 -2551.506844 2796.357346 2.539261 0.023765 -1251.595001 2260.119095 8.044646 1.574302 -1416.356163 2342.282562 0.961382 0.979741 -592.65213 1970.555115 3.112755 1.777111 -626.188812 2186.774673 6.156509 1.606444
1893.548431 3765.221367 6.286016 2.514803 505.115662 3483.735046 23.666027 2.880761 288.508606 3400.683651 20.476582 1.855641 -446.302185 3516.961145 22.582194 0.622849 -431.927032 3529.898224 23.665475 1.47082 -2619.053497 2851.303635 0.806114 6e-06 -1000.684738 2149.2276 13.427949 1.995016 -896.018906 2275.103378 4.994004 1.142556 2.452545 2181.187515 8.089976 1.19039 -522.030487 2209.89769 7.24538 1.514086
1975.993347 3761.038628 4.124907 3.31905 442.282104 3473.157711 28.367234 3.085314 379.855194 3346.568429 17.539578 2.29617 -458.725891 3566.961575 23.729203 0.498 -320.339355 3565.406876 20.077986 1.326008 -2570.474548 2875.566483 1.161194 0.001401 -780.751801 2178.655853 19.175381 1.905507 -714.016342 2311.93573 6.93099 1.064433 241.092682 2113.127365 10.557791 1.38327 -272.979889 2132.18338 10.797474 1.792248
1923.434296 3670.34874 6.566658 11.16485 397.601929 3481.132584 31.627847 2.875647 297.006836 3436.191664 21.783642 1.60619 -574.99649 3447.990227 27.900884 0.847737 -6.424103 3741.929893 9.895109 0.534442 -2429.945564 2888.337746 4.19424 0.009403 -619.264221 2247.93251 24.273037 1.585304 -396.037292 2085.243378 11.610035 1.719132 542.519379 1944.715424 14.421417 1.826728 -40.954895 1990.906677 14.970954 2.258111
1922.529907 3649.068813 6.303634 14.463286 461.755066 3440.165262 27.542343 3.364736 175.123749 3323.244476 27.539132 2.408882 -494.261475 3457.525616 25.00176 0.823378 -452.101135 3774.185448 25.845801 0.442526 -2295.819893 2900.806427 9.694814 0.014592 -439.241943 2252.406845 31.495724 1.579184 -86.517487 1938.943634 17.7139 2.263865 801.537781 1873.349304 18.503595 2.057551 122.219696 1885.699158 18.66712 2.686161
1936.349335 3645.454693 6.203404 14.287614 457.815552 3442.314034 28.39648 3.284338 255.407715 3331.90778 24.001258 2.307047 -422.706299 3520.284195 23.109534 0.596765 -397.532654 3633.037395 23.941674 0.941884 -2159.411888 2901.600647 16.454614 0.018153 -269.713745 2176.888962 38.328687 1.858234 164.564362 1803.280029 23.187457 2.803314 883.477631 1550.426025 19.670607 3.202239 178.611298 1714.882507 19.711469 3.415957
1926.932678 3685.730591 6.296844 11.975757 447.831268 3492.397575 28.555692 2.987688 241.724243 3280.538225 24.326225 2.900741 -431.740417 3612.858791 23.167593 0.402966 -314.118958 3529.796772 20.184363 1.573797 -2087.282619 2893.640594 21.662582 0.003194 -324.030762 2033.07663 36.220595 2.609479 171.415863 1768.885193 23.529996 3.060764 691.607971 1457.450562 16.690623 3.684793 121.248016 1778.691711 18.548032 3.231048
1936.548615 3689.14278 6.059555 11.857526 476.182404 3477.217703 27.192019 3.184214 313.92868 3304.866791 21.032584 2.720961 -367.138824 3625.405865 21.329546 0.37795 -259.844055 3495.848274 18.230609 1.785352 -2155.955753 2864.513855 16.871815 0.000482 -391.150513 1995.571289 33.161628 2.80794 158.152008 1671.573639 23.112163 3.530566 766.929169 1322.905273 17.814918 4.295552 195.641479 1686.930847 20.193087 3.672496
1944.954529 3714.686832 5.646449 14.243266 551.628876 3536.041946 23.106828 3.006294 355.448761 3331.703806 19.063479 2.852197 -382.137604 3661.52235 21.718093 0.394599 -383.751221 3623.195553 23.125046 1.315374 -2293.714485 2878.435287 9.506731 0.00877 -797.546997 2133.300018 18.301055 2.349169 -253.850403 1747.197876 14.211641 3.372523 398.121643 1118.829651 12.433766 5.513886 -34.942474 1786.652832 15.116218 3.40271
1925.303192 3743.646278 4.445737 7.339042 466.315918 3504.447155 24.819793 3.059927 411.29837 3428.057401 14.591486 1.921741 -439.032135 3549.319162 21.861863 0.638058 -315.006409 3728.399239 18.273256 0.724983 -2509.908333 2914.651184 3.406884 0.003899 -1084.079437 2218.471298 11.694554 1.860778 -901.875992 1882.010345 5.115737 2.646909 -182.345581 1717.935028 6.379369 2.721215 -465.178986 1900.666656 8.330102 2.779567
1944.521942 3744.729309 4.093794 7.674555 528.47229 3516.017113 22.103204 2.979884 477.289276 3461.69486 12.46748 1.726878 -372.898865 3639.776878 20.179143 0.392861 -311.003876 3660.773716 18.458715 1.025145 -2582.872696 2947.892532 1.509052 0.018024 -1161.518173 2316.449509 9.632754 1.495562 -917.075653 1915.241852 4.843609 2.526156 -173.791199 1770.158234 6.376086 2.547539 -520.597076 2065.591888 7.375615 2.145257
1930.099182 3774.481239 5.310169 5.074763 531.11557 3580.680466 22.952756 2.341878 562.487488 3551.901274 10.234315 1.2077 -312.542725 3691.742191 19.022937 0.279241 -282.165222 3772.465401 18.110759 0.590432 -2628.424683 2996.584625 0.542953 0.061671 -1127.913971 2362.377701 9.952829 1.340461 -595.654602 2144.21463 8.788289 1.679362 -51.500549 1922.589417 7.395459 2.041922 -583.174591 2297.250824 6.240087 1.382947
1959.378662 3808.834114 5.055742 2.558432 562.425995 3694.483967 22.510637 1.371676 515.409393 3441.023138 12.611643 1.882457 -310.829773 3817.078896 19.609106 0.077651 -327.102966 3986.411095 20.737096 0.083944 -2659.201202 3030.836296 0.11224 0.110747 -959.689713 2318.563995 13.603194 1.498414 -833.309937 2408.895035 5.318329 0.907966 64.618225 2120.619659 8.390867 1.459594 -280.793304 2408.787918 10.494015 1.072495
1955.987244 3849.797401 5.089607 0.768032 555.882568 3782.47303 22.714178 0.815404 508.287659 3676.625595 12.779031 0.640909 -352.56073 3980.829735 20.73972 0.001755 -259.486237 4108.532867 18.011152 0.000543 -2650.825119 3096.914139 0.1738 0.238963 -804.880905 2366.117783 18.182198 1.339104 -194.308319 2313.670883 15.440556 1.167407 758.173218 2226.883087 17.762497 1.194745 -124.973297 2415.989304 13.386898 1.061948
1970.963745 3860.717964 5.382707 0.069646 513.357544 3867.860756 26.109158 0.320755 409.609375 3884.211121 17.54991 0.056813 -445.882721 4102.734604 24.268194 0.107145 -268.856049 4390.508041 19.235908 0.429551 -2548.052673 3163.884983 1.041328 0.500214 -806.14975 2422.660141 17.440447 1.082026 69.984741 2368.656616 20.618082 0.96389 975.239563 2269.840164 20.999269 1.043542 159.188385 2414.330368 18.934397 1.012022
1979.207916 3851.09066 5.236509 0.219607 524.332123 3836.049919 25.756449 0.449326 395.760345 4115.7547 18.332273 0.107734 -471.776886 4264.756927 25.234809 0.420648 -428.832092 4321.369247 26.137206 0.248165 -2522.648087 3184.090557 1.389696 0.569567 -828.549805 2425.063553 16.630616 1.077871 45.443726 2368.111801 19.95835 0.968024 942.697296 2251.352692 20.363106 1.088634 129.844055 2412.816544 18.164409 1.018604
2062.20047 3810.365372 3.077936 0.632313 531.87851 3747.488251 26.334393 0.766532 262.362061 4057.047272 25.495872 0.058586 -492.879333 4658.774261 26.520146 2.197 -416.940308 4079.998169 26.427451 0.000112 -2472.775574 3230.996895 2.007832 0.864294 -954.169312 2438.305664 12.61114 0.965539 -80.368042 2181.787033 16.833021 1.427711 654.2099 2045.07019 15.458211 1.555587 25.988159 2338.247604 15.510775 1.152309
2062.355804 3810.242882 3.078448 0.635672 531.868439 3747.413445 26.344293 0.766878 262.60376 4056.711197 25.492363 0.058201 -493.005524 4658.445435 26.53003 2.195127 -417.313385 4079.854355 26.452275 0.000106 -2472.807961 3231.135941 2.003444 0.864992 -954.951706 2438.588638 12.58631 0.964665 -81.720734 2182.550888 16.801355 1.425307 650.33905 2047.190552 15.398062 1.549655 23.455048 2339.125443 15.454357 1.149901
2334.040833 3824.51725 0.406433 0.147682 902.907104 3556.579189 9.502109 2.119499 481.474304 3654.968586 14.817775 0.530577 137.31842 3855.196762 9.431818 0.011461 -31.482544 3397.020869 11.272451 2.257322 -2524.264603 3353.328393 1.355671 1.565585 -1438.199234 2668.408356 3.404454 0.390458 -940.759811 2238.726044 3.885101 1.235454 -517.167358 2199.775772 3.055116 1.137132 -1131.671219 2136.554108 0.844911 1.738456
2301.507416 3821.680679 0.075831 2.3e-05 1045.714874 3498.873167 5.712467 2.454171 846.070099 3076.7239 4.250189 4.38576 223.490906 3611.46801 8.015538 0.300597 253.431854 3287.559814 4.614848 2.879057 -2530.858383 3231.233482 1.058911 1.009395 -1707.391777 2799.516373 0.669303 0.154567 -1658.428307 2604.065018 0.015942 0.369975 -1321.089973 2581.301498 0.041728 0.378456 -1460.918045 2104.982986 0.000286 1.768145
2332.453461 3814.509583 0.556857 0.442238 1281.100616 3480.739136 1.025467 2.925339 1289.910126 2958.963013 0.100362 6.007211 679.272614 3293.254814 1.653327 1.532644 523.931274 3210.031605 0.700825 3.731233 -2686.591721 3231.114216 0.002651 0.877157 -1826.148262 2961.832809 0.229379 0.03602 -1620.955429 2599.641724 0.082456 0.421803 -1214.391632 2554.142685 0.207685 0.457016 -1108.20755 2476.225433 1.041317 0.803066
2533.00766 3790.575523 5.37111 2.807517 1708.682098 3551.199741 1.406948 2.493222 1933.462372 2880.456123 12.407374 7.371355 1373.200226 2870.512657 0.822553 4.577356 1437.66922 3068.602409 9.965886 5.350363 -2986.253281 3239.536991 5.220837 0.784593 -1824.82779 3015.451584 0.19944 0.023272 -1353.433151 2735.128479 0.880643 0.261354 -804.828568 2738.823776 1.468827 0.252155 -1075.065079 2746.021347 1.169301 0.35097
2585.822906 3804.566612 6.810061 1.394825 2203.115997 3471.703463 13.681075 3.214087 2223.114471 3208.155003 24.011293 3.535263 2341.622772 2614.570618 15.655177 6.899256 1940.652008 2623.158798 28.123276 10.78489 -3097.532578 3137.506886 10.59847 0.438472 -1663.666401 3055.306892 0.946276 0.005568 -839.757233 3339.556608 4.814515 0.083001 -304.685974 2610.954819 4.519502 0.39896 -650.696945 2944.199295 4.662977 0.107325
2607.569733 3749.837112 8.191392 4.500437 2410.141144 3255.757418 23.385788 6.041137 2141.361542 3071.6535 20.531162 4.849424 2527.373199 2476.43013 20.982783 8.359457 1840.791168 2688.61084 24.018003 9.76571 -3245.780792 3070.734577 18.548681 0.260474 -1553.278885 3072.441311 1.985977 0.001634 -801.3134 3282.574759 5.353949 0.04902 49.007568 3428.661222 7.909198 0.082543 -277.365875 3115.66761 10.06053 0.010902
2642.18689 3676.816216 9.571547 8.711791 2209.364929 3308.029647 14.016385 4.835632 2067.81311 3003.826332 17.022331 5.271995 2359.962769 2361.634369 16.183441 9.371505 1705.281067 2594.731369 18.257927 10.685887 -3279.441681 3035.181599 21.251829 0.245659 -1504.667358 3065.18877 2.443809 4.5e-05 -738.975067 3298.753319 6.027339 0.078847 100.341034 3526.049175 8.39344 0.184096 -204.587708 3118.682709 11.204509 0.004003
2847.367096 3551.965942 22.880548 27.522957 2294.511261 3270.776434 17.555702 5.296347 1920.384674 3280.118809 11.406608 2.575603 1581.826935 2349.454346 2.328733 9.461054 1419.784393 3248.233681 9.053787 3.220487 -3211.787872 3049.717102 16.836436 0.295679 -1598.809776 3149.697647 1.480987 0.016368 -737.156982 3378.943479 6.044266 0.152974 73.642731 3636.157379 8.098172 0.310699 -320.341492 3128.26231 9.238273 0.00203
2924.331055 3528.062687 29.23972 33.523593 2202.709045 3149.917717 13.684489 7.277869 1586.004639 3160.275917 2.816441 3.650469 1147.177429 2362.56958 0.016337 9.355888 1326.267395 3118.074341 6.706058 4.393997 -3177.171326 3055.390701 14.840775 0.298782 -1705.637436 3125.763531 0.673925 0.007234 -793.360901 3376.611214 5.349319 0.146094 10.789795 3641.779327 7.421065 0.312063 -489.907227 3099.54937 6.690818 0.007562
2917.179413 3647.446213 29.21208 11.624512 1788.896332 2990.014 2.41964 10.158078 1099.880219 2852.673874 0.558638 7.045492 787.25296 2588.352127 1.008969 6.749265 762.44339 2789.863472 0.016287 7.951239 -2981.836395 3205.361099 5.41825 0.867017 -2085.908756 3268.839502 0.298257 0.095044 -1143.928528 3452.124319 2.082386 0.236933 -694.786911 3646.303101 1.963345 0.324161 -1130.164261 2997.657471 0.825626 0.043687
2896.030273 3653.798828 27.589184 10.322069 1747.191162 2870.588646 1.822622 12.618695 1055.294495 2767.227554 0.920479 8.149503 669.345551 2369.449844 1.887705 9.162802 731.711121 2599.263458 1.4e-05 10.48348 -2958.974075 3207.026558 4.558057 0.893056 -2266.64238 3200.165443 1.434934 0.044412 -1323.810959 3377.777731 0.989376 0.156364 -926.19751 3653.103371 0.937322 0.337944 -1358.458443 3025.328579 0.096719 0.028619
2844.393463 3663.152122 23.328982 7.653522 1823.131561 2771.092834 3.070825 14.612345 1170.794525 2750.327415 0.138868 8.190511 670.830231 2285.680466 1.870791 10.025489 848.014679 2506.730652 0.270117 11.653526 -3020.208511 3184.630079 6.725891 0.854052 -2224.725494 3243.376846 1.087495 0.08816 -1272.919731 3242.133369 1.264651 0.05647 -966.211548 3563.107872 0.797848 0.246495 -1465.348015 2966.787033 0.000841 0.050783
2694.864655 3766.652336 13.779552 0.53116 1964.229584 2656.066132 6.603537 17.444098 1450.838776 2557.093735 1.245154 11.085381 1053.047943 2335.044022 0.009394 9.374009 995.946503 2542.826843 1.527241 11.062773 -3164.572067 3074.498158 12.787766 0.433725 -1929.132137 3234.571085 0.008244 0.08308 -1135.965271 3202.84585 2.270273 0.036339 -913.852997 3252.641602 1.038359 0.023512 -1163.23822 3060.168114 0.751006 0.01077
2745.831757 3726.449013 15.523498 2.807277 2349.124603 2807.040215 20.018265 13.903455 1726.172943 2199.633713 5.717574 17.902301 1977.094269 2030.160675 7.792405 13.607202 1583.643341 2169.511032 13.91549 17.496603 -3251.824951 3017.567692 19.448932 0.244372 -1692.739983 3270.561242 0.758113 0.107884 -872.72438 3285.806146 4.468113 0.081893 -237.687073 3686.773911 5.085127 0.393809 -614.069977 3129.269371 5.105705 0.000805
2796.630707 3690.635643 18.886182 5.45491 2394.394379 2852.661247 22.128395 12.819305 1805.798798 2257.216568 7.761301 16.698281 2080.571442 1994.526672 9.722657 14.117487 1563.442535 2269.765778 13.205054 15.64577 -3278.08075 2985.553665 21.347569 0.174866 -1645.643444 3284.742332 1.075707 0.123751 -790.18486 3259.535518 5.375678 0.064406 -119.329224 3678.595924 6.130792 0.384232 -474.655914 3106.679516 6.888573 0.003049
2804.292908 3702.686043 17.779286 5.422358 2344.465332 2775.787048 18.646915 14.902415 1602.590942 2381.265411 2.687709 14.516991 1798.284302 2213.011169 4.571278 11.186074 1467.306519 2304.859543 9.646153 15.233822 -3223.172455 3073.545322 19.203467 0.368941 -1539.086895 3274.034295 1.800573 0.101151 -703.22258 3334.717628 6.148339 0.112988 -72.509766 3654.021053 6.353047 0.335693 -572.501297 3173.223915 5.306597 0.000194
2904.537964 3659.159775 24.212179 8.868832 2278.418884 2690.354156 15.144717 16.811579 1472.250061 2347.300873 0.817524 14.977628 1979.917297 2172.366714 7.142929 11.604835 1114.51416 2240.347214 2.191516 16.209444 -3211.32431 3064.585571 19.408193 0.370776 -1560.408154 3266.672301 1.461966 0.103276 -723.327408 3328.83093 5.716444 0.116221 -133.984833 3623.372879 5.644651 0.308981 -670.735703 3075.387917 4.015191 0.009475
2939.460907 3541.369915 29.438814 27.811849 1472.743683 2940.537872 0.045725 10.998424 1390.203094 2477.956161 0.386851 12.63376 1497.206573 1967.82135 1.461526 14.587273 1036.362457 2132.563019 1.565317 18.254147 -3018.331223 3210.609589 7.572564 0.932163 -1811.400809 3248.443422 0.149392 0.084403 -1569.646301 3149.606686 0.099721 0.011141 -651.320114 2834.000206 2.09123 0.107418 -1126.368179 3051.124897 0.750629 0.017098
2952.300415 3544.534359 29.972186 26.658822 1428.691101 2851.452141 0.232599 12.886319 1101.670837 2713.661537 0.762585 8.812089 541.366882 2681.633377 3.528688 5.709065 545.182648 2460.4142 0.903537 12.478197 -2980.619507 3253.467731 6.348138 1.162622 -1739.004421 3425.17065 0.392183 0.314428 -2093.642349 3421.023331 1.056158 0.212488 -1141.015625 3211.945095 0.25588 0.009416 -1265.417747 3109.91539 0.230127 0.002846
2938.657532 3569.823513 29.439852 22.970184 1528.106384 2869.157944 0.006738 12.620149 1367.126465 2517.370453 0.259394 12.010581 1020.164795 2225.801773 0.101291 10.962744 648.887024 2460.504303 0.209764 12.570556 -3050.950546 3274.735518 8.950106 1.246167 -1957.010136 3218.67053 0.020608 0.057928 -2131.161938 3294.946084 1.216809 0.083966 -1151.813049 3216.706171 0.250029 0.009167 -1322.488861 3066.709785 0.121795 0.013289
2914.474487 3581.017532 26.721024 23.22513 1507.798157 2860.16716 0.003757 13.10931 1448.03009 2513.209305 0.781078 12.297558 1186.634827 2226.504898 0.037413 11.120298 719.721985 2353.703079 0.030779 14.537763 -3018.175354 3312.426929 7.821088 1.389078 -1921.387587 3232.658806 0.001478 0.058953 -2002.117577 3326.506381 0.630477 0.098838 -1031.92009 3206.596632 0.509722 0.004959 -1221.280289 3056.613483 0.358565 0.020698
2859.219666 3578.593006 22.755716 23.143951 1675.194702 2930.383797 0.734282 11.489715 1682.307739 2229.05899 4.428762 17.625753 1119.551697 2053.034515 0.0 13.507348 1050.092163 2845.280838 1.730379 7.320206 -3083.051605 3242.085009 10.456926 1.022632 -1819.847822 3269.914598 0.128588 0.091963 -1456.931572 3609.067936 0.363717 0.46865 -2033.72612 3276.051159 1.36833 0.022844 -869.428787 3146.585541 2.400131 0.000719
2960.834961 3618.503399 27.24617 15.947363 1943.458557 2671.724014 4.086966 17.626498 2267.693481 2258.820114 23.314083 16.959435 1533.8797 1922.102661 1.3876 15.452167 1395.563965 2476.605988 6.938401 12.424651 -3110.05249 3191.082954 14.386178 0.795283 -1442.90123 3193.289347 2.452088 0.036888 -840.547562 3444.541893 4.176128 0.225493 -1045.937424 3632.453365 0.373598 0.304834 -661.875534 3315.216706 3.89734 0.035855
3024.402161 3548.880825 30.347242 25.995054 1828.944702 2669.327927 1.607984 17.376726 2204.907227 2379.836884 19.0641 14.375986 1771.314392 1709.326019 3.414553 18.766139 1439.185486 2332.290573 7.293953 14.604079 -3122.339478 3173.1777 16.816762 0.768678 -1442.468147 3204.274406 2.140388 0.051281 -788.412018 3475.713587 4.423693 0.281585 -630.456161 3764.501228 1.805921 0.507978 -497.565308 3290.302424 5.446792 0.029884
3018.74588 3539.300709 29.892624 27.926493 1793.504486 2737.111816 1.176659 15.639815 2035.8284 2474.898224 12.34655 12.660976 1892.80014 1934.732361 5.015293 15.072849 1215.149994 2439.95903 2.93527 12.821723 -3137.728424 3165.397491 17.74151 0.734596 -1555.601807 3187.029867 1.104977 0.0401 -980.985641 3498.117085 2.616487 0.313055 -560.074844 3721.285477 2.185405 0.441327 -776.470261 2902.715683 2.549323 0.099842
3151.480713 3553.826332 42.249952 26.681371 1813.717651 2745.470963 1.324997 15.638226 1757.089844 2611.663055 4.262231 10.513128 1853.65387 1761.032562 4.366086 18.025415 654.829407 2392.977295 0.635454 13.723551 -3090.789795 3196.162853 15.331465 0.833222 -1822.50185 3227.843561 0.002136 0.062124 -1416.802063 3107.985153 0.245448 0.001828 -673.478699 3543.279438 1.560429 0.208277 -1235.389252 3091.083851 0.130123 0.007911
3149.015656 3545.06464 43.685554 32.1013 1573.647614 2926.801682 0.000937 11.808176 872.876434 3214.668856 5.43287 3.249865 525.615234 2259.196167 4.489626 10.798114 332.136688 3365.50631 4.639629 2.45118 -3061.084671 3259.118204 12.765431 1.052221 -2220.267143 3340.960548 1.828798 0.154813 -1609.562721 3055.801544 0.002252 0.002256 -887.369537 2950.786896 0.763851 0.050354 -1461.306801 3148.232822 0.038449 0.001508
3127.315369 3578.429756 41.150367 24.399642 1460.964355 2822.1492 0.402093 14.08182 750.970001 3369.127752 8.745981 1.992871 19.967194 2677.509232 14.03602 5.962941 157.44812 3154.543304 8.611148 4.111731 -3079.806671 3248.172789 13.900056 1.020213 -2415.38311 3269.289427 4.299472 0.085505 -1942.353821 3033.585052 0.639134 0.004947 -1342.355537 2942.941933 8e-05 0.05199 -1756.927834 2976.86264 0.968705 0.062045
3127.20993 3579.223766 41.431061 25.203321 1456.701813 2813.136826 0.412248 14.41655 743.922577 3354.254977 8.875037 2.13329 25.994873 2652.337494 13.825849 6.260813 133.303223 3128.506508 9.175068 4.398556 -3091.122131 3243.573618 14.385767 0.972626 -2435.035782 3274.337797 4.55988 0.085536 -1964.513168 3043.136406 0.720071 0.004154 -1368.12088 2956.085205 0.001198 0.047934 -1725.377808 3026.620979 0.798086 0.037123
2928.380127 3637.783566 23.652856 16.38198 1890.885925 2614.647064 2.850013 19.791022 1162.851868 3142.053967 0.668166 4.004689 494.069061 2803.950844 4.800352 4.90579 843.903198 2867.979813 0.021966 7.278802 -3170.913544 3192.650719 18.772833 0.707031 -2323.175507 3305.866332 2.876 0.107832 -1585.979919 3147.660027 0.016918 0.003738 -784.068451 3366.839641 1.180995 0.053344 -1351.95282 3444.728885 0.013836 0.105476
2928.860168 3637.169113 23.710927 16.469903 1891.158752 2613.782654 2.859193 19.814011 1163.02063 3140.978966 0.664764 4.014808 494.90036 2802.368011 4.785269 4.919377 845.057678 2866.328239 0.023835 7.2982 -3170.162201 3193.45665 18.707916 0.710594 -2322.146759 3306.328568 2.860232 0.108337 -1583.845253 3148.957386 0.018519 0.003954 -781.71669 3371.460332 1.191696 0.055777 -1351.13102 3446.986551 0.014507 0.107373
2789.264374 3658.484383 12.225654 9.131301 1690.251312 2746.856003 0.241772 15.418754 1605.03891 2174.122314 1.65463 18.488299 1261.962738 1874.470978 0.034801 16.035192 1350.205231 2031.355743 5.148351 20.229484 -3209.979401 3113.438797 23.302687 0.527177 -1599.514732 3375.322893 0.733192 0.232946 -998.979111 3361.809669 2.397583 0.145614 -401.708984 3809.687767 3.099336 0.580686 -668.668823 3238.738346 3.450409 0.011358
2767.867889 3676.151581 11.226118 7.749617 1695.486298 2701.505814 0.290318 16.699872 1842.711334 2083.532944 6.289815 20.5694 1954.341583 1485.869446 5.850654 22.948516 1368.45993 1674.350739 5.598328 28.184344 -3143.558044 3195.647402 18.476446 0.840869 -1469.258938 3359.96681 1.81356 0.203976 -854.180374 3294.656281 3.702607 0.082784 -172.033081 3678.287392 4.850466 0.371523 -532.061157 3387.026739 4.969545 0.082341
2770.560608 3671.868515 11.361084 8.554386 1691.763611 2692.541504 0.268153 17.012723 1825.589905 2045.73288 5.856329 21.491292 1959.509888 1379.586945 5.927054 25.087695 1322.591553 1633.999329 4.675034 29.226686 -3134.528809 3207.938728 17.912275 0.883247 -1450.863647 3352.110586 1.996785 0.189353 -852.746658 3270.083938 3.714051 0.063427 -136.931152 3639.121017 5.145399 0.316251 -520.954895 3347.521038 5.098484 0.054405
2828.673706 3678.472633 15.286648 8.112734 1517.232056 2718.279419 0.13212 16.414785 1567.394409 1946.995697 1.322045 23.863316 1771.522827 1065.558014 3.440502 31.818095 1007.358398 1594.321899 0.641116 30.259418 -2924.296722 3329.539894 6.720708 1.525025 -1378.330612 3163.836269 2.907161 0.021769 -1046.899948 2760.562935 2.114541 0.170051 -117.258911 3072.124195 5.378991 0.005392 -661.479187 2641.537018 3.628409 0.435772
2634.209137 3689.026718 5.162026 7.136969 1171.959686 2801.594009 4.854176 14.38141 1382.572479 2643.960724 0.03773 10.079361 1859.705963 2395.662537 4.515057 8.931225 401.985016 2447.287369 3.582736 12.914423 -2617.904358 3511.798859 0.097298 2.834714 -1062.473297 2791.862602 8.103943 0.17214 -1082.324829 2494.362488 1.834436 0.576585 -137.848206 2203.24028 5.165318 1.091503 -406.875763 2432.890549 6.598547 0.855333
2533.445435 3719.946785 2.238324 3.826991 874.941406 2798.869743 13.929548 14.291557 929.421387 2459.697342 4.26423 13.045624 1503.086853 2142.60498 1.005757 12.115152 253.838196 2522.550735 6.339452 11.632285 -2535.72113 3592.202873 0.128682 3.606668 -803.227615 2599.452362 14.596202 0.483094 -756.413193 2323.10524 4.823392 0.946824 -362.414551 1491.712952 3.460794 3.355244 -264.114685 2272.358093 8.790264 1.252324
2425.668488 3740.041008 0.391562 2.906114 757.077332 2773.72036 18.843237 15.06889 787.751617 2408.441162 7.674366 14.099638 1321.542206 2040.764618 0.183282 13.673797 91.668091 2492.874374 10.396842 12.198373 -2424.80217 3601.511612 1.470544 3.628995 -706.734467 2506.00029 17.490998 0.716252 -621.579971 2212.452698 6.468307 1.266902 -290.764771 1270.361633 4.001473 4.353714 -248.984833 2125.030136 9.066468 1.725478
2367.478943 3754.224319 0.037837 2.562436 706.548462 2768.831635 20.937633 15.405409 738.547516 2383.813171 8.935531 14.722553 1311.676025 2000.079498 0.172654 14.413221 5.484467 2477.721481 12.810091 12.575096 -2355.539703 3603.71069 3.167547 3.56739 -652.361984 2438.753891 19.386486 0.923173 -557.943649 2145.185928 7.394846 1.498559 -316.178131 1391.253204 3.855306 3.847007 -245.589142 1995.493927 9.21598 2.213907
2332.906342 3754.801521 0.002903 3.15441 753.332672 2777.175102 18.539563 15.440167 775.245819 1940.921783 7.73319 24.500158 974.203949 1142.827301 0.42558 30.547459 332.726288 1818.557434 4.464171 25.442814 -2339.14856 3581.150551 3.752401 3.271188 -682.939758 2587.384109 18.554114 0.564832 -723.960037 1832.584991 5.338677 2.696928 15.17746 1384.016571 6.756601 3.921715 -227.054901 1858.59024 9.589778 2.798297
2529.217529 3775.670776 2.118606 2.437991 882.293396 2790.839157 13.668703 15.340491 978.128662 2071.129608 3.319571 21.653857 1329.13269 1389.629517 0.196093 25.539042 565.235901 1960.487976 1.309683 22.542062 -2339.809227 3530.896845 3.35241 2.755919 -847.992172 2682.554474 13.352511 0.387742 -667.560501 1913.024597 5.853158 2.403782 -200.7341 1125.144958 4.687845 5.198641 -301.296997 1827.948761 8.205456 2.970812
2614.485474 3886.67099 3.735403 0.018677 1257.699585 2708.331528 3.475398 18.04332 1229.902954 1925.488586 0.471502 25.664629 1180.236816 1008.034821 0.015053 34.334998 864.150391 1790.637665 0.003083 26.811218 -2471.456223 3519.517851 0.39839 2.486262 -937.829971 2736.28067 10.398965 0.330864 -746.919632 1874.268036 4.618406 2.65524 -561.290359 1072.99469 2.046337 5.584044 -855.7621 2198.560715 1.750142 1.649549
2612.167664 3847.099075 3.534797 0.440042 1592.192383 2630.568466 0.015292 20.2564 1828.508911 1797.371979 5.393296 29.014854 1694.416504 1092.455902 2.28979 32.440009 1350.144653 1780.15274 4.777699 27.107568 -2541.497498 3479.216952 0.00524 2.164556 -1235.292397 2703.429794 4.498356 0.394521 -1254.73671 1796.504974 0.728852 3.004252 -1075.74707 1089.367676 0.201385 5.509835 -874.220963 1931.497803 1.595877 2.637068
2737.15683 3717.283936 9.170163 8.922161 2200.802155 2636.039886 9.964352 19.865882 2387.323456 1766.031952 27.269329 29.62776 2325.095978 873.421173 12.823694 37.407855 1967.303314 1958.624268 24.762792 22.926808 -2628.18512 3488.893547 0.225438 2.297866 -1664.249687 2534.901657 0.362784 0.756033 -1833.840761 1792.058868 0.331739 2.986864 -1862.960958 1003.929291 1.030195 5.921362 -1382.867928 1736.026306 0.002189 3.459096
2851.71051 3704.380836 16.068157 13.518242 2614.294434 2595.836258 28.697299 21.6916 2715.702209 1840.762329 47.683392 28.263657 2929.312439 919.587708 30.605414 36.848249 2190.6073 1739.530182 35.783816 28.416339 -2758.342133 3454.715614 2.029126 1.886986 -2054.41473 2564.30275 0.656971 0.739768 -2416.320953 1772.779999 4.158597 3.18015 -2462.838669 930.744934 4.591502 6.456302 -2098.239365 1766.773071 3.7277 3.423608
2890.978241 3688.316269 20.508474 17.367061 2919.338837 2667.709732 50.253178 19.896357 2952.133331 1842.049408 67.603155 28.481129 3435.57663 964.503021 52.300632 35.997227 2829.585724 1620.274506 79.412805 31.575813 -2947.808228 3487.970161 7.151033 2.051658 -2424.041634 2707.245712 4.312746 0.434507 -2787.966461 1886.180267 8.524161 2.718073 -2884.851379 1157.333832 8.391638 5.284069 -2485.220947 1706.348267 8.3693 3.75807
2877.34848 3686.518726 19.554449 16.794773 3054.228668 2534.389801 60.890715 23.666896 3140.822296 1739.545593 84.284972 31.085637 3655.832977 881.827393 63.052229 37.871391 2835.71579 1629.333038 79.952957 31.212533 -2967.624435 3454.571273 7.942195 1.857685 -2557.148132 2699.789276 6.560656 0.438566 -2752.143707 1906.232147 7.992817 2.610241 -2956.87233 1126.734772 9.192067 5.414081 -2347.365837 1794.735718 6.380069 3.313513
2853.381042 3687.556324 17.297861 11.810723 2955.510864 2583.8517 52.441561 21.182517 3198.293152 1727.609711 88.954699 30.495979 3700.715027 864.899902 64.949915 37.464172 2860.231934 1628.044128 81.2721 30.410544 -2961.393127 3389.54801 8.013135 1.651003 -2572.069702 2721.444473 6.995554 0.335317 -2801.483536 1895.947876 8.832761 2.513653 -2909.743271 1103.079987 8.747162 5.36281 -2292.586708 1741.443939 5.768068 3.404754
2811.677704 3720.838776 14.682948 6.769182 2820.506134 2596.888199 42.788906 20.506821 3078.991852 1721.77124 78.1135 30.372999 3426.798553 796.33667 51.657541 38.899494 2725.713654 1624.22821 71.057738 30.248825 -2955.266342 3366.789701 7.667731 1.57301 -2522.871017 2808.415375 6.038272 0.186966 -2789.616699 1944.085999 8.624634 2.278781 -2731.139679 1068.344116 6.840892 5.489504 -2274.588165 1796.844177 5.515742 3.105604
2689.856873 3745.949554 8.877573 4.136926 2584.014282 2806.303368 29.087599 14.837581 2661.579285 1945.918427 46.505995 24.491276 3084.536743 1037.998657 37.812759 33.010259 2533.981323 1681.034546 58.737804 28.755628 -2934.858398 3347.685041 6.127086 1.483947 -2475.53093 2907.245064 4.911041 0.0765 -2640.883255 2055.50766 6.317488 1.847186 -2513.19664 1215.182343 4.699114 4.726085 -2187.976227 1926.294403 4.284804 2.538573
2621.723938 3753.57048 5.603276 3.043569 2380.871887 2988.470039 18.414833 10.577761 2520.32959 2094.175797 36.892752 20.847695 3232.335815 1366.964569 43.609001 25.744061 2316.688538 1824.872131 44.578859 25.23558 -2786.448822 3399.163928 1.965297 1.861752 -2425.315895 3005.016823 4.220905 0.013914 -2630.301819 2218.060074 6.260244 1.296284 -2372.146416 1591.696625 3.656423 3.046094 -2009.526367 2063.477631 2.602792 1.990537
2496.6185 3816.457176 2.092578 0.006131 2270.279083 3219.922438 14.289491 5.973365 2229.929047 2388.05481 21.835706 14.31762 2875.792084 1641.676636 30.292005 20.044998 2064.173737 2758.248711 31.590256 8.28878 -2776.396103 3402.888579 1.497677 2.055801 -2534.080734 3298.826218 5.774407 0.130507 -2638.807983 2559.651413 6.196367 0.440987 -2389.542923 1984.101257 3.684231 1.639031 -2096.19894 2213.942871 3.265232 1.417529
2421.403046 3869.819908 0.938377 0.810976 2061.554108 3489.246311 7.683246 2.558546 2036.868439 2757.231255 14.314153 8.303833 2790.022125 2134.757614 27.92362 12.231403 1969.708099 2401.326294 27.872943 13.565972 -2778.729477 3396.49899 1.233969 1.995295 -2583.324661 3324.720204 6.349885 0.157597 -2537.177277 2635.930328 4.788489 0.322585 -2397.514381 2007.618408 3.616655 1.578621 -2057.821846 2631.521988 2.753829 0.444719
2459.176788 3888.815193 2.179057 1.103623 2122.868805 3607.394848 10.366889 1.590891 2080.654144 3292.368841 17.015845 2.539125 2629.073029 2985.479088 23.466168 3.318171 1785.477448 3159.347057 20.884614 4.042784 -2604.589615 3461.155005 0.145334 2.387751 -2710.599289 3570.934067 8.404261 0.564242 -2818.791885 3551.498718 8.070638 0.366085 -2726.895599 3712.663498 6.15284 0.402343 -2781.453476 3349.244444 12.345817 0.050159
2430.926819 3894.521751 2.344633 1.366371 2186.760864 3892.663727 13.989604 0.128144 1737.690735 3815.838623 6.584491 0.093249 2138.265686 3764.333725 11.439416 0.070781 1330.512695 3467.294664 7.361894 1.742316 -2611.134872 3359.720857 0.354281 1.67672 -3147.05658 4290.223999 19.087834 3.369679 -3049.740143 4115.649872 11.13518 1.788567 -3462.633362 4317.453537 14.496316 1.715881 -3274.511871 4001.532898 22.347774 1.096144
2409.895325 3889.104843 2.093686 2.670086 1953.509521 4201.175842 6.597755 0.50597 1669.024658 4165.748901 5.167781 0.394338 2031.212769 4247.205353 9.447133 0.573211 1371.017761 3905.86792 8.644519 0.073569 -2598.078461 3282.961822 0.601065 1.388318 -3110.480804 4456.168442 17.601797 4.539065 -3263.386688 4388.742294 14.824031 2.99338 -3816.891327 4983.901367 19.870713 4.355582 -3311.792145 4847.895203 23.0154 4.629141
2378.677673 3895.573235 1.844822 3.008781 1820.353699 4454.117203 3.900714 2.27134 1546.61377 4456.064377 3.088257 1.792125 1945.294189 4861.288757 8.200937 3.92192 1290.487061 4436.190796 7.153839 0.834764 -2569.683685 3294.090681 1.308209 1.446882 -3227.439575 4732.980347 20.690531 6.480923 -3260.67627 4933.181458 14.375809 5.927756 -3684.095001 5229.403687 17.367808 5.568103 -3281.602325 4968.852386 21.745765 5.30159
2309.273987 3885.037766 0.847914 2.788662 1734.607239 4673.719635 2.591287 4.945874 1481.676025 4639.572296 2.285251 3.266808 2005.363159 4879.232178 9.665634 4.122846 901.522217 5435.738525 1.056484 10.036606 -2561.619492 3340.295253 1.764312 1.78274 -3231.385956 4971.427917 20.277791 8.502027 -3571.4328 5308.887787 20.579115 8.59231 -3963.056641 5684.217682 21.758446 8.267559 -3345.277252 5449.046783 22.929439 8.508669
2294.080353 3872.949333 0.49246 2.577057 1719.938202 4750.912018 2.168811 6.227478 1445.228119 4785.834503 1.612384 4.789177 1854.062347 4846.537323 6.694423 3.93073 1164.21402 5807.632294 4.574633 16.163485 -2523.288078 3316.50212 2.346235 1.684254 -3174.51889 5075.121307 18.804876 9.518374 -3541.296844 5489.851837 20.150076 10.095041 -3975.731049 5929.08905 22.184885 9.975404 -3241.219788 5658.333282 20.637698 10.187651
2249.281006 3933.903313 0.382914 7.40761 1611.423035 4836.126404 1.175306 7.599459 1305.794983 4863.070831 0.547577 5.626144 1989.173279 5222.95105 9.809883 7.446156 725.420532 5507.762909 0.124514 11.176146 -2513.808441 3437.430878 3.479236 2.532176 -3201.777344 5342.328796 18.567842 12.137603 -3685.518188 5773.379211 22.713908 12.543295 -4147.889709 6347.949829 24.703426 13.126417 -3443.654785 6042.115479 24.871213 13.486685
2211.292114 3895.988312 0.367719 7.845865 1494.73877 4881.112061 0.437806 9.192404 1216.845703 4898.492126 0.225121 6.566104 1858.961487 5172.939453 8.017434 7.359836 651.181335 5432.515106 0.034592 10.684812 -2509.785614 3453.620968 4.712192 3.012824 -3174.015656 5415.305176 16.596187 13.37542 -3763.588562 5867.1698 23.72802 13.822434 -4296.790466 6622.367554 26.864498 15.810958 -3487.286682 6244.930725 25.060384 15.849661
2192.958832 3893.289566 0.229314 7.358159 1484.643707 4935.252686 0.388958 10.220554 1224.532928 4932.987366 0.278733 6.982855 1879.47403 5316.443176 8.447891 8.97294 601.495819 5435.609283 0.000437 10.701917 -2470.769157 3475.034237 6.183735 3.182926 -3118.292313 5463.149261 14.894227 13.886266 -3725.341187 5974.599915 22.724918 14.858639 -4291.524811 6776.094971 26.704852 17.18717 -3447.257538 6360.804138 23.935189 17.014193
2177.218781 3892.946815 0.119546 8.024468 1475.589752 4960.028229 0.329388 10.865107 1224.817963 5026.116638 0.278178 8.339088 1967.668915 5564.169464 10.164029 12.272172 533.552399 5449.227448 0.104293 11.000577 -2414.512329 3485.860806 8.456594 3.339228 -3055.292892 5520.091858 13.177617 14.609276 -3705.921783 6107.189941 22.268102 16.283252 -4305.359955 6858.961182 26.983928 18.025395 -3445.822449 6392.855225 23.908083 17.418847
2182.295685 3902.093811 0.150787 9.193572 1472.339935 4959.024963 0.310501 10.87079 1211.926422 5029.578094 0.213986 8.406488 1964.297028 5649.146729 10.096828 13.508015 499.877319 5443.801727 0.222259 10.939019 -2407.232628 3493.998241 8.782469 3.425091 -3050.240936 5543.13324 13.041573 14.890708 -3674.102478 6142.637024 21.512775 16.669913 -4076.729279 7067.532349 22.672548 20.069195 -3407.950134 6469.897461 22.934975 18.25282
2187.137756 3910.984116 0.176377 12.003787 1472.788696 4891.087189 0.307238 9.770088 1187.962952 5007.244873 0.113041 8.284243 1860.923767 5722.691193 8.081624 14.818776 488.045654 5467.780304 0.278983 11.504687 -2360.421638 3490.340881 10.94914 3.518145 -3028.748016 5568.899841 12.505508 15.353499 -3656.442719 6178.942261 21.123617 17.204007 -4199.203491 6942.064819 24.953668 18.967241 -3371.17981 6507.519531 22.036469 18.810193
2190.782471 3909.044418 0.167426 11.958534 1467.412109 4899.312134 0.249881 9.965174 1197.669067 5016.664124 0.129796 8.44089 1861.557007 5729.385529 8.003058 14.946478 472.984619 5455.873108 0.380262 11.348608 -2330.38559 3499.901867 12.236755 3.622724 -2981.809235 5587.078094 11.442046 15.587901 -3611.816864 6197.554932 20.21086 17.422144 -4147.172089 6991.071472 24.071062 19.462434 -3276.05011 6543.650208 19.85066 19.225065
2195.529022 3907.746735 0.229721 11.543859 1467.072601 4907.229004 0.26816 10.086328 1173.491974 5009.284363 0.065991 8.309346 1850.175934 5704.33136 7.865183 14.533918 462.168274 5443.443756 0.419764 11.13396 -2325.440521 3509.596462 12.699765 3.697016 -2977.548523 5603.826752 11.244529 15.765485 -3602.885742 6218.115234 19.923376 17.625151 -4124.25705 7028.147583 23.578224 19.810759 -3258.536758 6571.270752 19.351903 19.510879
2197.583008 3899.580307 0.22328 11.505351 1463.579407 4886.87439 0.234549 9.837198 1164.425049 4984.799652 0.038594 8.075528 1837.312927 5665.275726 7.584664 14.063187 456.2854 5418.739166 0.471418 10.883792 -2316.890221 3511.329803 13.006693 3.789166 -2960.684738 5604.839783 10.90368 15.87195 -3570.682373 6224.57489 19.26632 17.781546 -4069.743042 7046.102905 22.638253 20.068197 -3209.407349 6589.248962 18.288807 19.799839
2197.61795 3899.561996 0.223371 11.504638 1463.603058 4886.832275 0.23455 9.836617 1164.422455 4984.725189 0.038543 8.074667 1837.309418 5665.179291 7.58419 14.061936 456.309967 5418.686829 0.471411 10.883208 -2316.832008 3511.348724 13.008589 3.789472 -2960.601578 5604.86618 10.902234 15.872421 -3570.555725 6224.625244 19.264025 17.782237 -4069.553833 7046.190491 22.635264 20.069201 -3209.244766 6589.32373 18.285653 19.800821
2198.384857 3898.793182 0.225322 11.482427 1464.348907 4886.027985 0.235718 9.832517 1165.015106 4983.899536 0.038693 8.07148 1837.995453 5663.797302 7.587171 14.050195 457.228394 5418.143158 0.468979 10.884004 -2315.540829 3511.713352 13.050723 3.798768 -2958.486404 5605.223389 10.863639 15.883885 -3566.783905 6225.334473 19.191798 17.796534 -4064.045258 7047.429504 22.54543 20.087573 -3203.750992 6590.733032 18.173076 19.823346
2205.933228 3898.979263 0.234461 11.44029 1470.825195 4883.361969 0.236141 9.769623 1170.31311 4979.612427 0.036542 8.004588 1842.592773 5655.114136 7.55547 13.91295 463.815155 5414.646301 0.467811 10.824858 -2302.791748 3518.147583 13.399308 3.856239 -2941.716766 5611.991577 10.614686 15.959117 -3544.558716 6235.784607 18.842388 17.905458 -4032.043152 7064.655762 22.087332 20.255161 -3179.282303 6605.775146 17.767111 19.986816
2214.437103 3898.867188 0.214012 11.559431 1477.268219 4879.374542 0.212801 9.711278 1167.983246 4977.027588 0.01515 7.982982 1843.968353 5656.382904 7.384643 13.947209 475.772858 5418.500671 0.462764 10.896961 -2288.238373 3523.09803 13.589491 3.914714 -2922.77565 5617.443085 10.428958 16.037247 -3516.491547 6244.544983 18.47193 18.013089 -3951.350861 7114.06189 20.866541 20.765075 -3156.472626 6619.376221 17.507021 20.1521
2255.898895 3888.318405 0.221551 11.177891 1526.69632 4869.554901 0.258493 9.667404 1205.005646 4976.848602 0.011145 8.086273 1842.523346 5685.536957 6.671951 14.500384 496.316376 5417.238464 0.590446 10.990721 -2237.37133 3530.11322 14.172968 4.059357 -2869.710999 5627.329865 10.133596 16.248853 -3441.29364 6218.929749 17.72453 17.815193 -3831.458282 7151.216736 19.515532 21.222755 -3081.22261 6620.661011 16.744758 20.252688
2285.260162 3880.554352 0.157767 11.107548 1562.79068 4860.871124 0.24699 9.638516 1246.297455 4967.742767 0.014613 8.059831 1853.722687 5698.099823 6.231073 14.802559 508.027191 5407.054596 0.784617 10.946655 -2201.571465 3535.111141 14.033268 4.182301 -2830.295258 5641.277618 10.106823 16.506916 -3382.900238 6232.348633 17.298268 18.041803 -3706.862183 7171.175842 18.09808 21.503124 -3007.593002 6611.876221 15.986824 20.234857
2291.173248 3871.390686 0.167725 10.984816 1566.461945 4867.669525 0.243099 9.935129 1247.600861 4969.377899 0.011051 8.197678 1853.827972 5691.304779 6.162227 14.824118 513.44162 5418.419189 0.776829 11.238465 -2197.055473 3537.656651 14.038838 4.291988 -2829.478455 5642.043915 10.190806 16.616855 -3380.087128 6188.783264 17.332054 17.654229 -3892.896118 7086.423645 21.296197 20.717936 -2948.705597 6607.56958 14.853721 20.279023
2286.121826 3891.654129 0.137563 11.716779 1562.147827 4877.77298 0.223036 9.846062 1248.010559 4996.648865 0.011895 8.377271 1863.545837 5765.295715 6.323862 15.751272 526.303406 5465.284271 0.677161 11.728397 -2201.749477 3573.883705 13.795461 4.517274 -2824.501953 5681.71463 10.066261 16.926465 -3321.752625 6264.570618 16.117238 18.327604 -3878.663635 6996.619263 21.041808 19.670804 -2965.48378 6705.764771 15.190698 21.239573
2286.387024 3891.454697 0.138788 11.682342 1562.570496 4877.604523 0.224816 9.841455 1248.641968 4996.574707 0.012527 8.375308 1863.982239 5766.049042 6.329844 15.762198 526.585541 5464.537659 0.675587 11.71597 -2201.84309 3574.07547 13.786543 4.518623 -2824.405823 5681.915741 10.065552 16.928167 -3321.045685 6264.883423 16.10421 18.330369 -3877.453308 6996.39679 21.021929 19.66797 -2964.816132 6705.161743 15.178268 21.231825
]