08-10-20_David_4K.white_alligator_above_blue_wall.0000000004 [ 1.750712 22.475281 3.886557 1.416713 9.624399 0.00078 0.0 0.0 0.0 0.472307 11.475219 0.359484 0.0 0.0 0.0 10.075934 8.086264 4.691602 0.0 0.0 0.0 0.030616 10.288779 0.934729 12.865449 9.564222 21.781857 22.069753 30.954289 29.127572 0.0 0.0 0.0 20.971186 33.207971 14.084035 0.0 0.0 0.0 18.388593 30.623931 0.1282 0.0 0.0 0.0 23.566599 29.499525 10.47473
1.820529 27.083374 4.132783 1.149697 10.257965 4.4e-05 -93.017921 -142.658234 -14.829712 1.218181 9.413047 0.25983 -211.892929 166.655273 140.552368 5.880962 9.706972 1.978676 -88.970184 -24.825134 52.111816 0.412387 9.94757 0.498843 13.821177 11.6669 21.696291 22.695522 31.473016 27.702605 -28.086243 44.03656 -32.337646 21.55489 34.048373 13.087885 -67.981873 72.175903 -24.279175 19.44028 31.730833 0.076647 50.665588 201.851807 -53.192139 22.483476 32.962984 9.221301
1.823312 27.099795 4.134639 1.147576 10.261504 3.1e-05 -0.27092 0.04715 0.19165 1.22086 9.413695 0.261015 -0.622711 0.386658 0.325317 5.870288 9.710904 1.973735 -0.408211 -0.007629 0.258179 0.415145 9.947466 0.497022 13.82108 11.669119 21.707208 22.699157 31.475779 27.722989 -0.357971 0.278015 0.714111 21.562381 34.053712 13.109488 -0.837097 0.649109 0.932007 19.453412 31.740877 0.078382 -0.263367 0.282593 0.661621 22.489041 32.967967 9.236402
1.823312 27.099795 4.134639 1.147576 10.261504 3.1e-05 0.0 0.0 0.0 1.22086 9.413695 0.261015 0.0 0.0 0.0 5.870288 9.710904 1.973735 0.0 0.0 0.0 0.415145 9.947466 0.497022 13.82108 11.669119 21.707208 22.699157 31.475779 27.722989 0.0 0.0 0.0 21.562381 34.053712 13.109488 0.0 0.0 0.0 19.453412 31.740877 0.078382 0.0 0.0 0.0 22.489041 32.967967 9.236402
1.823312 27.099795 4.134639 1.147576 10.261504 3.1e-05 0.0 0.0 0.0 1.22086 9.413695 0.261015 0.0 0.0 0.0 5.870288 9.710904 1.973735 0.0 0.0 0.0 0.415145 9.947466 0.497022 13.82108 11.669119 21.707208 22.699157 31.475779 27.722989 0.0 0.0 0.0 21.562381 34.053712 13.109488 0.0 0.0 0.0 19.453412 31.740877 0.078382 0.0 0.0 0.0 22.489041 32.967967 9.236402
1.823352 27.100172 4.134681 1.147544 10.261599 3.1e-05 -0.004692 0.003204 0.004272 1.220906 9.413739 0.261042 -0.011673 0.010986 0.007324 5.870089 9.711016 1.973624 -0.007553 0.003357 0.007324 0.415196 9.947512 0.49697 13.82108 11.669212 21.707439 22.699208 31.475837 27.723325 -0.005798 0.005188 0.012207 21.562502 34.053811 13.109858 -0.013733 0.011292 0.016479 19.453627 31.741052 0.078413 -0.004272 0.005493 0.010986 22.489131 32.968064 9.236652
1.823352 27.100172 4.134681 1.147544 10.261599 3.1e-05 0.0 0.0 0.0 1.220906 9.413739 0.261042 0.0 0.0 0.0 5.870089 9.711016 1.973624 0.0 0.0 0.0 0.415196 9.947512 0.49697 13.82108 11.669212 21.707439 22.699208 31.475837 27.723325 0.0 0.0 0.0 21.562502 34.053811 13.109858 0.0 0.0 0.0 19.453627 31.741052 0.078413 0.0 0.0 0.0 22.489131 32.968064 9.236652
1.823352 27.100172 4.134681 1.147544 10.261599 3.1e-05 0.0 0.0 0.0 1.220906 9.413739 0.261042 0.0 0.0 0.0 5.870089 9.711016 1.973624 0.0 0.0 0.0 0.415196 9.947512 0.49697 13.82108 11.669212 21.707439 22.699208 31.475837 27.723325 0.0 0.0 0.0 21.562502 34.053811 13.109858 0.0 0.0 0.0 19.453627 31.741052 0.078413 0.0 0.0 0.0 22.489131 32.968064 9.236652
1.823352 27.100172 4.134681 1.147544 10.261599 3.1e-05 0.0 0.0 0.0 1.220906 9.413739 0.261042 0.0 0.0 0.0 5.870089 9.711016 1.973624 0.0 0.0 0.0 0.415196 9.947512 0.49697 13.82108 11.669212 21.707439 22.699208 31.475837 27.723325 0.0 0.0 0.0 21.562502 34.053811 13.109858 0.0 0.0 0.0 19.453627 31.741052 0.078413 0.0 0.0 0.0 22.489131 32.968064 9.236652
1.635757 28.320304 4.581581 1.255446 10.358876 2.5e-05 -3.908348 -34.073486 3.153076 1.259883 8.951372 0.280924 -66.637726 62.301941 77.941284 4.783909 10.355016 0.967798 -35.776939 -16.82312 39.995117 0.692605 9.719558 0.255037 14.151048 12.976743 21.681326 22.781184 31.640197 26.597636 0.32135 -3.55957 -39.730225 21.555777 33.985484 11.934987 -7.249756 -16.448364 -43.424683 19.567546 31.487027 0.01817 15.773621 -9.121094 -49.133301 22.157084 32.807402 8.148875
1.641239 28.574677 4.74713 1.241988 10.459264 0.002962 -3.612404 7.292633 10.508423 1.296453 9.049352 0.352456 -10.094452 12.824402 13.496704 4.629055 10.490145 0.829646 -7.758369 13.440247 17.60376 0.762076 9.901462 0.173892 14.25382 12.588591 21.845911 22.933007 31.568023 26.802471 -9.139099 -3.421326 6.793213 21.747443 33.919875 12.131962 -15.883484 -0.693054 9.165039 19.818294 31.476346 0.027373 -6.904297 -7.038879 4.984131 22.302121 32.683685 8.256115
1.28731 26.321259 4.262061 1.889535 11.06351 0.002492 9.113617 -15.947876 66.932373 1.205197 8.835778 0.998273 -160.116882 95.500488 152.34375 2.513484 11.523968 0.007707 -57.260609 71.143494 239.907227 1.377471 10.892425 0.612113 14.646362 13.193857 24.772686 22.073736 31.11412 27.523024 -32.819519 -166.81427 2.211914 22.442728 30.797869 12.196447 -303.800964 -221.996155 129.348145 24.921584 28.148307 0.357645 -79.194641 -223.917542 -112.192383 23.999585 28.870031 6.011862
1.287346 26.334984 4.260553 1.888631 11.065465 0.002487 -0.134773 -0.018463 0.113525 1.206522 8.835532 0.999648 -0.643234 0.119934 0.131226 2.506278 11.525297 0.007583 -0.316715 0.02533 0.599365 1.381378 10.892787 0.61681 14.635029 13.20193 24.772637 22.064229 31.116043 27.522928 0.834961 0.152588 -0.263672 22.424903 30.800656 12.188751 1.339111 0.3125 -0.59021 24.897808 28.152861 0.355288 0.614624 0.509644 0.159912 23.986171 28.878443 6.014808
1.05189 22.200735 2.736001 1.972962 10.915275 0.0038 21.943588 -27.986145 -34.204102 1.000341 8.466911 0.628255 -56.261215 9.5578 35.649414 1.916009 11.631443 0.011135 0.447102 -6.971741 74.990234 1.375864 10.793587 1.346238 12.949735 8.745827 27.503229 18.424772 28.032502 25.25044 208.95813 -236.271362 -107.137451 18.186791 26.636408 9.262701 351.594543 -424.704285 -182.338867 19.04782 22.303471 0.000189 28.459473 -75.788879 28.421631 23.369176 27.641034 6.549877
0.916931 18.554251 2.570505 1.697632 10.715607 0.050718 -3.067398 9.204254 24.319458 1.028002 8.587278 0.883498 -85.171509 7.397461 15.897827 1.173015 11.713931 0.036639 -0.569744 2.738647 13.710938 1.382892 10.8325 1.510001 10.807517 6.116553 25.943268 12.51764 23.176191 16.283132 163.022156 -474.82132 -204.832764 15.188321 19.181984 4.784674 310.533447 -408.27774 -257.446289 14.531555 17.321768 0.765177 667.946777 5.467529 388.149414 11.196765 27.729396 16.138734
0.581645 17.519619 2.288212 1.457763 10.127977 0.059491 -0.903397 13.44223 -9.019165 1.03622 8.764594 0.783774 -160.283241 62.240601 168.006592 0.26661 12.419512 1.208011 -6.515522 6.594849 8.829956 1.464532 10.926495 1.62044 8.175199 6.207079 26.250077 9.537523 18.807786 10.970595 377.600708 -292.92511 -280.13916 9.279818 15.192169 1.033425 409.632568 -421.518097 -273.665771 9.507383 12.838224 3.204041 82.993164 -1273.440552 -931.411743 9.993625 10.957347 0.268925
0.541246 13.864232 2.667235 1.013366 9.154845 0.317881 55.718727 36.682129 -55.344849 0.590563 9.257684 0.302552 -228.278084 -42.515869 -101.848145 0.084554 11.935305 0.301231 10.431709 -11.748962 36.300659 1.334948 10.759323 2.115409 3.283534 9.926998 21.465427 5.045927 14.816686 5.049873 410.885925 -446.542358 -239.116211 4.495797 10.004086 0.000296 478.280334 -619.777832 -204.842529 4.984842 7.463107 6.125887 441.893616 -610.531311 -85.262451 4.738659 5.629073 0.039324
0.359747 12.732249 2.095525 0.602975 8.825904 0.281219 -21.637383 6.641846 -25.408936 0.748844 9.348408 0.156917 -51.912689 -10.761719 -48.883667 0.224989 11.814268 0.081079 -30.463791 3.808594 -3.286743 1.730202 10.813373 2.067882 0.042486 15.869141 11.513345 0.359718 5.145441 0.025965 302.362366 -1226.141853 573.079834 2.070555 1.311703 5.819403 799.755859 -576.875305 592.594604 0.656313 3.762092 0.243243 452.102203 -487.393036 -68.74939 1.368152 2.637552 0.003593
0.327901 13.286354 2.866087 0.135011 7.903349 0.634765 2.476273 15.251923 -22.966919 0.729778 9.558416 0.066049 -10.275669 28.98468 54.018555 0.260775 12.141665 0.332452 -7.53828 17.344666 1.281738 1.835907 11.061233 2.086352 0.15819 9.602828 2.033227 0.048829 1.382317 2.447441 703.083344 -137.319641 -1564.175415 0.021167 0.845177 17.015429 1288.004761 -865.089545 -1013.887329 2.192985 0.5648 15.085549 755.733337 -1066.350498 722.012939 0.264089 0.000185 7.034168
0.291146 12.514558 3.168859 0.006704 7.572676 1.224849 31.935692 19.559631 -13.079224 0.505928 9.831152 0.031602 2.630501 11.884155 25.960693 0.251363 12.277196 0.513865 20.962067 10.817566 -33.389282 1.549727 11.217242 1.631997 0.001511 8.369296 9.882513 0.023125 1.081445 0.00939 258.499146 -368.821926 784.135132 0.530024 0.097616 0.718696 36.024475 -685.340142 812.668457 2.386873 0.035981 1.3599 224.196091 -251.790867 119.549561 1.026871 0.160222 9.617892
0.154489 13.104117 4.330064 0.145339 7.587176 3.185356 69.750061 7.513123 -12.250366 0.159198 9.936933 0.010725 18.088856 -23.815918 -62.940063 0.191322 12.006347 0.141978 38.734665 -12.892151 -47.859497 1.084673 11.031439 1.077921 0.062346 8.312736 9.151206 0.407917 0.114711 0.188655 318.365936 -361.102467 253.68103 2.08941 0.07939 0.045146 313.688126 -251.555176 77.489014 4.422252 0.286399 0.822641 363.194046 177.158375 -844.077148 3.321316 0.016437 0.004815
0.072437 15.153793 5.944232 1.147182 9.136793 8.844768 73.155289 -0.601501 35.828857 0.005107 9.928443 0.102786 -5.779552 -45.770264 -22.919922 0.209616 11.494303 0.063995 96.297112 -78.637695 -128.217773 0.287082 9.931705 0.157787 0.103508 12.644941 3.377822 1.096487 0.129607 0.000717 388.209991 -261.765556 255.562134 5.383922 0.507656 1.639868 456.265726 -404.421844 621.625366 8.494228 1.189363 1.373467 370.075226 -263.653889 116.507568 7.005967 0.284209 0.135611
0.004788 12.800203 5.46894 1.096034 8.955794 9.175062 22.909622 -8.102722 0.249023 0.000968 9.814433 0.103755 75.652561 60.111084 143.383179 0.036234 12.169078 1.056006 30.105057 -28.349915 -27.807007 0.142667 9.549395 0.066671 0.127145 15.867825 1.473258 2.101006 0.680615 0.045022 146.663513 -186.858673 273.0896 7.026957 1.040354 5.865721 190.719442 -167.103119 507.846069 10.586714 1.74259 8.239055 98.584042 -272.798119 320.155029 8.216812 0.906421 2.467645
0.31255 11.308292 6.591122 1.454265 9.855672 14.935691 23.767776 -45.686951 60.86792 0.018914 9.183915 0.477247 60.039864 -55.019531 -124.40918 0.000481 11.550712 0.126367 2.858543 -10.915527 77.258911 0.131553 9.404196 0.415318 0.094942 19.317654 0.326581 3.429977 1.321559 0.152805 157.822304 -97.006989 183.272705 9.039045 1.391465 10.162679 140.690136 -76.738892 413.450928 12.277819 2.031942 18.088932 148.807201 -97.743073 278.80127 10.227215 1.214779 6.85473
0.471093 9.470889 5.771473 1.517322 10.126112 16.271476 21.946487 5.669708 17.180786 0.055596 9.261024 0.631877 9.975395 2.328491 21.887817 0.003272 11.576555 0.224424 -17.830124 22.428131 55.370483 0.208238 9.703743 0.848735 0.139979 21.283999 0.199407 3.883256 1.454729 0.354698 24.48288 -13.99147 109.174805 9.373846 1.446311 13.280057 43.745022 7.354889 114.465332 12.829164 2.003247 21.491782 43.783231 4.203033 262.860107 10.860579 1.200592 13.000012
1.369458 9.451022 5.723317 2.032853 10.828879 20.369145 43.677216 -3.748322 37.148438 0.186056 9.21001 1.04028 -6.959801 -46.882629 -57.473755 0.001062 11.061782 0.026642 -21.51371 33.366852 78.272705 0.324108 10.158076 1.722868 0.010667 20.743085 0.033912 5.703993 2.247656 0.5659 165.995064 21.458893 230.452881 11.804385 1.362626 21.227552 75.245361 116.682739 546.503906 13.805854 1.57531 41.778572 105.007029 17.008743 221.494141 12.457141 1.144032 19.691994
2.380144 11.230451 5.323067 2.647099 11.312187 21.426137 23.015289 -3.550262 -1.869507 0.285571 9.161821 1.017307 -3.680344 13.854065 18.665771 0.000383 11.212682 0.069732 -31.713676 24.392395 22.611694 0.54146 10.496787 2.032405 0.009213 22.421405 0.196904 7.600381 2.351472 0.684689 45.742989 60.945053 182.420654 12.523353 1.138553 28.834175 186.141891 219.352112 181.340332 16.375926 0.909857 49.986369 -21.545439 290.477104 472.575684 12.120633 0.388746 38.598062
2.384281 11.215069 5.313241 2.644902 11.310567 21.406961 0.054169 -0.314484 -0.325928 0.28583 9.157559 1.013328 0.200729 -0.536804 -1.143799 0.000412 11.206816 0.066506 -0.049934 -0.259094 -0.186768 0.541846 10.49316 2.029744 0.009686 22.403128 0.199943 7.603907 2.354463 0.680264 0.244904 -0.682526 -0.826416 12.527259 1.140951 28.797094 0.442123 -0.90744 -1.195068 16.382291 0.912236 49.92987 0.44126 -1.694603 -1.363525 12.127479 0.391998 38.534446
2.331634 11.852218 4.961204 3.233572 11.783868 22.643732 20.796509 8.151855 16.589355 0.39406 9.268368 1.225749 -0.118446 1.824646 12.30835 0.000395 11.226761 0.105226 5.74234 -8.035583 -5.813599 0.498362 10.380984 1.947774 0.001664 21.974769 0.436894 8.289283 2.038714 0.346144 -46.904316 -84.926529 -72.485352 11.790199 1.459024 25.637481 -45.233383 -15.998993 -19.783936 15.737459 0.954691 48.999192 96.75395 -95.200272 -126.456299 13.67517 0.596449 32.862654
2.449981 12.021929 4.738602 3.212123 11.847531 22.59612 -0.3936 0.748596 -1.152344 0.391851 9.278577 1.21034 0.362473 1.503601 -0.432129 0.000447 11.24321 0.103717 -9.931564 14.671326 12.907715 0.574716 10.586248 2.132058 0.036741 20.167549 0.456995 8.309165 1.907682 0.29061 -28.416061 9.016037 -1.94458 11.354534 1.423403 25.555246 -5.916367 38.26416 -14.287109 15.654075 0.85476 48.332541 27.440863 26.307983 -30.362549 14.131032 0.535675 31.568024
2.91934 12.717128 4.492035 3.194491 11.903296 22.257113 2.260284 -1.748505 -7.953491 0.404623 9.25474 1.106651 -1.766205 2.952881 -1.174316 0.000222 11.275549 0.099671 -9.823532 14.420471 6.428223 0.655591 10.789961 2.226941 0.842576 21.114921 0.235192 7.325856 1.574904 0.442539 -102.947445 -119.633484 -101.517334 9.844862 1.931885 21.445585 -84.971046 116.135712 -42.330322 14.48094 0.585281 46.384172 -146.531692 48.260193 180.612793 11.783376 0.432679 39.652093
2.365336 11.676482 3.401393 2.901539 11.794738 19.685207 -30.550232 10.661163 -31.868896 0.249319 9.400558 0.737748 1.406097 55.24231 72.338257 0.000395 11.889108 0.499178 136.926498 -112.11853 -183.943481 0.008219 9.257236 0.32798 1.180417 17.737882 0.308433 5.877647 1.444405 0.022337 -197.16938 0.199661 -115.429688 7.253984 1.930972 17.21014 -330.669117 -13.695297 3.779297 10.350466 0.614413 46.556495 -108.04564 -91.588364 -401.47583 10.188831 0.637506 22.933565
2.394769 11.60119 3.363405 2.891328 11.748495 19.391634 -1.413116 -3.166199 -5.070801 0.243041 9.357133 0.685924 -2.853355 -5.390625 -12.124634 9.6e-05 11.828521 0.410907 -0.215645 -2.754364 -5.386963 0.008425 9.221059 0.297859 1.146857 16.738075 0.423097 5.972504 1.51259 0.009239 -4.626045 -13.359375 -6.981201 7.197937 1.99255 16.968907 -11.101179 -17.645416 -1.31958 10.223802 0.652991 46.49629 -9.062214 -20.580521 9.067383 10.060357 0.688976 23.260949
1.578655 10.671466 3.166765 2.215693 10.67138 13.354467 10.848312 55.84198 -69.317017 0.29329 10.137758 0.166711 -36.584473 53.761902 121.069946 0.014295 12.439701 1.677335 -23.368492 14.507141 -40.609131 0.046011 9.412397 0.117474 1.373667 12.429485 0.771012 5.284131 1.203845 0.257137 -202.140617 -5.327988 -194.042969 4.961151 2.017378 10.945176 -156.855102 33.838882 -242.335205 8.517445 0.580043 36.100391 -57.0292 -36.909637 -673.925781 9.270566 0.78629 5.250734
1.514778 10.536069 3.075076 2.191313 10.85891 13.134534 -0.186996 16.77002 -3.616333 0.292384 10.378294 0.149302 -9.42627 13.856812 9.971924 0.023375 12.599724 1.819787 0.523033 1.889496 -7.084351 0.04484 9.437462 0.094451 1.26879 11.196674 1.393855 5.225391 1.187745 0.826697 -48.861389 13.62236 -78.54126 4.48276 1.954205 8.880959 -72.569995 -21.673431 -58.948975 7.780665 0.626268 33.770195 -40.019751 96.56517 -321.266479 8.735612 0.545279 1.176473
0.932235 10.771793 2.690514 1.87166 10.631011 10.099308 -1.649933 28.404846 -41.33667 0.284449 10.792145 0.018494 -21.18084 10.855103 60.695801 0.051883 12.725797 2.812039 7.608452 3.115845 -46.536255 0.029516 9.478869 0.005577 0.136754 3.787542 3.170508 3.557278 0.65429 8.231873 -173.43544 290.13031 -363.890381 2.980486 0.847351 2.129408 -301.468983 71.419983 -328.779297 5.076704 0.480645 22.199675 -153.533363 80.16758 -456.569214 6.830772 0.37861 0.397389
0.858076 10.890522 2.760792 1.755884 10.778772 9.840993 1.458206 17.001343 -2.965088 0.291456 11.043721 0.013931 10.042534 18.58429 66.022339 0.036969 12.943095 4.135568 -9.066391 -7.099609 2.148438 0.048141 9.384654 0.007296 0.060786 2.747298 4.385034 3.303341 0.461337 11.787461 -99.232941 13.20549 -184.785767 2.258355 0.807818 0.471907 -57.214317 29.359589 -209.675293 4.628461 0.426362 16.083479 -89.278221 3.882904 -223.354492 5.830709 0.371307 2.159106
0.384765 10.643244 2.352592 1.352159 10.105797 6.455709 -28.701553 27.988586 -47.142944 0.169219 11.464194 0.028073 -65.58897 -17.779846 21.462402 0.179925 12.735165 4.620623 -43.894806 -35.660553 -21.571655 0.20242 8.918537 0.000503 0.02843 3.141222 3.771236 2.480307 0.259414 12.815401 -193.218536 47.02507 -83.427734 1.139248 0.674709 0.114431 77.302742 30.578232 -431.082764 5.238999 0.373284 6.598326 -90.562325 -11.363831 -229.778442 4.897089 0.392881 5.440658
0.007652 10.469386 2.224333 0.070956 9.361035 2.202931 -125.652847 -71.687622 -58.623657 0.022867 10.402938 0.273188 -111.407127 -100.281677 -50.46875 0.669253 11.59393 3.522747 6.294861 -27.496796 -101.781616 0.173769 8.567235 0.282246 0.017816 2.245016 3.226459 1.074624 0.022928 15.268492 -14.568787 -50.609741 -530.042114 1.07024 0.818456 3.523066 101.56229 66.126328 -992.579346 6.098614 0.27056 0.563749 -113.312149 -3.879471 -168.389893 3.843588 0.400385 8.791557
0.070181 9.218585 2.165536 0.048875 9.048465 2.801848 31.765747 -100.151978 5.180664 8.1e-05 9.006591 0.241366 -155.113932 -304.289246 -320.86792 1.867367 8.458878 0.020552 -70.337296 -38.979492 213.716431 0.618129 8.081325 0.288557 0.473512 0.225626 5.918349 1.66195 0.175363 18.079668 -6.321411 -95.506973 -29.943237 1.040969 1.127511 4.008517 -33.969898 -136.062317 13.029785 5.803831 0.499873 0.500211 62.930069 -173.416939 29.554443 4.412935 0.808353 8.145537
0.405566 9.495371 3.075076 0.014135 7.664279 1.484044 -55.989761 -206.449432 -53.337402 0.067432 6.445591 0.663236 -100.799574 -346.500244 -227.459106 2.968434 5.489459 1.178365 114.66877 -237.145844 -271.999512 0.033879 5.430779 0.676747 1.139066 0.256206 5.483066 1.864858 0.346042 16.947163 15.543213 -61.284256 84.850464 1.113671 1.351841 2.714268 -11.933289 -155.283661 20.772705 5.70201 0.84691 0.406769 13.958473 -125.686569 56.2323 4.544548 1.192698 6.984442
0.320419 7.590685 2.257866 0.013865 6.032368 0.592542 31.568069 -190.462189 -70.379028 0.014004 4.461955 1.539407 -26.423931 -221.149597 111.836548 3.299097 3.928579 0.23166 -50.213928 -201.155701 53.707275 0.200476 3.594048 0.307076 1.000535 0.476056 4.460266 1.816955 0.510692 13.895257 43.332977 -82.873688 23.155518 1.329314 1.687547 2.404756 12.334061 -101.611023 -149.152222 5.807267 1.12323 1.29187 29.435768 -49.294128 -30.726318 4.828434 1.363781 7.607826
0.361827 6.744025 1.626878 0.473952 4.849415 0.351557 -31.961441 -171.333618 -55.748291 0.06835 2.988348 2.491457 32.46151 -94.134827 361.186523 2.895331 3.343212 2.161066 -167.829857 -146.817017 152.190552 1.766387 2.491955 0.042729 0.898094 0.645926 4.351946 2.668539 0.721362 11.655066 75.703201 -90.065002 22.067261 1.75181 2.094559 2.127221 2.168274 -2.905579 -282.401733 5.82587 1.131704 4.330813 5.229149 -154.619522 -72.073975 4.879765 1.974775 9.17463
0.689749 7.289443 0.032977 1.823442 1.726652 1.086368 -152.422295 -257.620392 -207.836914 0.890899 1.32669 8.051121 -21.440201 -363.096771 153.310547 3.159056 1.527463 5.282372 -51.663971 -425.03067 -305.741577 2.56113 0.43599 1.747155 0.575389 2.326821 2.73795 2.818133 0.920767 7.680474 101.042557 -78.096695 24.231567 2.406418 2.483044 1.842062 -84.631729 -42.135773 -234.56543 5.121836 1.258174 8.211287 59.35688 17.487946 -87.290039 5.481454 1.900014 11.268499
0.834684 6.680239 0.002886 2.156092 0.220786 2.466935 -44.296646 -297.210999 -53.415527 1.304627 0.236493 9.99208 -14.31365 -482.684021 61.229858 3.341519 0.200894 6.912404 -81.505699 -191.531982 873.415527 4.11423 0.060753 9.270263 0.313455 7.291125 0.912469 3.161332 1.241227 2.281618 64.821243 -40.52681 -5.935059 2.880966 2.697659 1.91001 -43.352165 -9.701843 -92.234497 4.778753 1.288242 10.07428 -47.505989 65.840683 101.251831 4.997101 1.631483 8.859668
1.270245 2.714102 0.567761 2.659357 0.12146 4.090161 -67.578239 -247.792587 -28.07251 2.087356 0.004699 11.096095 64.429493 -318.118744 73.475952 2.560571 0.005031 9.157345 -23.931561 -268.715591 -980.681763 4.639828 0.111616 3.452393 0.477798 3.036122 1.417418 3.402352 1.597043 2.189764 164.508896 56.464081 -191.483765 4.27691 2.401083 4.762516 121.378784 -217.496796 -73.413696 5.769293 2.055521 11.69314 -33.836746 -203.303223 278.588867 4.665774 2.526566 3.725045
6.04301 0.020507 5.680021 3.999374 0.66818 17.828029 -28.933067 -289.363251 -296.273193 2.478451 0.513363 26.273987 234.092417 -279.221191 -160.418701 0.59675 0.277298 4.663108 210.364666 -94.769745 -643.081665 1.101152 0.290353 25.73586 2.094397 1.347064 3.876223 5.523727 1.973807 4.151463 114.387894 -120.954437 -96.549072 5.409566 3.057513 6.68655 204.789658 -285.087433 129.377441 7.651859 3.331489 8.921196 392.379293 -184.066696 180.863647 9.206119 3.505123 1.564119
8.37017 6e-06 7.046309 4.781744 1.813246 20.191101 -6.903114 -197.368851 -40.2771 2.576721 1.341987 28.834779 -199.085042 -259.115906 -112.13623 2.179764 0.901442 2.41364 -55.953579 -183.471909 -16.462402 1.804137 0.874679 26.577672 3.373781 1.111698 4.742284 7.092853 1.681237 4.88355 12.481995 34.567337 -51.003418 5.541204 2.861828 7.834403 -135.039654 -149.490051 85.848999 6.380682 4.123094 7.288522 -41.915579 -99.064789 191.566772 8.648197 4.097936 0.282016
8.53341 0.005342 7.261264 4.853552 1.99958 20.407108 0.04612 -39.827652 -1.141357 2.576058 1.556565 28.909081 -22.839124 -32.922821 -15.336304 2.424732 1.00635 2.163054 -3.684978 -48.582535 1.602783 1.856494 1.082032 26.495117 3.620186 0.916637 4.977665 7.269076 1.817166 4.832804 14.661865 -34.998856 31.342163 5.697852 3.059997 7.118271 21.460781 -42.610168 60.706177 6.574988 4.364169 6.233523 -41.422596 -66.82373 179.508057 8.11397 4.52396 0.020519
13.942064 0.084368 5.179737 4.848736 5.14997 16.082321 53.754082 -380.181313 78.997803 1.86142 4.405489 23.992081 284.566398 -645.009937 170.494385 0.303613 4.226169 5.720973 -27.836342 -311.616783 39.331665 2.276195 2.935977 24.50951 13.108828 1.207265 5.339495 10.073532 1.352894 6.954717 216.214371 45.014038 148.374634 8.261406 2.806341 4.193859 -151.038551 -107.198334 316.794434 5.269403 5.000954 2.065614 -275.539074 480.396423 -735.24353 4.993768 1.929857 6.857058
13.854339 0.001892 3.702285 6.374313 6.175681 9.885063 14.778786 -63.931637 96.157837 1.685246 5.026929 18.625054 -144.493876 -504.722691 -151.329956 1.12763 8.291084 2.478331 107.26902 -350.885031 205.091553 0.893809 6.108667 15.408635 15.024793 1.382085 6.214766 11.599241 1.088491 7.576886 85.327301 61.028137 -20.452271 9.40376 2.479968 4.551266 172.835274 76.301575 -3.012695 6.775319 4.543257 2.094677 105.207253 -65.995255 -17.675781 6.096199 2.221724 7.2092
15.686382 0.000113 5.238504 7.691557 7.411618 11.024439 -14.577332 -188.249179 2.637939 1.85896 7.094812 18.487381 -106.245953 -154.599304 -25.90332 2.066562 9.807643 2.057287 -10.317268 20.640008 -157.260742 0.999186 5.890223 22.199033 16.72219 2.00674 6.544707 11.44913 1.249008 8.291331 67.461815 -23.180847 -15.075684 10.359279 2.601561 4.824072 -2.105923 -47.672272 194.423218 6.755833 4.826646 0.635331 60.232811 -85.893936 -16.884766 6.776813 2.632364 7.553816
15.042803 0.007722 6.980056 9.209587 8.618616 10.3684 -55.82119 14.724228 -18.441772 2.602942 6.920258 19.460541 51.987692 -32.784233 20.830078 1.571866 10.145604 2.392784 -5.150566 -24.068766 8.395996 1.053989 6.145341 21.805262 17.627886 3.137765 6.56914 11.387935 1.460065 7.813975 48.143272 -30.561142 86.503296 11.069437 2.766315 3.366655 -127.7421 190.372772 664.031372 5.626292 3.746209 2.026894 14.186058 -87.781372 129.06189 6.942351 3.087985 5.123961
15.042747 0.007907 6.983112 9.210733 8.621806 10.369522 -0.07515 -0.294819 0.004883 2.604027 6.923732 19.46028 -0.116153 -0.25631 0.021362 1.572896 10.148268 2.393141 -0.117264 -0.398121 0.045166 1.055254 6.149606 21.803153 17.633849 3.128745 6.574311 11.389508 1.462236 7.816153 -0.101643 -0.499115 -0.194092 11.067913 2.769048 3.369633 0.174103 -1.110687 -0.905762 5.627761 3.752116 2.018278 0.119286 -0.495911 -0.247803 6.943751 3.090662 5.128176
13.928274 0.000354 5.29961 9.819003 10.506427 5.555353 19.291306 -17.147214 86.175537 2.332729 7.127269 15.12708 -73.265026 -97.141762 -50.130005 2.28976 11.183412 1.62854 -19.853592 -138.539643 167.631836 1.280316 7.723736 14.679123 20.182657 2.624453 7.932749 12.119866 2.196453 7.279864 -13.859196 -143.879776 -49.447632 10.861078 3.613045 4.171061 -99.222298 -264.702148 -247.258301 4.821543 5.292619 0.352524 97.82711 -118.396759 -48.245239 8.139798 3.763039 5.981813
22.358887 3.874535 11.778269 15.440507 13.19434 5.316412 -252.219124 -234.822887 76.504517 7.057422 10.211283 11.73688 -458.298147 346.050415 141.046753 9.819474 7.725284 4.154137 54.094658 -105.814667 -34.310303 0.718169 9.04673 16.022917 23.837585 0.026784 8.949599 11.998838 2.217254 8.023344 -112.460976 62.530823 -279.366455 9.254854 3.232466 10.303475 15.426254 25.135498 -997.715454 4.942797 5.134979 7.524008 89.027863 13.513641 -46.247559 9.310821 3.682952 6.861766
25.493064 6.211676 17.964919 16.39666 14.713331 9.215383 7.402668 -86.61562 -90.961914 6.882422 11.488436 15.815999 -24.275818 -59.375877 -123.774414 10.36477 8.273304 1.875418 -42.087822 -68.268871 -94.141235 1.141607 9.955767 20.012279 24.954892 0.047566 9.092476 11.985543 2.538655 8.055079 7.291374 -19.674225 -72.06665 9.355099 3.349925 12.327811 15.724182 46.11618 -243.598022 5.067943 4.851954 12.657048 71.643376 -30.699158 6.724854 10.310306 3.866131 6.730062
25.621504 5.498692 17.088946 17.710105 14.729844 6.863928 37.693157 -131.195107 105.778809 6.025428 13.566194 11.129941 -30.799408 -43.88813 8.917236 11.077807 8.690447 2.009692 1.391449 -103.230553 71.317749 1.126047 11.41298 16.949411 24.838612 0.108052 9.237326 11.904276 2.653328 7.792648 -0.410843 35.053558 -78.162842 9.349436 3.142108 14.728496 -25.893898 89.103851 -166.470337 4.862691 4.327829 16.928395 -17.05564 41.90094 -106.21582 10.067745 3.617218 8.959377
26.808732 4.546843 15.700174 19.097854 14.676282 5.406035 3.307457 -7.389946 40.50415 5.952947 13.688365 9.55301 -18.410339 -27.900772 10.195312 11.515351 8.96097 2.168897 22.34436 -127.652969 116.766968 0.890794 13.35252 12.483553 25.013589 0.161239 8.91523 11.901801 2.596266 7.902241 9.864502 61.359863 -84.161987 9.485875 2.79435 17.552071 104.64695 124.670258 -170.028687 5.718264 3.644763 21.930976 32.875199 79.339905 -101.061401 10.537869 3.168587 11.376087
28.352144 4.659492 17.14519 20.104848 15.165884 5.587232 -28.12439 -57.408524 15.664673 6.583262 14.656097 8.975431 -35.594559 -44.435921 1.537476 12.385329 9.400375 2.193433 -19.82666 -68.160896 14.802856 1.098163 14.450449 11.966082 24.784066 0.284725 9.133698 11.894641 2.568279 8.228122 -10.798912 54.470291 -80.362549 9.336563 2.502723 20.479125 3.221092 116.708221 -148.362427 5.745698 3.058455 26.824433 -22.49187 63.67218 -97.883911 10.215071 2.830027 13.991591
28.524786 4.655649 17.32385 20.189311 15.222898 5.629695 -2.371769 -6.489677 1.271973 6.637867 14.767572 8.929322 -2.211876 -3.226013 1.282349 12.440435 9.432685 2.214002 -2.838249 -11.178055 4.147339 1.129622 14.634644 11.823065 24.742339 0.289962 9.140184 11.887666 2.556868 8.262302 -5.78392 20.388489 -23.706665 9.257078 2.397698 21.38569 -10.03212 43.281555 -47.084351 5.66047 2.854082 28.48035 -9.520683 16.7453 -24.406128 10.079944 2.744164 14.685847
35.700395 9.626752 24.828497 24.517565 15.460789 8.971606 -90.249825 -35.678291 -49.199829 8.883253 15.387973 10.799342 -82.25338 -139.90551 -64.47876 14.576545 10.887229 1.298678 -47.33099 -109.324188 23.457642 1.719721 16.49761 11.03034 23.145761 1.92156 8.760964 10.989733 2.650568 8.145745 390.853834 141.523514 1124.699707 15.392686 1.730729 0.005792 406.591763 -77.963409 2175.270996 9.624815 3.227321 3.756673 -7.443094 218.91777 -250.979614 9.974932 1.743323 22.800466
37.668454 11.030846 26.519901 24.096348 15.653601 11.839307 -21.521368 -19.903946 -51.569824 9.466918 15.739625 12.950138 2.200928 -18.564606 -6.540527 14.517184 11.088073 1.219389 -66.3554 115.8992 -185.082397 2.755027 14.526158 18.032655 22.592483 2.414382 8.694333 11.517992 2.671083 7.813746 -147.83349 -35.812378 158.770752 12.88955 1.889254 0.547118 -45.031279 128.725586 413.708496 9.134239 2.623389 11.034411 3.05582 9.99176 80.71167 10.017979 1.703037 19.997002
37.687248 11.129273 25.055076 25.067657 14.69092 12.986929 -7.740173 12.895355 -11.855469 9.681374 15.511344 13.472181 -3.5466 -64.494781 -1.04126 14.612898 11.800085 1.206996 -47.855072 -7.648773 -6.107788 3.652396 14.652399 18.29292 20.600669 2.744399 8.931682 12.639272 2.561965 7.556135 -10.565853 73.405685 113.344727 12.719147 1.571793 1.47231 239.909776 215.876312 147.773438 11.895763 1.75089 14.561989 -171.806631 -168.328018 1494.249268 7.741632 2.444576 1.302218
37.844651 9.256105 23.741081 25.024195 14.418293 11.448035 -47.523775 16.556587 30.43457 11.050754 15.220694 12.152777 11.945267 -19.865341 96.015625 14.29178 12.023858 2.615897 0.149918 -10.008392 50.447998 3.649387 14.81841 16.199136 20.260572 2.722784 7.850861 12.190268 2.237935 7.426788 68.883781 -75.982132 -173.33374 13.850486 1.900927 0.239078 -62.939072 -170.72937 -192.624512 11.136052 2.426383 10.060377 348.802156 -13.036423 -575.461426 12.669463 2.507581 1.041413
38.966569 8.470065 24.937807 25.08884 14.825072 12.297819 -7.532763 29.290733 -49.563599 11.276121 14.713232 14.336257 23.881912 -5.427551 -19.343872 13.660472 12.085362 2.288761 -26.674318 146.770515 -120.856934 4.204178 12.4776 21.427838 20.340473 2.590576 7.649369 12.155123 2.167477 7.575707 -2.845078 -156.661606 -308.370972 13.802804 2.678228 0.639761 -168.824556 -275.050507 -387.286377 9.222033 3.745883 3.521555 -257.399893 187.59613 -721.66687 8.916191 1.67815 13.922913
39.260691 1.26788 23.367768 20.815473 15.142594 14.000444 170.047717 3.237991 -61.050415 6.74256 14.657661 17.273586 590.602217 -739.398727 -817.452393 2.585053 21.930762 8.430607 257.055616 -22.493134 -0.443115 0.490781 12.823289 21.448352 21.521992 0.498535 6.1331 13.253776 1.760558 6.837983 -58.144226 74.961624 -640.479126 12.84636 2.289711 12.087243 -157.424567 209.003143 -1917.362061 7.599755 2.717196 20.573378 97.917032 -159.401932 243.168945 10.266467 2.372325 7.940618
36.687737 1.187082 21.485721 18.23703 14.499758 13.525488 -41.168766 38.087616 14.745483 7.733781 14.011896 16.539078 24.571309 21.849213 187.371826 2.313238 21.598079 3.576807 -29.343147 79.664078 3.95874 0.730417 11.62022 21.265429 23.94419 0.573654 6.509593 13.262961 1.939569 6.946033 52.80633 -54.706116 117.521362 13.713567 2.570246 8.913223 67.989469 -92.205048 165.673218 8.281156 3.150705 15.854062 120.679731 -0.857391 140.163574 12.06156 2.376383 5.250534
33.004355 1.092696 17.753383 16.05332 13.771026 9.943594 -110.008478 47.602959 109.273071 10.715837 13.225254 11.593225 29.051368 48.727264 211.544189 2.011337 20.8653 0.560019 37.37606 83.855019 144.144897 0.433457 10.417866 15.138438 32.673032 3.895096 6.497187 15.171473 0.70039 10.656078 -52.310114 193.985291 -73.925171 12.854377 1.64864 10.853501 -28.631415 94.146271 75.655518 7.990642 2.708413 13.903173 -51.802248 82.139969 49.436035 11.273302 2.003374 4.433991
32.965037 1.355163 20.236165 15.50965 13.687347 13.402889 143.015623 59.207764 -129.244385 6.933667 12.27855 17.537727 4.317937 128.982849 54.042358 1.968266 18.98665 0.208275 12.782707 -29.143181 -108.482666 0.349577 10.828292 19.652885 28.397167 2.288843 5.821996 13.477592 1.945138 7.173995 -32.499523 -278.947754 294.355469 12.334572 3.038067 4.261066 162.313814 -399.173431 706.627808 9.70624 4.813349 1.86451 204.945062 -224.57695 55.547485 14.547648 3.098653 3.59879
30.337657 1.092924 17.481201 15.62986 13.122807 10.91698 -34.955235 31.374054 46.263428 7.782369 11.791144 15.268999 24.614688 -4.104919 -11.16333 1.731642 19.045073 0.266961 6.301041 -13.298569 89.568481 0.311545 11.018212 15.883199 28.337217 3.396839 5.972379 13.989394 1.99671 7.213227 -31.181183 18.658981 -219.645386 11.845938 2.931977 8.893646 -251.371021 -33.372803 -134.252319 7.120168 5.016558 3.292266 8.429527 -7.302094 -34.786377 14.69125 3.13826 4.111641
29.794718 1.369042 18.882177 14.60068 13.488383 12.055722 109.613991 -157.871132 51.402588 5.285025 14.343857 12.932475 66.47009 -171.542358 -55.620728 1.168344 21.566801 0.667788 108.845406 -183.904343 48.207397 0.00018 13.813878 14.020288 27.853979 3.921681 5.819849 14.770969 1.670097 7.00553 -35.98877 112.338791 -147.878418 11.294241 2.333094 12.961909 82.12738 287.350922 -631.602783 7.921107 3.404509 15.419553 125.349026 85.907745 -108.777466 16.909872 2.688225 5.935686
33.046576 0.823993 22.338786 15.448989 14.82592 13.39442 -80.652122 -86.14151 -1.819458 7.075704 15.842123 13.011868 -2.232819 -58.264465 -530.304565 1.185473 22.458965 13.558871 144.165535 -224.004936 374.754639 0.593594 17.645671 3.500033 26.755168 1.339479 4.412927 14.04342 1.512497 5.797643 0.79258 164.688492 -114.807739 11.306249 1.578668 16.647159 -29.192982 263.154144 -255.270996 7.631516 2.201443 22.85313 -346.523962 241.77887 -342.660522 11.156914 1.608508 13.86434
30.539036 1.310179 22.398956 15.034593 14.526454 12.693262 35.637741 -52.09774 70.995483 6.252299 16.784374 10.094136 255.481796 394.263763 -448.352661 0.034405 16.774661 37.265327 -33.427048 -86.739731 31.64856 0.353927 19.255246 2.933051 26.283574 1.552074 5.611968 14.368274 1.664159 6.040603 -103.610783 235.035782 -226.916504 9.790547 0.756373 25.285497 -104.462376 583.235931 -456.224365 6.639436 0.466124 39.769143 -22.983637 101.940155 -183.419189 10.817489 1.235911 19.469933
30.020547 1.140522 24.081792 15.391514 15.047513 14.181759 -20.176353 18.736343 -73.262329 6.712218 16.442371 13.111124 6.518822 99.791107 -122.865601 0.026386 15.467218 45.810347 -35.897713 -28.744888 -0.303955 0.165171 19.804143 2.938258 26.486051 1.10803 5.538239 14.372432 1.814359 6.175942 -52.701874 35.774384 -51.671143 9.061418 0.657445 27.503975 106.812086 363.743973 -90.65979 7.654626 0.033556 43.685199 -55.382462 9.614258 -68.510742 10.021134 1.2033 21.807276
30.022545 1.140928 24.080996 15.393061 15.048301 14.179426 -0.066528 -0.058708 0.063477 6.713761 16.443437 13.10834 -0.086937 -0.096283 0.079346 0.026486 15.468454 45.804544 -0.110245 -0.08461 0.092163 0.1647 19.80577 2.936679 26.485182 1.108345 5.537797 14.372234 1.814672 6.174833 0.00679 -0.123978 0.089111 9.06151 0.657776 27.500068 0.019188 -0.194092 0.097046 7.654814 0.033653 43.680909 0.038681 -0.094299 0.089111 10.02168 1.203618 21.80415
31.915426 1.846835 25.697669 15.379111 14.778672 16.308614 -25.005436 2.873306 -15.040894 7.306473 16.391298 13.776401 -30.974369 -41.865463 12.019043 0.074126 16.01053 44.929816 -321.382313 119.860611 -413.416138 1.643042 17.567862 14.292078 25.060084 0.748987 5.498218 13.883328 1.89999 5.4721 -13.797722 -158.176727 117.821045 8.875278 1.147716 22.577979 142.053475 -183.983383 195.126343 9.116821 0.190204 35.480829 8.953218 43.765945 35.706787 10.14836 1.060656 20.569523
26.561936 5.952074 24.279046 14.163337 13.689025 17.464644 -44.165611 112.908821 -44.408569 8.414584 14.408033 15.845745 -46.0079 -68.810654 75.772095 0.189165 16.921775 39.6094 17.760887 39.203339 -30.876465 1.412641 16.865008 15.483034 19.29759 1.135022 5.724375 11.168503 1.592861 7.057109 93.556747 202.351837 -109.649658 10.17594 0.545151 27.14305 -84.595141 -54.423065 -131.349487 8.230794 0.260984 40.907025 -48.884468 -67.717438 52.183838 9.466374 1.285681 18.829889
23.250074 4.428211 19.146632 12.752799 10.858382 17.051507 -47.158251 99.87236 64.481812 9.684111 12.760308 12.888528 -290.356796 -133.08197 344.80835 2.136122 18.755704 19.631265 80.725307 -128.873672 170.193481 0.584675 19.229453 9.511005 18.673594 0.907692 4.809661 10.547968 1.631789 6.524765 -107.107849 130.205574 -43.087769 8.694257 0.274669 29.051889 -379.946861 305.649719 -138.030396 4.809756 0.008299 47.025097 -23.834791 58.689804 -68.789673 9.142457 1.089405 21.139225
16.464554 3.262465 21.576481 6.792635 10.288884 23.727845 105.092859 168.970356 -142.422485 6.977001 10.200352 19.827544 101.826861 47.210236 232.089233 1.213341 18.094329 10.092183 -129.800606 254.798889 -211.419067 2.09164 14.704432 17.147466 9.556774 1.313116 3.308784 6.016115 0.947367 7.69462 -435.861053 -337.577705 1511.953735 3.866611 1.165485 0.863198 398.769469 -601.145935 2741.029053 8.42402 0.840318 5.333938 -298.078632 -14.009628 741.376953 5.567751 1.134781 3.286452
11.448424 4.223924 19.676378 5.207195 8.367751 24.429472 84.329281 125.589619 -30.341187 5.124954 8.483115 21.498161 -90.919323 383.605118 693.880615 2.024878 13.160468 0.327161 -64.725208 140.318489 37.287598 3.190281 12.471292 15.638356 4.670579 1.841434 1.302221 5.205638 0.962005 3.958652 -102.546463 -7.973785 208.762207 3.011186 1.193987 3.245711 -553.132186 -363.419037 432.091064 3.680822 2.004472 14.097056 -59.263954 84.984894 2.764282 4.962129 0.87375 3.248911
6.938146 3.982775 15.439174 2.295538 5.275938 26.486758 32.983055 183.747897 64.775391 4.478142 6.255654 18.01341 -81.501822 546.279125 279.836426 2.92803 7.487121 4.342392 -124.162579 348.100796 117.875366 5.944521 7.724979 11.324812 4.211298 18.930541 6.484364 4.095044 0.391942 15.761527 48.52684 -76.854553 -1071.355591 3.402676 1.486356 7.161198 76.268997 -98.704071 -1129.503784 4.219772 2.406687 0.000523 -114.249573 -192.374268 181.234741 3.892987 1.513353 1.258187
2.948335 2.180246 9.643369 1.111191 3.756579 18.364124 40.500565 235.449758 97.389526 3.743568 3.896327 13.353643 -262.251968 769.529858 -91.826782 6.961129 2.191764 2.520893 -72.851257 555.792828 109.450684 7.956325 2.491883 7.941425 4.762778 21.775591 7.153554 4.443605 0.250703 16.626605 -105.630875 75.754929 -376.519775 2.581133 1.197945 18.059691 -405.164299 278.30658 -13.15918 1.778311 1.366877 0.004473 -141.963463 113.105011 -526.66748 2.745013 1.116157 9.610284
0.13222 1.856178 3.619865 1.078667 2.257623 5.054691 77.277603 25.201759 280.865479 2.524404 3.676729 3.813676 76.622086 200.639839 -885.283813 5.60497 1.329491 10.209008 -144.456921 147.027321 311.235352 12.811166 1.589896 1.592843 2.772803 11.790117 3.07268 3.668679 0.418488 8.780976 -148.171005 20.379105 100.231323 1.619715 1.125663 14.674741 235.636444 65.229492 -60.894165 3.071835 1.165431 0.07319 25.192795 158.363037 14.619141 2.934132 0.661421 9.272823
0.123637 2.090301 5.759165 1.176418 2.970695 8.32512 -158.442993 479.000816 -88.861084 5.281859 0.713858 6.205867 -56.497459 464.549103 1124.910278 6.590723 0.155974 8.307952 49.681702 605.255165 1030.346069 11.011646 0.002187 15.124186 1.44974 5.544795 1.410939 3.250033 0.348702 6.031314 14.891205 -54.719849 300.421143 1.706259 1.324834 6.631559 234.379616 89.157104 194.507446 4.706998 0.916053 0.144376 82.805634 56.674194 198.170166 3.600128 0.527425 5.293364
0.142519 1.995481 6.658929 1.615971 2.798863 8.402904 10.644722 31.741257 -45.471191 5.065067 0.598807 7.654124 -170.247231 186.750717 -465.394897 10.043734 0.008132 0.135411 376.654892 -32.308121 -1297.224731 1.796907 0.000531 6.740767 1.65531 4.093339 1.078694 2.527668 0.674477 5.555148 200.558548 -115.826492 281.206665 3.091288 1.799912 1.959734 148.21312 35.57312 425.93689 5.920423 0.824922 3.256074 -16.817017 -32.886734 149.385376 3.459363 0.603335 3.026155
0.108467 1.760898 5.134995 2.020062 2.675161 5.47473 -53.392792 -13.348541 89.204712 6.198229 0.64596 4.956113 -78.431892 -35.437317 -373.068848 11.878344 0.021906 2.714524 488.809185 -401.108322 -7.977905 1.503934 0.79147 6.949462 0.475066 1.468551 0.067114 2.423978 0.892537 1.561367 164.676819 30.270767 122.310181 4.533972 1.66874 0.789826 317.049992 44.578247 -86.862793 8.982826 0.71746 2.292069 85.357704 4.727859 189.221802 4.202873 0.592108 1.058426
0.122485 2.251925 5.68389 3.609572 3.262906 3.203029 -86.861153 -4.023666 75.127563 8.285907 0.660524 3.13691 3.469467 -75.036469 -216.708984 11.793938 0.073148 7.943298 -497.478313 228.837738 77.762451 1.921027 0.156208 5.050903 0.115646 0.338738 0.094138 2.218545 1.1647 0.179664 89.891891 293.127975 -220.861816 5.437702 0.655213 3.282591 218.496406 409.39064 -733.001099 11.463513 0.081105 0.878849 318.72118 183.032761 113.804932 7.618254 0.238528 0.361568
0.459323 2.355231 7.230023 4.901415 3.649453 3.678288 -99.417629 -40.463715 15.631104 11.046615 0.81601 2.810464 -142.952003 -44.804535 84.628296 15.520976 0.118044 5.575114 -193.817215 -8.34877 40.090332 5.778183 0.170792 4.190192 0.122829 0.518738 0.01215 2.531905 1.700482 0.088867 146.217842 -252.353058 342.411499 7.083032 1.499894 0.144945 85.403233 -506.266403 447.84668 12.515249 0.960547 0.313932 166.481371 -202.843475 961.32019 9.803133 0.639856 9.058692
3.89425 2.982528 12.457826 7.042601 5.55454 10.644586 -189.829435 -36.804657 -9.9646 17.418625 0.971694 3.016496 -200.636292 -61.102524 -41.591797 21.613745 0.196505 6.686745 -457.393284 -123.66478 84.509277 23.094286 0.463016 2.639014 2.443135 3.55633 3.644605 5.733599 3.334062 2.270574 498.897419 59.992294 -275.511475 14.331407 1.26784 2.347606 415.745583 -21.941528 -647.267456 18.294322 1.020522 2.574119 193.814335 -227.841721 -973.271484 12.693282 1.322079 0.417573
4.355129 3.726134 13.815677 7.961805 6.378768 10.429405 -6.626997 -7.279053 -3.68042 17.667172 1.004094 3.094437 -72.352829 14.081879 171.958618 24.057819 0.17666 2.745121 10.052567 -33.514481 -52.700195 22.58971 0.566802 3.564434 3.138257 5.312301 5.045444 6.296205 3.636023 3.03336 53.647833 -82.542343 81.571655 15.261385 1.59216 1.419122 103.646927 -78.614655 252.492676 19.905388 1.250315 0.577565 89.852629 -37.583923 246.010742 14.159653 1.458144 0.077233
5.49087 4.085803 12.086021 8.209799 6.505838 10.027145 -3.102198 -51.403351 -32.167969 17.784125 1.248018 3.81798 70.941391 -109.323044 -250.999756 21.660171 0.358458 9.077605 -2.843246 -50.283203 -50.529785 22.731858 0.742185 4.582113 5.446759 9.681295 8.11683 8.000682 3.680433 5.588989 -31.809282 -233.312912 -212.89978 14.706447 2.708416 4.330824 -12.305298 -223.135071 -94.456177 19.710561 2.029542 1.157504 -156.86602 267.694855 -622.769165 11.651811 0.634292 4.249541
6.49062 9.36857 13.358199 8.521648 6.412602 11.988148 -96.812811 -42.99202 86.115112 21.627895 1.472376 2.051499 -170.869522 -27.634659 262.807007 27.648602 0.414492 2.537808 -58.252296 -19.65889 -49.404297 25.742316 0.817171 5.700522 5.888351 17.455782 11.4495 9.158132 3.633078 7.96001 82.667469 8.574905 73.278198 16.169997 2.662173 3.14993 -249.140396 137.324066 -644.493408 15.972059 1.527756 10.441289 77.509922 -428.977127 150.478516 12.860448 2.11768 2.238582
5.638528 8.366726 9.393976 7.778066 5.977321 8.621673 93.38685 -81.909904 -91.187744 17.913733 1.951127 3.93901 120.433273 -176.053085 -222.393799 23.351866 0.866971 7.809608 111.087036 -56.693878 -12.387085 20.163222 1.05363 6.000069 3.596445 11.896367 11.533565 7.712229 3.566306 7.480977 -208.373894 -89.120026 -221.531982 12.613958 3.162224 7.293649 148.024521 -135.577087 434.992676 18.145901 2.022711 3.156029 -197.053261 -192.907715 -447.472534 9.904638 3.067691 10.093711
4.102396 6.611082 7.49666 6.962559 5.489424 7.298036 58.618078 -56.285553 -29.342041 15.761002 2.319109 4.676144 57.837524 -46.800766 -36.30188 21.417275 1.01503 8.944252 64.41246 -16.678238 -5.358887 17.239973 1.128904 6.132036 1.2363 6.127941 9.329696 5.737706 3.598087 5.560035 -188.697186 46.570969 -125.407104 9.774226 2.89555 10.399351 -440.097828 10.769958 602.337646 12.089447 1.980858 0.056605 90.79397 326.398392 1.497803 11.218673 1.563043 10.057992
3.067303 9.003092 6.865331 4.861837 6.027441 7.990293 93.297434 -37.545013 -17.260132 12.618799 2.582233 5.139271 19.941406 -102.942734 118.719482 20.76965 1.381753 5.51918 79.977016 -42.529678 -17.728882 13.928786 1.332608 6.578854 0.868024 11.104738 13.137503 4.087071 3.814544 11.064927 -116.643639 433.777542 -559.152832 8.199713 0.975841 30.932816 -317.489719 501.240997 -372.219238 8.481268 0.517026 1.013889 -342.514799 38.015823 -52.012329 6.689441 1.42047 11.335417
2.594061 16.359002 10.302888 4.354969 5.519477 12.431953 26.525035 -2.71698 -90.891113 11.789164 2.601823 7.9388 142.02179 88.389511 -277.058716 16.444854 1.063449 14.792847 20.679913 -69.695663 -66.970215 13.130001 1.702938 8.408465 0.020735 20.635168 11.581568 2.66198 4.02259 11.143423 -193.59417 -217.850037 23.092041 5.891499 1.812579 29.868595 -206.744785 -201.847076 34.898071 6.474581 0.992522 0.792471 31.349335 65.770416 -79.7052 7.055576 1.189905 13.441119
1.113396 16.954218 11.934908 2.823937 5.884627 14.499407 77.750983 -20.971909 -28.789673 9.519835 2.755523 8.951986 -12.511597 -21.663589 157.734375 16.805596 1.137613 8.963809 48.317976 28.954849 19.072266 11.355597 1.543579 7.864583 0.109327 23.326062 7.749513 2.002309 3.960479 8.167056 -222.313538 141.440506 -8.168945 3.710429 1.240058 30.24294 -328.70512 79.438095 18.327026 3.84099 0.787047 0.687102 -239.123993 50.570831 -118.925171 4.50937 1.026501 16.916273
1.099317 16.886048 11.876659 2.791023 5.845803 14.503315 4.239674 6.008377 -2.58667 9.403059 2.711038 9.045996 8.516541 -0.08255 -19.462891 16.559616 1.137901 9.604504 7.10659 10.964012 -5.50354 11.10548 1.485279 8.019661 0.109177 23.268932 7.767993 2.000807 3.948848 8.203718 -3.544235 -0.204315 -2.767334 3.679723 1.240807 30.370283 6.248283 -2.971649 -7.997437 3.884676 0.794305 0.732158 -7.009239 5.927734 -15.880737 4.443297 1.008137 17.410537
1.14637 15.164772 14.320988 2.917944 4.831141 17.061183 7.405729 54.915009 -56.071777 9.200808 2.321227 11.204568 122.894325 100.635757 -245.22644 13.212006 0.8145 19.571671 26.46759 27.830696 -66.768188 10.198454 1.342333 10.021645 0.010544 15.358237 6.462226 1.723762 2.607977 9.592019 68.358459 -67.47406 109.429932 4.294465 1.500489 25.538591 127.465515 69.678497 127.93335 4.829816 0.632891 0.183018 45.656013 -5.406647 39.776611 4.882432 1.02488 16.185962
0.960991 9.335302 13.609282 2.384865 5.331934 17.651217 -5.492792 -43.423538 27.88147 9.350606 2.626964 10.102384 -68.896599 -6.72554 151.559448 15.042224 0.834431 12.997209 1.703873 21.638336 15.494995 10.141387 1.236189 9.537184 0.060631 8.701989 2.372364 1.700305 2.321608 4.638434 0.568161 142.461166 187.142944 4.299774 0.981136 18.245082 171.15963 57.690201 60.479736 6.260654 0.513107 0.050868 4.789352 208.256378 168.85498 4.929696 0.479604 11.484621
0.784386 7.809963 13.845181 3.256976 5.512733 14.611067 -34.319906 17.527504 26.448364 10.313961 2.501281 9.109582 -20.971222 -15.59494 -23.969727 15.622879 0.881573 13.947719 7.71493 8.220367 -39.755249 9.884998 1.197011 10.804261 0.000665 7.566048 1.660355 1.998345 2.43186 3.327959 185.902786 196.087875 122.65625 6.212705 0.446035 14.12855 148.941917 2.078171 38.584595 7.656601 0.509026 0.009312 54.723778 -23.649445 276.847534 5.485911 0.531228 5.517594
0.929627 8.032563 13.648757 3.955783 5.406359 12.156444 -20.707321 19.18251 33.874512 10.918054 2.36726 7.913006 1.156769 -39.084091 -23.416138 15.590563 1.005413 14.908663 -38.52829 -12.700958 60.9198 11.198137 1.257809 8.894854 0.01247 4.999417 1.280725 2.236284 2.507634 2.11128 67.905159 -19.017639 149.644775 6.998973 0.488814 9.81801 66.148453 -30.411911 130.439453 8.321587 0.570368 0.115423 52.715187 -21.655502 159.436646 6.049819 0.580814 3.062687
2.330029 5.249778 12.263437 6.051745 5.998643 9.669279 -99.402294 14.469719 51.513062 14.057242 2.268607 6.254779 -168.888702 -35.346909 143.397217 20.662752 1.124417 9.526159 -131.438751 82.963181 104.200439 16.293927 0.887883 6.058931 0.931744 1.489418 1.899669 4.428858 2.151883 2.005921 394.561882 -102.821045 388.669434 12.494247 0.754024 2.276972 742.931671 111.472321 41.460571 17.692003 0.362567 0.228866 296.026011 -88.276978 -17.41394 9.728826 0.805834 3.295919
2.343844 5.210335 12.164941 6.085745 5.995227 9.53679 -3.399402 -0.122757 5.046387 14.171602 2.269435 6.102808 -4.110565 -3.426895 5.05127 20.795094 1.136309 9.358444 -8.533401 1.474838 14.801636 16.657698 0.881888 5.700114 0.953191 1.484159 1.899819 4.445858 2.161804 1.991032 0.770016 -2.836838 1.394043 12.506517 0.762153 2.259423 4.890594 -9.314423 -19.224243 17.765258 0.378136 0.171484 1.470594 -1.674805 0.368652 9.749273 0.810458 3.290892
2.77189 4.507209 10.424774 8.203894 6.133268 5.349524 -82.48866 3.488884 106.185303 17.088657 2.245959 3.338466 -2.368011 -93.765335 -54.441528 20.871524 1.485946 11.24453 -43.446312 -35.922241 28.347168 18.572047 1.03368 5.043499 1.801844 1.568838 2.432702 5.408968 2.523735 1.6898 32.313919 -41.475449 -75.429688 13.026876 0.885974 3.306538 -20.272293 -102.691803 -686.102905 17.462591 0.571476 3.53619 21.075382 38.845062 -172.733154 10.044672 0.706606 6.066028
4.971807 4.129187 10.339848 11.199963 6.863755 4.119643 -81.402578 -7.622337 22.649536 20.234742 2.297408 2.855906 -42.66571 6.711006 -26.776733 22.272641 1.459366 12.235668 -65.620956 -10.622635 7.573853 21.660823 1.080874 4.874863 4.73011 4.031183 4.658786 6.75567 1.979718 5.389593 13.568687 -9.029236 -338.725586 13.248537 0.914165 10.459142 52.939072 35.596771 -282.991333 18.258448 0.499953 7.991385 58.676605 -2.053146 133.052368 10.890325 0.711917 3.853908
6.083245 5.65294 10.4653 9.893961 7.778849 6.594931 26.596222 -54.444656 -58.329468 19.177619 2.681841 4.175015 2.338028 -36.990471 -33.040161 22.194683 1.608857 13.516333 -144.083405 -204.244957 390.289917 29.276005 2.193157 0.065902 7.163096 6.369776 6.669677 7.279279 1.902629 9.036522 -15.234871 20.636292 -269.559937 12.999785 0.850383 19.015351 -9.666443 39.085999 -291.292114 18.111804 0.426924 14.448305 -77.645407 -29.585419 -631.92749 9.778601 0.790654 18.808605
4.207037 6.157967 5.762623 7.060519 6.453912 4.17661 145.358779 -108.331871 14.298706 13.90108 3.535187 3.82855 175.891495 -44.057236 10.69397 16.721738 1.796416 13.09485 265.809975 -84.521599 -360.235596 16.119484 2.767378 4.233953 4.789947 4.865567 5.705654 6.392524 1.58579 7.612853 -237.706661 27.937851 -75.350952 9.423911 0.767709 21.861062 -359.080429 8.997345 747.550659 13.083352 0.410929 1.692617 -122.343149 53.449554 107.907715 8.148324 0.651414 15.457068
3.955041 7.475229 6.878416 5.638949 5.837749 7.851357 33.244119 66.272545 -81.599731 12.813338 2.999172 6.007279 -34.292526 92.905731 10.823975 17.728063 1.412986 12.675042 62.218685 106.690407 -137.814941 13.602705 2.053588 7.544045 3.026239 4.369494 5.786263 5.514885 1.665147 7.886114 -190.334473 57.908783 -138.529663 6.974414 0.609806 27.610326 -320.837862 148.939209 64.23645 9.280613 0.190524 1.179778 -186.924877 317.175636 -352.564697 5.944367 0.1024 27.624592
2.097986 13.033577 5.794473 1.918873 4.993646 9.865135 116.328819 34.902382 86.994019 9.35587 2.734586 3.701742 53.242188 -13.562851 213.286133 16.178268 1.466096 5.797937 112.255445 -19.072456 36.836548 9.601992 2.173388 6.566322 0.3984 2.465046 3.620577 2.739068 1.109996 6.6339 -202.91069 -189.276733 328.795166 4.768297 1.193245 15.057389 -336.935709 -5.679169 444.211426 5.988271 0.197394 0.159546 -77.664871 -52.833748 88.613281 5.130633 0.160913 24.236384
1.959513 11.290376 5.611897 3.000531 4.100124 8.334984 89.429798 23.848572 -151.18103 7.066746 2.560822 8.064471 137.887306 76.748734 -234.481201 12.49405 1.178479 13.50351 36.145968 113.591995 8.882446 8.461689 1.510001 6.340712 0.000205 2.798366 2.202948 0.944557 1.079687 6.97566 -111.189346 -38.844681 164.705811 3.736771 1.336976 10.188948 -204.613171 35.650024 222.268066 4.339489 0.156286 1.305943 21.777267 -77.810287 264.172974 5.352764 0.271063 15.450525
0.008708 2.671842 0.408232 1.914643 2.305484 0.324346 461.13163 296.31012 96.784668 0.352508 0.877518 5.078299 600.278119 175.837097 -121.45813 1.994545 0.637807 18.756773 276.174316 217.202606 286.636963 2.12766 0.576909 1.177395 0.002971 2.257622 0.502029 0.434506 2.015097 3.004525 -135.868073 -150.176697 159.44397 2.646765 1.969514 6.378819 -234.110146 -291.49231 188.779297 2.777978 0.633065 3.147525 -144.994125 -154.023438 169.678955 3.962469 0.573318 10.846083
0.248785 1.056146 2.376471 1.339909 0.141625 2.419463 -42.505875 351.548615 -113.024902 0.61471 0.022372 8.6329 -26.880802 569.175415 -72.075806 2.272033 0.016955 22.281326 217.146397 43.012009 -300.732422 0.101359 0.444377 6.700567 0.508889 0.186671 0.00035 0.05045 3.306903 0.225749 -148.714294 -18.428802 128.612061 1.668628 2.055549 3.952585 29.442062 -321.748047 -39.451904 2.955291 1.531479 2.696771 -180.59639 -120.884247 385.115967 2.522613 0.88892 3.410309
0.463635 0.485316 1.405429 0.529473 0.00362 1.572113 49.508209 109.550705 59.612427 0.316263 0.009165 6.641265 10.38559 342.788086 337.606812 2.162682 0.475561 8.388761 -111.972504 568.700485 191.211548 0.821489 0.315941 2.665421 0.126586 0.065308 0.017311 0.015841 5.048552 0.049589 -149.980698 -213.859329 129.060059 0.909669 3.188461 2.09878 156.188927 -217.156677 -231.749878 3.987662 2.35857 0.75191 -1022.509689 131.34964 1466.864624 0.475563 0.549238 13.420349
1.633815 0.268544 1.124682 0.122251 0.826123 0.852066 171.322784 436.705627 -3.118286 0.041896 1.152628 6.738982 183.773036 382.41806 -138.272095 0.673775 1.725753 13.274164 219.222069 271.396942 -112.242432 0.059937 1.318941 4.812543 0.612953 0.145389 0.021013 0.065344 6.670739 0.22268 132.516937 -488.871765 640.700684 1.568502 6.708459 1.510514 326.062603 -169.013062 369.105835 6.640353 3.125398 4.416529 0.398254 -13.791275 -19.952393 0.47434 0.581079 12.876837
1.435562 0.032029 3e-06 0.811251 3.51371 4.250372 -49.669647 454.515228 387.990723 0.000313 4.373768 0.06033 237.14407 305.876007 51.574707 0.000311 3.286389 11.321422 -74.672775 345.064392 1795.285034 0.021698 3.587154 45.98886 0.006218 3.994571 2.418934 0.367752 13.292754 9.122842 39.598312 118.464661 -45.72998 1.799984 5.736669 1.077249 -1289.778385 447.85675 752.681885 0.079936 1.328973 21.333324 855.988464 -1723.538055 642.310791 1.483999 11.622672 36.014234
0.622667 0.757893 0.551379 0.582506 8.282006 11.306359 -72.055893 367.307281 176.310425 0.115813 8.490404 0.676366 2.785759 405.532837 136.843872 0.000755 6.123798 6.892785 -196.234131 545.317993 -170.074463 1.387137 9.438177 35.179688 0.098105 8.775137 3.446872 0.671611 14.139221 3.320355 288.825531 -458.089752 71.619873 3.970121 9.915732 1.788195 -215.920868 -239.409332 -468.710938 0.010269 2.195157 9.310176 -16.331329 -223.314819 -164.249268 1.396682 14.078698 28.989669
0.690481 1.687747 1.463596 0.434441 9.279866 15.133075 25.952682 104.53186 79.526367 0.050228 9.909259 1.700839 25.011749 211.576843 137.994385 0.013437 7.95186 3.53393 34.868584 78.740387 87.532959 0.98936 10.512404 40.56231 0.130138 16.512606 5.32705 0.820703 15.422085 2.871083 -28.816528 81.868896 -245.626831 3.715553 9.085459 0.09651 -121.893768 -269.636383 -213.57666 0.101219 3.429586 5.461469 -46.813965 -74.353638 -109.539795 1.161058 14.948643 24.728082
0.622241 2.909206 1.336201 0.845528 10.25543 19.451624 30.507736 93.308411 60.161133 0.00766 11.268332 2.784228 -75.373459 480.12207 680.681152 0.022674 12.98462 3.231411 -55.068359 217.838745 -263.897705 1.648248 13.785878 25.497829 0.491292 25.062993 5.756855 0.893049 17.226693 6.144222 -462.769699 -244.402161 109.519653 0.782702 11.671621 0.590419 -12.678833 -907.60376 397.7771 0.116078 9.599963 13.449035 -291.096039 93.770447 -165.205078 0.184073 13.855813 18.941322
0.608647 2.521584 1.614634 1.107412 9.944902 20.258571 -2.330627 -71.484985 -17.387695 0.009596 10.219303 2.443817 26.558647 -282.703247 -457.77771 0.003212 9.872623 0.456441 55.784569 -252.340698 -609.400635 0.981893 10.034581 4.011729 0.725976 32.026122 6.614735 0.883225 18.474399 6.703205 -220.149994 -249.785614 212.995605 0.151 14.648991 2.750894 -72.070312 -356.074524 212.44873 0.219863 12.869432 19.165132 -83.614197 -81.96991 102.120361 0.058936 14.808834 22.427465
0.59718 2.496694 1.617059 1.133315 9.937252 20.372292 -3.727264 4.139709 3.184204 0.013144 10.278655 2.504497 -9.87545 14.767761 18.972168 0.008389 10.024649 0.328448 3.527412 -0.92804 -9.411011 0.945526 10.021882 3.825471 0.714073 32.626932 6.598901 0.86328 18.567685 6.958098 -12.815704 -14.81308 28.096924 0.129388 14.836171 3.154213 -5.734711 -1.077271 44.494629 0.229533 12.88005 20.490165 -5.215759 -0.456848 31.776123 0.053429 14.814235 23.572261
0.237994 1.418155 0.61183 2.969759 9.517602 24.81884 -35.706177 -22.130737 50.435791 0.075357 9.96336 3.564866 -75.192585 141.401978 365.840454 0.127772 11.539114 1.969552 99.53804 -123.243866 -150.426025 0.202218 8.406879 1.449251 2.429331 25.66765 6.628703 0.957968 18.348194 8.164797 -275.162048 -15.887756 295.712891 0.0678 15.038252 9.071625 -124.363251 -87.335205 276.008301 0.490425 13.755355 29.699017 -85.092468 -22.207336 62.407227 0.001729 15.077932 25.903537
0.230801 1.432824 0.601526 3.001788 9.506694 24.748759 -3.480988 -1.413574 -1.090088 0.084157 9.943388 3.539974 -4.731674 -1.945801 -0.76355 0.140012 11.517551 1.95799 -3.751221 -1.714172 -0.463257 0.220323 8.385416 1.443681 2.442005 25.589858 6.625547 0.959676 18.342328 8.146037 0.861664 1.560364 -4.553223 0.066792 15.018345 8.957355 -2.27356 -1.308899 -8.358154 0.496105 13.768692 29.395131 -3.362427 -3.48999 -9.34082 0.001162 15.119585 25.547608
0.230638 1.433366 0.601778 3.002163 9.506554 24.747218 -0.077209 -0.149231 -0.065308 0.084358 9.94128 3.538485 0.003166 -0.301819 -0.621338 0.140004 11.514208 1.948607 -0.113449 -0.128021 0.0 0.220882 8.383815 1.443681 2.44388 25.586952 6.627456 0.959952 18.342427 8.142553 0.060577 0.200806 -0.668945 0.066722 15.015784 8.940628 -0.707092 -0.387268 -1.489258 0.497879 13.77264 29.341148 -0.370636 -0.203552 -0.805664 0.001107 15.122016 25.517024
0.152427 1.226393 1.610434 1.08989 11.851538 26.078249 5.600357 -21.12793 -4.191895 0.070421 9.645186 3.443596 -10.660553 -179.767761 -276.342163 0.169632 9.609351 0.00942 39.008675 86.345673 18.758545 0.070298 9.498942 1.677836 5.043709 26.131533 9.867456 2.231562 16.563802 0.007916 239.212952 75.314026 -0.568848 0.078833 14.070681 8.926416 -179.023743 -25.174255 -635.738525 1.048656 14.030448 10.82806 -105.916901 -13.979797 -526.92627 0.041082 15.289453 9.437856
0.199854 1.047141 1.508562 0.922775 11.608155 24.605725 23.544617 -69.286346 -25.613403 0.025585 8.705592 2.891818 53.112926 134.094543 359.172363 0.050208 11.013935 3.398228 33.726044 -3.487854 -19.667358 0.00775 9.452548 1.432783 5.852655 27.056434 8.522185 2.051313 16.918961 0.063844 -39.502869 -19.803925 23.861084 0.036768 14.31622 9.532261 11.755219 -54.07135 -67.004395 1.006269 14.592274 9.40351 -46.797485 -89.234009 -61.677246 0.094212 16.379941 8.068026
0.200136 1.050337 1.513051 0.923142 11.610988 24.62369 0.014572 0.368958 0.212402 0.025564 8.710468 2.896195 -0.092545 0.40863 0.487671 0.050355 11.018362 3.407949 0.243034 0.379181 -0.003052 0.007527 9.457587 1.432746 5.842828 27.200153 8.536017 2.053793 16.934385 0.063683 0.576172 -1.339874 -0.754395 0.037268 14.332909 9.512802 1.062622 -1.585083 -2.963867 1.002481 14.60891 9.342816 1.011505 -2.1875 -2.133789 0.092834 16.407145 8.022556
0.141791 1.329421 1.628535 1.086001 11.717535 25.310621 -25.684967 13.469086 11.001587 0.075563 8.889403 3.127471 -44.392796 -53.648987 -163.067017 0.145435 10.444801 0.931356 -16.378822 8.112488 2.443848 0.029849 9.565698 1.462144 5.588014 32.026148 8.779587 2.1216 17.53942 0.128715 31.859436 -65.620117 -23.260498 0.070143 15.162157 8.922575 81.681671 -73.590088 -185.302734 0.732651 15.391702 5.938389 37.453461 -94.500427 -123.637695 0.048952 17.603916 5.607344
0.138625 1.318866 1.604929 1.099954 11.692074 25.188803 -1.891556 -2.128296 -1.541138 0.080291 8.861008 3.094538 -2.295513 -4.69635 -6.865234 0.151691 10.395322 0.861142 -1.697845 -2.824707 -1.837769 0.033009 9.527985 1.440009 5.567996 32.503175 8.796354 2.11312 17.62246 0.142982 0.662994 -3.42865 10.821533 0.070936 15.206126 9.194816 1.038971 -6.14502 21.970215 0.729491 15.457992 6.301895 14.322357 -16.228943 2.061768 0.035851 17.813681 5.644083
0.116211 1.351672 1.426474 1.22881 11.716948 24.918009 -17.692413 11.176147 -2.059326 0.131457 9.010624 3.050804 -21.951389 -9.375305 -41.801147 0.218172 10.296899 0.493 -9.044876 -1.694946 -12.76001 0.052524 9.505391 1.290978 5.804948 34.682522 8.757569 2.007283 18.389561 0.459487 -4.690857 -41.280823 96.031494 0.065417 15.740511 11.789952 21.050262 -75.864563 288.36792 0.666933 16.288123 12.074004 20.648499 12.957153 237.036133 0.020548 17.646105 10.667557
0.171948 1.219356 1.628095 1.423749 11.383991 25.503189 -22.800522 31.781921 11.429443 0.215903 9.442937 3.297461 -18.960762 54.861145 44.386597 0.285294 10.879484 0.887261 -12.000656 0.494537 -9.241333 0.08538 9.511981 1.188125 8.387142 29.940096 8.6099 1.867333 19.28467 1.941917 12.935791 -84.176941 134.562988 0.081179 16.858786 15.968359 92.689514 -108.032227 310.718994 0.424831 17.507712 20.37553 87.810669 89.850464 403.510742 0.002733 16.50585 22.866157
0.277638 1.338383 1.445097 1.501038 11.421797 24.553597 -18.624725 16.623535 -12.120972 0.30035 9.673092 3.036188 -22.56815 47.433472 50.563965 0.376902 11.396115 1.476529 -18.853455 10.786896 -16.494751 0.153039 9.656279 1.015154 9.029496 29.354832 8.756369 1.791003 19.66834 2.022403 56.729889 18.963928 176.616211 0.170373 16.603505 22.412586 120.92041 -9.772339 184.727783 0.190713 17.620205 26.334595 61.427765 33.661804 162.143555 0.035766 16.088467 29.062102
0.263961 1.339156 1.323589 1.570071 11.360421 23.968955 -7.244797 -3.360443 -7.648926 0.336956 9.626343 2.87686 -8.793163 -3.493958 -7.346191 0.416042 11.357651 1.381651 -5.131721 -2.463531 -9.28833 0.174849 9.623228 0.923738 8.974594 30.857795 8.87801 1.765501 19.917785 2.166177 3.957214 -4.627686 35.126953 0.177814 16.665621 23.824191 8.30307 0.853271 70.343018 0.178032 17.610368 28.804447 16.763916 2.83905 42.158203 0.051287 16.053509 30.794613
0.263396 1.341296 1.320696 1.571365 11.36124 23.961182 -0.154495 0.010529 -0.08606 0.337759 9.626489 2.875092 -0.184326 -0.075073 -0.241089 0.416883 11.356825 1.37859 -0.182648 -0.024414 -0.062866 0.175652 9.622901 0.923134 8.975833 30.800753 8.875594 1.766117 19.909252 2.160709 0.089417 0.26886 -0.854492 0.177984 16.662009 23.789341 0.131226 0.130005 -1.437988 0.177835 17.60887 28.752849 0.046082 0.177002 -0.916748 0.051333 16.051331 30.756405
0.26215 1.341244 1.314314 1.573595 11.362234 23.944124 -0.238495 0.009155 -0.20752 0.339002 9.626617 2.870831 -0.262833 -0.148315 -0.57251 0.418084 11.355194 1.371336 -0.256424 -0.05722 -0.199585 0.176783 9.622134 0.921217 8.978058 30.69595 8.874858 1.766185 19.894403 2.14659 -0.643463 0.147705 -2.862549 0.176763 16.660025 23.672779 -1.094513 -0.440063 -6.118164 0.179481 17.613942 28.533832 -1.213531 -0.68512 -3.36792 0.050116 16.059763 30.616243
0.220706 0.876836 0.946206 1.333975 10.474226 19.940585 -11.703644 10.259094 -27.414551 0.402766 9.769695 2.33565 -2.978821 -29.857788 -112.279663 0.431815 11.029186 0.318584 -23.889313 -6.81778 -23.547363 0.29801 9.530967 0.709097 7.717977 30.140176 7.78771 1.842433 19.105098 1.999999 -109.520416 -8.905334 -292.163086 0.030145 16.779863 13.281656 -235.869293 55.256042 -274.892578 0.710982 16.982726 19.557306 -390.92453 -36.366272 -714.499512 0.418625 16.510511 8.118352
0.276099 1.600543 1.045616 1.494595 10.154544 18.251306 -22.451019 18.34198 -15.195312 0.540458 10.028131 2.06277 -25.490398 -18.861084 -86.706543 0.558387 10.825694 0.009213 -7.906723 5.271759 -37.252808 0.345066 9.601423 0.430125 8.41805 24.642511 7.441889 1.682558 18.883612 2.381186 -38.301086 1.540527 -69.481201 0.007623 16.759102 11.249387 -68.706665 -7.008057 -172.075195 0.932012 17.062145 14.798494 47.547913 -37.185669 -72.199707 0.292777 16.977866 6.646412
0.201931 1.711095 0.922728 1.705478 9.894307 16.339892 -10.813828 -21.769104 -36.122437 0.613989 9.721781 1.482101 -2.337208 14.093933 11.390991 0.570806 10.977574 0.024815 14.637718 -18.832092 -58.162842 0.260669 9.350928 0.133271 7.972312 21.466891 6.585344 1.436572 18.721021 2.672216 -45.461884 7.732544 -22.869873 0.000229 16.655085 10.617354 -43.679657 -5.390625 -108.519287 1.088062 17.12336 12.137924 18.254852 -38.952026 -22.861328 0.250422 17.474415 6.211002
0.102861 1.816961 0.681342 2.230161 9.293806 14.371053 -59.618073 -72.155304 -36.25 1.103552 8.740342 0.995652 5.056362 17.179565 702.597046 0.544111 11.164136 15.629526 -34.773064 -99.812927 -55.144043 0.480468 8.078547 0.007989 7.684499 19.796933 6.081394 1.356092 18.550443 2.946428 -8.625031 6.896973 10.224609 0.001196 16.562582 10.897664 -4.206543 3.014221 -6.104736 1.103727 17.089117 11.99608 -2.127228 8.985291 -7.637939 0.255187 17.359238 6.068819
0.024163 4.684239 1.62212 1.830917 6.7832 8.58327 38.15136 -214.847412 -109.529419 0.773849 6.127213 0.111774 -193.106415 -388.509827 -740.512695 2.017557 7.329292 0.002239 -8.531952 -227.924347 -47.37793 0.544586 5.521738 0.02175 8.607208 10.510301 5.851115 1.098921 16.928425 3.46007 -90.256195 192.227478 -308.468018 0.056632 14.088035 4.047938 14.626923 181.421509 -143.624268 1.049737 15.091217 8.8995 -140.31723 259.762878 -242.089844 0.668716 14.194146 2.415286
0.015752 6.234982 3.008513 2.853725 5.338011 8.987116 -46.47419 -291.998291 -6.030273 1.183231 3.317783 0.088683 771.062806 -146.971436 821.446533 1.705235 6.088177 19.278048 -117.501011 -339.769897 34.655762 1.835979 2.610649 0.000664 5.16431 7.17479 5.16753 1.189124 15.309984 2.527355 11.756897 114.390564 -109.627686 0.044724 12.710454 2.414202 212.042236 94.040222 17.226562 0.41913 14.10446 9.246556 101.40625 72.987976 -122.094727 0.350279 13.362101 1.20009
0.047082 2.582315 0.812706 2.631253 3.042406 2.554337 1.928215 -88.379669 -167.738037 1.164524 2.636007 0.51597 -103.836975 -166.661682 -36.497192 0.881175 4.819988 17.585405 54.298115 -133.534698 -216.205444 1.144584 1.761573 1.113259 4.681876 6.623001 4.841547 1.528068 13.661687 0.666679 56.439514 55.712738 -63.796387 0.007105 12.065178 1.656728 161.767731 74.257507 3.59375 0.129357 13.348853 9.319795 112.694244 45.068054 140.682373 0.116138 12.860885 2.637184
0.269461 0.313751 2.660744 3.264548 0.005251 4.566956 -349.975986 -175.43335 395.283203 7.001679 1.514741 2.809642 -183.928795 -512.619629 635.009155 0.083169 1.846611 58.128927 -257.932696 -577.527237 149.595337 5.877279 0.006315 0.094391 3.596227 7.630723 3.715069 2.023191 11.483117 0.106679 97.675323 136.198883 269.904785 0.018448 10.55847 5.833097 -96.616364 239.602051 374.350586 0.282509 11.052621 18.531311 21.585541 260.549927 409.041748 0.085675 10.151035 9.988456
0.143902 0.453813 1.358291 0.431319 1.029364 0.034501 78.290691 -297.737885 142.244263 5.269504 0.318157 6.440797 -75.029144 -179.350433 85.067139 0.000534 1.13682 65.348171 206.613803 -339.471893 -229.259033 1.793827 0.427682 2.112307 4.574852 4.925712 4.673716 2.404815 8.277244 1.149308 160.625305 275.35202 -160.144043 0.247806 7.819214 3.048076 413.716278 150.697632 -386.522217 0.041767 9.719344 9.072912 14.35379 126.253662 -583.440552 0.067979 8.953113 0.938641
0.042793 0.00449 0.187792 0.020213 3.427587 3.259503 225.518036 -579.621964 567.000122 1.653371 0.538515 35.671855 -114.609909 -225.35965 -7.524414 0.146014 0.487836 64.692579 108.670425 -724.977589 123.596802 0.590881 4.929821 0.698017 5.430244 1.573123 5.005677 2.927076 6.974177 1.858669 107.71225 62.378082 -144.846191 0.548393 7.255707 1.300748 251.470337 35.59021 -319.67041 0.42467 9.416969 3.77537 132.50351 92.830505 -202.391968 0.001187 8.120283 0.043504
0.015816 0.666866 1.675669 0.428336 5.55295 4.604906 209.539871 -1024.798164 -90.032959 0.120873 9.172195 29.454488 335.014305 -2168.599319 -1320.095825 0.643838 8.068416 0.830182 137.69558 -400.633469 495.083008 0.002081 9.522817 2.688353 5.405737 0.50081 4.799734 4.377637 5.122096 2.408776 144.383698 151.981506 -123.647461 1.136167 5.970961 0.38904 161.743698 295.007477 -732.046509 0.882405 7.094534 0.255231 244.183807 273.131409 -84.502563 0.334586 5.90563 0.011847
0.001166 1.755101 1.621044 0.544487 8.17175 2.769633 85.630493 -201.870537 66.677246 0.001276 12.114518 34.001844 -14.986038 -178.688965 82.338867 0.561613 9.810045 1.838715 73.166695 -158.607922 -31.442261 0.114646 11.755199 2.197595 6.784702 0.703708 6.031704 5.036347 4.584995 4.062854 103.408051 35.749664 -169.46106 1.68726 5.68693 0.007143 111.526871 -1.00296 -98.599243 1.294452 7.101873 0.697152 147.200394 71.111145 -184.378662 0.821485 5.38677 0.642306
0.000729 10.132865 6.986758 0.878658 16.406145 3.617931 125.991592 -362.746658 43.323975 0.359786 18.428593 37.131399 -65.927353 -362.39212 106.351318 0.266575 13.864367 3.727108 68.852005 -475.599747 -5.560303 0.49021 19.857181 2.115951 6.397083 4.678009 4.42153 6.492458 3.267363 4.876988 205.652161 119.391022 -199.055176 3.106026 4.788524 0.839876 299.625244 127.233276 -177.589111 2.791206 6.201081 2.041698 204.691467 101.754913 -29.917603 1.856017 4.685804 0.83507
0.68258 14.999313 8.56695 1.202027 21.401238 0.558007 49.515762 -366.07132 -51.5979 0.67489 26.138275 33.419834 -130.247612 -252.312622 32.859497 0.003113 17.1002 4.444088 -34.041595 -199.82933 -2.746582 0.271848 23.891368 2.076192 6.896467 3.017412 5.277369 7.749675 2.459794 6.21396 77.047424 109.580383 -237.055664 3.748182 4.031879 3.637407 -89.914169 -17.739563 77.143555 2.282389 6.323011 1.370967 134.680557 106.167755 -185.935059 2.763541 4.006502 2.599388
1.126239 22.737656 11.548492 1.901446 24.65206 0.109289 -61.056519 -207.568359 -132.635498 0.300469 31.106805 24.775728 -173.600655 -153.923111 -45.054932 0.311375 19.240739 3.477047 -80.436783 -138.841705 -36.749268 0.009801 26.913822 1.580495 8.70071 2.163297 5.292872 8.042003 2.229769 7.202391 155.881805 46.381531 -158.728027 5.231781 3.731205 6.607918 373.14476 93.977661 -213.258057 4.72836 5.690584 3.549822 122.501068 30.032349 -132.653198 3.74535 3.823991 4.454446
0.470878 41.451185 24.126122 2.277646 28.050829 4.68038 -61.835327 -125.548706 -238.635254 0.073602 34.321742 12.474602 -96.50939 -488.507385 -118.717651 0.808631 26.86996 1.496446 -104.513626 -190.897064 -69.829102 0.20234 31.363301 0.824604 12.866614 0.889586 6.561134 8.740289 1.859959 10.423741 185.904846 53.447266 -2.67395 7.323809 3.399174 6.665498 -23.108597 41.990662 -167.131958 4.551291 5.418775 5.968485 109.762421 -35.687561 -233.192139 4.751583 4.041346 8.919249
0.401466 44.5572 26.216812 2.363555 28.946974 5.338982 -1.474304 -41.768188 -60.685425 0.070064 35.426344 10.012958 23.90914 -67.867584 -76.245117 0.663742 28.030435 0.658316 17.619209 -19.940643 -80.297241 0.127664 31.847708 0.256687 13.005265 0.768286 6.83186 8.977743 1.755951 10.795497 38.847961 24.344177 -29.960327 7.805315 3.253068 7.327735 58.488007 47.360992 -87.53479 5.006001 5.120185 7.484586 65.118217 31.003571 -37.825928 5.405062 3.852177 9.788133
0.401559 44.646788 26.249028 2.364153 28.97606 5.338759 0.096741 -0.768585 0.574341 0.070293 35.446834 10.034989 0.090828 -2.06604 1.358643 0.663219 28.066148 0.670282 0.380974 -1.034698 -0.227051 0.126238 31.872945 0.255538 13.011356 0.770535 6.835634 8.983389 1.756806 10.795632 0.571632 -0.119019 0.241089 7.812514 3.253774 7.322281 0.894012 -0.232391 0.601807 5.01312 5.12163 7.473577 0.828056 -0.186768 0.550537 5.413643 3.853303 9.775197
0.43318 63.844458 35.411839 1.016739 29.31694 17.41156 -9.901733 30.149689 -825.491943 0.048751 34.647506 3.359089 108.696995 -172.768402 406.036377 0.184953 31.13295 9.074451 150.01297 -244.557495 -372.639771 0.187012 38.118154 1.842668 12.394776 0.846316 9.278483 9.233459 1.433421 13.6725 -18.801231 55.341644 -16.37207 7.577457 2.933536 7.697278 -92.67765 133.257751 -172.370605 4.302106 4.326778 10.957792 29.768906 28.704071 49.46167 5.726645 3.682181 8.647922
0.332864 77.523099 32.621143 0.234745 29.302102 21.95202 -4.021301 4.10141 1.099854 0.041125 34.539474 3.334711 98.204403 -295.179749 -668.838501 0.006862 36.740524 0.361349 42.912827 23.697205 -9.656982 0.432692 37.488573 1.97607 9.699305 2.844491 10.538491 7.764786 1.877685 14.306633 -64.923477 -67.817841 -21.621094 6.793374 3.328259 8.20685 -33.41526 -8.6203 -86.82373 4.059078 4.37617 12.96451 -14.585037 -28.370056 158.705444 5.572193 3.851289 5.497051
1.104278 53.430966 41.710604 0.016279 28.507054 21.041902 222.851791 39.978638 -28.88855 1.441344 33.495263 4.004471 505.537529 -45.357971 137.757568 2.905641 37.64333 0.020487 11.392975 61.668701 9.971924 0.514979 35.874749 1.838396 5.78857 15.817933 7.326353 5.552714 1.682947 12.519012 -256.898422 48.648376 -103.723755 4.110667 3.042584 10.878542 -202.903595 24.658508 -20.620117 2.735074 4.23563 13.465874 -37.668114 46.826782 -183.520508 5.183065 3.574202 9.204849
3.846908 41.819451 26.284489 0.851783 27.273545 13.3051 52.200394 55.412292 159.841919 2.057145 32.07444 1.066763 197.299118 259.099274 -562.304688 5.770499 32.633692 8.3799 122.650146 98.478241 -45.383911 1.854176 33.371265 2.505144 1.735049 14.916408 7.372325 3.852005 1.544028 11.956144 -332.26059 81.399078 -169.701538 1.635109 2.593251 16.060174 -252.725525 -48.177643 307.756958 1.450283 4.512353 6.971366 -323.44059 193.942032 16.989136 2.421427 2.536726 8.821684
11.356182 30.002962 14.662385 5.010018 24.737415 9.815327 395.789795 96.204224 -36.781616 10.280573 29.680808 1.576668 329.431381 59.500732 10.292969 12.723202 31.533741 8.061036 289.256973 47.181244 44.645386 8.298025 32.203918 1.848422 0.199732 6.088963 3.832196 1.55795 1.60713 8.774498 -25.160294 -14.648895 128.099365 1.493318 2.671467 12.055727 -351.943817 92.355347 -319.475098 0.334392 3.989578 13.75503 -394.664841 -93.889236 -79.632568 0.458171 3.016823 10.688069
20.187569 29.435451 12.361974 11.256293 23.055781 12.790547 220.159149 25.047836 13.66272 17.573244 29.072828 1.37567 326.526794 -31.77475 71.519775 22.292217 32.118794 6.016225 442.639923 214.40506 930.404663 27.09226 27.160963 10.836293 0.007211 6.897825 4.504584 0.356224 1.569507 12.375971 -209.65332 -53.000565 72.694702 0.561826 2.964166 10.038222 -223.64975 -45.384827 52.415771 0.032564 4.242457 12.485479 -106.525116 -84.416809 98.693848 0.193225 3.483983 8.401481
28.085028 27.058246 1.01686 21.166159 20.465391 5.406711 274.899902 60.60051 214.031372 29.407266 27.62791 0.015289 280.006561 371.981812 -125.844116 32.621062 25.606693 9.81376 63.741608 -165.57663 -633.66333 30.688751 31.0177 0.015363 1.535806 7.088988 3.011955 0.009466 1.515783 11.96577 -117.900238 15.497742 50.958252 0.234118 2.877005 8.734035 -349.456177 70.592346 45.795898 0.194596 3.852481 11.426572 -385.063171 -45.95871 -110.943604 0.174931 3.75245 10.991053
45.48744 30.169256 0.085851 36.080882 18.124343 7.470621 305.103149 154.952469 -257.652588 46.088839 24.100798 2.065354 351.609497 -196.867828 75.026855 48.367489 28.961351 7.438425 457.998657 189.656296 -320.438232 63.119658 26.621399 2.18459 6.542175 1.940989 1.259408 0.86832 1.203069 10.443415 -529.646606 27.821884 -63.962402 0.50371 2.723795 10.385569 -349.281769 -49.514008 -79.133911 1.128708 4.124045 13.285838 -200.219574 88.060455 189.747925 0.746987 3.246791 6.773074
52.898604 26.039927 0.413064 41.206845 19.181787 3.033971 146.950836 23.268814 17.493896 55.45505 23.591933 1.77199 197.345734 116.669006 -119.758301 58.5597 26.948375 11.386311 1.629181 50.606613 -61.139526 63.25567 25.505077 3.181563 10.00047 0.409883 0.29497 1.581019 1.192132 7.247795 -144.796906 -7.936935 180.030518 1.073362 2.767075 6.102109 -39.293213 72.874756 40.377808 1.2821 3.727568 12.319651 -217.169037 -21.445618 -61.251831 1.817319 3.366566 8.023607
57.752118 21.608611 3.45953 51.274821 19.353237 0.182784 296.601868 53.157501 131.549072 76.996793 22.449805 0.285451 452.989655 91.326599 140.175171 85.63782 25.423237 6.848911 239.152069 64.877701 65.201416 84.808997 24.108925 2.124974 10.925532 1.763097 0.181379 3.808123 0.776824 8.62522 -226.482697 104.194641 -9.017334 2.391417 2.226062 6.289722 -126.129608 84.803314 31.47583 1.840494 3.291415 11.591772 22.867432 85.17395 -81.393433 1.682565 2.903667 9.849183
57.717526 24.327184 2.298906 61.086756 14.302379 2.973331 152.025452 102.655945 -13.897095 89.40536 20.324367 0.382493 94.359436 124.826202 -62.173462 91.923952 23.410517 8.71988 294.081116 -49.495697 88.48999 115.636913 25.170506 1.030908 11.895524 0.674979 0.002641 4.69288 0.587802 7.346819 -208.713531 72.235184 -4.44458 4.067345 1.885502 6.38324 -207.708435 47.826843 19.660034 2.979435 3.0574 11.148378 -176.320038 35.769501 35.012207 2.85587 2.719471 9.04098
63.271285 25.499625 4.223986 65.273506 14.914574 1.342647 14.044495 2.881622 11.380005 90.59845 20.266229 0.301976 -31.957703 43.909607 -37.042236 89.770031 22.722242 9.941856 -130.074768 122.715683 -112.136841 101.41318 22.580449 2.483612 14.453696 1.09092 0.222183 5.49981 0.568268 5.0953 -49.055786 22.716751 45.380859 4.525471 1.784242 5.460833 -46.886597 69.007721 -11.801147 3.274298 2.734954 11.413493 -12.120209 49.435349 31.2146 2.947858 2.474838 8.349607
65.985562 25.058113 2.873752 71.960149 14.937143 2.805016 73.10791 -24.900589 -41.152954 96.936739 20.771356 0.638107 36.430054 -84.721985 5.154419 92.227421 24.059452 9.76702 -19.525757 -55.166321 23.023071 99.358579 23.727403 2.134075 14.468334 0.623141 0.078721 6.748744 0.39543 6.778279 -127.826843 56.224747 -77.493286 5.834056 1.545638 7.079422 -15.436401 15.924683 -22.098999 3.37442 2.663096 11.91833 -64.998322 31.311493 -32.872314 3.466046 2.325855 9.078465
64.376533 24.208191 2.352187 70.671639 14.858176 3.516247 -16.641846 -19.390182 7.827148 95.475092 21.169005 0.564604 148.736572 -186.820374 303.447876 102.604746 27.143231 2.207596 -46.510468 5.99617 -24.703369 94.5492 23.601362 2.51016 14.486704 0.429536 0.050049 6.716089 0.354323 7.227549 18.890076 10.13382 -24.393311 5.630224 1.504453 7.632333 52.788696 19.529419 -33.269043 3.038268 2.576277 12.698941 18.800201 9.138565 -4.807739 3.311854 2.283244 9.187621
62.18063 24.444249 1.517772 66.174431 14.0316 5.35983 -105.832825 0.094757 -6.00769 86.439665 21.167053 0.62062 -285.384827 96.836395 -232.282104 83.181011 25.521581 7.51165 -42.053833 -4.875031 -1.31958 90.30336 23.703811 2.531107 15.262836 0.460633 0.031668 6.549534 0.272625 7.839898 12.096252 19.22081 11.973267 5.501604 1.427866 7.358343 50.237427 9.225616 28.235474 2.734738 2.535764 12.034846 23.860779 -7.215881 52.954712 3.121209 2.316857 8.021309
60.505115 23.682863 1.941331 65.260303 14.064564 4.114928 29.376831 70.890198 -71.414185 88.902674 19.731624 1.489377 -171.400452 195.171814 -189.265137 72.493992 22.404952 14.162229 101.555023 125.368652 -119.147339 100.723189 21.139687 4.78124 13.656444 0.64358 0.020433 6.410108 0.318976 7.710765 45.138245 -13.475876 -19.641113 5.034768 1.481352 7.810431 54.864807 -17.052917 0.369873 2.421494 2.610901 12.026265 60.582428 0.269012 12.393799 2.662551 2.315599 7.759767
60.505115 23.682863 1.941331 65.260303 14.064564 4.114928 0.0 0.0 0.0 88.902674 19.731624 1.489377 0.0 0.0 0.0 72.493992 22.404952 14.162229 0.0 0.0 0.0 100.723189 21.139687 4.78124 13.656444 0.64358 0.020433 6.410108 0.318976 7.710765 0.0 0.0 0.0 5.034768 1.481352 7.810431 0.0 0.0 0.0 2.421494 2.610901 12.026265 0.0 0.0 0.0 2.662551 2.315599 7.759767
60.331394 23.777259 1.895579 65.050404 14.12652 4.147082 -3.81073 -4.096756 0.811768 88.581222 19.813206 1.477399 -4.250488 -6.390686 3.167114 72.238302 22.50379 14.033737 -5.374908 -7.731705 4.746704 100.157453 21.293575 4.678025 13.633348 0.625403 0.019535 6.400161 0.318194 7.719977 1.318665 0.387039 -0.755615 5.021441 1.479803 7.828092 3.070221 1.578979 -1.643677 2.404528 2.603898 12.064421 2.936859 0.843964 -0.78064 2.641243 2.311657 7.776113
54.066288 20.996903 1.102577 55.554258 12.609127 5.760512 -145.718689 79.948807 -65.540161 76.725998 18.251534 2.600175 -63.795166 44.231262 -42.920532 68.454951 21.824171 15.824865 -91.415253 -65.278168 92.975464 90.77953 22.61509 2.883399 13.015933 0.323008 0.027291 5.949821 0.216067 7.777471 24.560242 45.770111 0.187378 4.776452 1.302237 7.82371 9.241486 78.29895 -51.04126 2.353818 2.268419 13.279381 72.749023 81.28746 -98.956909 2.140733 1.947633 9.987412
47.710484 19.529017 0.096303 48.964835 10.700053 11.35082 -86.997375 81.034317 -112.797852 70.054003 16.734067 5.270707 -95.405579 61.443176 -103.615112 62.986832 20.897381 20.592036 -176.467896 46.54213 -49.547119 73.979954 21.668804 3.785985 14.377889 0.402357 0.017646 5.700553 0.077041 8.667777 4.079285 66.123123 46.90918 4.736354 1.065746 6.765395 -85.882874 31.260529 54.888916 2.845894 2.14094 11.975196 49.96521 73.358307 -73.587646 1.827403 1.645875 11.810968
43.478889 13.891184 2.43088 44.543 9.568763 3.125411 -48.983459 154.603844 115.560303 66.430891 14.021584 2.546487 -37.901306 274.159164 33.562012 60.877702 17.007076 18.979274 -149.36676 251.73996 28.116455 61.102431 16.900987 3.258735 14.686873 0.22084 0.862229 6.67022 0.005494 4.557545 -75.729065 184.465332 -18.883057 5.508294 0.531165 7.18217 -26.932678 282.803955 -90.063477 3.009821 1.155202 14.150577 -106.499329 249.251938 52.15332 2.525136 0.810231 10.502797
36.641046 8.890487 1.782123 41.996453 7.245649 4.724154 -68.201904 151.871262 -72.212524 61.546478 11.590419 4.133959 -255.659637 304.169846 -144.538574 47.589004 13.15939 26.393016 -70.692749 194.837074 -94.190063 55.436695 13.617037 5.180567 15.095941 0.233797 1.342615 7.703368 0.012326 4.0673 -117.009888 123.445015 -23.166504 6.815559 0.27634 7.710503 -92.249146 292.075272 -159.707031 3.606085 0.453843 18.454282 -100.539551 156.934471 -99.390869 3.287126 0.434435 13.062083
23.320677 7.537754 0.000749 32.578702 4.776392 13.850365 -16.023865 176.890278 -168.590698 60.425952 9.050337 9.329888 69.220123 -233.986664 227.581177 51.0256 16.07554 15.271448 28.187714 -87.377357 188.452148 57.662787 15.04594 1.779416 15.99825 0.05096 2.652737 9.10278 0.125123 2.874971 -67.420044 232.104816 -107.515259 7.631941 0.020664 10.407908 -78.735352 389.796982 -200.718994 4.157593 0.01914 24.672315 -128.036194 141.511841 40.334473 4.402756 0.195179 11.989871
30.956162 4.778293 3.450893 32.507393 2.384708 3.18659 -226.286774 285.262175 145.759888 45.701196 5.615094 4.715483 -530.738373 1015.172668 -286.021118 27.737963 5.535508 29.736783 -316.270294 646.562207 -207.095337 35.198131 6.160243 5.613534 21.679376 0.541166 4.848938 11.593802 0.621814 1.411416 -404.152527 318.392003 165.910034 13.493667 0.144527 6.414691 -58.191833 476.912956 251.882935 4.590413 0.266902 17.013427 -269.611664 338.83893 -4.053955 7.284055 0.006175 12.095562
28.040298 1.796871 16.945119 33.99535 0.519087 0.27677 -143.583984 476.682158 192.098999 37.422603 1.695809 1.015736 -157.150269 447.046723 220.231323 22.193961 2.63487 18.17581 -29.237823 684.697483 191.49231 33.399933 1.005336 1.99361 22.498453 0.655275 9.264802 15.295247 1.362289 0.101129 -66.451416 470.640075 -14.130249 14.616276 1.333123 6.717324 -162.446289 497.301121 -59.783325 5.912056 1.439038 18.70278 -287.097778 327.99798 153.201294 11.145434 0.339076 8.423851
17.811871 0.140301 16.1633 18.248491 0.4436 1.707476 -242.845459 -30.939674 907.538452 25.302074 1.881047 20.157973 490.193787 -808.137589 1914.610596 41.528089 8.655553 36.974628 -170.52597 842.961578 1535.161133 23.851507 0.670091 39.223372 19.975815 0.005279 11.482197 18.139574 2.668541 0.002089 -4.653931 360.45105 8.800659 14.696579 3.054578 6.528017 -427.82959 578.045826 -117.778931 10.191817 3.973899 22.264879 -26.974182 508.507442 -15.737305 11.550272 1.858426 8.770496
11.492945 0.463085 10.576368 12.498809 0.841473 1.000074 -384.775696 1224.403839 781.209717 10.938708 1.877371 85.04715 -1347.667007 1602.240143 1096.409912 2.819951 0.107144 144.100924 -111.826019 648.650208 535.622559 18.460592 4.928524 79.934714 18.462318 0.371454 16.169525 21.611558 7.848219 1.573906 -662.914429 423.156738 771.591797 28.382462 5.973349 0.448625 -99.889221 610.269547 971.808472 11.35783 8.017867 2.156433 -169.3573 506.26976 272.070923 14.257066 4.582782 3.761676
8.429166 0.000166 13.066926 14.356414 2.30652 2.640779 113.344879 162.039642 106.524658 14.553061 3.003328 97.365506 39.512482 167.707748 -48.607178 3.308673 0.002878 137.865088 -147.983246 52.833862 -372.91626 12.3868 5.448386 50.073772 18.283826 0.571674 17.296386 25.18464 9.952539 3.151333 32.53479 639.721375 -121.342773 27.606625 12.226988 0.026456 -259.11377 -15.756226 -154.425049 14.676789 7.89579 3.939965 -31.096191 438.84964 347.800903 14.785003 7.922566 0.400735
6.061433 1.253029 12.034416 11.015283 2.835989 1.613247 -69.651489 252.556458 -89.438477 12.271001 5.283265 86.966894 -223.085403 400.59967 -328.280029 1.061334 0.360114 99.361258 -110.042496 -146.442413 -485.311279 8.653203 4.071447 21.622882 21.582751 0.493048 19.73889 26.037915 12.705291 5.455536 342.089844 116.425781 -65.820312 20.099852 13.603488 0.012642 -199.903564 708.453522 -197.171021 17.527644 14.310382 6.992573 -124.468079 364.27124 162.437134 16.994261 11.384779 0.000523
5.473949 1.911009 11.685187 10.952101 3.237734 1.476364 -54.338989 185.482788 -108.962402 10.6257 7.365082 75.09162 -45.161285 160.420074 -142.104492 0.757829 0.742847 84.644963 -52.333527 -67.432251 11.387939 7.111922 3.504729 22.155598 21.450068 0.756027 20.751224 26.550401 13.493697 6.408592 -69.519043 96.416168 69.105835 21.529137 14.798981 0.031112 -166.085815 200.317841 117.182617 20.088536 16.467486 5.07351 -187.178345 154.279175 64.359131 20.606098 13.039809 0.047914
4.162265 3.767351 14.770551 12.244693 3.017068 0.954707 -187.050171 185.110016 -442.602539 5.867219 9.786678 35.812882 -303.811874 542.628021 -303.406982 0.041476 3.053417 57.169712 -62.874451 126.570129 -200.753174 5.459942 4.603396 13.714711 21.068445 4.506181 20.461134 27.215016 16.221042 6.731494 -150.410461 293.508453 74.866943 24.789513 18.748167 0.2394 -282.07489 320.093231 126.711426 24.837833 20.22857 3.344054 -69.963379 375.172577 -183.253174 22.045411 17.53296 0.220404
4.581609 4.553181 20.330437 13.356388 4.203811 3.151819 -42.757721 70.157776 62.619629 4.976452 10.794274 40.496903 -65.140133 229.643555 -57.685547 0.188333 4.50356 52.553949 63.02475 25.763245 -44.476929 7.116132 4.845348 12.117236 20.467108 7.028958 22.247084 28.842756 17.793853 8.590169 -60.272522 77.992096 85.536499 26.160501 19.876011 0.717031 4.269104 237.363281 106.530151 24.762202 23.26715 2.167959 -11.627197 104.373779 53.242188 22.289319 18.901013 0.072617
3.92177 4.873168 23.184384 12.045502 6.28023 7.25869 -28.946686 2.055969 371.433105 4.415017 10.824546 74.196688 29.511452 19.772949 2.558594 0.108656 4.641555 52.754561 10.870895 67.182465 83.300171 7.423953 5.505433 15.189952 19.675245 6.54217 24.205141 29.634704 19.329384 11.958672 -41.948242 79.010925 150.384521 27.136452 21.052178 2.176493 -10.11322 28.75 114.731445 24.941554 23.649621 1.185256 -154.43512 138.010864 204.185181 25.656227 20.788851 0.247525
2.804662 7.833179 22.784875 9.648306 6.595683 6.408957 -328.582458 -110.584869 -734.130859 0.396952 9.256478 17.36057 536.835651 40.892944 -1429.553223 2.460083 4.933553 0.211741 -98.120651 8.509521 -545.258789 4.881632 5.592047 1.372386 20.479196 6.322299 27.264746 28.467452 20.630857 14.920938 36.1203 102.354279 109.79126 26.295022 22.626101 3.740961 -21.864014 208.021545 182.198486 25.331512 26.509894 0.229782 -85.439758 199.533997 193.444214 27.620649 23.677109 1.498584
2.581731 8.385524 24.577454 9.342372 7.603711 9.153608 -60.268631 -45.33432 103.153076 0.129746 8.64909 22.95821 -22.935562 94.763794 140.094604 2.212274 5.644453 0.088048 -20.747223 -25.779877 50.496216 4.412073 5.331723 2.027597 20.42879 5.440116 28.880798 28.805065 21.48383 18.207821 22.871399 52.599487 97.539062 25.769081 23.457004 5.484081 -31.109924 40.274963 127.209473 25.89159 27.082532 0.002907 -206.014709 118.101807 271.990967 32.655305 25.475111 5.043908
2.477254 8.43806 24.643787 9.1266 7.782178 9.54237 -5.171814 23.576202 22.158203 0.113601 8.962391 24.262525 -18.617096 36.25061 28.254395 2.020796 5.929046 0.201941 -19.092178 25.627441 19.351196 4.000946 5.59049 2.312469 20.313855 5.775552 29.884003 28.942265 21.847055 19.498018 -15.33844 33.30658 49.675293 26.121211 23.990888 6.499565 -22.90802 50.632019 65.213013 26.307923 27.81111 0.026954 -26.127319 50.284119 71.639404 33.323913 26.260615 6.325066
1.464501 8.358533 18.402248 7.815175 8.855378 7.579234 -103.021927 -133.857727 95.640869 0.015428 7.257588 30.305737 -37.919083 101.500854 209.486084 1.657595 6.763136 2.500067 -50.5336 -51.726227 -40.371704 3.009789 5.074499 1.739361 19.310698 6.47541 29.956315 29.470699 24.827927 25.654652 -13.340759 133.930359 169.448242 26.429422 26.198357 10.612069 -41.2146 -8.683777 116.85791 27.065324 27.685466 0.308017 12.691956 14.641113 101.575928 32.998275 26.49157 8.389857
1.591972 10.020882 17.974349 7.844355 9.222905 6.406947 4.647675 45.720367 109.291992 0.010692 7.819675 38.03341 -65.55275 104.03656 145.921631 1.114504 7.67501 5.614647 -101.303558 33.157043 66.654663 1.446989 5.402381 2.729363 18.934409 11.775973 29.941381 27.929243 26.014211 23.671189 3.141174 118.1427 -20.474854 26.356689 28.226247 10.061865 13.853455 165.803223 -19.013672 26.80954 30.133573 0.241478 321.065063 127.275085 -205.670166 25.292485 28.541863 4.511173
1.691022 9.248024 17.987513 8.207201 10.030746 7.508553 78.072586 259.99176 72.741699 0.06059 11.414544 43.662639 -104.503517 -118.316345 -76.921387 0.47088 6.642474 3.8179 -58.79715 89.434814 219.84314 0.799509 6.337957 7.568834 17.675313 14.106901 29.924989 28.090762 27.193713 25.302292 -10.440369 71.225891 51.778564 26.59882 29.485343 11.481579 -22.70813 41.486816 44.848022 27.229449 30.762352 0.411384 -42.141113 89.166565 72.808838 26.245567 30.023779 5.747762
2.135609 8.309357 19.139231 9.508646 9.773182 7.750133 150.370636 184.093323 -10.621338 0.845298 14.369887 42.816478 -51.387329 -126.087952 35.098877 0.254537 5.624184 4.594901 -35.887985 77.024841 224.647827 0.498009 7.203564 15.009771 17.829109 16.828547 30.476906 28.122999 28.100626 26.566822 1.147766 51.275635 35.371094 26.572147 30.408777 12.505262 -8.303833 30.911865 32.622681 27.383814 31.235077 0.563243 -1.25885 33.452759 31.918945 26.274309 30.589426 6.337042
2.135634 8.309181 19.139231 9.508673 9.773202 7.750187 0.004425 0.004578 0.006104 0.845335 14.369964 42.816962 0.00843 -0.000916 0.003662 0.254567 5.624177 4.594986 -0.00618 0.010071 0.015259 0.497963 7.20368 15.010362 17.829145 16.828912 30.477452 28.123066 28.100803 26.56762 -0.005798 0.013428 0.023193 26.572282 30.40902 12.505947 -0.007935 0.022583 0.028687 27.383962 31.235423 0.563387 -0.009155 0.014954 0.024414 26.274518 30.58968 6.337504
2.146049 8.214353 19.071031 9.499821 9.760181 7.725195 0.164948 -0.140381 -0.166016 0.846693 14.367581 42.803802 3.459206 -3.782043 -1.778564 0.267058 5.594941 4.553882 -1.66481 0.653992 1.768188 0.485701 7.211267 15.078937 17.803741 17.012469 30.745023 28.144584 28.186859 26.929881 -3.17749 6.49292 11.850586 26.646157 30.526969 12.858702 -5.296021 10.158081 14.6698 27.482642 31.391555 0.639443 -5.396423 8.300476 13.135986 26.397907 30.730849 6.588378
2.146167 8.210274 19.066069 9.498541 9.759129 7.722289 -0.051498 -0.058594 -0.092773 0.846269 14.366587 42.796448 0.098839 -0.209961 -0.167236 0.267419 5.593321 4.550027 -0.052338 -0.059509 -0.071411 0.485318 7.210577 15.076164 17.802809 17.019651 30.758183 28.146 28.190601 26.947425 -0.167236 0.286255 0.568848 26.650048 30.532174 12.875758 -0.275879 0.440674 0.699463 27.487787 31.398337 0.64319 -0.294495 0.376587 0.643311 26.404649 30.737262 6.600789
3.64353 3.007045 22.814619 12.240802 11.227846 16.619807 137.020493 -266.602478 -590.6427 2.351336 10.197496 8.78506 -58.754616 -179.439697 -450.253906 0.09572 4.293978 0.089693 -221.826668 151.716919 481.347046 0.21922 9.078427 39.554369 15.731685 20.630784 29.945871 25.405756 30.419245 30.439454 63.873901 86.131592 105.966797 25.184597 32.11855 16.25024 25.91095 -11.672363 106.703491 27.006639 31.218945 1.342927 -140.168152 186.886597 296.378174 29.711259 34.002078 13.560845
3.635184 3.006806 22.819077 12.23583 11.253267 16.681357 -0.623932 3.000488 2.10083 2.342776 10.240452 8.860662 -2.842979 7.737122 4.255981 0.089601 4.346466 0.07645 0.018196 3.540497 2.932129 0.219131 9.124581 39.738968 15.717073 20.736765 29.95361 25.384458 30.457207 30.490747 0.975952 3.079224 1.630859 25.162527 32.176007 16.30524 1.584473 7.2229 2.356567 26.977354 31.329893 1.361255 0.89447 3.757019 2.84668 29.689539 34.069401 13.639715
3.634595 3.00686 22.820337 12.23533 11.253998 16.684046 -0.033722 0.095825 0.083008 2.342314 10.241825 8.863656 -0.107994 0.241089 0.15625 0.089373 4.348106 0.075983 -0.007401 0.123444 0.090332 0.219167 9.126192 39.744662 15.716524 20.742899 29.954746 25.383513 30.458817 30.492961 0.056763 0.116577 0.056152 25.161244 32.178183 16.307135 0.090027 0.238037 0.067749 26.975691 31.333553 1.361784 0.101624 0.140381 0.05127 29.687072 34.071917 13.641137
3.634595 3.00686 22.820337 12.23533 11.253998 16.684046 0.0 0.0 0.0 2.342314 10.241825 8.863656 0.0 0.0 0.0 0.089373 4.348106 0.075983 0.0 0.0 0.0 0.219167 9.126192 39.744662 15.716524 20.742899 29.954746 25.383513 30.458817 30.492961 0.0 0.0 0.0 25.161244 32.178183 16.307135 0.0 0.0 0.0 26.975691 31.333553 1.361784 0.0 0.0 0.0 29.687072 34.071917 13.641137
3.633978 3.007276 22.821112 12.234601 11.254445 16.685549 -0.028915 0.046082 0.043335 2.341918 10.242486 8.865219 -0.058708 0.10437 0.072632 0.089249 4.348817 0.075767 -0.017281 0.058746 0.043945 0.219252 9.126959 39.747432 15.716387 20.745961 29.956099 25.383386 30.459697 30.495275 -0.001831 0.060425 0.06958 25.161285 32.179311 16.309484 -0.007019 0.101318 0.084839 26.97582 31.33511 1.362447 0.023804 0.072021 0.059814 29.686495 34.073209 13.642797
3.633978 3.007276 22.821112 12.234601 11.254445 16.685549 0.0 0.0 0.0 2.341918 10.242486 8.865219 0.0 0.0 0.0 0.089249 4.348817 0.075767 0.0 0.0 0.0 0.219252 9.126959 39.747432 15.716387 20.745961 29.956099 25.383386 30.459697 30.495275 0.0 0.0 0.0 25.161285 32.179311 16.309484 0.0 0.0 0.0 26.97582 31.33511 1.362447 0.0 0.0 0.0 29.686495 34.073209 13.642797
3.148547 3.465461 24.456894 11.403682 11.536854 18.234269 -4.676666 -46.878052 -19.209595 2.27827 9.581619 8.185811 -37.583237 46.726074 20.209961 0.02751 4.672662 0.02758 -31.781464 13.538513 -27.506104 0.403396 9.304552 38.032429 15.873795 22.255793 30.200779 24.809749 31.071766 31.181227 -7.260742 39.259338 37.819824 25.325704 32.916413 17.611154 -28.873291 52.219849 55.956421 27.511943 32.143161 1.834339 1.412048 12.972717 4.997559 29.652226 34.306193 13.781827
3.148457 3.465617 24.457295 11.403627 11.536981 18.234683 -0.003357 0.011597 0.009766 2.278225 9.58178 8.18615 -0.008659 0.026245 0.016479 0.0275 4.672848 0.02755 -0.001068 0.014038 0.014648 0.403403 9.304737 38.033332 15.873709 22.256384 30.200507 24.80957 31.071844 31.18082 0.009766 0.004578 -0.012207 25.325482 32.9165 17.610725 0.014038 0.009155 -0.012207 27.511681 32.143304 1.834229 0.015259 0.007019 -0.014648 29.651856 34.30632 13.781419
3.148383 3.46573 24.457496 11.403541 11.537118 18.235096 -0.005646 0.014343 0.011597 2.278148 9.581979 8.186552 -0.013618 0.033569 0.023804 0.027484 4.673084 0.027507 -0.001869 0.016937 0.018311 0.403416 9.30496 38.034461 15.873623 22.256922 30.200561 24.809516 31.071973 31.181074 -0.000305 0.00946 0.009766 25.325489 32.916678 17.611068 -0.002136 0.018311 0.013428 27.511721 32.143589 1.83435 0.001526 0.012512 0.010986 29.651819 34.306545 13.781725
1.492754 5.895896 21.841625 9.053012 11.790986 13.648952 -118.745651 -331.866455 -19.439087 0.955892 5.533606 7.526566 -126.358204 305.865479 831.516113 0.078951 7.080257 18.718982 -90.25877 2.138672 78.953857 1.230142 9.333171 43.05888 15.972196 27.035953 28.8783 22.979167 32.3775 29.247427 166.879578 49.673462 -120.047607 21.68181 33.861273 13.651746 286.224365 89.936523 -195.053711 22.430147 33.559392 0.492874 319.502258 -65.922241 -225.690918 22.406787 33.130834 8.205914
1.492754 5.895896 21.841625 9.053012 11.790986 13.648952 0.0 0.0 0.0 0.955892 5.533606 7.526566 0.0 0.0 0.0 0.078951 7.080257 18.718982 0.0 0.0 0.0 1.230142 9.333171 43.05888 15.972196 27.035953 28.8783 22.979167 32.3775 29.247427 0.0 0.0 0.0 21.68181 33.861273 13.651746 0.0 0.0 0.0 22.430147 33.559392 0.492874 0.0 0.0 0.0 22.406787 33.130834 8.205914
1.338134 6.419921 20.614022 8.430222 11.517695 11.739964 -6.213226 15.932159 -65.109863 0.90227 5.702722 5.518001 71.448536 81.533813 -30.458374 0.000804 7.806048 17.322142 -20.004673 18.726959 -22.249756 1.4742 9.582023 41.61143 16.058127 29.125938 29.073692 22.911494 32.553417 28.633984 -23.742371 10.574341 -3.146973 22.182946 34.06408 13.554727 -55.50293 55.731201 28.826294 23.37502 34.452038 0.637532 18.066406 6.631165 -33.238525 22.02738 33.248172 7.506179
1.210822 6.702889 20.124384 6.895388 9.958685 9.49959 82.448196 21.850433 -190.220337 1.739818 5.938797 1.432196 60.051842 -8.395386 -137.176514 0.033843 7.72968 11.702351 -21.726036 -31.192017 -38.779297 1.764259 9.169345 39.147808 16.09634 27.2675 28.244872 22.245447 32.595594 28.813872 -94.493408 -46.133728 64.053955 24.234183 33.183714 15.597616 -217.628784 -95.98877 136.248779 27.267962 32.921875 1.572823 -74.685059 -59.603271 -53.925781 23.616804 32.200941 6.43726
1.202423 6.754937 20.217242 6.909071 9.980556 9.56152 2.522583 1.052094 -0.240479 1.769741 5.950284 1.428711 -10.110245 -4.700623 -25.512695 0.021969 7.687084 10.778309 0.475121 1.075745 -1.160889 1.757637 9.183426 39.075217 16.068123 27.529776 28.183475 22.179731 32.630733 28.725957 5.576172 2.208557 -4.265137 24.110619 33.225597 15.457133 9.971313 5.511475 -6.671753 27.083044 33.008793 1.517355 9.765625 0.810852 -5.34668 23.405829 32.215075 6.33575
1.202255 6.755455 20.217151 6.908973 9.980742 9.56152 0.021973 0.005341 -0.018311 1.770003 5.950343 1.428446 -0.142593 -0.075073 -0.354004 0.021819 7.686405 10.765755 -0.005436 0.005188 -0.031738 1.757713 9.183494 39.073233 16.06788 27.532347 28.183265 22.179281 32.631291 28.726055 0.036621 0.052185 -0.002441 24.109809 33.226587 15.457053 0.075378 0.118408 -0.009766 27.081649 33.010662 1.517274 0.066528 0.083923 0.007324 23.404395 32.216538 6.335888
1.202255 6.755455 20.217151 6.908973 9.980742 9.56152 0.0 0.0 0.0 1.770003 5.950343 1.428446 0.0 0.0 0.0 0.021819 7.686405 10.765755 0.0 0.0 0.0 1.757713 9.183494 39.073233 16.06788 27.532347 28.183265 22.179281 32.631291 28.726055 0.0 0.0 0.0 24.109809 33.226587 15.457053 0.0 0.0 0.0 27.081649 33.010662 1.517274 0.0 0.0 0.0 23.404395 32.216538 6.335888
1.202255 6.755455 20.217151 6.908973 9.980742 9.56152 0.0 0.0 0.0 1.770003 5.950343 1.428446 0.0 0.0 0.0 0.021819 7.686405 10.765755 0.0 0.0 0.0 1.757713 9.183494 39.073233 16.06788 27.532347 28.183265 22.179281 32.631291 28.726055 0.0 0.0 0.0 24.109809 33.226587 15.457053 0.0 0.0 0.0 27.081649 33.010662 1.517274 0.0 0.0 0.0 23.404395 32.216538 6.335888
1.202255 6.755455 20.217151 6.908973 9.980742 9.56152 0.0 0.0 0.0 1.770003 5.950343 1.428446 0.0 0.0 0.0 0.021819 7.686405 10.765755 0.0 0.0 0.0 1.757713 9.183494 39.073233 16.06788 27.532347 28.183265 22.179281 32.631291 28.726055 0.0 0.0 0.0 24.109809 33.226587 15.457053 0.0 0.0 0.0 27.081649 33.010662 1.517274 0.0 0.0 0.0 23.404395 32.216538 6.335888
]