Linda.alligator_above_blue_wagon.1587953482833 [ -1.704216 4.268979 1.046249 0.784686 -0.028796 3.560062 1.048983 0.786737 1.67542 -0.708917 0.0 0.0
-1.700762 4.26329 1.032895 0.774671 -0.021864 3.564415 1.049087 0.786815 1.678898 -0.698875 0.003478 0.010042
-1.700383 4.252757 1.015006 0.761255 -0.03731 3.554151 1.049717 0.787288 1.663073 -0.698606 -0.015824 0.000268
-1.69659 4.280688 1.038896 0.779172 -0.031608 3.548709 1.05207 0.789053 1.664982 -0.73198 0.001909 -0.033373
-1.704138 4.276401 1.04332 0.78249 -0.025864 3.553149 1.044939 0.783705 1.678274 -0.723252 0.013292 0.008728
-1.696275 4.28139 1.03561 0.776708 -0.018481 3.557917 1.053977 0.790483 1.677793 -0.723473 -0.000481 -0.000222
-1.690447 4.277068 0.999014 0.74926 -0.022033 3.555333 1.05188 0.78891 1.668414 -0.721735 -0.009379 0.001738
-1.682265 4.272496 0.994707 0.74603 -0.0288 3.575844 1.029401 0.772051 1.653465 -0.696652 -0.014949 0.025083
-1.682272 4.287062 0.982562 0.736922 -0.020142 3.575222 1.027343 0.770507 1.662131 -0.71184 0.008665 -0.015188
-1.690788 4.290196 1.009749 0.757312 -0.033316 3.568156 1.036569 0.777427 1.657471 -0.722039 -0.004659 -0.010199
-1.68675 4.294736 1.023613 0.76771 -0.041076 3.565881 1.032236 0.774177 1.645675 -0.728855 -0.011797 -0.006816
-1.671309 4.273435 0.974212 0.730659 -0.022063 3.566909 1.04758 0.785685 1.649246 -0.706526 0.003571 0.022329
-1.67955 4.287207 0.985461 0.739096 -0.03111 3.55637 1.053201 0.7899 1.64844 -0.730836 -0.000805 -0.02431
-1.67871 4.287832 0.994921 0.746191 -0.009582 3.586127 1.041047 0.780785 1.669128 -0.701706 0.020687 0.029131
-1.697051 4.293538 1.008974 0.75673 -0.033632 3.581591 1.044342 0.783257 1.663419 -0.711947 -0.005709 -0.010241
-1.713702 4.291046 1.050959 0.788219 -0.032231 3.581102 1.054903 0.791177 1.681471 -0.709944 0.018052 0.002003
-1.69694 4.257724 1.003111 0.752334 -0.030051 3.595726 1.059647 0.794736 1.666889 -0.661998 -0.014582 0.047946
-1.690159 4.282093 0.999795 0.749846 -0.033574 3.570845 1.046677 0.785008 1.656585 -0.711249 -0.010304 -0.049251
-1.693688 4.238811 0.957973 0.71848 -0.034257 3.591011 1.032507 0.77438 1.659431 -0.6478 0.002846 0.063449
-1.683012 4.254105 0.970999 0.728249 -0.037322 3.580427 1.048599 0.786449 1.645691 -0.673679 -0.01374 -0.025879
-1.687383 4.256392 0.98824 0.74118 -0.029981 3.587385 1.037974 0.77848 1.657402 -0.669006 0.011711 0.004672
-1.700686 4.216237 0.985333 0.739 -0.040019 3.595852 1.040497 0.780373 1.660666 -0.620385 0.003265 0.048621
-1.700303 4.224566 0.967765 0.725824 -0.041088 3.560459 1.064195 0.798146 1.659215 -0.664107 -0.001451 -0.043722
-1.696382 4.219666 0.985457 0.739093 -0.031668 3.560942 1.052577 0.789432 1.664715 -0.658724 0.0055 0.005383
-1.715818 4.215783 1.025666 0.76925 -0.033239 3.583278 1.05218 0.789135 1.682579 -0.632505 0.017864 0.026219
-1.783543 4.174973 1.048646 0.786485 -0.060526 3.560141 1.103988 0.827991 1.723017 -0.614832 0.040438 0.017673
-1.759763 4.188075 1.073524 0.805143 -0.031377 3.591088 1.04501 0.783757 1.728387 -0.596987 0.00537 0.017845
-1.737586 4.312874 1.20145 0.901087 -0.040347 3.591952 1.01783 0.763372 1.697238 -0.720921 -0.031148 -0.123934
-1.677376 3.989852 1.003572 0.752679 -0.077875 3.437898 1.163502 0.872627 1.5995 -0.551953 -0.097738 0.168968
-1.667146 4.003133 1.01293 0.759698 -0.118956 3.380523 1.127764 0.845823 1.54819 -0.62261 -0.05131 -0.070657
-1.06088 2.749681 1.036306 0.777229 -0.170678 3.350694 1.074897 0.806172 0.890202 0.601013 -0.657989 1.223623
-1.033244 2.703557 1.037242 0.777932 -0.24485 3.393087 1.087745 0.815809 0.788394 0.68953 -0.101808 0.088517
-1.006084 2.659527 1.038141 0.778606 -0.293509 3.219342 1.153364 0.865023 0.712574 0.559814 -0.07582 -0.129716
-0.979394 2.617562 1.039003 0.779252 -0.374268 3.06236 0.967202 0.725402 0.605126 0.444798 -0.107448 -0.115016
-1.009386 2.578205 0.983887 0.737915 -0.426952 2.866572 0.870838 0.653128 0.582434 0.288367 -0.022692 -0.156431
-0.799045 1.898881 0.909881 0.682411 -0.46061 2.72644 0.877696 0.658272 0.338436 0.827558 -0.243998 0.539192
-0.821469 1.634899 1.116437 0.837328 -0.617551 2.639715 0.988569 0.741427 0.203919 1.004816 -0.134517 0.177258
-0.815436 1.695028 1.162626 0.87197 -0.627809 2.447487 1.056964 0.792723 0.187627 0.752459 -0.016291 -0.252357
-0.686276 1.224237 1.236302 0.927227 -0.620201 2.366105 1.048831 0.786624 0.066075 1.141869 -0.121552 0.38941
-0.635783 1.207643 1.359981 1.019986 -0.557254 1.671791 1.008207 0.756155 0.078529 0.464149 0.012454 -0.67772
-0.550624 1.406546 1.190185 0.892639 -0.363847 2.049117 1.141646 0.856234 0.186778 0.642571 0.108248 0.178422
-0.55602 1.230365 1.321278 0.990959 -0.374188 2.00735 1.144711 0.858533 0.181832 0.776985 -0.004946 0.134414
-0.513645 1.34682 1.164135 0.873101 -0.384513 1.966644 1.147709 0.860782 0.129132 0.619824 -0.0527 -0.15716
-0.538103 1.336944 1.376811 1.032608 -0.449294 1.406378 0.938214 0.703661 0.088808 0.069434 -0.040324 -0.550391
-0.378538 1.862913 0.825105 0.618829 -0.468763 1.433699 1.5265 1.144875 -0.090225 -0.429214 -0.179033 -0.498648
-0.361219 1.868932 0.774334 0.580751 -0.415396 1.850864 1.156308 0.867231 -0.054177 -0.018068 0.036048 0.411146
-0.394011 1.799324 0.815145 0.611359 -0.425661 1.814372 1.159042 0.869281 -0.03165 0.015048 0.022527 0.033116
-0.398922 1.626429 0.975952 0.731964 -0.435911 1.778926 1.161709 0.871282 -0.036989 0.152497 -0.00534 0.137449
-0.406298 1.44956 1.053128 0.789846 -0.446149 1.744524 1.16431 0.873233 -0.03985 0.294964 -0.002861 0.142467
-0.404918 1.448914 1.078412 0.808809 -0.456373 1.711161 1.166845 0.875134 -0.051455 0.262246 -0.011605 -0.032717
-0.42465 1.459187 1.036916 0.777687 -0.466585 1.678834 1.169313 0.876985 -0.041935 0.219647 0.00952 -0.042599
-0.386025 1.774392 0.764893 0.573669 -0.476784 1.647542 1.171716 0.878787 -0.090759 -0.12685 -0.048824 -0.346497
-0.340674 1.83692 0.715824 0.536868 -0.486972 1.61728 1.174052 0.880539 -0.146298 -0.21964 -0.05554 -0.09279
-0.351804 1.861851 0.717704 0.538278 -0.497149 1.588046 1.176321 0.882241 -0.145345 -0.273805 0.000954 -0.054165
-0.351042 1.764632 0.781685 0.586264 -0.715435 1.944169 0.839496 0.629622 -0.364393 0.179537 -0.219049 0.453342
-0.379647 1.774492 0.824436 0.618327 -0.51747 1.532648 1.180661 0.885496 -0.137823 -0.241844 0.22657 -0.421381
-0.382636 1.798274 0.823907 0.61793 -0.527615 1.506479 1.182732 0.887049 -0.14498 -0.291795 -0.007157 -0.049951
-0.363683 1.831048 0.845201 0.633901 -0.537751 1.481324 1.184736 0.888552 -0.174068 -0.349723 -0.029089 -0.057928
-0.392637 1.79965 0.874801 0.656101 -0.547879 1.457183 1.186674 0.890005 -0.155241 -0.342468 0.018827 0.007256
-0.398583 1.872319 0.904484 0.678363 -0.557997 1.43405 1.188545 0.891409 -0.159414 -0.438269 -0.004173 -0.095801
-0.368866 1.863144 0.990943 0.743207 -0.568108 1.411924 1.19035 0.892763 -0.199242 -0.45122 -0.039828 -0.012951
-0.30114 1.861642 1.040608 0.780456 -0.693453 1.567013 1.08051 0.810382 -0.392314 -0.294629 -0.193072 0.156591
-0.260548 1.87888 1.150562 0.862922 -0.788894 1.569559 1.165413 0.874059 -0.528346 -0.309322 -0.136032 -0.014692
-0.262973 1.903756 1.037776 0.778332 -0.822194 1.611904 1.270374 0.95278 -0.559222 -0.291851 -0.030876 0.01747
-0.227398 1.941142 1.039569 0.779676 -0.900074 1.585661 1.423475 1.067606 -0.672676 -0.35548 -0.113455 -0.063629
-0.299162 1.876684 1.166512 0.874884 -1.02006 1.543321 1.203905 0.902928 -0.720898 -0.333363 -0.048222 0.022118
-0.309539 1.959294 1.139791 0.854843 -0.976179 1.459588 1.22686 0.920145 -0.666641 -0.499706 0.054258 -0.166343
-0.346264 2.009605 1.177228 0.882921 -0.917109 1.393033 1.128427 0.84632 -0.570845 -0.616572 0.095796 -0.116867
-0.378461 1.992859 1.132388 0.849291 -1.706908 1.742484 1.026543 0.769907 -1.328447 -0.250375 -0.757603 0.366198
-0.447208 2.001529 1.117063 0.837798 -1.627152 1.747976 1.081217 0.810913 -1.179943 -0.253553 0.148504 -0.003178
-0.419427 1.976631 1.073 0.80475 -0.339336 1.054793 1.10452 0.82839 0.080091 -0.921838 1.260034 -0.668285
-0.431251 1.924549 1.130137 0.847603 -0.316605 1.08294 1.109181 0.831885 0.114646 -0.841609 0.034555 0.080229
-0.399985 1.847796 1.061645 0.796234 -0.360891 1.158091 1.181001 0.885751 0.039094 -0.689705 -0.075552 0.151904
-0.367973 1.913526 1.092142 0.819106 -0.699014 1.214462 1.20777 0.905827 -0.331041 -0.699064 -0.370135 -0.009359
-0.37057 1.853015 1.159772 0.869829 -0.721625 1.196183 1.484486 1.113364 -0.351056 -0.656832 -0.020015 0.042232
-0.352051 1.883642 1.186983 0.890237 -0.816466 1.185244 1.414924 1.061193 -0.464415 -0.698399 -0.11336 -0.041567
-0.343472 1.943045 1.169518 0.877139 -0.756819 1.151341 1.19612 0.89709 -0.413347 -0.791704 0.051069 -0.093306
-0.418777 1.957903 1.122572 0.841929 -0.445998 1.015053 1.118955 0.839216 -0.027221 -0.94285 0.386126 -0.151145
-0.339911 1.998327 1.070905 0.803178 -0.388872 0.987636 1.217732 0.913299 -0.04896 -1.010692 -0.02174 -0.067842
-0.395929 2.013719 1.121776 0.841332 -0.33254 0.93779 1.21348 0.91011 0.063389 -1.075929 0.112349 -0.065237
-0.4885 2.019833 1.129704 0.847278 -0.339343 0.985133 1.171559 0.878669 0.149157 -1.0347 0.085769 0.041229
-0.17694 2.457864 1.044879 0.783659 -0.327502 0.992903 1.249599 0.937199 -0.150562 -1.464961 -0.29972 -0.430261
0.873354 2.121229 1.459864 1.094898 -0.328046 1.08718 1.342873 1.007155 -1.2014 -1.034048 -1.050837 0.430912
-0.160597 2.505198 1.043955 0.782966 -0.409746 1.011842 1.320584 0.990438 -0.249149 -1.493356 0.952251 -0.459308
-0.408599 2.848677 1.059747 0.79481 -0.424049 0.983398 1.346375 1.009781 -0.01545 -1.865278 0.233699 -0.371922
-0.337712 3.115082 1.023042 0.767281 -0.4161 0.757918 1.241243 0.930932 -0.078388 -2.357164 -0.062938 -0.491886
-0.224732 3.394451 1.116743 0.837557 -0.68431 0.873772 1.110572 0.832929 -0.459578 -2.520679 -0.38119 -0.163515
-0.107424 3.505527 1.124869 0.843652 -0.799906 0.849504 1.161014 0.87076 -0.692482 -2.656023 -0.232904 -0.135344
-0.023902 3.575354 1.084211 0.813159 -0.887164 0.924658 1.145698 0.859274 -0.863262 -2.650696 -0.17078 0.005327
-0.009369 3.581522 1.031994 0.773996 -0.966222 0.813598 1.274302 0.955727 -0.956853 -2.767924 -0.093591 -0.117228
-0.004173 3.521374 1.101366 0.826024 -1.006939 0.842471 1.322448 0.991836 -1.002766 -2.678903 -0.045913 0.089021
-0.030064 3.501874 1.067229 0.800421 -1.076915 0.78119 1.334898 1.001174 -1.046851 -2.720684 -0.044085 -0.041781
-0.028693 3.489662 1.055318 0.791489 -1.108212 0.776939 1.303489 0.977617 -1.079518 -2.712723 -0.032668 0.007961
-0.044822 3.505198 1.048728 0.786546 -1.089391 0.795562 1.287401 0.96555 -1.04457 -2.709636 0.034949 0.003087
-0.0388 3.574349 1.01452 0.76089 -1.042398 0.783448 1.31202 0.984015 -1.003598 -2.790901 0.040972 -0.081265
-0.029701 3.607599 1.006938 0.755204 -1.015057 0.65698 1.268771 0.951578 -0.985355 -2.950619 0.018243 -0.159718
-0.046886 3.622001 1.045167 0.783875 -0.95264 0.804896 1.192472 0.894354 -0.905754 -2.817105 0.079601 0.133514
-0.049575 3.62674 1.057548 0.793161 -0.909803 0.846707 1.195418 0.896564 -0.860228 -2.780033 0.045527 0.037072
-0.049988 3.600494 1.061422 0.796067 -0.888529 0.873734 1.156408 0.867306 -0.83854 -2.726759 0.021687 0.053274
-0.049259 3.600632 1.070956 0.803217 -0.865276 0.949302 1.107091 0.830318 -0.816018 -2.65133 0.022523 0.075429
-0.036084 3.607137 1.045809 0.784357 -0.913675 0.890598 1.104067 0.828051 -0.877591 -2.716539 -0.061573 -0.065209
-0.040583 3.60245 1.024029 0.768021 -0.98125 1.333471 1.207076 0.905307 -0.940667 -2.268979 -0.063076 0.44756
-0.032071 3.592806 1.085565 0.814174 -0.961417 0.84991 1.169305 0.876978 -0.929346 -2.742896 0.011321 -0.473917
-0.031647 3.57806 1.046132 0.784599 -1.004811 0.929477 1.242739 0.932054 -0.973164 -2.648583 -0.043818 0.094313
-0.031466 3.604812 1.033168 0.774876 -1.067508 0.890394 1.324649 0.993486 -1.036042 -2.714418 -0.062878 -0.065834
-0.038699 3.621503 1.011916 0.758937 -1.172682 0.768157 1.505149 1.128862 -1.133984 -2.853346 -0.097942 -0.138928
-0.027772 3.604991 0.984655 0.738491 -1.032261 1.429095 1.201448 0.901086 -1.004488 -2.175896 0.129495 0.67745
-0.024682 3.591069 1.002731 0.752048 -1.042501 1.450821 1.200122 0.900091 -1.017819 -2.140248 -0.01333 0.035647
-0.048211 3.593609 1.072841 0.804631 -1.679597 0.913858 1.492919 1.119689 -1.631386 -2.679752 -0.613567 -0.539504
-0.041627 3.580036 1.068975 0.801731 -1.667129 1.001038 1.383854 1.037891 -1.625502 -2.578999 0.005884 0.100753
-0.062675 3.591503 1.04563 0.784222 -1.58539 1.039726 1.285921 0.964441 -1.522715 -2.551777 0.102787 0.027221
-0.027154 3.571166 1.022035 0.766526 -1.150371 0.873752 1.216699 0.912524 -1.123217 -2.697414 0.399498 -0.145637
-0.023782 3.550343 1.036257 0.777193 -0.68037 0.839089 1.312895 0.984672 -0.656587 -2.711254 0.46663 -0.01384
-0.076865 3.570283 1.064704 0.798528 -0.563859 0.876796 1.41143 1.058572 -0.486993 -2.693486 0.169594 0.017768
-0.049663 3.56073 1.039755 0.779816 -0.498441 1.253753 1.232976 0.924732 -0.448778 -2.306977 0.038216 0.386509
-0.060166 3.563175 1.046142 0.784607 -0.557028 1.204848 1.314472 0.985854 -0.496862 -2.358328 -0.048084 -0.05135
-0.055731 3.580958 0.981808 0.736356 -0.689153 1.175135 1.253314 0.939985 -0.633422 -2.405822 -0.13656 -0.047495
-0.074007 3.626185 0.990703 0.743028 -1.145721 1.714861 1.183183 0.887387 -1.071714 -1.911324 -0.438292 0.494498
-0.066981 3.659763 1.009761 0.757321 -1.130417 1.103607 1.349663 1.012247 -1.063436 -2.556156 0.008278 -0.644832
-0.050756 3.626522 0.972237 0.729178 -1.166567 1.777718 1.178992 0.884244 -1.115811 -1.848804 -0.052375 0.707352
-0.038627 3.585612 0.99535 0.746513 -1.177019 1.810382 1.176796 0.882597 -1.138392 -1.775229 -0.022581 0.073575
-0.061694 3.597441 1.071774 0.803831 -1.775559 1.177024 1.47046 1.102845 -1.713865 -2.420417 -0.575473 -0.645188
-0.056035 3.63193 1.021004 0.765753 -1.77675 1.162867 1.398154 1.048615 -1.720715 -2.469063 -0.006849 -0.048646
-0.040373 3.607764 0.976648 0.732486 -1.208492 1.913285 1.169807 0.877355 -1.16812 -1.69448 0.552595 0.774584
-0.045551 3.593539 0.993495 0.745121 -1.219025 1.949212 1.167343 0.875507 -1.173474 -1.644328 -0.005354 0.050152
-0.053426 3.580859 0.984502 0.738377 -1.229578 1.985946 1.164812 0.873609 -1.176152 -1.594912 -0.002678 0.049415
-0.036016 3.514611 1.003529 0.752647 -0.617904 1.313139 1.145804 0.859353 -0.581888 -2.201471 0.594264 -0.606559
-0.061044 3.544438 0.989869 0.742401 -0.578047 1.542836 1.017889 0.763416 -0.517003 -2.001602 0.064885 0.199869
-0.060733 3.597567 0.967363 0.725522 -0.618011 1.518066 1.050222 0.787666 -0.557278 -2.079501 -0.040275 -0.077899
-0.053416 3.614413 0.962563 0.721922 -0.681467 1.535103 1.056869 0.792652 -0.628051 -2.07931 -0.070774 0.000191
-0.050479 3.597192 0.985736 0.739302 -0.738604 1.524847 1.058313 0.793734 -0.688125 -2.072345 -0.060074 0.006965
-0.04996 3.579236 1.004694 0.753521 -0.771829 1.551696 1.090667 0.818 -0.721869 -2.027541 -0.033744 0.044804
-0.029535 3.562107 0.982256 0.736692 -0.868277 1.609185 1.115253 0.83644 -0.838742 -1.952921 -0.116873 0.074619
-0.030781 3.540616 0.978923 0.734193 -0.973458 1.786112 1.12563 0.844223 -0.942678 -1.754503 -0.103935 0.198418
-0.034315 3.569153 0.976735 0.732551 -0.991704 1.876431 1.033445 0.775084 -0.957389 -1.692722 -0.014712 0.061781
-0.047262 3.579874 0.939327 0.704495 -1.367242 2.188864 1.170671 0.878004 -1.31998 -1.39101 -0.362591 0.301712
-0.0382 3.585205 0.917871 0.688403 -1.347198 2.442477 1.132548 0.849411 -1.308999 -1.142727 0.010982 0.248283
-0.037436 3.585772 0.920185 0.690139 -1.612806 4.600497 1.153158 0.864868 -1.57537 1.014725 -0.266371 2.157452
-0.05111 3.59496 0.895993 0.671995 -1.368913 2.535629 1.125809 0.844357 -1.317803 -1.059331 0.257567 -2.074056
-0.058962 3.601937 0.935947 0.70196 -1.818876 3.512741 1.00441 0.753308 -1.759914 -0.089196 -0.442111 0.970135
-0.048131 3.596914 0.920474 0.690356 -1.8063 3.673709 0.993371 0.745028 -1.758169 0.076794 0.001746 0.16599
-0.059226 3.609127 0.95519 0.716392 -1.790402 3.831621 1.034868 0.776151 -1.731176 0.222494 0.026992 0.1457
-0.081393 3.625543 0.960126 0.720095 -1.803016 3.992512 1.015218 0.761413 -1.721623 0.36697 0.009554 0.144476
-0.044686 3.938467 1.000111 0.750083 -1.704761 3.983407 0.909161 0.681871 -1.660074 0.04494 0.061548 -0.32203
-0.084298 3.589262 0.999204 0.749403 -1.683953 4.068256 0.990842 0.743131 -1.599655 0.478993 0.060419 0.434053
-0.086439 3.598232 1.008471 0.756354 -1.676022 4.117904 0.993339 0.745004 -1.589583 0.519672 0.010072 0.040679
-0.105869 3.609784 1.019084 0.764313 -1.671685 4.13223 0.98254 0.736905 -1.565816 0.522446 0.023766 0.002774
-0.098133 3.599992 1.004174 0.75313 -1.680193 4.125365 0.965096 0.723822 -1.58206 0.525373 -0.016243 0.002927
-0.121025 3.61205 1.009988 0.757491 -1.696618 4.11907 0.934521 0.700891 -1.575593 0.50702 0.006466 -0.018352
-0.116979 3.605282 1.006405 0.754804 -1.691514 4.140543 0.923034 0.692276 -1.574536 0.53526 0.001058 0.02824
-0.112525 3.613103 0.973597 0.730197 -1.726973 4.168486 0.957165 0.717874 -1.614448 0.555383 -0.039912 0.020123
-0.100405 3.604924 0.977345 0.733009 -1.737698 4.163869 0.982946 0.73721 -1.637293 0.558944 -0.022845 0.003561
-0.082956 3.570399 0.99613 0.747097 -1.701804 4.193466 0.978946 0.73421 -1.618849 0.623068 0.018444 0.064123
-0.099427 3.602332 1.016693 0.76252 -1.691703 4.198329 0.957973 0.71848 -1.592276 0.595997 0.026572 -0.027071
-0.092374 3.584502 1.017336 0.763002 -1.684863 4.194277 0.963875 0.722906 -1.592488 0.609775 -0.000212 0.013778
-0.085888 3.596969 1.00937 0.757028 -1.6928 4.215925 0.978264 0.733698 -1.606913 0.618955 -0.014424 0.00918
-0.073204 3.568096 1.003969 0.752977 -1.696081 4.215716 0.988525 0.741394 -1.622877 0.64762 -0.015965 0.028664
-0.077211 3.581958 0.997619 0.748214 -1.704272 4.202841 0.998452 0.748839 -1.62706 0.620883 -0.004183 -0.026737
-0.085266 3.5881 0.998437 0.748828 -1.702473 4.219204 1.010507 0.75788 -1.617207 0.631104 0.009854 0.010221
-0.077346 3.599556 0.994828 0.746121 -1.699427 4.21535 1.010638 0.757978 -1.622081 0.615794 -0.004874 -0.015309
-0.080159 3.597446 0.990761 0.743071 -1.700999 4.206858 1.000863 0.750647 -1.62084 0.609412 0.00124 -0.006382
-0.072605 3.5895 1.000527 0.750395 -1.701555 4.215111 1.015314 0.761485 -1.628951 0.62561 -0.00811 0.016198
-0.082749 3.603309 0.98036 0.73527 -1.69229 4.2057 0.977248 0.732936 -1.609541 0.602391 0.019409 -0.02322
-0.079248 3.595517 0.986054 0.739541 -1.705103 4.202371 1.008819 0.756614 -1.625854 0.606854 -0.016313 0.004463
-0.073253 3.603709 1.007104 0.755328 -1.729711 4.220252 1.033798 0.775349 -1.656458 0.616543 -0.030604 0.009689
-0.078385 3.604165 0.9926 0.74445 -1.702001 4.233242 1.016563 0.762422 -1.623616 0.629077 0.032842 0.012534
-0.073918 3.599569 0.990038 0.742529 -1.700005 4.216227 0.993966 0.745475 -1.626086 0.616658 -0.002471 -0.012419
-0.080863 3.603464 1.003641 0.75273 -1.701254 4.220885 0.993427 0.74507 -1.620391 0.61742 0.005696 0.000762
-0.075336 3.605529 1.004665 0.753499 -1.701566 4.203215 0.985543 0.739157 -1.62623 0.597686 -0.00584 -0.019735
-0.076995 3.605034 1.010771 0.758078 -1.712137 4.211914 1.018288 0.763716 -1.635142 0.60688 -0.008912 0.009195
-0.079797 3.593452 1.002861 0.752146 -1.706383 4.208075 1.010048 0.757536 -1.626586 0.614623 0.008556 0.007743
-0.07239 3.584331 0.994594 0.745946 -1.715256 4.203877 1.034271 0.775703 -1.642866 0.619546 -0.01628 0.004923
-0.070031 3.589475 1.000919 0.750689 -1.705474 4.207845 1.006581 0.754936 -1.635443 0.61837 0.007423 -0.001177
-0.078311 3.600075 0.99158 0.743685 -1.700278 4.218776 1.006426 0.754819 -1.621968 0.618702 0.013475 0.000332
-0.07838 3.58948 0.984352 0.738264 -1.703124 4.219354 1.004318 0.753239 -1.624743 0.629874 -0.002776 0.011172
-0.076781 3.587095 0.988862 0.741647 -1.707608 4.222538 1.025014 0.768761 -1.630827 0.635443 -0.006084 0.005569
-0.081014 3.596025 0.984285 0.738214 -1.709864 4.210882 1.01446 0.760845 -1.62885 0.614857 0.001977 -0.020586
-0.069247 3.597136 0.98398 0.737985 -1.702977 4.213622 1.000892 0.750669 -1.633731 0.616487 -0.004881 0.00163
-0.07103 3.595858 0.986703 0.740027 -1.706574 4.201552 1.012864 0.759648 -1.635544 0.605695 -0.001813 -0.010792
-0.076657 3.602716 0.995412 0.746559 -1.703325 4.221585 1.02392 0.76794 -1.626668 0.618869 0.008876 0.013174
-0.069821 3.580117 0.99345 0.745087 -1.706807 4.214876 1.031554 0.773666 -1.636986 0.63476 -0.010318 0.015891
-0.077235 3.583072 0.98417 0.738127 -1.707256 4.213423 1.028392 0.771294 -1.630022 0.630351 0.006965 -0.004408
-0.070999 3.59216 0.989964 0.742473 -1.707911 4.200807 1.001793 0.751345 -1.636913 0.608646 -0.006891 -0.021705
]