richa5.lion_above_orange_bed.25 [ 0.206922 2.668054 1.068635 0.601107 1.232556 3.155588 1.064522 0.598793 1.025633 0.487534 0.0 0.0
0.210264 2.663581 1.044801 0.587701 1.225216 3.163493 1.084755 0.610175 1.014951 0.499912 -0.010682 0.012378
0.207725 2.66561 1.048812 0.589957 1.247676 3.170008 1.077413 0.606045 1.039951 0.504398 0.024999 0.004486
0.225295 2.660811 1.038831 0.584342 1.249288 3.163553 1.075289 0.60485 1.023993 0.502742 -0.015958 -0.001656
0.209394 2.676855 1.069274 0.601467 1.247203 3.164964 1.081003 0.608064 1.03781 0.488109 0.013817 -0.014633
0.234993 2.6582 1.055342 0.59363 1.239474 3.17965 1.099211 0.618306 1.004481 0.52145 -0.033329 0.033341
0.196038 2.688344 1.071321 0.602618 1.242994 3.163598 1.096293 0.616665 1.046956 0.475254 0.042475 -0.046196
0.224996 2.668797 1.055623 0.593788 1.244321 3.161216 1.07614 0.605329 1.019325 0.492419 -0.02763 0.017165
0.212389 2.678548 1.063436 0.598183 1.239511 3.17572 1.095103 0.615995 1.027122 0.497172 0.007797 0.004753
0.222108 2.665198 1.031913 0.580451 1.238899 3.18024 1.097282 0.617221 1.016791 0.515043 -0.010331 0.01787
0.198255 2.681691 1.071379 0.602651 1.239927 3.171517 1.096243 0.616637 1.041673 0.489826 0.024882 -0.025216
0.215676 2.673726 1.051496 0.591466 1.234975 3.176813 1.100561 0.619065 1.0193 0.503087 -0.022373 0.013261
0.191464 2.688311 1.072016 0.603009 1.245422 3.174726 1.077253 0.605955 1.053958 0.486416 0.034658 -0.016671
0.218955 2.653662 1.034525 0.58192 1.247141 3.156263 1.081644 0.608425 1.028185 0.502601 -0.025772 0.016186
0.227054 2.660381 1.038952 0.584411 1.235217 3.164819 1.064836 0.59897 1.008164 0.504438 -0.020022 0.001837
0.217238 2.662992 1.026794 0.577572 1.232857 3.157926 1.086039 0.610897 1.015619 0.494934 0.007455 -0.009505
0.216732 2.675873 1.0382 0.583987 1.228876 3.189542 1.086639 0.611235 1.012143 0.513669 -0.003476 0.018736
0.200161 2.676634 1.062626 0.597727 1.233925 3.163093 1.093392 0.615033 1.033764 0.486459 0.02162 -0.02721
0.204361 2.682005 1.036437 0.582996 1.246691 3.15713 1.084667 0.610125 1.04233 0.475125 0.008566 -0.011334
0.225837 2.65866 1.02956 0.579128 1.243144 3.153246 1.077548 0.606121 1.017306 0.494586 -0.025024 0.019462
0.222761 2.675465 1.081551 0.608372 1.227978 3.174586 1.092519 0.614542 1.005217 0.499121 -0.01209 0.004535
0.203083 2.677332 1.045597 0.588148 1.23053 3.148044 1.09175 0.614109 1.027447 0.470712 0.02223 -0.028409
0.232627 2.662592 1.057642 0.594924 1.233401 3.159299 1.067607 0.600529 1.000774 0.496708 -0.026673 0.025995
0.199334 2.701636 1.057361 0.594766 1.25241 3.172716 1.084672 0.610128 1.053076 0.47108 0.052302 -0.025628
0.194084 2.691636 1.0523 0.591919 1.248987 3.148041 1.06369 0.598325 1.054903 0.456405 0.001827 -0.014675
0.24005 2.627161 1.06183 0.597279 1.288067 3.043289 1.045341 0.588004 1.048017 0.416129 -0.006887 -0.040276
0.21347 2.664821 1.0274 0.577913 1.248137 2.986775 1.063345 0.598132 1.034667 0.321954 -0.013349 -0.094175
0.225521 2.659339 1.011498 0.568968 1.249979 2.816507 1.010506 0.56841 1.024457 0.157168 -0.01021 -0.164786
0.219725 2.677444 1.041517 0.585853 1.263037 2.736774 1.070506 0.602159 1.043312 0.05933 0.018855 -0.097837
0.229663 2.638243 1.011578 0.569013 1.259596 2.406281 0.978286 0.550286 1.029933 -0.231962 -0.013379 -0.291292
0.239314 2.609435 1.014308 0.570548 1.21637 2.073777 0.965028 0.542828 0.977056 -0.535657 -0.052877 -0.303696
0.262125 2.597486 1.082476 0.608893 1.078489 1.668291 0.971004 0.54619 0.816364 -0.929195 -0.160692 -0.393538
0.26118 2.49219 1.029775 0.579248 1.065639 1.41548 0.937414 0.527296 0.804459 -1.07671 -0.011905 -0.147514
0.149909 2.379103 1.006415 0.566108 0.928627 1.034415 0.990703 0.55727 0.778718 -1.344687 -0.025741 -0.267978
0.12885 2.385762 1.032081 0.580546 0.903082 1.040617 1.075702 0.605082 0.774232 -1.345145 -0.004486 -0.000458
0.125275 2.380378 1.039059 0.584471 0.827715 0.510389 0.984297 0.553667 0.70244 -1.869989 -0.071791 -0.524844
0.116156 2.357594 1.100079 0.618794 0.754493 0.223763 1.182211 0.664994 0.638337 -2.133832 -0.064103 -0.263843
0.262765 2.526433 1.046099 0.588431 0.701343 0.136639 1.175407 0.661167 0.438578 -2.389794 -0.199759 -0.255962
0.248899 2.446052 1.092745 0.614669 0.876547 1.214317 1.041981 0.586114 0.627648 -1.231735 0.18907 1.158059
0.242456 2.64462 1.075947 0.60522 0.863574 1.179183 1.041194 0.585672 0.621119 -1.465437 -0.006529 -0.233702
0.218885 2.66825 1.066908 0.600136 0.850736 1.145986 1.040426 0.585239 0.631852 -1.522264 0.010733 -0.056827
0.263185 2.60263 1.018231 0.572755 0.838033 1.114698 1.039675 0.584817 0.574848 -1.487933 -0.057003 0.034332
0.24119 2.637643 1.032657 0.580869 0.825465 1.08529 1.038941 0.584404 0.584275 -1.552353 0.009427 -0.06442
0.24834 2.621674 1.030808 0.57983 0.872086 -0.040939 0.904183 0.508603 0.623747 -2.662613 0.039471 -1.11026
0.231306 2.59447 0.997094 0.560866 0.963265 0.027272 0.82068 0.461632 0.731959 -2.567197 0.108213 0.095416
0.229869 2.610884 1.022163 0.574967 0.97594 0.045893 0.931995 0.524247 0.746071 -2.564991 0.014111 0.002207
0.260422 2.557454 0.916148 0.515333 0.986652 0.004524 1.072367 0.603206 0.726231 -2.55293 -0.01984 0.01206
0.23517 2.635372 1.039018 0.584448 0.764642 0.965461 1.035523 0.582482 0.529472 -1.66991 -0.196759 0.88302
0.245003 2.631823 1.028119 0.578317 0.75288 0.946739 1.034888 0.582125 0.507878 -1.685084 -0.021594 -0.015174
0.243101 2.64229 1.007407 0.566666 0.741253 0.929699 1.034269 0.581776 0.498153 -1.712591 -0.009725 -0.027507
0.229627 2.678834 1.036492 0.583027 0.72976 0.914311 1.033666 0.581437 0.500133 -1.764523 0.001981 -0.051931
0.224497 2.660694 1.043834 0.587157 0.718402 0.900548 1.033077 0.581106 0.493904 -1.760146 -0.006229 0.004377
0.235245 2.646993 1.038343 0.584068 0.951667 -0.112062 0.882611 0.496469 0.716422 -2.759055 0.222518 -0.998909
0.238156 2.632087 1.050978 0.591175 0.979551 -0.001679 0.926331 0.521061 0.741395 -2.633766 0.024973 0.125289
0.241482 2.635167 1.026163 0.577217 0.980201 0.039754 0.994516 0.559415 0.738719 -2.595412 -0.002676 0.038353
0.262586 2.550844 0.899465 0.505949 1.016108 0.03346 1.029695 0.579204 0.753521 -2.517384 0.014803 0.078028
0.273694 2.548392 0.842412 0.473857 1.000776 0.074556 1.064967 0.599044 0.727082 -2.473837 -0.026439 0.043547
0.26697 2.521254 0.856622 0.48185 0.944282 0.082034 1.065795 0.59951 0.677311 -2.43922 -0.04977 0.034617
0.158741 2.195326 0.956937 0.538277 0.816806 0.198478 0.906591 0.509957 0.658065 -1.996848 -0.019246 0.442371
0.406783 1.792476 0.996353 0.560449 0.761336 0.165456 1.065317 0.599241 0.354553 -1.62702 -0.303512 0.369828
0.427551 -0.046456 1.145631 0.644417 0.645186 0.168073 1.182554 0.665187 0.217636 0.214528 -0.136918 1.841549
0.377135 0.994684 1.068522 0.601044 0.661609 0.300008 1.140674 0.641629 0.284474 -0.694675 0.066838 -0.909204
0.475761 0.912084 0.82943 0.466554 0.623296 0.510753 1.001183 0.563165 0.147536 -0.401331 -0.136938 0.293345
0.542246 0.774185 0.760308 0.427673 0.592539 0.851778 1.027126 0.577758 0.050293 0.077593 -0.097243 0.478924
0.579348 0.683993 1.026265 0.577274 0.582918 0.856551 1.026715 0.577527 0.00357 0.172559 -0.046723 0.094965
0.52824 0.789101 0.987011 0.555194 0.414051 0.944033 0.930885 0.523623 -0.114189 0.154932 -0.117759 -0.017627
0.421965 1.564365 0.999414 0.56217 0.396554 0.894396 0.99929 0.562101 -0.025411 -0.669969 0.088777 -0.824901
0.423989 1.531595 1.000026 0.562515 0.368184 0.882649 1.073297 0.603729 -0.055804 -0.648947 -0.030393 0.021022
0.506591 0.667684 1.103456 0.620694 0.360991 0.855603 1.167823 0.6569 -0.145599 0.187919 -0.089795 0.836865
0.533841 0.600677 1.029838 0.579284 0.354365 0.855574 1.118598 0.629211 -0.179477 0.254897 -0.033877 0.066978
0.521631 0.69373 0.920562 0.517816 0.288477 0.82994 1.000101 0.562557 -0.233154 0.13621 -0.053678 -0.118687
0.713263 0.551784 0.988898 0.556255 0.371086 0.843399 0.992367 0.558206 -0.342177 0.291615 -0.109023 0.155405
0.837879 0.569162 0.99356 0.558877 0.254258 0.757589 1.10509 0.621613 -0.583621 0.188428 -0.241444 -0.103188
0.95367 0.532177 0.932728 0.524659 0.225061 0.819219 1.120879 0.630495 -0.728609 0.287042 -0.144988 0.098615
0.935731 0.587867 0.862548 0.485183 0.172722 0.83962 1.05615 0.594085 -0.763009 0.251752 -0.0344 -0.03529
0.987512 0.755265 1.054416 0.593109 0.150822 0.879459 1.03104 0.57996 -0.836689 0.124194 -0.073681 -0.127558
1.103712 0.767276 0.935491 0.526214 0.063381 0.95609 0.973307 0.547485 -1.040331 0.188814 -0.203642 0.06462
1.13376 0.831884 0.952931 0.536024 0.115979 0.941802 1.025318 0.576741 -1.017781 0.109919 0.02255 -0.078895
1.106986 0.907563 0.818408 0.460354 0.096819 0.992644 1.071707 0.602835 -1.010166 0.085081 0.007615 -0.024837
0.908376 1.213267 1.033257 0.581207 0.10674 1.070427 1.068076 0.600793 -0.801636 -0.14284 0.20853 -0.227922
0.855128 1.178029 0.970486 0.545898 0.139406 1.124908 1.152617 0.648347 -0.715721 -0.05312 0.085915 0.08972
0.450977 1.084941 1.012384 0.569466 0.260321 1.280766 1.00858 0.567326 -0.190656 0.195825 0.525065 0.248945
0.452939 1.054781 1.013495 0.570091 0.336853 1.399419 1.041057 0.585595 -0.116085 0.344637 0.07457 0.148812
0.422187 1.319959 1.107129 0.62276 0.287178 1.338826 0.827549 0.465496 -0.135009 0.018868 -0.018924 -0.32577
0.381391 1.300626 1.114201 0.626738 0.41842 1.17189 1.02073 0.574161 0.037029 -0.128737 0.172038 -0.147605
0.378162 1.249675 1.072567 0.603319 0.411586 1.196463 1.020524 0.574045 0.033424 -0.053211 -0.003605 0.075525
0.313976 1.302878 0.806858 0.453857 0.404883 1.221667 1.020326 0.573934 0.090907 -0.081211 0.057484 -0.027999
0.310869 1.304884 1.019857 0.573669 0.398313 1.247473 1.020135 0.573826 0.087444 -0.057411 -0.003464 0.023799
0.261442 1.291131 1.123896 0.632192 0.391874 1.273852 1.019951 0.573722 0.130432 -0.017279 0.042989 0.040133
0.285106 1.263982 1.047727 0.589346 0.385567 1.300777 1.019773 0.573622 0.100462 0.036794 -0.02997 0.054073
0.31512 1.223456 1.054008 0.59288 0.379392 1.328218 1.019601 0.573526 0.064272 0.104762 -0.03619 0.067968
0.427288 1.227349 1.110134 0.624451 0.373349 1.356147 1.019436 0.573433 -0.053939 0.128798 -0.118211 0.024036
0.306448 1.220839 1.117893 0.628815 0.367437 1.384537 1.019277 0.573343 0.060989 0.163698 0.114928 0.0349
0.308259 1.240023 1.1116 0.625275 0.361657 1.413358 1.019123 0.573257 0.053398 0.173335 -0.007591 0.009637
0.354928 1.240467 1.101787 0.619755 0.356008 1.442582 1.018974 0.573173 0.001081 0.202115 -0.052318 0.02878
0.293672 1.200585 0.759589 0.427269 0.496894 0.900924 0.909313 0.511488 0.203222 -0.299661 0.202142 -0.501776
0.484151 0.679249 1.031176 0.580037 0.476037 1.016958 0.906621 0.509974 -0.008113 0.337709 -0.211335 0.63737
0.649511 0.640517 0.893802 0.502764 0.574172 0.978392 0.907762 0.510616 -0.075338 0.337875 -0.067225 0.000166
0.594319 0.649229 1.118022 0.628887 0.334727 1.562941 1.01843 0.572867 -0.259592 0.913712 -0.184254 0.575837
0.606381 0.427181 0.991408 0.557667 0.479355 1.558465 1.088976 0.612549 -0.127026 1.131284 0.132566 0.217572
0.495091 0.592973 1.036718 0.583154 0.426462 1.840322 1.045247 0.587952 -0.068629 1.247349 0.058397 0.116065
0.498018 0.573212 1.038121 0.583943 0.377858 2.32832 0.919451 0.517191 -0.120159 1.755109 -0.05153 0.50776
0.501027 0.554217 1.039528 0.584735 0.360714 2.476784 0.971315 0.546365 -0.140313 1.922567 -0.020154 0.167459
0.504123 0.536011 1.04094 0.585529 0.215461 2.487841 1.198296 0.674042 -0.288662 1.95183 -0.148349 0.029263
0.507309 0.518616 1.042354 0.586324 0.317507 2.546913 1.063414 0.59817 -0.189802 2.028297 0.09886 0.076468
0.510588 0.502053 1.04377 0.58712 0.299963 2.52651 1.036189 0.582856 -0.210624 2.024456 -0.020822 -0.003841
0.513962 0.486346 1.045186 0.587917 0.315809 2.5304 1.047812 0.589394 -0.198153 2.044054 0.012471 0.019598
0.517436 0.471514 1.046602 0.588714 0.313206 2.57174 1.034921 0.582143 -0.204229 2.100226 -0.006076 0.056172
0.521012 0.457582 1.048017 0.589509 0.307572 2.524541 1.012785 0.569691 -0.21344 2.066959 -0.009211 -0.033267
0.524694 0.44457 1.049429 0.590304 0.200199 2.477918 1.121797 0.631011 -0.324494 2.033348 -0.111054 -0.033611
0.528485 0.4325 1.050837 0.591096 0.193102 2.493054 1.155761 0.650116 -0.335382 2.060554 -0.010888 0.027205
0.532388 0.421395 1.052241 0.591885 0.26244 2.552923 0.988135 0.555826 -0.269948 2.131527 0.065434 0.070974
0.536406 0.411277 1.053639 0.592672 0.217631 2.537501 1.092502 0.614532 -0.318775 2.126224 -0.048827 -0.005304
0.540543 0.402167 1.05503 0.593455 0.214071 2.555119 1.060764 0.59668 -0.326472 2.152953 -0.007697 0.026729
0.544802 0.394087 1.056414 0.594233 0.216113 2.529175 1.059353 0.595886 -0.32869 2.135088 -0.002218 -0.017865
0.549186 0.387059 1.057789 0.595006 0.215123 2.515434 1.036079 0.582794 -0.334064 2.128375 -0.005374 -0.006713
0.553699 0.381106 1.059154 0.595774 0.211899 2.531386 1.092502 0.614532 -0.3418 2.15028 -0.007736 0.021905
0.558343 0.376249 1.060508 0.596536 0.209136 2.527482 1.04384 0.58716 -0.349207 2.151233 -0.007407 0.000953
0.563122 0.37251 1.06185 0.59729 0.257443 2.578784 0.985699 0.554456 -0.305679 2.206274 0.043528 0.055041
0.568038 0.369911 1.063179 0.598038 0.204559 2.511262 0.976128 0.549072 -0.363479 2.14135 -0.0578 -0.064924
0.573096 0.368475 1.064494 0.598778 0.217788 2.534728 0.997993 0.561371 -0.355309 2.166253 0.008171 0.024903
0.578299 0.368222 1.065793 0.599509 0.216906 2.586051 1.047363 0.589142 -0.361393 2.217829 -0.006084 0.051575
0.583649 0.369175 1.067077 0.600231 0.221552 2.532324 1.0523 0.591919 -0.362097 2.163148 -0.000705 -0.05468
0.58915 0.371357 1.068343 0.600943 0.217448 2.550963 1.054416 0.593109 -0.371702 2.179607 -0.009605 0.016458
0.594805 0.374788 1.069591 0.601645 0.295415 2.533425 0.937142 0.527142 -0.29939 2.158637 0.072312 -0.020969
0.600618 0.379491 1.07082 0.602336 0.288755 2.561287 0.975208 0.548555 -0.311863 2.181796 -0.012473 0.023158
0.489273 0.603604 1.005732 0.565724 0.281499 2.402338 1.007013 0.566445 -0.207774 1.798734 0.104089 -0.383062
0.612729 0.392801 1.073215 0.603683 0.314206 2.453012 0.935497 0.526217 -0.298523 2.060212 -0.090749 0.261478
0.475711 0.781338 0.960612 0.540344 0.263793 2.293419 0.943575 0.530761 -0.211917 1.512081 0.086606 -0.548131
0.500677 0.707042 0.973619 0.54766 0.2353 2.59392 0.992992 0.558558 -0.265377 1.886878 -0.05346 0.374797
0.632156 0.422853 1.076636 0.605607 0.231268 1.96429 1.057521 0.594856 -0.400887 1.541436 -0.13551 -0.345442
0.57417 0.746346 1.137396 0.639785 0.369792 1.54754 1.10895 0.623784 -0.204378 0.801194 0.19651 -0.740242
0.594578 0.607854 1.013669 0.570189 0.238172 2.571123 1.015091 0.570989 -0.356407 1.96327 -0.152029 1.162075
0.570917 0.533312 1.06966 0.601684 0.237602 2.59391 1.014976 0.570924 -0.333315 2.060598 0.023092 0.097328
0.488831 0.263888 1.286639 0.723734 0.237162 2.615963 1.014856 0.570857 -0.251669 2.352075 0.081646 0.291477
0.474666 0.342484 1.250695 0.703516 0.23685 2.637254 1.014733 0.570787 -0.237816 2.29477 0.013853 -0.057304
0.67587 0.521449 1.082756 0.60905 0.236668 2.657756 1.014606 0.570716 -0.439202 2.136307 -0.201386 -0.158463
0.489087 0.318578 1.020934 0.574275 0.236614 2.677439 1.014474 0.570642 -0.252473 2.35886 0.186729 0.222553
0.493071 0.277581 1.078865 0.606861 0.236689 2.696275 1.014338 0.570565 -0.256382 2.418694 -0.003909 0.059834
0.700332 0.591178 1.085399 0.610537 0.236893 2.714236 1.014196 0.570486 -0.463439 2.123058 -0.207057 -0.295636
0.708893 0.617594 1.086211 0.610994 0.237225 2.731293 1.01405 0.570403 -0.471668 2.113699 -0.008229 -0.009359
0.717664 0.645633 1.086987 0.61143 0.237686 2.747418 1.013898 0.570318 -0.479978 2.101785 -0.00831 -0.011914
0.726647 0.675318 1.087726 0.611846 0.238275 2.762582 1.013741 0.570229 -0.488371 2.087265 -0.008393 -0.01452
0.735845 0.706669 1.088426 0.61224 0.238993 2.776758 1.013578 0.570138 -0.496852 2.070089 -0.008481 -0.017176
0.745262 0.73971 1.089087 0.612611 0.239839 2.789916 1.013409 0.570042 -0.505423 2.050206 -0.008571 -0.019882
0.754901 0.774462 1.089708 0.612961 0.240814 2.802029 1.013233 0.569944 -0.514088 2.027567 -0.008665 -0.022639
0.764765 0.810947 1.090287 0.613286 0.241916 2.813067 1.013052 0.569842 -0.522849 2.00212 -0.008762 -0.025446
0.774858 0.849186 1.090824 0.613588 0.243147 2.823003 1.012863 0.569735 -0.531711 1.973817 -0.008862 -0.028304
0.785183 0.889203 1.091317 0.613866 0.244506 2.831808 1.012668 0.569626 -0.540677 1.942605 -0.008965 -0.031212
0.574765 0.380195 1.173964 0.660355 0.245993 2.839453 1.012465 0.569512 -0.328771 2.459258 0.211905 0.516653
0.616958 0.400923 1.159505 0.652222 0.247608 2.845911 1.012255 0.569393 -0.36935 2.444988 -0.040578 -0.014271
0.817579 1.020133 1.092524 0.614545 0.249351 2.851152 1.012037 0.569271 -0.568227 1.831019 -0.198878 -0.613969
0.547546 0.254495 1.358398 0.764099 0.251222 2.855149 1.011812 0.569144 -0.296324 2.600654 0.271904 0.769635
0.840394 1.116708 1.093093 0.614865 0.253221 2.857872 1.011578 0.569013 -0.587173 1.741165 -0.290849 -0.859489
0.584112 0.485848 1.032538 0.580803 0.255348 2.859295 1.011336 0.568877 -0.328764 2.373447 0.258408 0.632282
0.68373 0.501155 0.961317 0.540741 0.257602 2.859387 1.011086 0.568736 -0.426128 2.358232 -0.097364 -0.015215
0.639616 0.520593 1.132216 0.636872 0.259983 2.858122 1.010827 0.56859 -0.379633 2.337529 0.046495 -0.020703
0.686965 0.580121 1.034668 0.582001 0.262493 2.855469 1.010558 0.568439 -0.424472 2.275348 -0.044839 -0.06218
0.849032 0.576428 1.260462 0.70901 0.26513 2.851402 1.010281 0.568283 -0.583902 2.274974 -0.15943 -0.000374
0.917224 0.78042 1.097731 0.617474 0.76226 1.031381 0.848139 0.477078 -0.154964 0.250961 0.428938 -2.024014
0.907623 1.002812 1.083171 0.609284 0.742878 1.159006 0.904894 0.509003 -0.164745 0.156195 -0.009781 -0.094766
0.955517 1.387914 1.107713 0.623088 0.576332 1.337111 0.722927 0.406647 -0.379185 -0.050803 -0.21444 -0.206997
1.026362 1.787203 1.16434 0.654941 0.276951 2.820413 1.009074 0.567604 -0.749411 1.03321 -0.370226 1.084013
1.063403 2.11273 1.111881 0.625433 0.702453 2.052174 0.938042 0.527649 -0.360951 -0.060555 0.388461 -1.093765
1.084539 2.335373 1.138704 0.640521 0.880989 2.278997 1.028618 0.578598 -0.20355 -0.056376 0.1574 0.004179
1.263263 2.526772 1.029541 0.579117 0.453 2.193199 1.010619 0.568473 -0.810263 -0.333573 -0.606713 -0.277197
1.208436 2.873753 1.083306 0.609359 0.354972 2.443264 0.998271 0.561527 -0.853464 -0.43049 -0.043201 -0.096917
1.216493 2.957391 1.105366 0.621768 0.381753 2.383623 0.910336 0.512064 -0.83474 -0.573769 0.018724 -0.143279
1.226593 3.010444 1.01592 0.571455 0.253469 2.540439 1.009567 0.567881 -0.973123 -0.470005 -0.138384 0.103763
1.253882 3.088666 1.016314 0.571676 0.254844 2.546749 1.022322 0.575056 -0.999038 -0.541917 -0.025914 -0.071912
1.219608 3.118789 1.08927 0.612715 0.258986 2.556713 1.0433 0.586856 -0.960622 -0.562076 0.038415 -0.020159
1.231471 3.120114 1.05405 0.592903 0.253497 2.618359 1.059565 0.596006 -0.977973 -0.501755 -0.017351 0.060321
1.274306 3.082136 1.052088 0.5918 0.27348 2.616403 1.005109 0.565374 -1.000826 -0.465733 -0.022853 0.036022
1.255385 3.115747 1.054714 0.593276 0.269122 2.583618 0.992678 0.558381 -0.986263 -0.532129 0.014563 -0.066397
1.240799 3.155878 1.075881 0.605183 0.255651 2.592168 1.014063 0.57041 -0.985148 -0.563709 0.001115 -0.03158
1.262203 3.160451 1.114978 0.627175 0.260785 2.599237 1.067269 0.600339 -1.001418 -0.561214 -0.01627 0.002495
1.25258 3.14972 1.077358 0.606014 0.258074 2.591395 1.058874 0.595617 -0.994506 -0.558325 0.006912 0.002889
1.274194 3.179117 1.104586 0.62133 0.253222 2.604687 1.077873 0.606303 -1.020972 -0.57443 -0.026466 -0.016105
1.251107 3.176585 1.063478 0.598206 0.25865 2.588348 1.03588 0.582683 -0.992457 -0.588237 0.028515 -0.013807
1.293145 3.183094 1.1049 0.621506 0.253705 2.592362 1.053907 0.592822 -1.03944 -0.590733 -0.046983 -0.002496
1.283488 3.176051 1.060654 0.596618 0.262651 2.568938 1.017669 0.572439 -1.020837 -0.607113 0.018603 -0.01638
1.272024 3.166569 1.052273 0.591903 0.260614 2.590135 0.991747 0.557858 -1.01141 -0.576435 0.009426 0.030678
1.270176 3.164432 1.082942 0.609155 0.269431 2.597843 1.003952 0.564723 -1.000744 -0.566589 0.010666 0.009845
1.261707 3.165333 1.063596 0.598273 0.24565 2.598998 1.010658 0.568495 -1.016057 -0.566335 -0.015313 0.000255
1.269114 3.177902 1.046212 0.588494 0.258622 2.59829 0.992042 0.558023 -1.010492 -0.579611 0.005565 -0.013276
1.25688 3.157454 1.047735 0.589351 0.260416 2.585084 1.014082 0.570421 -0.996464 -0.57237 0.014029 0.007241
1.249871 3.166215 1.056769 0.594433 0.251023 2.568287 1.001538 0.563365 -0.998847 -0.597928 -0.002384 -0.025558
1.274375 3.168294 1.066649 0.59999 0.248563 2.61026 1.028149 0.578334 -1.025812 -0.558034 -0.026965 0.039893
]