richa5.grey_snake_below_blue_chair.26 [ 5.258037 7.244285 0.981316 0.55199 6.344815 7.910866 1.102329 0.62006 1.086779 0.666581 0.0 0.0
5.272983 7.240207 1.002015 0.563633 6.349211 7.902747 1.103765 0.620868 1.076229 0.66254 -0.01055 -0.004041
5.260049 7.256346 1.011299 0.568856 6.338457 7.909209 1.096128 0.616572 1.078408 0.652863 0.00218 -0.009677
5.263611 7.264342 1.032982 0.581052 6.364756 7.894035 1.095213 0.616057 1.101145 0.629693 0.022737 -0.02317
5.25936 7.251797 1.024965 0.576543 6.352994 7.889733 1.086601 0.611213 1.093634 0.637936 -0.007511 0.008243
5.278026 7.2411 1.001486 0.563336 6.369636 7.892614 1.096279 0.616657 1.09161 0.651514 -0.002024 0.013578
5.264146 7.2505 1.029585 0.579141 6.361017 7.893757 1.110421 0.624612 1.096871 0.643256 0.005261 -0.008258
5.263234 7.247273 1.029984 0.579366 6.356646 7.888768 1.09831 0.617799 1.093413 0.641495 -0.003459 -0.001761
5.273405 7.244778 1.002238 0.563759 6.343235 7.900273 1.090733 0.613538 1.069831 0.655495 -0.023582 0.014
5.2649 7.256684 1.01022 0.568248 6.35038 7.902906 1.090618 0.613472 1.08548 0.646222 0.015649 -0.009273
5.261858 7.26261 1.031984 0.580491 6.343461 7.886991 1.078597 0.606711 1.081603 0.624381 -0.003877 -0.02184
5.267575 7.237732 1.024838 0.576471 6.352351 7.888713 1.117642 0.628674 1.084775 0.650981 0.003172 0.0266
5.27667 7.26252 1.00142 0.563299 6.338207 7.904565 1.085119 0.610379 1.061536 0.642045 -0.023239 -0.008936
5.277091 7.262219 1.040495 0.585278 6.350002 7.90274 1.065872 0.599553 1.072911 0.640521 0.011375 -0.001524
5.269866 7.262827 0.994648 0.559489 6.312021 7.873788 1.053099 0.592368 1.042155 0.610962 -0.030756 -0.029559
5.281575 7.231197 1.030039 0.579397 6.365908 7.809892 1.103437 0.620683 1.084334 0.578694 0.042179 -0.032268
5.271751 7.248184 1.045578 0.588138 6.329628 7.623133 1.159254 0.652081 1.057876 0.374949 -0.026457 -0.203745
5.274044 7.232258 1.048317 0.589678 6.304355 7.511719 1.134974 0.638423 1.030311 0.279461 -0.027565 -0.095488
5.27882 7.236831 1.000263 0.562648 6.300577 7.250882 0.978454 0.55038 1.021757 0.014051 -0.008554 -0.265411
5.273631 7.249767 1.004156 0.564838 6.308329 6.834504 0.918118 0.516441 1.034698 -0.415263 0.012941 -0.429313
5.267562 7.25283 1.040905 0.585509 6.232961 6.652807 0.900417 0.506484 0.965399 -0.600023 -0.069299 -0.18476
5.253513 7.246723 0.969128 0.545134 6.159601 6.322027 0.823843 0.463411 0.906088 -0.924695 -0.059311 -0.324672
5.280902 7.209389 0.968817 0.544959 6.093526 5.962413 0.880704 0.495396 0.812624 -1.246976 -0.093464 -0.322281
5.271882 7.260345 0.988066 0.555787 5.993553 5.667934 0.893223 0.502438 0.72167 -1.592411 -0.090953 -0.345435
5.275918 7.275866 1.010255 0.568269 5.971716 5.497178 1.06261 0.597718 0.695798 -1.778688 -0.025872 -0.186277
5.309707 7.198648 0.864246 0.486138 5.94629 5.52173 1.071734 0.602851 0.636584 -1.676918 -0.059215 0.10177
5.271504 7.279766 0.989873 0.556804 5.870216 5.272601 0.886272 0.498528 0.598713 -2.007166 -0.037871 -0.330247
5.276953 7.319795 1.060282 0.596408 5.879868 5.197517 0.939996 0.528748 0.602915 -2.122278 0.004202 -0.115112
5.309145 7.204956 0.920144 0.517581 5.828435 5.276407 0.732697 0.412142 0.519289 -1.928549 -0.083625 0.193729
5.282859 7.290695 0.998315 0.561552 6.046759 6.524131 0.953016 0.536071 0.7639 -0.766565 0.244611 1.161984
5.259857 7.279882 1.019981 0.573739 6.035524 6.484314 0.949632 0.534168 0.775667 -0.795568 0.011767 -0.029004
5.268939 7.270247 1.007704 0.566834 6.024471 6.44512 0.946478 0.532394 0.755532 -0.825128 -0.020135 -0.029559
5.256025 7.279773 0.999409 0.562167 6.013598 6.406546 0.943551 0.530748 0.757573 -0.873227 0.002041 -0.048099
5.251886 7.289045 1.006043 0.565899 6.002903 6.368593 0.940848 0.529227 0.751016 -0.920452 -0.006557 -0.047225
5.274215 7.239413 1.019763 0.573617 5.992382 6.33126 0.938364 0.527829 0.718167 -0.908154 -0.032849 0.012299
5.258394 7.275724 1.064555 0.598812 5.982035 6.294545 0.936095 0.526554 0.723641 -0.98118 0.005474 -0.073026
5.228686 7.290855 1.071071 0.602477 5.971859 6.258448 0.934039 0.525397 0.743174 -1.032407 0.019532 -0.051228
5.243708 7.286127 1.041294 0.585728 5.961853 6.222968 0.932192 0.524358 0.718145 -1.063159 -0.025029 -0.030752
5.237925 7.277069 1.044079 0.587295 5.952013 6.188104 0.930549 0.523434 0.714088 -1.088965 -0.004057 -0.025806
5.255175 7.283563 1.025816 0.577021 5.942338 6.153856 0.929108 0.522623 0.687163 -1.129707 -0.026924 -0.040742
5.24295 7.299698 1.054204 0.59299 5.932826 6.120222 0.927864 0.521923 0.689876 -1.179476 0.002712 -0.049769
5.24133 7.290508 1.051105 0.591246 5.923475 6.087202 0.926813 0.521333 0.682145 -1.203306 -0.007731 -0.02383
5.174264 7.193964 1.02691 0.577637 5.914282 6.054794 0.925953 0.520849 0.740017 -1.139169 0.057873 0.064137
5.161553 7.225516 1.014214 0.570496 5.905245 6.022999 0.92528 0.52047 0.743692 -1.202517 0.003675 -0.063348
5.252833 7.280671 1.059312 0.595863 5.896364 5.991815 0.924789 0.520194 0.64353 -1.288856 -0.100162 -0.086339
5.257149 7.2693 1.064117 0.598566 5.887634 5.961241 0.924477 0.520018 0.630485 -1.30806 -0.013046 -0.019203
5.250901 7.299345 1.050016 0.590634 5.879055 5.931276 0.924341 0.519942 0.628154 -1.368068 -0.002331 -0.060009
5.248887 7.277794 1.052149 0.591834 5.870623 5.901921 0.924376 0.519962 0.621736 -1.375873 -0.006417 -0.007805
5.26657 7.287171 1.067216 0.600309 5.862338 5.873173 0.92458 0.520076 0.595768 -1.413998 -0.025969 -0.038125
5.244588 7.313322 1.060442 0.596498 5.860812 4.965906 0.98804 0.555772 0.616224 -2.347417 0.020456 -0.933418
5.249358 7.309835 1.050521 0.590918 5.89806 5.022722 0.972015 0.546759 0.648702 -2.287112 0.032478 0.060304
5.249778 7.292313 0.984633 0.553856 5.89772 5.049642 0.953581 0.536389 0.647942 -2.242671 -0.00076 0.044441
5.314943 7.187827 0.8397 0.472331 5.899735 5.103431 1.014546 0.570682 0.584792 -2.084395 -0.063149 0.158276
5.177307 7.175546 0.986005 0.554628 5.823028 5.738521 0.927991 0.521995 0.645722 -1.437025 0.060929 0.64737
5.265511 7.325639 1.061268 0.596963 5.815575 5.713403 0.929126 0.522633 0.550064 -1.612236 -0.095657 -0.175211
5.173187 7.187508 0.967665 0.544312 5.808253 5.688886 0.930403 0.523352 0.635066 -1.498621 0.085002 0.113615
5.180436 7.182148 0.969075 0.545105 5.80106 5.664971 0.931819 0.524148 0.620624 -1.517177 -0.014442 -0.018556
5.267334 7.232685 0.968569 0.54482 5.793995 5.641656 0.93337 0.525021 0.526661 -1.591029 -0.093963 -0.073852
5.257555 7.299148 1.035635 0.582545 5.787054 5.618941 0.935053 0.525967 0.529499 -1.680208 0.002838 -0.089179
5.275235 7.322761 1.057461 0.594822 5.780236 5.596824 0.936863 0.526985 0.505001 -1.725937 -0.024498 -0.045729
5.267401 7.333103 1.082722 0.609031 5.773539 5.575305 0.938797 0.528073 0.506139 -1.757798 0.001138 -0.031861
5.277807 7.020503 1.03771 0.583712 5.766961 5.554383 0.940852 0.529229 0.489155 -1.46612 -0.016984 0.291678
5.296873 7.072963 0.960469 0.540264 5.7605 5.534057 0.943023 0.53045 0.463627 -1.538906 -0.025528 -0.072786
5.261179 7.260468 0.99775 0.561234 5.814005 5.340841 0.946206 0.532241 0.552826 -1.919627 0.089199 -0.380721
5.260861 7.283781 1.065299 0.59923 5.86871 5.540505 1.014526 0.570671 0.607849 -1.743276 0.055023 0.176351
5.266271 7.308948 1.023579 0.575763 5.845892 5.6675 1.044798 0.587699 0.579621 -1.641448 -0.028228 0.101829
5.305984 7.198777 0.890854 0.501105 5.82372 5.629827 1.190353 0.669574 0.517735 -1.56895 -0.061885 0.072498
5.315691 7.192169 0.830516 0.467165 5.828384 5.690961 1.357792 0.763758 0.512693 -1.501209 -0.005043 0.067741
5.277188 7.27555 1.038712 0.584276 5.920161 5.809906 1.127029 0.633954 0.642973 -1.465644 0.13028 0.035564
5.303177 7.194605 0.895488 0.503712 5.87105 5.849802 1.059021 0.595699 0.567873 -1.344803 -0.075099 0.120841
5.322236 7.201246 0.819978 0.461238 5.880524 5.83737 1.10353 0.620736 0.558288 -1.363876 -0.009585 -0.019073
5.326686 7.188475 0.783571 0.440759 5.878936 5.855613 1.1022 0.619987 0.55225 -1.332862 -0.006038 0.031013
5.325193 7.196169 0.757185 0.425917 5.873904 5.855291 1.109645 0.624175 0.548711 -1.340879 -0.003539 -0.008016
5.332776 7.184682 0.74716 0.420278 5.864909 5.849435 1.133464 0.637573 0.532132 -1.335247 -0.016579 0.005632
5.336021 7.15733 0.741091 0.416863 5.851172 5.85356 1.124083 0.632296 0.51515 -1.30377 -0.016982 0.031477
5.34108 7.124624 0.739934 0.416213 5.841019 5.836531 1.029942 0.579342 0.499939 -1.288093 -0.015212 0.015677
5.219096 6.679091 1.005029 0.565329 5.800949 5.652357 1.176049 0.661528 0.581853 -1.026734 0.081915 0.26136
5.290154 6.554466 0.906817 0.510084 5.757713 5.571594 1.091392 0.613908 0.467559 -0.982873 -0.114294 0.043861
5.124624 6.520222 1.056948 0.594533 5.671265 5.289237 0.990631 0.55723 0.546641 -1.230986 0.079082 -0.248113
5.451012 6.020636 0.801535 0.450863 5.658525 5.908332 0.880283 0.495159 0.207514 -0.112303 -0.339127 1.118682
5.375991 5.922348 1.062764 0.597805 5.550894 5.767494 1.065343 0.599255 0.174903 -0.154853 -0.032611 -0.04255
5.600935 5.513538 1.028384 0.578466 5.441669 5.654167 0.983655 0.553306 -0.159266 0.140629 -0.334169 0.295482
5.598696 5.320606 1.224607 0.688842 5.362145 5.654982 1.165148 0.655395 -0.236551 0.334377 -0.077285 0.193748
5.593907 5.339738 1.226128 0.689697 5.343356 5.535418 1.291789 0.726632 -0.250551 0.19568 -0.014001 -0.138697
5.628535 5.177179 1.305325 0.734245 5.643606 5.236022 1.012871 0.56974 0.015072 0.058843 0.265623 -0.136837
5.39772 5.35069 0.806549 0.453684 5.639248 5.229177 1.016712 0.5719 0.241528 -0.121514 0.226456 -0.180356
5.335546 5.311934 0.885525 0.498108 5.480987 5.171422 0.663468 0.373201 0.145442 -0.140513 -0.096086 -0.018999
5.235279 5.354095 0.924083 0.519796 5.445808 5.132438 0.692071 0.38929 0.21053 -0.221657 0.065088 -0.081145
5.302095 5.253207 0.849456 0.477819 5.559723 5.018219 0.752343 0.423193 0.257628 -0.234988 0.047098 -0.013331
5.284184 5.20919 0.990885 0.557373 5.545383 4.892841 1.100642 0.619111 0.261199 -0.316349 0.003572 -0.081361
5.266058 6.304596 1.005305 0.565484 5.53428 4.947659 1.386081 0.779671 0.268222 -1.356937 0.007023 -1.040588
5.039577 5.370771 1.179444 0.663437 5.477008 5.131638 1.2821 0.721181 0.437431 -0.239133 0.169208 1.117804
5.251434 5.301896 1.007867 0.566925 5.506672 5.356224 1.140297 0.641417 0.255237 0.054328 -0.182194 0.29346
5.277622 5.389814 1.066682 0.600008 5.455281 5.418676 0.827892 0.46569 0.177659 0.028861 -0.077578 -0.025467
5.479569 5.608619 0.871064 0.489974 5.475525 5.315722 0.685701 0.385707 -0.004045 -0.292898 -0.181704 -0.321759
5.511893 5.563911 1.129883 0.635559 5.507079 5.131469 0.803331 0.451874 -0.004814 -0.432441 -0.000769 -0.139543
5.27024 6.210638 1.00912 0.56763 5.433511 5.32191 1.215549 0.683746 0.16327 -0.888728 0.168084 -0.456287
5.320624 5.521814 0.85133 0.478873 5.473105 5.456829 0.738609 0.415468 0.152482 -0.064985 -0.010789 0.823743
5.302961 5.517593 0.934296 0.525541 5.48026 5.46629 0.848046 0.477026 0.177299 -0.051303 0.024817 0.013682
5.274366 6.168663 1.01116 0.568777 5.504766 5.485452 0.98365 0.553303 0.2304 -0.683211 0.053101 -0.631908
5.276074 6.155511 1.011857 0.56917 5.444706 5.476859 1.125342 0.633005 0.168632 -0.678653 -0.061768 0.004558
5.277956 6.142804 1.012563 0.569566 5.54889 5.502287 1.085209 0.61043 0.270933 -0.640517 0.102301 0.038135
5.536653 5.33535 1.385303 0.779233 5.52514 5.457004 0.874715 0.492027 -0.011513 0.121654 -0.282446 0.762171
5.52955 5.309788 1.620417 0.911485 5.379741 5.480047 0.781365 0.439518 -0.149809 0.170259 -0.138296 0.048605
5.526402 5.298178 1.77916 1.000777 5.50289 5.329924 0.656277 0.369156 -0.023512 0.031745 0.126297 -0.138513
5.287324 6.096721 1.015463 0.571198 5.331578 5.429075 0.867519 0.487979 0.044254 -0.667646 0.067766 -0.699391
5.485764 5.375355 0.650387 0.365843 5.38088 5.437323 0.70084 0.394223 -0.104884 0.061968 -0.149138 0.729614
5.475343 5.460793 0.857182 0.482165 5.556418 5.222864 1.101913 0.619826 0.081074 -0.237929 0.185958 -0.299897
5.455814 5.31174 0.708926 0.398771 5.553053 5.229059 1.10548 0.621833 0.097239 -0.082681 0.016165 0.155248
5.460445 5.286924 0.653663 0.367685 5.487512 5.506192 0.660032 0.371268 0.027067 0.219269 -0.070172 0.30195
5.303523 6.050901 1.019241 0.573323 5.520415 5.408426 0.902954 0.507912 0.216893 -0.642475 0.189826 -0.861744
5.306069 5.437199 1.308185 0.735854 5.550458 5.301316 1.090246 0.613263 0.244389 -0.135883 0.027496 0.506592
5.411817 5.535121 0.954264 0.536774 5.638725 5.370874 0.922391 0.518845 0.226907 -0.164247 -0.017481 -0.028364
5.648236 5.625592 0.835114 0.469751 5.717686 5.411794 0.891281 0.501346 0.06945 -0.213798 -0.157457 -0.049551
5.371434 5.879427 1.046041 0.588398 5.684397 5.283455 0.98673 0.555036 0.312963 -0.595972 0.243513 -0.382174
5.26143 6.283071 1.089339 0.612753 5.798173 5.233611 1.174165 0.660468 0.536743 -1.04946 0.22378 -0.453488
5.098756 6.491151 1.104547 0.621308 5.78038 5.022891 1.309995 0.736872 0.681624 -1.468261 0.14488 -0.418801
5.403843 6.90668 1.067996 0.600748 5.775223 5.062032 1.250875 0.703617 0.37138 -1.844648 -0.310244 -0.376387
5.379463 7.091817 1.054356 0.593075 5.520048 5.321495 1.137464 0.639824 0.140585 -1.770322 -0.230795 0.074326
5.252551 7.1147 1.054832 0.593343 5.516766 5.333769 1.140214 0.64137 0.264215 -1.780931 0.12363 -0.010609
5.251694 7.087755 1.097453 0.617317 5.513479 5.346592 1.142866 0.642862 0.261785 -1.741163 -0.00243 0.039768
5.248476 7.038201 1.01924 0.573322 5.510184 5.359961 1.145419 0.644298 0.261709 -1.67824 -7.6e-05 0.062923
5.209896 7.117158 0.968541 0.544804 5.506881 5.373876 1.147868 0.645676 0.296985 -1.743282 0.035276 -0.065042
5.292279 7.183514 1.055047 0.593464 5.503565 5.388336 1.150209 0.646993 0.211286 -1.795177 -0.085698 -0.051895
5.241047 7.074543 1.028003 0.578252 5.500237 5.403341 1.15244 0.648247 0.25919 -1.671202 0.047904 0.123975
5.265717 7.095667 1.087921 0.611955 5.496893 5.418889 1.154555 0.649437 0.231176 -1.676777 -0.028014 -0.005575
5.249233 7.07018 1.092359 0.614452 5.493531 5.43498 1.156552 0.650561 0.244298 -1.6352 0.013122 0.041577
5.250236 7.088173 1.093125 0.614883 5.490149 5.451613 1.158427 0.651615 0.239913 -1.63656 -0.004385 -0.00136
5.266314 7.071842 1.079275 0.607092 5.486746 5.468787 1.160177 0.652599 0.220432 -1.603055 -0.019481 0.033505
5.244707 7.144744 1.144821 0.643962 5.483319 5.486501 1.161797 0.653511 0.238611 -1.658243 0.018179 -0.055188
5.26146 7.10587 1.113168 0.626157 5.479865 5.504755 1.163283 0.654347 0.218405 -1.601115 -0.020206 0.057128
5.248871 7.120964 1.128954 0.635037 5.476384 5.523547 1.164633 0.655106 0.227512 -1.597417 0.009107 0.003698
5.25952 7.077079 1.074233 0.604256 5.472872 5.542877 1.165843 0.655787 0.213351 -1.534202 -0.014161 0.063214
5.179067 7.163071 1.062626 0.597727 5.469328 5.562744 1.166908 0.656386 0.29026 -1.600327 0.076909 -0.066125
5.290749 7.010788 1.055124 0.593507 5.465749 5.583147 1.167826 0.656902 0.175 -1.427642 -0.11526 0.172685
5.29667 7.030916 1.048774 0.589935 5.462134 5.604085 1.168592 0.657333 0.165464 -1.426832 -0.009536 0.00081
5.331506 7.043026 0.996114 0.560314 5.45848 5.625557 1.169202 0.657676 0.126974 -1.417469 -0.038489 0.009362
5.317445 6.935827 0.970357 0.545826 5.454785 5.647563 1.169654 0.657931 0.13734 -1.288264 0.010366 0.129205
5.311568 6.954863 0.935562 0.526254 5.693365 4.852345 1.171699 0.659081 0.381797 -2.102518 0.244457 -0.814253
5.319093 6.547375 0.928047 0.522027 5.699232 5.04752 1.186086 0.667173 0.380139 -1.499855 -0.001658 0.602663
5.22191 6.427947 1.137068 0.639601 5.697465 5.063125 1.294679 0.728257 0.475554 -1.364821 0.095416 0.135034
5.552999 5.635103 1.057488 0.594837 5.686297 5.19386 1.246802 0.701326 0.133299 -0.441243 -0.342256 0.923578
5.508999 5.830688 0.926846 0.521351 5.670556 5.284937 1.161932 0.653587 0.161557 -0.545751 0.028259 -0.104508
5.535383 5.699278 1.049198 0.590174 5.74913 5.43131 1.23317 0.693658 0.213747 -0.267968 0.05219 0.277783
5.573012 5.575609 1.023951 0.575972 5.398106 5.711219 1.012958 0.569789 -0.174906 0.135611 -0.388653 0.403579
5.565383 5.439074 1.176319 0.66168 5.369444 5.597551 1.1025 0.620156 -0.195939 0.158477 -0.021033 0.022867
5.671396 5.583749 0.952044 0.535525 5.419354 5.869487 1.165968 0.655857 -0.252042 0.285739 -0.056103 0.127261
5.648674 5.507903 1.052074 0.591792 5.415137 5.896783 1.16463 0.655104 -0.233537 0.38888 0.018505 0.103141
5.606442 5.413305 0.986278 0.554781 5.288104 5.581706 1.137335 0.639751 -0.318338 0.168401 -0.084801 -0.220479
5.545627 5.51312 0.914969 0.51467 5.298566 5.57704 1.34926 0.758959 -0.247061 0.06392 0.071277 -0.104481
5.573515 5.405827 0.875302 0.492357 5.308981 5.529129 1.569402 0.882789 -0.264534 0.123302 -0.017473 0.059382
5.631441 5.395705 0.95049 0.534651 5.323913 5.473171 1.697762 0.954991 -0.307528 0.077467 -0.042993 -0.045835
5.705537 5.463256 1.184981 0.666552 5.329551 5.480462 1.782637 1.002733 -0.375986 0.017206 -0.068458 -0.060261
5.749019 5.503567 1.207625 0.679289 5.376183 5.485755 1.923175 1.081786 -0.372836 -0.017812 0.00315 -0.035018
5.72181 5.537161 1.193605 0.671403 5.375155 5.551257 2.010001 1.130626 -0.346655 0.014096 0.026181 0.031908
5.706047 5.582631 1.230346 0.69207 5.377381 5.566876 2.162817 1.216584 -0.328667 -0.015755 0.017988 -0.029851
5.681826 5.599543 1.108718 0.623654 5.493618 5.5944 0.771067 0.433725 -0.188208 -0.005143 0.140458 0.010612
5.619765 5.647603 0.913051 0.513591 5.369106 6.198438 1.139681 0.64107 -0.250659 0.550835 -0.062451 0.555978
5.702104 5.739372 0.934039 0.525397 5.44522 5.782351 0.830466 0.467137 -0.256884 0.042979 -0.006224 -0.507856
5.735089 5.833346 1.015564 0.571255 5.104788 6.030377 1.129825 0.635526 -0.630301 0.197031 -0.373418 0.154052
5.836777 5.979268 1.046597 0.588711 5.272207 6.10018 1.03364 0.581423 -0.56457 0.120912 0.065731 -0.076119
5.959063 6.186192 0.889099 0.500118 5.224347 6.368493 0.831152 0.467523 -0.734717 0.182301 -0.170146 0.061389
6.147534 6.616141 0.936095 0.526553 5.343906 6.512315 0.836114 0.470314 -0.803628 -0.103826 -0.068911 -0.286127
6.17714 6.928778 0.955719 0.537592 5.343624 6.77378 0.903243 0.508074 -0.833517 -0.154998 -0.029889 -0.051172
6.279057 7.145777 0.949917 0.534328 5.308746 6.868374 1.007352 0.566635 -0.970311 -0.277404 -0.136794 -0.122406
6.2721 7.512257 1.156238 0.650384 5.292816 7.0385 1.073225 0.603689 -0.979284 -0.473756 -0.008973 -0.196353
6.2742 7.565516 1.111311 0.625112 5.300195 7.105045 1.050118 0.590692 -0.974005 -0.460472 0.005279 0.013285
6.285867 7.618731 1.058009 0.59513 5.263076 7.171715 1.112804 0.625952 -1.022791 -0.447015 -0.048785 0.013456
6.329746 7.673854 1.042481 0.586396 5.236555 7.11527 0.925311 0.520488 -1.093191 -0.558584 -0.0704 -0.111569
6.292875 7.689295 1.059532 0.595987 5.241899 7.061211 0.919512 0.517225 -1.050975 -0.628084 0.042216 -0.0695
6.321105 7.755566 1.037114 0.583377 5.238983 7.057741 0.931133 0.523762 -1.082122 -0.697824 -0.031146 -0.06974
6.33494 7.788266 1.067712 0.600588 5.243608 7.035694 0.967205 0.544053 -1.091332 -0.752572 -0.009211 -0.054747
6.284395 7.863606 1.097384 0.617279 5.24187 7.007872 0.949586 0.534142 -1.042525 -0.855734 0.048807 -0.103163
6.31552 7.85976 1.098869 0.618114 5.249555 7.063402 0.948035 0.53327 -1.065965 -0.796358 -0.02344 0.059376
6.320995 7.898718 1.111493 0.625215 5.235192 7.16354 1.016385 0.571717 -1.085804 -0.735178 -0.019838 0.06118
6.329692 7.876798 1.110564 0.624692 5.233274 7.160621 1.007542 0.566742 -1.096418 -0.716177 -0.010614 0.019001
6.332963 7.867793 1.050498 0.590905 5.225939 7.160007 0.989289 0.556475 -1.107025 -0.707787 -0.010607 0.008391
6.352335 7.861193 1.083016 0.609197 5.235068 7.128762 0.965158 0.542901 -1.117267 -0.732431 -0.010242 -0.024645
6.333381 7.860401 1.06358 0.598263 5.237637 7.161186 0.964282 0.542408 -1.095744 -0.699215 0.021523 0.033216
6.346587 7.872913 1.087995 0.611997 5.239651 7.163619 0.960642 0.540361 -1.106936 -0.709293 -0.011192 -0.010079
6.364895 7.861536 1.073853 0.604042 5.228863 7.130226 0.937279 0.52722 -1.136031 -0.73131 -0.029095 -0.022016
6.358946 7.873683 1.068555 0.601062 5.232908 7.145842 0.939178 0.528287 -1.126038 -0.727841 0.009993 0.003468
6.378217 7.867348 1.094265 0.615524 5.226114 7.146291 0.946366 0.532331 -1.152104 -0.721057 -0.026065 0.006784
6.363359 7.877384 1.092527 0.614546 5.241365 7.153239 0.906362 0.509829 -1.121994 -0.724145 0.03011 -0.003088
6.35409 7.910782 1.091447 0.613939 5.22821 7.160233 0.960648 0.540364 -1.12588 -0.750548 -0.003886 -0.026404
6.35151 7.870324 1.083945 0.609719 5.232094 7.164099 0.929394 0.522784 -1.119416 -0.706225 0.006464 0.044323
6.382589 7.87964 1.087863 0.611923 5.247574 7.108606 0.909481 0.511583 -1.135015 -0.771034 -0.015599 -0.064809
6.37417 7.87682 1.092678 0.614632 5.227394 7.169149 0.947115 0.532752 -1.146776 -0.707671 -0.011761 0.063363
]